Copyright (C) James G. MacKinnon, Alfred A. Haug, and Leo Michelis, 1996
lm0  3
  .38293297E+02  .93879789E-01
  .38963990E+02  .71549243E-01
  .39985574E+02  .47110739E-01
  .40837829E+02  .35856230E-01
  .41843558E+02  .27651769E-01
  .42487952E+02  .24267115E-01
  .42964199E+02  .21286004E-01
  .43341323E+02  .19734665E-01
  .43639968E+02  .18068311E-01
  .43920518E+02  .17079924E-01
  .44167837E+02  .16653397E-01
  .44388372E+02  .15944594E-01
  .44584815E+02  .15774910E-01
  .45394697E+02  .14113363E-01
  .46019558E+02  .13046543E-01
  .46521634E+02  .11827970E-01
  .46957594E+02  .11779218E-01
  .47341941E+02  .11442193E-01
  .47684374E+02  .10912258E-01
  .48001495E+02  .10453850E-01
  .48289687E+02  .10111568E-01
  .48554985E+02  .10119439E-01
  .48805613E+02  .98312958E-02
  .49043715E+02  .97281739E-02
  .49258813E+02  .94186972E-02
  .49470849E+02  .89224798E-02
  .49669568E+02  .87511857E-02
  .49866552E+02  .88011680E-02
  .50055026E+02  .86366552E-02
  .50236787E+02  .85550100E-02
  .50410486E+02  .81836419E-02
  .50580294E+02  .81237172E-02
  .50743779E+02  .80901036E-02
  .50904441E+02  .81933168E-02
  .51062724E+02  .82825712E-02
  .51213031E+02  .81885899E-02
  .51360484E+02  .81939929E-02
  .51505746E+02  .82124297E-02
  .51649212E+02  .81877985E-02
  .51789008E+02  .81038963E-02
  .51926738E+02  .80628299E-02
  .52059932E+02  .79978310E-02
  .52189040E+02  .78926054E-02
  .52318454E+02  .78466715E-02
  .52443470E+02  .79061701E-02
  .52568283E+02  .78899690E-02
  .52692100E+02  .78914750E-02
  .52813748E+02  .78840759E-02
  .52932859E+02  .77563896E-02
  .53050097E+02  .77338712E-02
  .53165635E+02  .76406204E-02
  .53281104E+02  .76415784E-02
  .53396944E+02  .75531945E-02
  .53510197E+02  .73854885E-02
  .53622287E+02  .73178764E-02
  .53734611E+02  .71597603E-02
  .53844638E+02  .70472986E-02
  .53951094E+02  .70680063E-02
  .54055180E+02  .71312194E-02
  .54158770E+02  .70343609E-02
  .54265280E+02  .70545363E-02
  .54369748E+02  .70188792E-02
  .54473702E+02  .71101358E-02
  .54575805E+02  .71595961E-02
  .54676808E+02  .71454229E-02
  .54778226E+02  .71392064E-02
  .54878141E+02  .72178039E-02
  .54976398E+02  .72783398E-02
  .55075664E+02  .73569030E-02
  .55174294E+02  .73981176E-02
  .55272697E+02  .74275543E-02
  .55371842E+02  .74592095E-02
  .55468631E+02  .73167635E-02
  .55567077E+02  .72033756E-02
  .55663626E+02  .72394296E-02
  .55761274E+02  .72838474E-02
  .55856938E+02  .73637907E-02
  .55952374E+02  .73634217E-02
  .56047595E+02  .72938778E-02
  .56143611E+02  .72631452E-02
  .56237203E+02  .73129772E-02
  .56331897E+02  .72503564E-02
  .56424737E+02  .72998003E-02
  .56518642E+02  .74000852E-02
  .56611078E+02  .73903672E-02
  .56702840E+02  .74021407E-02
  .56796606E+02  .73140183E-02
  .56888774E+02  .73407000E-02
  .56980289E+02  .73641764E-02
  .57073831E+02  .72669270E-02
  .57165206E+02  .71601043E-02
  .57257106E+02  .71512512E-02
  .57349068E+02  .71403153E-02
  .57443790E+02  .71387508E-02
  .57535703E+02  .72855000E-02
  .57625557E+02  .73168144E-02
  .57719588E+02  .72359610E-02
  .57811520E+02  .72357536E-02
  .57903073E+02  .72856732E-02
  .57997149E+02  .73471642E-02
  .58088176E+02  .73877772E-02
  .58182930E+02  .74298570E-02
  .58275566E+02  .75258023E-02
  .58366830E+02  .74885621E-02
  .58458722E+02  .76427860E-02
  .58552753E+02  .76237349E-02
  .58646253E+02  .76212872E-02
  .58737736E+02  .76836622E-02
  .58829580E+02  .77772838E-02
  .58923282E+02  .78031546E-02
  .59014196E+02  .78360925E-02
  .59108478E+02  .78014943E-02
  .59201624E+02  .79213353E-02
  .59296989E+02  .79328562E-02
  .59391447E+02  .78057624E-02
  .59484190E+02  .78912442E-02
  .59578113E+02  .78855897E-02
  .59670922E+02  .79018143E-02
  .59765461E+02  .79492759E-02
  .59861541E+02  .78992628E-02
  .59957499E+02  .79264078E-02
  .60055146E+02  .78539820E-02
  .60151779E+02  .77845769E-02
  .60249807E+02  .77595015E-02
  .60347269E+02  .78284950E-02
  .60445509E+02  .77239621E-02
  .60542866E+02  .77159897E-02
  .60642640E+02  .78011705E-02
  .60742872E+02  .78068961E-02
  .60843915E+02  .79303974E-02
  .60941982E+02  .79263879E-02
  .61042594E+02  .79893827E-02
  .61144039E+02  .79170350E-02
  .61246233E+02  .80136421E-02
  .61348179E+02  .81429015E-02
  .61452879E+02  .82060487E-02
  .61556825E+02  .82837966E-02
  .61663001E+02  .82106919E-02
  .61768771E+02  .83296066E-02
  .61875138E+02  .83965556E-02
  .61980860E+02  .84562965E-02
  .62090293E+02  .83377056E-02
  .62198514E+02  .83774113E-02
  .62307410E+02  .83790602E-02
  .62418537E+02  .83927924E-02
  .62529418E+02  .83568158E-02
  .62639156E+02  .83747862E-02
  .62753184E+02  .84114666E-02
  .62867216E+02  .85764891E-02
  .62983529E+02  .88337866E-02
  .63097939E+02  .87670439E-02
  .63211884E+02  .88384707E-02
  .63327588E+02  .88679049E-02
  .63445450E+02  .90270153E-02
  .63565577E+02  .92522041E-02
  .63687879E+02  .93818820E-02
  .63812197E+02  .94920149E-02
  .63937079E+02  .95320015E-02
  .64063961E+02  .96000121E-02
  .64191236E+02  .97059311E-02
  .64322562E+02  .96605622E-02
  .64454864E+02  .97561568E-02
  .64588472E+02  .97943204E-02
  .64721591E+02  .98497556E-02
  .64858887E+02  .99141494E-02
  .64997570E+02  .99348525E-02
  .65141751E+02  .98870094E-02
  .65287738E+02  .98805912E-02
  .65433191E+02  .99696223E-02
  .65581378E+02  .99976086E-02
  .65734294E+02  .10099052E-01
  .65886986E+02  .10123924E-01
  .66041942E+02  .10205383E-01
  .66203447E+02  .10160510E-01
  .66371686E+02  .10086521E-01
  .66540142E+02  .10023907E-01
  .66708201E+02  .10110943E-01
  .66886127E+02  .10411711E-01
  .67066268E+02  .10549778E-01
  .67251388E+02  .10667673E-01
  .67438658E+02  .10962561E-01
  .67631026E+02  .10824369E-01
  .67831510E+02  .10989478E-01
  .68036221E+02  .11137316E-01
  .68246280E+02  .11293553E-01
  .68464153E+02  .11507316E-01
  .68686927E+02  .11628723E-01
  .68917945E+02  .11737476E-01
  .69155172E+02  .11789514E-01
  .69399869E+02  .12188864E-01
  .69652399E+02  .12139842E-01
  .69923545E+02  .12527303E-01
  .70195695E+02  .12707743E-01
  .70485325E+02  .13225858E-01
  .70794420E+02  .13512811E-01
  .71122531E+02  .13359275E-01
  .71466239E+02  .13309849E-01
  .71828155E+02  .13960639E-01
  .72219834E+02  .14519238E-01
  .72637643E+02  .14850655E-01
  .73092553E+02  .15641475E-01
  .73584310E+02  .15972793E-01
  .74132237E+02  .16787739E-01
  .74754261E+02  .17576968E-01
  .75457136E+02  .18483097E-01
  .76252902E+02  .20581767E-01
  .77224284E+02  .22866833E-01
  .78421926E+02  .25892306E-01
  .80118644E+02  .30269400E-01
  .80510518E+02  .30307739E-01
  .80981967E+02  .33447644E-01
  .81532817E+02  .36443766E-01
  .82138785E+02  .38950766E-01
  .82855264E+02  .42127829E-01
  .83735924E+02  .45744326E-01
  .84846158E+02  .52837022E-01
  .86358169E+02  .61428197E-01
  .88713129E+02  .89524931E-01
  .91238386E+02  .13021869E+00
  .94739580E+02  .19923924E+00
  .97192891E+02  .28122809E+00
lm1  3
  .40702151E+02  .85865322E-01
  .41482646E+02  .66453060E-01
  .42639440E+02  .47307066E-01
  .43603514E+02  .38240909E-01
  .44649096E+02  .29029719E-01
  .45311326E+02  .25027307E-01
  .45785442E+02  .21588904E-01
  .46164249E+02  .19184117E-01
  .46490306E+02  .17937854E-01
  .46774023E+02  .16628287E-01
  .47022986E+02  .15816021E-01
  .47249279E+02  .15566830E-01
  .47453803E+02  .15109358E-01
  .48303440E+02  .14322168E-01
  .48929472E+02  .13576910E-01
  .49447175E+02  .12319455E-01
  .49884207E+02  .11737114E-01
  .50276964E+02  .11567795E-01
  .50625300E+02  .11128655E-01
  .50941236E+02  .10766860E-01
  .51233668E+02  .10224469E-01
  .51510020E+02  .96368260E-02
  .51764141E+02  .92631660E-02
  .52005097E+02  .91873244E-02
  .52234270E+02  .90518751E-02
  .52455142E+02  .89786624E-02
  .52662445E+02  .89052975E-02
  .52859849E+02  .91711504E-02
  .53049916E+02  .89898602E-02
  .53238059E+02  .89097971E-02
  .53415893E+02  .86906086E-02
  .53593893E+02  .85897734E-02
  .53763284E+02  .86550027E-02
  .53930614E+02  .85585452E-02
  .54090385E+02  .84085261E-02
  .54241094E+02  .82651619E-02
  .54393635E+02  .83714356E-02
  .54540917E+02  .82979820E-02
  .54683599E+02  .83023465E-02
  .54827905E+02  .81582237E-02
  .54969079E+02  .79704129E-02
  .55103698E+02  .79984229E-02
  .55238168E+02  .81462946E-02
  .55371040E+02  .80653401E-02
  .55500932E+02  .81649378E-02
  .55631329E+02  .82148165E-02
  .55755634E+02  .82098640E-02
  .55877248E+02  .79241233E-02
  .56002220E+02  .79623367E-02
  .56119536E+02  .79200194E-02
  .56240465E+02  .79351540E-02
  .56357889E+02  .78870749E-02
  .56476924E+02  .77980544E-02
  .56590975E+02  .76700601E-02
  .56705115E+02  .76946481E-02
  .56816548E+02  .76789324E-02
  .56929383E+02  .76139554E-02
  .57039459E+02  .75056566E-02
  .57147177E+02  .76370811E-02
  .57253969E+02  .75343039E-02
  .57360173E+02  .75103591E-02
  .57466642E+02  .73797472E-02
  .57571363E+02  .73281756E-02
  .57674722E+02  .74059941E-02
  .57777791E+02  .74937333E-02
  .57883179E+02  .75057615E-02
  .57984688E+02  .74336707E-02
  .58086936E+02  .74933611E-02
  .58187710E+02  .74488335E-02
  .58290395E+02  .74943465E-02
  .58390285E+02  .74324083E-02
  .58491206E+02  .73009148E-02
  .58591179E+02  .73530641E-02
  .58688821E+02  .73491324E-02
  .58789401E+02  .73639907E-02
  .58889107E+02  .73334896E-02
  .58985304E+02  .74081750E-02
  .59082765E+02  .74344007E-02
  .59180592E+02  .73684622E-02
  .59276765E+02  .74581879E-02
  .59375670E+02  .74850319E-02
  .59472200E+02  .73654488E-02
  .59568515E+02  .73774100E-02
  .59663705E+02  .73858879E-02
  .59759572E+02  .74228995E-02
  .59854450E+02  .73673181E-02
  .59948577E+02  .73384936E-02
  .60041373E+02  .73786348E-02
  .60136255E+02  .73923534E-02
  .60232545E+02  .74261460E-02
  .60327088E+02  .74701099E-02
  .60420744E+02  .75449330E-02
  .60516179E+02  .76080459E-02
  .60610271E+02  .75772506E-02
  .60702622E+02  .75391364E-02
  .60798116E+02  .76456110E-02
  .60892711E+02  .75862422E-02
  .60985023E+02  .76602704E-02
  .61078048E+02  .76283374E-02
  .61168647E+02  .76057574E-02
  .61264183E+02  .77075681E-02
  .61358224E+02  .76382006E-02
  .61453170E+02  .76061865E-02
  .61548320E+02  .75476231E-02
  .61643495E+02  .75237012E-02
  .61739487E+02  .75297439E-02
  .61832252E+02  .75931010E-02
  .61926743E+02  .76041171E-02
  .62020977E+02  .75876603E-02
  .62115241E+02  .75471420E-02
  .62212429E+02  .75109822E-02
  .62308773E+02  .74578507E-02
  .62405919E+02  .74102365E-02
  .62503123E+02  .73061112E-02
  .62600212E+02  .74067214E-02
  .62697647E+02  .73669650E-02
  .62794043E+02  .73728272E-02
  .62891995E+02  .73669644E-02
  .62989558E+02  .74196863E-02
  .63088374E+02  .73906152E-02
  .63187858E+02  .74147272E-02
  .63286861E+02  .73697689E-02
  .63386517E+02  .75659770E-02
  .63484866E+02  .76466276E-02
  .63585750E+02  .77462680E-02
  .63683780E+02  .77068678E-02
  .63783792E+02  .77463441E-02
  .63885103E+02  .77180640E-02
  .63986646E+02  .76158176E-02
  .64089966E+02  .76389151E-02
  .64193828E+02  .75792585E-02
  .64295956E+02  .77034541E-02
  .64398007E+02  .78369466E-02
  .64502908E+02  .78883906E-02
  .64608299E+02  .79221809E-02
  .64711083E+02  .79560958E-02
  .64817473E+02  .81922182E-02
  .64925013E+02  .82561613E-02
  .65032544E+02  .83194175E-02
  .65139270E+02  .84513216E-02
  .65249904E+02  .84891953E-02
  .65359673E+02  .84711055E-02
  .65468985E+02  .84388800E-02
  .65580916E+02  .85531070E-02
  .65693031E+02  .85893140E-02
  .65805962E+02  .86435046E-02
  .65917521E+02  .87605732E-02
  .66035922E+02  .88100286E-02
  .66152583E+02  .90001245E-02
  .66269043E+02  .90233278E-02
  .66387711E+02  .89216462E-02
  .66506445E+02  .89652601E-02
  .66627658E+02  .89463620E-02
  .66749599E+02  .89335633E-02
  .66874771E+02  .90599399E-02
  .67000564E+02  .92863603E-02
  .67126351E+02  .93176056E-02
  .67256093E+02  .94220378E-02
  .67389851E+02  .94021790E-02
  .67518997E+02  .95016826E-02
  .67648579E+02  .98103659E-02
  .67781460E+02  .99814190E-02
  .67918944E+02  .10068803E-01
  .68056306E+02  .99070407E-02
  .68195860E+02  .99470571E-02
  .68340646E+02  .10005913E-01
  .68484801E+02  .10089819E-01
  .68626479E+02  .10187953E-01
  .68775633E+02  .10203515E-01
  .68927622E+02  .10425797E-01
  .69084721E+02  .10380695E-01
  .69236768E+02  .10460050E-01
  .69396499E+02  .10484709E-01
  .69557950E+02  .10373853E-01
  .69723358E+02  .10438465E-01
  .69891638E+02  .10482097E-01
  .70064717E+02  .10511585E-01
  .70241881E+02  .10800085E-01
  .70424566E+02  .10664503E-01
  .70609319E+02  .10940331E-01
  .70800743E+02  .10757520E-01
  .70997245E+02  .10841715E-01
  .71200667E+02  .10794753E-01
  .71407997E+02  .10972015E-01
  .71620189E+02  .11397538E-01
  .71836030E+02  .11417138E-01
  .72058576E+02  .11385269E-01
  .72296137E+02  .11326830E-01
  .72537864E+02  .11457192E-01
  .72791131E+02  .11422932E-01
  .73055825E+02  .11572498E-01
  .73330312E+02  .12040503E-01
  .73615966E+02  .11864343E-01
  .73913912E+02  .12397399E-01
  .74226123E+02  .12686520E-01
  .74556101E+02  .13643820E-01
  .74908988E+02  .14343228E-01
  .75285681E+02  .15179733E-01
  .75679852E+02  .15726173E-01
  .76115019E+02  .15915890E-01
  .76578010E+02  .16395153E-01
  .77078743E+02  .17178927E-01
  .77642127E+02  .17154157E-01
  .78265848E+02  .18385459E-01
  .78973454E+02  .20341214E-01
  .79809912E+02  .20913289E-01
  .80787367E+02  .24059482E-01
  .82005574E+02  .25959733E-01
  .83701612E+02  .31994774E-01
  .84134043E+02  .34103613E-01
  .84622061E+02  .35232240E-01
  .85151813E+02  .36109070E-01
  .85759280E+02  .38689113E-01
  .86468591E+02  .43932102E-01
  .87324064E+02  .50554848E-01
  .88451148E+02  .59267006E-01
  .90024870E+02  .73071230E-01
  .92570666E+02  .95768435E-01
  .95204386E+02  .13684422E+00
  .98355662E+02  .21848062E+00
  .10097106E+03  .29563052E+00
lm2  3
  .43293189E+02  .86053996E-01
  .44164621E+02  .70574066E-01
  .45403896E+02  .50091646E-01
  .46370974E+02  .37541275E-01
  .47384358E+02  .28170750E-01
  .48058310E+02  .23741822E-01
  .48567828E+02  .21463179E-01
  .48955305E+02  .20380832E-01
  .49278145E+02  .19537897E-01
  .49563409E+02  .18487100E-01
  .49816450E+02  .18544728E-01
  .50043500E+02  .17768212E-01
  .50255490E+02  .17342532E-01
  .51107386E+02  .14450516E-01
  .51758774E+02  .12846382E-01
  .52294051E+02  .12023800E-01
  .52747311E+02  .11518107E-01
  .53153780E+02  .11026820E-01
  .53514696E+02  .10503932E-01
  .53836126E+02  .10489941E-01
  .54134927E+02  .10081293E-01
  .54418349E+02  .97466471E-02
  .54686987E+02  .97433744E-02
  .54931264E+02  .98514763E-02
  .55166525E+02  .94688508E-02
  .55392184E+02  .93166150E-02
  .55610372E+02  .91192675E-02
  .55814768E+02  .90353967E-02
  .56011445E+02  .89569489E-02
  .56199929E+02  .87907095E-02
  .56383981E+02  .87871864E-02
  .56561702E+02  .88486790E-02
  .56735101E+02  .85773432E-02
  .56906007E+02  .87087482E-02
  .57068240E+02  .84851423E-02
  .57226230E+02  .85014844E-02
  .57379662E+02  .84145354E-02
  .57526868E+02  .83527794E-02
  .57674382E+02  .83802378E-02
  .57818331E+02  .84872347E-02
  .57960191E+02  .85821461E-02
  .58099834E+02  .85653223E-02
  .58236843E+02  .84489063E-02
  .58368442E+02  .83789893E-02
  .58499961E+02  .81781727E-02
  .58630641E+02  .82264681E-02
  .58759848E+02  .80969179E-02
  .58886817E+02  .79861368E-02
  .59013032E+02  .79153269E-02
  .59137270E+02  .79663566E-02
  .59258742E+02  .79629483E-02
  .59379642E+02  .79537271E-02
  .59497944E+02  .78614990E-02
  .59615787E+02  .78373157E-02
  .59735068E+02  .77002778E-02
  .59849934E+02  .77646925E-02
  .59962796E+02  .76700958E-02
  .60075728E+02  .76120409E-02
  .60187993E+02  .75963908E-02
  .60298551E+02  .75310242E-02
  .60407701E+02  .75555782E-02
  .60516175E+02  .74358720E-02
  .60624720E+02  .75568850E-02
  .60730497E+02  .75678367E-02
  .60837773E+02  .77219208E-02
  .60945833E+02  .75910081E-02
  .61050091E+02  .75974663E-02
  .61154000E+02  .75849525E-02
  .61257900E+02  .75249981E-02
  .61358903E+02  .75260662E-02
  .61460775E+02  .76134234E-02
  .61562732E+02  .76832775E-02
  .61663679E+02  .76114649E-02
  .61762563E+02  .75672991E-02
  .61863658E+02  .75112953E-02
  .61966015E+02  .76322301E-02
  .62063305E+02  .76862571E-02
  .62161919E+02  .77029777E-02
  .62262402E+02  .76541140E-02
  .62361169E+02  .76107589E-02
  .62458274E+02  .76076693E-02
  .62555962E+02  .75824057E-02
  .62655245E+02  .75552900E-02
  .62752137E+02  .75589368E-02
  .62849124E+02  .76051197E-02
  .62946756E+02  .76340923E-02
  .63045605E+02  .76800946E-02
  .63142926E+02  .75967432E-02
  .63240227E+02  .76070618E-02
  .63337645E+02  .76232122E-02
  .63433512E+02  .75649078E-02
  .63526814E+02  .76448413E-02
  .63624422E+02  .76699393E-02
  .63721385E+02  .75338458E-02
  .63818000E+02  .76148053E-02
  .63914301E+02  .75555538E-02
  .64010840E+02  .75374919E-02
  .64106493E+02  .74541175E-02
  .64204280E+02  .75720516E-02
  .64299272E+02  .76625920E-02
  .64394107E+02  .76686354E-02
  .64489992E+02  .76699529E-02
  .64585857E+02  .77017890E-02
  .64682290E+02  .76946871E-02
  .64779025E+02  .76833192E-02
  .64875469E+02  .77087454E-02
  .64970407E+02  .77584778E-02
  .65067467E+02  .77582489E-02
  .65162759E+02  .76767374E-02
  .65260101E+02  .76228623E-02
  .65356003E+02  .76060716E-02
  .65451080E+02  .76484074E-02
  .65548807E+02  .76954902E-02
  .65648003E+02  .78497092E-02
  .65748562E+02  .79030907E-02
  .65846338E+02  .77996961E-02
  .65944723E+02  .78558135E-02
  .66042389E+02  .79261369E-02
  .66143747E+02  .79782093E-02
  .66240961E+02  .80796252E-02
  .66340391E+02  .81209137E-02
  .66440675E+02  .81657300E-02
  .66540037E+02  .82146007E-02
  .66640320E+02  .83116470E-02
  .66742229E+02  .82988090E-02
  .66844617E+02  .82464964E-02
  .66945823E+02  .83502043E-02
  .67047553E+02  .83124806E-02
  .67151157E+02  .83102279E-02
  .67254153E+02  .83321027E-02
  .67358892E+02  .84189521E-02
  .67463741E+02  .85698963E-02
  .67569075E+02  .86496270E-02
  .67675658E+02  .86476773E-02
  .67782422E+02  .86356438E-02
  .67889208E+02  .85452568E-02
  .67998044E+02  .84952420E-02
  .68108093E+02  .85541035E-02
  .68219009E+02  .86364457E-02
  .68330342E+02  .86956225E-02
  .68442154E+02  .87893695E-02
  .68552988E+02  .88721237E-02
  .68663844E+02  .88982453E-02
  .68777699E+02  .89708441E-02
  .68893619E+02  .89275542E-02
  .69007057E+02  .88273868E-02
  .69122837E+02  .89353685E-02
  .69241871E+02  .89565450E-02
  .69360743E+02  .91822503E-02
  .69480586E+02  .92448309E-02
  .69603897E+02  .92227439E-02
  .69725721E+02  .92717038E-02
  .69850258E+02  .92058367E-02
  .69974714E+02  .92639293E-02
  .70098971E+02  .93323866E-02
  .70226563E+02  .94408259E-02
  .70356706E+02  .95479130E-02
  .70486538E+02  .95945217E-02
  .70618514E+02  .97337831E-02
  .70749661E+02  .98628409E-02
  .70885585E+02  .10108943E-01
  .71022903E+02  .10116624E-01
  .71161868E+02  .10188324E-01
  .71302195E+02  .10248390E-01
  .71444827E+02  .10217395E-01
  .71590168E+02  .10264628E-01
  .71739698E+02  .10319003E-01
  .71888124E+02  .10494515E-01
  .72039279E+02  .10718115E-01
  .72196207E+02  .10924298E-01
  .72353926E+02  .10942424E-01
  .72513476E+02  .10918901E-01
  .72675851E+02  .10897556E-01
  .72844727E+02  .11064656E-01
  .73011523E+02  .11319193E-01
  .73185407E+02  .11519995E-01
  .73361958E+02  .11531592E-01
  .73540314E+02  .11482067E-01
  .73726601E+02  .11322678E-01
  .73914672E+02  .11508423E-01
  .74106828E+02  .11551423E-01
  .74300224E+02  .11711447E-01
  .74507943E+02  .12054282E-01
  .74724508E+02  .12281572E-01
  .74940788E+02  .12606580E-01
  .75163455E+02  .12922462E-01
  .75392462E+02  .13281895E-01
  .75631189E+02  .13383139E-01
  .75882386E+02  .13102865E-01
  .76139792E+02  .13441405E-01
  .76406601E+02  .13644300E-01
  .76690334E+02  .13844296E-01
  .76979014E+02  .14419871E-01
  .77279952E+02  .14601766E-01
  .77599469E+02  .15003055E-01
  .77936923E+02  .14906709E-01
  .78289774E+02  .15164971E-01
  .78672019E+02  .15736472E-01
  .79075782E+02  .16166088E-01
  .79510597E+02  .16674253E-01
  .79974162E+02  .17840005E-01
  .80498086E+02  .18580594E-01
  .81063749E+02  .19165164E-01
  .81697622E+02  .20103078E-01
  .82417017E+02  .21440515E-01
  .83225149E+02  .23336999E-01
  .84237364E+02  .25878949E-01
  .85490417E+02  .29570498E-01
  .87232574E+02  .36036070E-01
  .87690992E+02  .36886688E-01
  .88171393E+02  .39581577E-01
  .88710556E+02  .41917796E-01
  .89337155E+02  .43516725E-01
  .90065106E+02  .45768197E-01
  .90948365E+02  .52397093E-01
  .92105828E+02  .57172797E-01
  .93680121E+02  .71040800E-01
  .96307636E+02  .98013905E-01
  .98835207E+02  .13183627E+00
  .10196110E+03  .20134841E+00
  .10469450E+03  .28278880E+00
lm1s 3
  .41416697E+02  .91317441E-01
  .42223337E+02  .74472266E-01
  .43350264E+02  .48589920E-01
  .44333312E+02  .39092530E-01
  .45378014E+02  .29985096E-01
  .46034481E+02  .25237256E-01
  .46515681E+02  .22808675E-01
  .46898341E+02  .21432610E-01
  .47222630E+02  .19516776E-01
  .47506410E+02  .18418007E-01
  .47763454E+02  .16871991E-01
  .47992222E+02  .16668087E-01
  .48197270E+02  .16248182E-01
  .49040040E+02  .14402616E-01
  .49671170E+02  .13626147E-01
  .50187301E+02  .12778481E-01
  .50633448E+02  .11906005E-01
  .51033623E+02  .11552697E-01
  .51382502E+02  .10935669E-01
  .51699858E+02  .11063186E-01
  .51997004E+02  .10614991E-01
  .52268027E+02  .10251383E-01
  .52520630E+02  .99379956E-02
  .52763222E+02  .10014439E-01
  .52989791E+02  .98612946E-02
  .53201236E+02  .97961500E-02
  .53416917E+02  .97169620E-02
  .53616135E+02  .95731698E-02
  .53809619E+02  .95539371E-02
  .53995482E+02  .91319396E-02
  .54175628E+02  .90501193E-02
  .54346873E+02  .88570635E-02
  .54516757E+02  .88942346E-02
  .54680507E+02  .88852367E-02
  .54841421E+02  .88595040E-02
  .54994358E+02  .87640162E-02
  .55143086E+02  .83914942E-02
  .55289526E+02  .84726895E-02
  .55434689E+02  .83321528E-02
  .55575235E+02  .79793909E-02
  .55717191E+02  .79229730E-02
  .55853664E+02  .78895915E-02
  .55988810E+02  .78906825E-02
  .56124360E+02  .78408479E-02
  .56255141E+02  .78197949E-02
  .56382204E+02  .77183827E-02
  .56509385E+02  .76977307E-02
  .56634794E+02  .75653205E-02
  .56755725E+02  .75361020E-02
  .56876609E+02  .74547605E-02
  .56996776E+02  .75081094E-02
  .57115113E+02  .75260788E-02
  .57232654E+02  .74956560E-02
  .57349518E+02  .75251524E-02
  .57463835E+02  .76348791E-02
  .57573571E+02  .74462402E-02
  .57687296E+02  .73869068E-02
  .57797120E+02  .72801812E-02
  .57904647E+02  .71846955E-02
  .58012343E+02  .69831355E-02
  .58118958E+02  .70617341E-02
  .58226387E+02  .70909233E-02
  .58333699E+02  .70546544E-02
  .58436948E+02  .70350579E-02
  .58544154E+02  .71071502E-02
  .58647036E+02  .71814781E-02
  .58750056E+02  .71832167E-02
  .58852458E+02  .71327585E-02
  .58954823E+02  .71544698E-02
  .59054898E+02  .71851355E-02
  .59155984E+02  .72472734E-02
  .59254640E+02  .72159179E-02
  .59354409E+02  .72559908E-02
  .59451081E+02  .72549556E-02
  .59549525E+02  .72990144E-02
  .59646788E+02  .73492709E-02
  .59744380E+02  .72833800E-02
  .59843542E+02  .72725692E-02
  .59940109E+02  .72212821E-02
  .60039188E+02  .72137890E-02
  .60139451E+02  .72759037E-02
  .60234509E+02  .72118207E-02
  .60329804E+02  .70787179E-02
  .60426954E+02  .70423937E-02
  .60524641E+02  .71432373E-02
  .60620487E+02  .70544641E-02
  .60716530E+02  .70253599E-02
  .60810592E+02  .69737526E-02
  .60904659E+02  .69098597E-02
  .60997159E+02  .69902902E-02
  .61092185E+02  .69842378E-02
  .61187411E+02  .70011680E-02
  .61282465E+02  .69301655E-02
  .61377299E+02  .69739449E-02
  .61470756E+02  .70732688E-02
  .61565104E+02  .71467903E-02
  .61658408E+02  .70966095E-02
  .61752129E+02  .71190240E-02
  .61845808E+02  .70435389E-02
  .61941420E+02  .70364105E-02
  .62036094E+02  .71823656E-02
  .62131595E+02  .71196605E-02
  .62225577E+02  .70712648E-02
  .62318020E+02  .70162836E-02
  .62413831E+02  .69362819E-02
  .62507469E+02  .69037233E-02
  .62603117E+02  .69450690E-02
  .62696184E+02  .68768163E-02
  .62791210E+02  .68095802E-02
  .62887425E+02  .69157755E-02
  .62981416E+02  .68473029E-02
  .63077343E+02  .67814456E-02
  .63173120E+02  .67838660E-02
  .63268341E+02  .68495196E-02
  .63364676E+02  .69826016E-02
  .63460733E+02  .70957892E-02
  .63555667E+02  .72051861E-02
  .63652414E+02  .73022692E-02
  .63747502E+02  .72216945E-02
  .63844733E+02  .73622507E-02
  .63943126E+02  .74015793E-02
  .64042385E+02  .74131672E-02
  .64139768E+02  .74058453E-02
  .64238805E+02  .75190782E-02
  .64339154E+02  .75880198E-02
  .64438071E+02  .76306052E-02
  .64538395E+02  .76122388E-02
  .64640123E+02  .77275626E-02
  .64742964E+02  .78269657E-02
  .64847592E+02  .79318370E-02
  .64949305E+02  .79196583E-02
  .65052146E+02  .79005500E-02
  .65156234E+02  .79791473E-02
  .65259347E+02  .80119964E-02
  .65364475E+02  .79481229E-02
  .65469862E+02  .80424163E-02
  .65574920E+02  .81620130E-02
  .65682629E+02  .82534877E-02
  .65790649E+02  .83378387E-02
  .65898292E+02  .83070447E-02
  .66007596E+02  .83931595E-02
  .66118302E+02  .84915092E-02
  .66227816E+02  .85315571E-02
  .66338422E+02  .85440316E-02
  .66449266E+02  .85639117E-02
  .66565011E+02  .86342406E-02
  .66680160E+02  .86615882E-02
  .66792599E+02  .86492197E-02
  .66908370E+02  .86186762E-02
  .67025091E+02  .85459282E-02
  .67144548E+02  .85268270E-02
  .67264668E+02  .86175743E-02
  .67387113E+02  .87013484E-02
  .67510217E+02  .88075282E-02
  .67632918E+02  .90481786E-02
  .67759332E+02  .90977976E-02
  .67885333E+02  .90835525E-02
  .68014308E+02  .91350740E-02
  .68144362E+02  .91037584E-02
  .68275532E+02  .92355485E-02
  .68410857E+02  .92373657E-02
  .68543932E+02  .94147075E-02
  .68680608E+02  .95307886E-02
  .68821475E+02  .94878012E-02
  .68962991E+02  .94805324E-02
  .69107108E+02  .96328695E-02
  .69252945E+02  .97233965E-02
  .69399896E+02  .97440766E-02
  .69549319E+02  .97967456E-02
  .69703241E+02  .99861692E-02
  .69855202E+02  .10086328E-01
  .70013471E+02  .10219479E-01
  .70171269E+02  .10237555E-01
  .70336171E+02  .10100066E-01
  .70500770E+02  .10365677E-01
  .70670633E+02  .10511615E-01
  .70845655E+02  .10690109E-01
  .71024575E+02  .10655156E-01
  .71208161E+02  .10550758E-01
  .71398844E+02  .10571557E-01
  .71587736E+02  .10666965E-01
  .71782252E+02  .10952502E-01
  .71987000E+02  .11018091E-01
  .72199308E+02  .11076177E-01
  .72409035E+02  .11327720E-01
  .72630648E+02  .11587247E-01
  .72854946E+02  .11845018E-01
  .73089112E+02  .11777150E-01
  .73333759E+02  .12024314E-01
  .73583956E+02  .11940809E-01
  .73845921E+02  .12019232E-01
  .74119381E+02  .12329737E-01
  .74403243E+02  .12364618E-01
  .74703124E+02  .12509248E-01
  .75016772E+02  .12434922E-01
  .75349704E+02  .12333092E-01
  .75708312E+02  .13070016E-01
  .76080099E+02  .13394350E-01
  .76485294E+02  .13793699E-01
  .76916319E+02  .14231419E-01
  .77384726E+02  .15386246E-01
  .77892445E+02  .15771653E-01
  .78451034E+02  .16134868E-01
  .79062157E+02  .16922021E-01
  .79768850E+02  .17932537E-01
  .80588051E+02  .20430741E-01
  .81564018E+02  .22529639E-01
  .82803998E+02  .25867012E-01
  .84507754E+02  .31486238E-01
  .84949830E+02  .32541401E-01
  .85431941E+02  .33513211E-01
  .85989100E+02  .36762224E-01
  .86596080E+02  .38788430E-01
  .87311310E+02  .42212587E-01
  .88199422E+02  .47149343E-01
  .89361839E+02  .55034624E-01
  .90876700E+02  .64396469E-01
  .93451115E+02  .91155617E-01
  .95936240E+02  .12526843E+00
  .98817356E+02  .19132072E+00
  .10137505E+03  .27361740E+00
lm2s 3
  .44284271E+02  .92721064E-01
  .45059390E+02  .71375542E-01
  .46215478E+02  .52385646E-01
  .47158235E+02  .38241656E-01
  .48222764E+02  .29088439E-01
  .48886512E+02  .25360571E-01
  .49385789E+02  .23342959E-01
  .49801445E+02  .20697839E-01
  .50133998E+02  .20406223E-01
  .50432710E+02  .21094785E-01
  .50694709E+02  .20707235E-01
  .50933651E+02  .19660060E-01
  .51128240E+02  .19084140E-01
  .51980746E+02  .17184976E-01
  .52623599E+02  .15503726E-01
  .53156412E+02  .14512667E-01
  .53609667E+02  .13475093E-01
  .54008497E+02  .12839275E-01
  .54363837E+02  .11965978E-01
  .54693217E+02  .11579887E-01
  .54999833E+02  .11159759E-01
  .55278143E+02  .11101800E-01
  .55537623E+02  .10639226E-01
  .55782266E+02  .10106558E-01
  .56013422E+02  .98387011E-02
  .56238358E+02  .95526659E-02
  .56445659E+02  .94534557E-02
  .56650582E+02  .92788018E-02
  .56845984E+02  .91302759E-02
  .57035782E+02  .89197188E-02
  .57220392E+02  .88186156E-02
  .57402216E+02  .88956337E-02
  .57572947E+02  .87827059E-02
  .57739183E+02  .88737989E-02
  .57901299E+02  .88166803E-02
  .58062073E+02  .84452117E-02
  .58216983E+02  .83155528E-02
  .58367800E+02  .84099805E-02
  .58514333E+02  .84541479E-02
  .58656826E+02  .85855706E-02
  .58802544E+02  .87993138E-02
  .58941663E+02  .86457712E-02
  .59077921E+02  .84172741E-02
  .59212825E+02  .83188538E-02
  .59346345E+02  .82058042E-02
  .59479422E+02  .83023889E-02
  .59609093E+02  .81417186E-02
  .59736846E+02  .79945570E-02
  .59862714E+02  .80296133E-02
  .59982904E+02  .79739929E-02
  .60103901E+02  .80993785E-02
  .60224987E+02  .81457854E-02
  .60344814E+02  .80828521E-02
  .60462354E+02  .80532845E-02
  .60581616E+02  .80620987E-02
  .60696883E+02  .79673800E-02
  .60811821E+02  .78414958E-02
  .60924549E+02  .75877134E-02
  .61035666E+02  .75824128E-02
  .61147981E+02  .76527928E-02
  .61257202E+02  .74333447E-02
  .61364862E+02  .74766877E-02
  .61471862E+02  .73917833E-02
  .61578862E+02  .72878356E-02
  .61684988E+02  .73480539E-02
  .61790366E+02  .73816661E-02
  .61897393E+02  .74310789E-02
  .62002585E+02  .73456022E-02
  .62107186E+02  .74624605E-02
  .62210289E+02  .73049250E-02
  .62312642E+02  .73807796E-02
  .62416497E+02  .72452548E-02
  .62520937E+02  .72971798E-02
  .62621432E+02  .72219480E-02
  .62721614E+02  .72742675E-02
  .62823718E+02  .72456322E-02
  .62924774E+02  .73121968E-02
  .63023618E+02  .71391336E-02
  .63123522E+02  .72837970E-02
  .63222634E+02  .72849756E-02
  .63321070E+02  .70746035E-02
  .63418679E+02  .71326904E-02
  .63517268E+02  .73052668E-02
  .63614877E+02  .74072070E-02
  .63713378E+02  .75569089E-02
  .63809642E+02  .77768272E-02
  .63907090E+02  .77065867E-02
  .64002518E+02  .75550486E-02
  .64100018E+02  .75810421E-02
  .64198999E+02  .75191203E-02
  .64294298E+02  .75694058E-02
  .64392218E+02  .75880227E-02
  .64486947E+02  .78137938E-02
  .64584278E+02  .78273054E-02
  .64680877E+02  .77623757E-02
  .64778259E+02  .78094855E-02
  .64876562E+02  .77705747E-02
  .64971937E+02  .78847037E-02
  .65067103E+02  .78809700E-02
  .65164595E+02  .78091122E-02
  .65260644E+02  .78827134E-02
  .65357307E+02  .77129975E-02
  .65452929E+02  .77102053E-02
  .65549469E+02  .78059842E-02
  .65645299E+02  .78183359E-02
  .65741228E+02  .78512806E-02
  .65839353E+02  .78792677E-02
  .65937713E+02  .81646237E-02
  .66035754E+02  .82133191E-02
  .66130962E+02  .82547948E-02
  .66228367E+02  .83792734E-02
  .66325053E+02  .85112706E-02
  .66420684E+02  .85238586E-02
  .66517435E+02  .85756667E-02
  .66616039E+02  .86781321E-02
  .66714152E+02  .87629717E-02
  .66812308E+02  .89511990E-02
  .66911391E+02  .91000354E-02
  .67011474E+02  .90516758E-02
  .67109836E+02  .91435545E-02
  .67209525E+02  .91818018E-02
  .67310472E+02  .93518195E-02
  .67409930E+02  .92485962E-02
  .67512471E+02  .91569946E-02
  .67614285E+02  .92570983E-02
  .67717477E+02  .91384580E-02
  .67820029E+02  .92788794E-02
  .67922103E+02  .93685787E-02
  .68025304E+02  .95165546E-02
  .68132365E+02  .93975357E-02
  .68236812E+02  .94062703E-02
  .68342482E+02  .93087600E-02
  .68447849E+02  .93969690E-02
  .68553642E+02  .94586034E-02
  .68662581E+02  .94994946E-02
  .68768057E+02  .94397336E-02
  .68878233E+02  .92787980E-02
  .68987212E+02  .93791145E-02
  .69099538E+02  .93820357E-02
  .69209642E+02  .94135003E-02
  .69321152E+02  .95175515E-02
  .69431715E+02  .96293767E-02
  .69544195E+02  .97527839E-02
  .69658453E+02  .99484872E-02
  .69772783E+02  .98570917E-02
  .69888678E+02  .96963044E-02
  .70002324E+02  .97864327E-02
  .70119478E+02  .97754252E-02
  .70238037E+02  .97355548E-02
  .70357102E+02  .96321723E-02
  .70477158E+02  .95873578E-02
  .70600654E+02  .97394004E-02
  .70724757E+02  .98491752E-02
  .70850195E+02  .98934797E-02
  .70975982E+02  .98013514E-02
  .71103365E+02  .99397828E-02
  .71232926E+02  .10070734E-01
  .71362081E+02  .10053710E-01
  .71493053E+02  .10205816E-01
  .71627811E+02  .10152542E-01
  .71764118E+02  .10260568E-01
  .71900274E+02  .10353700E-01
  .72040342E+02  .10201660E-01
  .72179402E+02  .10271948E-01
  .72323101E+02  .10276077E-01
  .72469186E+02  .10314483E-01
  .72616277E+02  .10462783E-01
  .72768232E+02  .10416435E-01
  .72918148E+02  .10283743E-01
  .73073544E+02  .10106230E-01
  .73231139E+02  .10402506E-01
  .73390703E+02  .10712920E-01
  .73554648E+02  .10668061E-01
  .73721615E+02  .10601271E-01
  .73891962E+02  .10676359E-01
  .74066624E+02  .10881588E-01
  .74241023E+02  .10924420E-01
  .74427837E+02  .11093630E-01
  .74616489E+02  .11411179E-01
  .74805567E+02  .11469938E-01
  .75002957E+02  .11391420E-01
  .75204641E+02  .11615400E-01
  .75409458E+02  .11606829E-01
  .75620454E+02  .11808125E-01
  .75834903E+02  .12225398E-01
  .76057225E+02  .12678182E-01
  .76290117E+02  .12767760E-01
  .76527490E+02  .13307448E-01
  .76771632E+02  .13553351E-01
  .77027773E+02  .13861030E-01
  .77297097E+02  .13932603E-01
  .77574092E+02  .14156338E-01
  .77864547E+02  .14436730E-01
  .78172492E+02  .14928963E-01
  .78496086E+02  .15422965E-01
  .78833673E+02  .15490238E-01
  .79181078E+02  .15857690E-01
  .79564049E+02  .15992591E-01
  .79965204E+02  .16084054E-01
  .80403815E+02  .17029503E-01
  .80873313E+02  .17666844E-01
  .81393715E+02  .18493865E-01
  .81960479E+02  .19114806E-01
  .82594862E+02  .20425690E-01
  .83321729E+02  .21861539E-01
  .84163580E+02  .24305868E-01
  .85152364E+02  .25761286E-01
  .86419345E+02  .30357057E-01
  .88114982E+02  .37862307E-01
  .88570279E+02  .39017091E-01
  .89067089E+02  .42221469E-01
  .89615346E+02  .45007785E-01
  .90235447E+02  .50277487E-01
  .90987258E+02  .56337234E-01
  .91835103E+02  .60052022E-01
  .92956430E+02  .67676310E-01
  .94581575E+02  .80396151E-01
  .97121583E+02  .10863326E+00
  .99525424E+02  .14486584E+00
  .10287934E+03  .23653406E+00
  .10519401E+03  .31403331E+00
tr0  3
  .20711102E+03  .31044231E+00
  .21008909E+03  .23170064E+00
  .21430004E+03  .16931696E+00
  .21757955E+03  .13106348E+00
  .22118171E+03  .10343917E+00
  .22331743E+03  .90555210E-01
  .22500306E+03  .81160583E-01
  .22632092E+03  .72126048E-01
  .22739998E+03  .66724931E-01
  .22836110E+03  .63539511E-01
  .22923963E+03  .60010247E-01
  .22997131E+03  .58623663E-01
  .23065043E+03  .54276769E-01
  .23341901E+03  .45562278E-01
  .23555017E+03  .39004730E-01
  .23726792E+03  .34421537E-01
  .23873349E+03  .32093029E-01
  .24001573E+03  .32260672E-01
  .24114982E+03  .32629073E-01
  .24217566E+03  .31505976E-01
  .24310691E+03  .30858299E-01
  .24399441E+03  .30617202E-01
  .24481303E+03  .29787796E-01
  .24557029E+03  .29584608E-01
  .24627611E+03  .29289053E-01
  .24695543E+03  .29087012E-01
  .24759591E+03  .29050614E-01
  .24821302E+03  .27987771E-01
  .24881618E+03  .27524367E-01
  .24938258E+03  .27501473E-01
  .24993240E+03  .26954607E-01
  .25047498E+03  .26806811E-01
  .25100043E+03  .26942245E-01
  .25151247E+03  .26652497E-01
  .25200523E+03  .25763368E-01
  .25248265E+03  .25386101E-01
  .25294059E+03  .25179095E-01
  .25338518E+03  .24434022E-01
  .25381380E+03  .23859707E-01
  .25423841E+03  .23885449E-01
  .25466098E+03  .24202725E-01
  .25507173E+03  .23905005E-01
  .25547425E+03  .23869661E-01
  .25586685E+03  .23921007E-01
  .25625148E+03  .23962022E-01
  .25662975E+03  .23607355E-01
  .25700660E+03  .23672186E-01
  .25738274E+03  .23788375E-01
  .25774455E+03  .23529069E-01
  .25810977E+03  .23199012E-01
  .25846611E+03  .22606406E-01
  .25880935E+03  .22785032E-01
  .25914957E+03  .22687955E-01
  .25948817E+03  .22578377E-01
  .25982073E+03  .22520335E-01
  .26015355E+03  .22218092E-01
  .26048359E+03  .21519774E-01
  .26080132E+03  .21267673E-01
  .26111809E+03  .20843753E-01
  .26142841E+03  .20404240E-01
  .26174326E+03  .20314315E-01
  .26205870E+03  .19950841E-01
  .26235724E+03  .19774709E-01
  .26266311E+03  .19804908E-01
  .26296151E+03  .19577763E-01
  .26325896E+03  .19542015E-01
  .26356186E+03  .19502447E-01
  .26386009E+03  .19578023E-01
  .26414856E+03  .19460878E-01
  .26444148E+03  .19567779E-01
  .26472963E+03  .19219414E-01
  .26501214E+03  .18841356E-01
  .26529237E+03  .18756458E-01
  .26557123E+03  .18757990E-01
  .26584793E+03  .18903200E-01
  .26612402E+03  .18809459E-01
  .26640655E+03  .18952080E-01
  .26667775E+03  .18938242E-01
  .26695092E+03  .19066385E-01
  .26722153E+03  .19288503E-01
  .26749806E+03  .19369643E-01
  .26776771E+03  .19415131E-01
  .26803860E+03  .19410584E-01
  .26831016E+03  .19440754E-01
  .26858217E+03  .19316522E-01
  .26885080E+03  .19506244E-01
  .26911797E+03  .19647076E-01
  .26937971E+03  .19710963E-01
  .26964479E+03  .19585073E-01
  .26990761E+03  .19569562E-01
  .27017350E+03  .19940353E-01
  .27043673E+03  .20223880E-01
  .27070201E+03  .20220236E-01
  .27096783E+03  .20339143E-01
  .27122938E+03  .20622237E-01
  .27149110E+03  .20757752E-01
  .27175193E+03  .20904540E-01
  .27201161E+03  .20593104E-01
  .27227681E+03  .20484698E-01
  .27254050E+03  .20587149E-01
  .27279960E+03  .20580126E-01
  .27306005E+03  .20314986E-01
  .27331712E+03  .20210362E-01
  .27357122E+03  .20428469E-01
  .27383082E+03  .20181536E-01
  .27409159E+03  .19846448E-01
  .27434864E+03  .20041868E-01
  .27460965E+03  .20022284E-01
  .27487433E+03  .19879940E-01
  .27513440E+03  .19500046E-01
  .27539272E+03  .19393961E-01
  .27565541E+03  .19206144E-01
  .27591531E+03  .19067949E-01
  .27617493E+03  .19212966E-01
  .27643667E+03  .19445568E-01
  .27669392E+03  .19467057E-01
  .27694769E+03  .19589099E-01
  .27720584E+03  .19780125E-01
  .27746192E+03  .19773878E-01
  .27772726E+03  .20132566E-01
  .27798994E+03  .20026358E-01
  .27825620E+03  .20300144E-01
  .27852115E+03  .20388864E-01
  .27878634E+03  .20725618E-01
  .27905445E+03  .20831267E-01
  .27931587E+03  .20923946E-01
  .27958504E+03  .20758141E-01
  .27985194E+03  .20645060E-01
  .28012109E+03  .20530134E-01
  .28039258E+03  .20260191E-01
  .28066370E+03  .20015347E-01
  .28093229E+03  .20124413E-01
  .28120393E+03  .19811896E-01
  .28147607E+03  .19967310E-01
  .28174818E+03  .20118676E-01
  .28202067E+03  .20418430E-01
  .28229435E+03  .20599208E-01
  .28257232E+03  .20957779E-01
  .28285485E+03  .21051261E-01
  .28313538E+03  .21188176E-01
  .28341663E+03  .21152798E-01
  .28370252E+03  .21236361E-01
  .28398988E+03  .21300097E-01
  .28428096E+03  .21793980E-01
  .28457612E+03  .22070697E-01
  .28486844E+03  .21778558E-01
  .28515971E+03  .21843372E-01
  .28545987E+03  .22218773E-01
  .28576262E+03  .22628147E-01
  .28606243E+03  .23315606E-01
  .28637242E+03  .23285433E-01
  .28667960E+03  .23324034E-01
  .28698866E+03  .23545195E-01
  .28730368E+03  .23911049E-01
  .28761427E+03  .23521119E-01
  .28793720E+03  .23275646E-01
  .28826650E+03  .23115218E-01
  .28859296E+03  .23117198E-01
  .28892042E+03  .23508747E-01
  .28925409E+03  .23358248E-01
  .28958615E+03  .23322924E-01
  .28993243E+03  .23061127E-01
  .29028184E+03  .23555165E-01
  .29063601E+03  .23384833E-01
  .29098696E+03  .23723428E-01
  .29134438E+03  .24217531E-01
  .29171503E+03  .24825148E-01
  .29207926E+03  .24899225E-01
  .29244359E+03  .25177172E-01
  .29283035E+03  .25124713E-01
  .29321015E+03  .25097371E-01
  .29359542E+03  .25522912E-01
  .29399361E+03  .26090024E-01
  .29439702E+03  .26401390E-01
  .29481502E+03  .26331778E-01
  .29523395E+03  .26734108E-01
  .29566809E+03  .27291877E-01
  .29609939E+03  .27073839E-01
  .29654177E+03  .27740741E-01
  .29699977E+03  .27046705E-01
  .29747135E+03  .27568859E-01
  .29794353E+03  .27288465E-01
  .29843471E+03  .27844691E-01
  .29893486E+03  .28433592E-01
  .29945557E+03  .28728940E-01
  .29997535E+03  .29142357E-01
  .30052263E+03  .28907156E-01
  .30109423E+03  .29770174E-01
  .30167740E+03  .29408515E-01
  .30227909E+03  .29869036E-01
  .30290178E+03  .30246737E-01
  .30355520E+03  .30556014E-01
  .30424115E+03  .31660936E-01
  .30494918E+03  .32476879E-01
  .30569427E+03  .32308549E-01
  .30647896E+03  .33627314E-01
  .30730418E+03  .34822704E-01
  .30817195E+03  .35013810E-01
  .30909869E+03  .36311392E-01
  .31006748E+03  .37560892E-01
  .31112697E+03  .38295195E-01
  .31227150E+03  .41384082E-01
  .31353007E+03  .43318751E-01
  .31493491E+03  .47288714E-01
  .31651063E+03  .49360124E-01
  .31836572E+03  .50788756E-01
  .32057225E+03  .54380580E-01
  .32329078E+03  .65631155E-01
  .32696244E+03  .79040299E-01
  .32788758E+03  .85444501E-01
  .32893599E+03  .89265144E-01
  .33010304E+03  .91891632E-01
  .33143360E+03  .96717059E-01
  .33295223E+03  .10354736E+00
  .33483439E+03  .11405452E+00
  .33719932E+03  .12674698E+00
  .34043231E+03  .14249533E+00
  .34563003E+03  .18902747E+00
  .35058874E+03  .24245638E+00
  .35711383E+03  .37514483E+00
  .36190487E+03  .51124663E+00
tr1  3
  .22763303E+03  .35402489E+00
  .23055939E+03  .25227162E+00
  .23492247E+03  .18150656E+00
  .23838130E+03  .13309854E+00
  .24217017E+03  .10508081E+00
  .24453263E+03  .90967277E-01
  .24626742E+03  .80748918E-01
  .24758973E+03  .76384620E-01
  .24874708E+03  .72529904E-01
  .24976876E+03  .68819733E-01
  .25066200E+03  .62807437E-01
  .25147685E+03  .59183170E-01
  .25224061E+03  .58350648E-01
  .25512149E+03  .49176910E-01
  .25730636E+03  .44802746E-01
  .25903305E+03  .41385473E-01
  .26052345E+03  .39454536E-01
  .26182811E+03  .38532515E-01
  .26297707E+03  .36743959E-01
  .26404794E+03  .35563177E-01
  .26501192E+03  .34493421E-01
  .26591902E+03  .33311441E-01
  .26675149E+03  .31828232E-01
  .26753319E+03  .30795995E-01
  .26827965E+03  .29645533E-01
  .26899184E+03  .28657573E-01
  .26965530E+03  .27763983E-01
  .27030472E+03  .28861958E-01
  .27091914E+03  .28503768E-01
  .27150199E+03  .27851458E-01
  .27208270E+03  .27470831E-01
  .27263459E+03  .27126870E-01
  .27317850E+03  .27237970E-01
  .27368513E+03  .26876955E-01
  .27418538E+03  .26401997E-01
  .27467992E+03  .26277871E-01
  .27515711E+03  .26169230E-01
  .27561787E+03  .26234861E-01
  .27607103E+03  .26003035E-01
  .27651067E+03  .25834217E-01
  .27694622E+03  .25443146E-01
  .27736644E+03  .24726509E-01
  .27777741E+03  .25414979E-01
  .27818060E+03  .25108873E-01
  .27858565E+03  .25004000E-01
  .27898144E+03  .25228682E-01
  .27936447E+03  .25352025E-01
  .27974542E+03  .25172995E-01
  .28011804E+03  .24543694E-01
  .28049200E+03  .24474464E-01
  .28085874E+03  .24032257E-01
  .28121364E+03  .23708570E-01
  .28156350E+03  .23589072E-01
  .28191150E+03  .23353479E-01
  .28225528E+03  .23392127E-01
  .28259590E+03  .23305660E-01
  .28293769E+03  .22973327E-01
  .28326648E+03  .22644649E-01
  .28359602E+03  .22518471E-01
  .28391960E+03  .22272375E-01
  .28424442E+03  .21929771E-01
  .28456330E+03  .22101201E-01
  .28488100E+03  .22433876E-01
  .28519417E+03  .22266359E-01
  .28550239E+03  .21976101E-01
  .28581437E+03  .22036103E-01
  .28612821E+03  .21935396E-01
  .28642856E+03  .22101077E-01
  .28673082E+03  .22172662E-01
  .28702624E+03  .22199678E-01
  .28732186E+03  .22335320E-01
  .28761702E+03  .22087062E-01
  .28791133E+03  .22286190E-01
  .28820336E+03  .22197103E-01
  .28849086E+03  .22245040E-01
  .28877499E+03  .22251813E-01
  .28906028E+03  .22465173E-01
  .28934617E+03  .22152392E-01
  .28963600E+03  .22126847E-01
  .28991592E+03  .22051387E-01
  .29019734E+03  .21974660E-01
  .29047459E+03  .21803235E-01
  .29074253E+03  .21973831E-01
  .29102496E+03  .21891391E-01
  .29129748E+03  .21700689E-01
  .29157329E+03  .21862026E-01
  .29184466E+03  .22143766E-01
  .29211586E+03  .22063052E-01
  .29239033E+03  .21832621E-01
  .29266193E+03  .21647607E-01
  .29293682E+03  .21475829E-01
  .29321385E+03  .21740309E-01
  .29348259E+03  .21552175E-01
  .29375070E+03  .21382489E-01
  .29401954E+03  .21237126E-01
  .29428952E+03  .21229209E-01
  .29455286E+03  .21385271E-01
  .29481542E+03  .21499634E-01
  .29507962E+03  .21507267E-01
  .29534500E+03  .21463094E-01
  .29560630E+03  .21202024E-01
  .29587647E+03  .21062765E-01
  .29614060E+03  .21244605E-01
  .29640375E+03  .20911749E-01
  .29666576E+03  .20753877E-01
  .29693057E+03  .20732214E-01
  .29720083E+03  .20728434E-01
  .29746941E+03  .20521028E-01
  .29773658E+03  .20649748E-01
  .29800351E+03  .20705112E-01
  .29826806E+03  .20724566E-01
  .29852764E+03  .20777842E-01
  .29879197E+03  .20631290E-01
  .29905625E+03  .20827616E-01
  .29932161E+03  .20962667E-01
  .29959024E+03  .20951464E-01
  .29986150E+03  .21237269E-01
  .30012590E+03  .21563137E-01
  .30038902E+03  .21685047E-01
  .30065739E+03  .21580132E-01
  .30093163E+03  .21958696E-01
  .30120395E+03  .21346257E-01
  .30147287E+03  .21332425E-01
  .30174675E+03  .21693582E-01
  .30201809E+03  .21746967E-01
  .30229664E+03  .21823601E-01
  .30257943E+03  .21726099E-01
  .30286064E+03  .21869074E-01
  .30313748E+03  .22097197E-01
  .30341545E+03  .22162378E-01
  .30369443E+03  .22277408E-01
  .30397370E+03  .22243813E-01
  .30425881E+03  .22265013E-01
  .30454462E+03  .22372332E-01
  .30482996E+03  .22380188E-01
  .30511577E+03  .22367798E-01
  .30539784E+03  .22777366E-01
  .30568390E+03  .22977344E-01
  .30597070E+03  .23196852E-01
  .30626785E+03  .23730096E-01
  .30655863E+03  .23865343E-01
  .30685619E+03  .24148055E-01
  .30715108E+03  .24606986E-01
  .30744963E+03  .24713694E-01
  .30774897E+03  .24365426E-01
  .30805229E+03  .24580650E-01
  .30836309E+03  .24263724E-01
  .30867467E+03  .24140385E-01
  .30898871E+03  .23967104E-01
  .30929665E+03  .24071217E-01
  .30961318E+03  .23891206E-01
  .30993326E+03  .23958457E-01
  .31025113E+03  .23944166E-01
  .31057695E+03  .24609668E-01
  .31090255E+03  .24950962E-01
  .31122693E+03  .25049255E-01
  .31156002E+03  .24941232E-01
  .31189469E+03  .25168011E-01
  .31223212E+03  .25703272E-01
  .31257419E+03  .25791706E-01
  .31292433E+03  .25756056E-01
  .31326807E+03  .26289222E-01
  .31362208E+03  .26232927E-01
  .31398172E+03  .26182655E-01
  .31434257E+03  .26305461E-01
  .31471128E+03  .26352137E-01
  .31507830E+03  .27055506E-01
  .31545785E+03  .27166193E-01
  .31584259E+03  .26844183E-01
  .31623401E+03  .26634759E-01
  .31662967E+03  .27338307E-01
  .31702304E+03  .27169572E-01
  .31743696E+03  .27164556E-01
  .31785674E+03  .27121132E-01
  .31828412E+03  .27120987E-01
  .31870194E+03  .27646085E-01
  .31914095E+03  .27868501E-01
  .31958473E+03  .27692923E-01
  .32005284E+03  .27784189E-01
  .32051947E+03  .28084674E-01
  .32099707E+03  .28278544E-01
  .32148373E+03  .28440541E-01
  .32198286E+03  .29689377E-01
  .32249285E+03  .30331535E-01
  .32302524E+03  .30587350E-01
  .32356163E+03  .30568920E-01
  .32412118E+03  .31794390E-01
  .32469789E+03  .31705637E-01
  .32528720E+03  .32175024E-01
  .32588807E+03  .33072560E-01
  .32652693E+03  .33336488E-01
  .32719540E+03  .33202588E-01
  .32789122E+03  .33584963E-01
  .32862377E+03  .33719580E-01
  .32939190E+03  .34231540E-01
  .33018110E+03  .35246543E-01
  .33103379E+03  .34834581E-01
  .33192817E+03  .36331397E-01
  .33287694E+03  .37162452E-01
  .33387932E+03  .38913349E-01
  .33497982E+03  .40607762E-01
  .33615772E+03  .42510323E-01
  .33747329E+03  .44295570E-01
  .33890978E+03  .45796664E-01
  .34052966E+03  .49314270E-01
  .34241302E+03  .54580572E-01
  .34465729E+03  .59803688E-01
  .34741871E+03  .65880959E-01
  .35124868E+03  .74520000E-01
  .35218080E+03  .78273260E-01
  .35323271E+03  .83466058E-01
  .35439001E+03  .87068028E-01
  .35577565E+03  .93295674E-01
  .35734257E+03  .94279735E-01
  .35918372E+03  .10658486E+00
  .36152200E+03  .12242226E+00
  .36492359E+03  .14624319E+00
  .37017975E+03  .20622995E+00
  .37564912E+03  .25326436E+00
  .38198542E+03  .42210879E+00
  .38667797E+03  .55610680E+00
tr2  3
  .24809894E+03  .35254119E+00
  .25115769E+03  .25423601E+00
  .25572867E+03  .18908094E+00
  .25935151E+03  .14344198E+00
  .26316462E+03  .10741531E+00
  .26557348E+03  .88704664E-01
  .26729751E+03  .80784617E-01
  .26872436E+03  .73951405E-01
  .26995895E+03  .72117907E-01
  .27097843E+03  .67730860E-01
  .27189163E+03  .62755900E-01
  .27275410E+03  .60020698E-01
  .27349364E+03  .57648989E-01
  .27651340E+03  .49023119E-01
  .27876214E+03  .44680363E-01
  .28058703E+03  .42690615E-01
  .28213608E+03  .40976905E-01
  .28349446E+03  .39190746E-01
  .28469995E+03  .37301756E-01
  .28578918E+03  .35215075E-01
  .28676540E+03  .33745623E-01
  .28768162E+03  .32361052E-01
  .28853003E+03  .30338296E-01
  .28933256E+03  .30921439E-01
  .29008976E+03  .30796170E-01
  .29082214E+03  .30346309E-01
  .29152821E+03  .30151597E-01
  .29218686E+03  .29872929E-01
  .29282217E+03  .28980759E-01
  .29343591E+03  .28974727E-01
  .29403534E+03  .29066708E-01
  .29459740E+03  .29612413E-01
  .29514213E+03  .29013525E-01
  .29567232E+03  .27565987E-01
  .29618907E+03  .27447926E-01
  .29668995E+03  .26746418E-01
  .29718233E+03  .26489491E-01
  .29767064E+03  .26697826E-01
  .29814009E+03  .26178432E-01
  .29859177E+03  .25683248E-01
  .29903619E+03  .25650199E-01
  .29947373E+03  .25154479E-01
  .29989999E+03  .24724714E-01
  .30032272E+03  .24873564E-01
  .30073279E+03  .24850214E-01
  .30113822E+03  .24752247E-01
  .30153259E+03  .25070988E-01
  .30192494E+03  .24505083E-01
  .30231139E+03  .24544119E-01
  .30269175E+03  .23777259E-01
  .30307147E+03  .23881428E-01
  .30343977E+03  .23787046E-01
  .30380753E+03  .23884092E-01
  .30416436E+03  .24016769E-01
  .30451923E+03  .24345302E-01
  .30486789E+03  .24279704E-01
  .30521975E+03  .24200354E-01
  .30556838E+03  .24510133E-01
  .30590152E+03  .24845130E-01
  .30623735E+03  .24879476E-01
  .30656385E+03  .24689112E-01
  .30689388E+03  .24431893E-01
  .30721387E+03  .24230845E-01
  .30753200E+03  .24544175E-01
  .30784627E+03  .24379514E-01
  .30816064E+03  .24174336E-01
  .30847691E+03  .24219940E-01
  .30878595E+03  .23671010E-01
  .30909621E+03  .23055964E-01
  .30940966E+03  .23223263E-01
  .30971848E+03  .23294525E-01
  .31001975E+03  .22908933E-01
  .31032095E+03  .22959342E-01
  .31062054E+03  .22921089E-01
  .31092122E+03  .22610840E-01
  .31121718E+03  .22641570E-01
  .31151578E+03  .22808537E-01
  .31181280E+03  .22531475E-01
  .31210343E+03  .22551137E-01
  .31239350E+03  .22433366E-01
  .31268265E+03  .22523767E-01
  .31296761E+03  .22720031E-01
  .31325750E+03  .22978502E-01
  .31353980E+03  .22946644E-01
  .31382359E+03  .22726583E-01
  .31411289E+03  .22619298E-01
  .31439521E+03  .22688422E-01
  .31467373E+03  .22513654E-01
  .31495467E+03  .22711468E-01
  .31523259E+03  .22467511E-01
  .31551319E+03  .22001469E-01
  .31579493E+03  .21733288E-01
  .31607101E+03  .21544853E-01
  .31635199E+03  .21770847E-01
  .31663096E+03  .21696397E-01
  .31690763E+03  .21517107E-01
  .31718226E+03  .21722317E-01
  .31745963E+03  .21657908E-01
  .31772536E+03  .22026530E-01
  .31800116E+03  .22086835E-01
  .31827371E+03  .22061402E-01
  .31854983E+03  .22032431E-01
  .31882303E+03  .21833750E-01
  .31909780E+03  .21834439E-01
  .31937198E+03  .22320868E-01
  .31964756E+03  .22346502E-01
  .31992317E+03  .22344294E-01
  .32019582E+03  .22399093E-01
  .32046681E+03  .22481455E-01
  .32074227E+03  .22319276E-01
  .32101255E+03  .22413067E-01
  .32128988E+03  .22492076E-01
  .32156100E+03  .22614154E-01
  .32183596E+03  .22717919E-01
  .32211044E+03  .22488783E-01
  .32238725E+03  .22684348E-01
  .32266154E+03  .22302948E-01
  .32294053E+03  .22090467E-01
  .32321859E+03  .22083510E-01
  .32349045E+03  .22047811E-01
  .32377184E+03  .21966865E-01
  .32404803E+03  .22106598E-01
  .32432431E+03  .22352258E-01
  .32461064E+03  .22593198E-01
  .32489349E+03  .22417989E-01
  .32518041E+03  .22443178E-01
  .32546489E+03  .22410161E-01
  .32574938E+03  .22463208E-01
  .32603868E+03  .22665618E-01
  .32632851E+03  .22765747E-01
  .32661259E+03  .23113098E-01
  .32690297E+03  .23112235E-01
  .32718695E+03  .23380780E-01
  .32747569E+03  .23202174E-01
  .32777032E+03  .23797544E-01
  .32806476E+03  .24102636E-01
  .32835864E+03  .24437876E-01
  .32865703E+03  .24213919E-01
  .32895430E+03  .24394860E-01
  .32925396E+03  .24213898E-01
  .32955514E+03  .24223562E-01
  .32985681E+03  .24210131E-01
  .33016254E+03  .24300809E-01
  .33046615E+03  .24314089E-01
  .33077473E+03  .24405597E-01
  .33107858E+03  .24689133E-01
  .33138388E+03  .24830517E-01
  .33169162E+03  .24442861E-01
  .33200830E+03  .24550722E-01
  .33232993E+03  .24686359E-01
  .33265312E+03  .24625595E-01
  .33297367E+03  .24491746E-01
  .33330329E+03  .24721803E-01
  .33363758E+03  .24776557E-01
  .33396924E+03  .24471778E-01
  .33430712E+03  .25136448E-01
  .33464834E+03  .25467745E-01
  .33499229E+03  .25615189E-01
  .33534778E+03  .25672744E-01
  .33570084E+03  .25490764E-01
  .33606233E+03  .25349286E-01
  .33643029E+03  .25740629E-01
  .33679729E+03  .25376567E-01
  .33717096E+03  .25797465E-01
  .33754610E+03  .26045618E-01
  .33792930E+03  .25995173E-01
  .33831188E+03  .26542742E-01
  .33868643E+03  .26667190E-01
  .33908182E+03  .26916788E-01
  .33947430E+03  .27310837E-01
  .33987646E+03  .27409812E-01
  .34029456E+03  .27585337E-01
  .34072374E+03  .27523740E-01
  .34115303E+03  .27302424E-01
  .34158808E+03  .27287568E-01
  .34203004E+03  .27608697E-01
  .34247954E+03  .27371284E-01
  .34294811E+03  .27839412E-01
  .34341460E+03  .28190294E-01
  .34390144E+03  .28431484E-01
  .34439017E+03  .28829899E-01
  .34488973E+03  .29293530E-01
  .34540506E+03  .29810458E-01
  .34593217E+03  .29291905E-01
  .34647098E+03  .29648113E-01
  .34703075E+03  .29737954E-01
  .34761638E+03  .29635619E-01
  .34821091E+03  .29934064E-01
  .34882367E+03  .30022221E-01
  .34945786E+03  .30794490E-01
  .35011661E+03  .30738552E-01
  .35078859E+03  .31418787E-01
  .35149851E+03  .32000753E-01
  .35223317E+03  .32106208E-01
  .35300436E+03  .32288972E-01
  .35383481E+03  .33587614E-01
  .35469844E+03  .33892948E-01
  .35560890E+03  .35827605E-01
  .35656522E+03  .37076082E-01
  .35760323E+03  .40112570E-01
  .35871709E+03  .41048840E-01
  .35992036E+03  .41476387E-01
  .36124577E+03  .44492182E-01
  .36271533E+03  .47131373E-01
  .36435684E+03  .52564571E-01
  .36625604E+03  .55029058E-01
  .36852310E+03  .60801837E-01
  .37147658E+03  .66985237E-01
  .37530279E+03  .84828294E-01
  .37629876E+03  .86587744E-01
  .37735976E+03  .89720849E-01
  .37861095E+03  .91994848E-01
  .38000255E+03  .97989691E-01
  .38156861E+03  .10502577E+00
  .38359155E+03  .10962807E+00
  .38599765E+03  .12040311E+00
  .38928345E+03  .14063752E+00
  .39482166E+03  .19778543E+00
  .40012573E+03  .24362850E+00
  .40698790E+03  .35799357E+00
  .41148825E+03  .53876417E+00
tr1s 3
  .23811490E+03  .35021372E+00
  .24178324E+03  .25100555E+00
  .24641135E+03  .17241448E+00
  .25003941E+03  .12984175E+00
  .25384832E+03  .10119810E+00
  .25615599E+03  .87923770E-01
  .25785448E+03  .79931151E-01
  .25925326E+03  .73660266E-01
  .26045288E+03  .69881253E-01
  .26145324E+03  .65295996E-01
  .26236444E+03  .63758687E-01
  .26317971E+03  .60476702E-01
  .26391384E+03  .57623727E-01
  .26692127E+03  .52127052E-01
  .26918782E+03  .46042342E-01
  .27101304E+03  .43499365E-01
  .27256001E+03  .41650775E-01
  .27391722E+03  .39997662E-01
  .27511123E+03  .39110514E-01
  .27621446E+03  .37278330E-01
  .27721957E+03  .35725164E-01
  .27815192E+03  .33526311E-01
  .27901169E+03  .33400228E-01
  .27983197E+03  .31266581E-01
  .28058715E+03  .29516515E-01
  .28131147E+03  .29087642E-01
  .28199944E+03  .28277050E-01
  .28266025E+03  .28078214E-01
  .28329001E+03  .27904384E-01
  .28389720E+03  .28204255E-01
  .28448527E+03  .28166652E-01
  .28504583E+03  .27690145E-01
  .28559477E+03  .27865894E-01
  .28612428E+03  .27288801E-01
  .28664321E+03  .26845067E-01
  .28714536E+03  .26251456E-01
  .28763614E+03  .26176748E-01
  .28810764E+03  .25899236E-01
  .28856835E+03  .25290166E-01
  .28901729E+03  .25028347E-01
  .28945002E+03  .25158019E-01
  .28988749E+03  .24923630E-01
  .29031295E+03  .24874845E-01
  .29072890E+03  .24126432E-01
  .29113932E+03  .23839134E-01
  .29154188E+03  .23471939E-01
  .29193386E+03  .23086501E-01
  .29232587E+03  .23173948E-01
  .29271222E+03  .23032548E-01
  .29310085E+03  .22792073E-01
  .29347152E+03  .22827549E-01
  .29384079E+03  .22538818E-01
  .29420480E+03  .22433754E-01
  .29456162E+03  .22449702E-01
  .29490897E+03  .22242943E-01
  .29526007E+03  .21727442E-01
  .29560863E+03  .21349164E-01
  .29595699E+03  .21461667E-01
  .29629675E+03  .21432417E-01
  .29663285E+03  .21908465E-01
  .29696399E+03  .22356027E-01
  .29729429E+03  .22222187E-01
  .29761549E+03  .22028673E-01
  .29794184E+03  .21631832E-01
  .29826216E+03  .21644938E-01
  .29857947E+03  .21683152E-01
  .29889551E+03  .21615080E-01
  .29920742E+03  .21745686E-01
  .29951571E+03  .21688209E-01
  .29982515E+03  .21429797E-01
  .30012726E+03  .21402235E-01
  .30043502E+03  .21621219E-01
  .30073959E+03  .21458103E-01
  .30104128E+03  .21685816E-01
  .30133306E+03  .21474878E-01
  .30163265E+03  .21595336E-01
  .30192810E+03  .21518770E-01
  .30221665E+03  .21640386E-01
  .30250465E+03  .21495529E-01
  .30279746E+03  .21528845E-01
  .30308179E+03  .21779920E-01
  .30337203E+03  .21881311E-01
  .30365290E+03  .21607620E-01
  .30393391E+03  .21773665E-01
  .30421820E+03  .21792537E-01
  .30450020E+03  .21792670E-01
  .30477655E+03  .21619040E-01
  .30506010E+03  .21465728E-01
  .30533656E+03  .21499528E-01
  .30561735E+03  .21590591E-01
  .30589564E+03  .21744894E-01
  .30617187E+03  .21632069E-01
  .30644814E+03  .21981896E-01
  .30671956E+03  .21906980E-01
  .30699733E+03  .21730843E-01
  .30726631E+03  .21764411E-01
  .30753865E+03  .21948571E-01
  .30781281E+03  .22063694E-01
  .30808800E+03  .21860857E-01
  .30836491E+03  .21851837E-01
  .30863551E+03  .21961175E-01
  .30890526E+03  .21651128E-01
  .30917304E+03  .21589651E-01
  .30944062E+03  .21525471E-01
  .30971387E+03  .21760155E-01
  .30998569E+03  .21726815E-01
  .31026170E+03  .21732480E-01
  .31053261E+03  .21861804E-01
  .31080053E+03  .21863444E-01
  .31107846E+03  .21802925E-01
  .31135408E+03  .22108779E-01
  .31162672E+03  .22189794E-01
  .31189758E+03  .22095417E-01
  .31217367E+03  .21977601E-01
  .31245007E+03  .21550992E-01
  .31272524E+03  .21316186E-01
  .31299696E+03  .21724234E-01
  .31327713E+03  .22092374E-01
  .31355340E+03  .22186015E-01
  .31382895E+03  .22391449E-01
  .31410569E+03  .22810578E-01
  .31437988E+03  .22991619E-01
  .31465891E+03  .22896915E-01
  .31494034E+03  .22906704E-01
  .31521765E+03  .22869490E-01
  .31549507E+03  .22486841E-01
  .31577635E+03  .22561356E-01
  .31605815E+03  .22688510E-01
  .31634340E+03  .22604642E-01
  .31662869E+03  .22849491E-01
  .31691754E+03  .22848563E-01
  .31720324E+03  .22797016E-01
  .31749304E+03  .22724840E-01
  .31778266E+03  .22962950E-01
  .31807466E+03  .22853894E-01
  .31837325E+03  .22765649E-01
  .31866647E+03  .22747163E-01
  .31896290E+03  .22851562E-01
  .31924980E+03  .22803237E-01
  .31954787E+03  .22659329E-01
  .31985014E+03  .22438734E-01
  .32014765E+03  .22569446E-01
  .32044553E+03  .22630978E-01
  .32076029E+03  .22541404E-01
  .32106773E+03  .22208366E-01
  .32137736E+03  .22415735E-01
  .32168887E+03  .22443529E-01
  .32199864E+03  .22926161E-01
  .32231784E+03  .22728920E-01
  .32263840E+03  .22800379E-01
  .32296357E+03  .22918621E-01
  .32329065E+03  .22859009E-01
  .32362040E+03  .23116890E-01
  .32395383E+03  .22840820E-01
  .32429193E+03  .23440801E-01
  .32462619E+03  .23541415E-01
  .32496598E+03  .23804222E-01
  .32531063E+03  .23922301E-01
  .32565800E+03  .23962060E-01
  .32601085E+03  .24269936E-01
  .32636157E+03  .24670727E-01
  .32672154E+03  .24449227E-01
  .32708876E+03  .24411821E-01
  .32746299E+03  .24387415E-01
  .32783825E+03  .24533204E-01
  .32821572E+03  .24823009E-01
  .32860062E+03  .25209204E-01
  .32899035E+03  .25605320E-01
  .32938441E+03  .26102015E-01
  .32978684E+03  .26435868E-01
  .33019471E+03  .26557262E-01
  .33061594E+03  .26734822E-01
  .33103520E+03  .27214553E-01
  .33146232E+03  .27120632E-01
  .33189170E+03  .26931843E-01
  .33233045E+03  .27599580E-01
  .33278133E+03  .27866760E-01
  .33323851E+03  .27786131E-01
  .33371471E+03  .27325730E-01
  .33419119E+03  .27662993E-01
  .33468322E+03  .27123194E-01
  .33518650E+03  .27214555E-01
  .33568908E+03  .27374322E-01
  .33622105E+03  .27450799E-01
  .33675613E+03  .28008554E-01
  .33731149E+03  .28310485E-01
  .33790592E+03  .27991633E-01
  .33848679E+03  .27827825E-01
  .33909529E+03  .28865412E-01
  .33972452E+03  .28824505E-01
  .34038210E+03  .30133113E-01
  .34106304E+03  .31157567E-01
  .34176395E+03  .31912233E-01
  .34249581E+03  .33016414E-01
  .34326222E+03  .34841380E-01
  .34409186E+03  .34893796E-01
  .34493342E+03  .35853023E-01
  .34584819E+03  .36060488E-01
  .34682352E+03  .37709634E-01
  .34786857E+03  .38249925E-01
  .34898933E+03  .38521078E-01
  .35022485E+03  .39771015E-01
  .35153778E+03  .43494585E-01
  .35300408E+03  .46830099E-01
  .35467356E+03  .51232856E-01
  .35663088E+03  .54829758E-01
  .35896091E+03  .60105095E-01
  .36182512E+03  .66854108E-01
  .36563916E+03  .77606686E-01
  .36664484E+03  .80943951E-01
  .36770596E+03  .84140054E-01
  .36886054E+03  .86998484E-01
  .37022096E+03  .89775376E-01
  .37182764E+03  .96582797E-01
  .37375720E+03  .10718410E+00
  .37618740E+03  .11973929E+00
  .37964261E+03  .14061120E+00
  .38530129E+03  .17750484E+00
  .39074587E+03  .25681969E+00
  .39736806E+03  .38221061E+00
  .40227326E+03  .52903969E+00
tr2s 2
  .26149709E+03  .37742279E+00
  .26457949E+03  .26655653E+00
  .26933689E+03  .17631393E+00
  .27304531E+03  .13821746E+00
  .27696070E+03  .94716854E-01
  .27943024E+03  .80605637E-01
  .28118151E+03  .75604106E-01
  .28264833E+03  .67380145E-01
  .28385660E+03  .67098627E-01
  .28491132E+03  .64612792E-01
  .28582474E+03  .59699744E-01
  .28669927E+03  .57599375E-01
  .28747477E+03  .56870773E-01
  .29055885E+03  .49855843E-01
  .29286373E+03  .45983325E-01
  .29474509E+03  .43314708E-01
  .29631049E+03  .42081285E-01
  .29769918E+03  .39378463E-01
  .29891618E+03  .37973345E-01
  .30003187E+03  .34562547E-01
  .30108540E+03  .32785232E-01
  .30203280E+03  .32067742E-01
  .30294375E+03  .30463024E-01
  .30378747E+03  .29714342E-01
  .30457996E+03  .29352754E-01
  .30533000E+03  .29165469E-01
  .30604992E+03  .29564517E-01
  .30672498E+03  .29648042E-01
  .30737026E+03  .28785057E-01
  .30800163E+03  .28315201E-01
  .30859959E+03  .27411601E-01
  .30917557E+03  .26170787E-01
  .30974193E+03  .25936334E-01
  .31029375E+03  .25316540E-01
  .31082260E+03  .26039738E-01
  .31135308E+03  .26296449E-01
  .31185108E+03  .25946314E-01
  .31234339E+03  .25335073E-01
  .31282146E+03  .25641061E-01
  .31328939E+03  .25617665E-01
  .31374710E+03  .25962817E-01
  .31419462E+03  .25246011E-01
  .31463386E+03  .24638907E-01
  .31506062E+03  .23894767E-01
  .31549182E+03  .24270806E-01
  .31590853E+03  .24375881E-01
  .31631267E+03  .24343652E-01
  .31672265E+03  .24193784E-01
  .31711892E+03  .23806739E-01
  .31751270E+03  .23827524E-01
  .31789761E+03  .23380634E-01
  .31827731E+03  .23150494E-01
  .31865182E+03  .23400571E-01
  .31902054E+03  .23226426E-01
  .31938621E+03  .22745920E-01
  .31974516E+03  .22536346E-01
  .32010134E+03  .22508350E-01
  .32045444E+03  .22396622E-01
  .32080305E+03  .22445226E-01
  .32114547E+03  .21897067E-01
  .32148668E+03  .21985237E-01
  .32182487E+03  .21597703E-01
  .32216062E+03  .21573459E-01
  .32248787E+03  .21584545E-01
  .32281249E+03  .21376222E-01
  .32314292E+03  .21077273E-01
  .32347227E+03  .21348941E-01
  .32380237E+03  .21322355E-01
  .32411685E+03  .21147349E-01
  .32443458E+03  .21056372E-01
  .32475382E+03  .21441623E-01
  .32506247E+03  .21470396E-01
  .32537068E+03  .21447745E-01
  .32568120E+03  .21385867E-01
  .32598500E+03  .21294897E-01
  .32628086E+03  .21384535E-01
  .32657946E+03  .21627185E-01
  .32687836E+03  .21822529E-01
  .32717759E+03  .21728756E-01
  .32747644E+03  .21687336E-01
  .32777161E+03  .21865150E-01
  .32806232E+03  .21450135E-01
  .32835548E+03  .21191756E-01
  .32864521E+03  .21316220E-01
  .32893423E+03  .21510225E-01
  .32922435E+03  .21627191E-01
  .32951316E+03  .21450197E-01
  .32979787E+03  .21426632E-01
  .33008545E+03  .21212546E-01
  .33037636E+03  .21244997E-01
  .33066361E+03  .21223948E-01
  .33095453E+03  .20843744E-01
  .33124031E+03  .20965993E-01
  .33151883E+03  .21257993E-01
  .33179872E+03  .20893481E-01
  .33208287E+03  .20951709E-01
  .33236500E+03  .20386897E-01
  .33265023E+03  .20517649E-01
  .33292848E+03  .20408709E-01
  .33320700E+03  .20782643E-01
  .33348687E+03  .20536949E-01
  .33377213E+03  .20761797E-01
  .33405450E+03  .21071961E-01
  .33433236E+03  .20660073E-01
  .33461022E+03  .21078132E-01
  .33489253E+03  .21141065E-01
  .33517450E+03  .21496077E-01
  .33545885E+03  .21357176E-01
  .33574471E+03  .21297167E-01
  .33602602E+03  .21667275E-01
  .33630286E+03  .21532814E-01
  .33658202E+03  .21397790E-01
  .33685894E+03  .21473574E-01
  .33714122E+03  .21362162E-01
  .33742329E+03  .21396388E-01
  .33770879E+03  .21811686E-01
  .33798546E+03  .21788889E-01
  .33826808E+03  .21630190E-01
  .33855353E+03  .22064819E-01
  .33884113E+03  .22235450E-01
  .33912249E+03  .22098093E-01
  .33940985E+03  .22238880E-01
  .33969773E+03  .22386381E-01
  .33998598E+03  .22504180E-01
  .34027958E+03  .22193982E-01
  .34057031E+03  .22447983E-01
  .34086619E+03  .22506172E-01
  .34115411E+03  .22514437E-01
  .34144810E+03  .22563599E-01
  .34173905E+03  .22721771E-01
  .34203228E+03  .22343826E-01
  .34232765E+03  .22102550E-01
  .34263134E+03  .22303611E-01
  .34293147E+03  .22370252E-01
  .34322526E+03  .22636323E-01
  .34352586E+03  .23017150E-01
  .34382937E+03  .23239835E-01
  .34413834E+03  .23038613E-01
  .34444106E+03  .22955642E-01
  .34474801E+03  .23140980E-01
  .34505497E+03  .22737847E-01
  .34536494E+03  .22577029E-01
  .34567279E+03  .22249268E-01
  .34599065E+03  .21955252E-01
  .34630416E+03  .21965579E-01
  .34662336E+03  .22152614E-01
  .34694402E+03  .22634499E-01
  .34727191E+03  .23093613E-01
  .34760297E+03  .22653286E-01
  .34793090E+03  .22965183E-01
  .34825843E+03  .23219377E-01
  .34859150E+03  .23246995E-01
  .34892350E+03  .23005129E-01
  .34926260E+03  .23341407E-01
  .34961282E+03  .23503428E-01
  .34995839E+03  .23814181E-01
  .35030689E+03  .23916535E-01
  .35065471E+03  .24269619E-01
  .35101097E+03  .24759790E-01
  .35136763E+03  .24604014E-01
  .35172742E+03  .24845343E-01
  .35209580E+03  .25226319E-01
  .35246639E+03  .25550171E-01
  .35283689E+03  .26243230E-01
  .35321975E+03  .26029597E-01
  .35360396E+03  .26180740E-01
  .35399884E+03  .26079366E-01
  .35440459E+03  .25511440E-01
  .35482070E+03  .25359180E-01
  .35523177E+03  .25771139E-01
  .35564618E+03  .26096970E-01
  .35607195E+03  .26173062E-01
  .35649881E+03  .26808423E-01
  .35693359E+03  .27261884E-01
  .35738374E+03  .27005960E-01
  .35784525E+03  .27013288E-01
  .35830785E+03  .27305379E-01
  .35878033E+03  .27087672E-01
  .35926414E+03  .26951125E-01
  .35975441E+03  .27096215E-01
  .36025067E+03  .27480145E-01
  .36076981E+03  .28181766E-01
  .36129821E+03  .28955982E-01
  .36183595E+03  .29658787E-01
  .36239242E+03  .30065159E-01
  .36297515E+03  .30672293E-01
  .36356835E+03  .31178985E-01
  .36417959E+03  .32043206E-01
  .36479373E+03  .31910246E-01
  .36544093E+03  .32240306E-01
  .36611457E+03  .32530208E-01
  .36681638E+03  .32516075E-01
  .36754247E+03  .33473040E-01
  .36831198E+03  .33164194E-01
  .36911164E+03  .33928968E-01
  .36992980E+03  .33950419E-01
  .37079806E+03  .35444021E-01
  .37172521E+03  .36579839E-01
  .37270252E+03  .37068057E-01
  .37376255E+03  .38261576E-01
  .37491013E+03  .40696515E-01
  .37615474E+03  .41912343E-01
  .37754940E+03  .44457508E-01
  .37905089E+03  .44584333E-01
  .38077574E+03  .48164801E-01
  .38276000E+03  .51351728E-01
  .38513712E+03  .58490089E-01
  .38803623E+03  .67298961E-01
  .39200507E+03  .80705817E-01
  .39300959E+03  .82213742E-01
  .39409310E+03  .86737749E-01
  .39535909E+03  .91860412E-01
  .39672686E+03  .96064490E-01
  .39835632E+03  .10215546E+00
  .40034173E+03  .11767866E+00
  .40289717E+03  .13131177E+00
  .40639047E+03  .15623840E+00
  .41178921E+03  .19199351E+00
  .41715504E+03  .24372335E+00
  .42427585E+03  .39345285E+00
  .42903037E+03  .54648905E+00
