Copyright (C) James G. MacKinnon, Alfred A. Haug, and Leo Michelis, 1996
lm0  2
  .15860955E+02  .35330913E-01
  .16347353E+02  .25273350E-01
  .17111729E+02  .18991995E-01
  .17751615E+02  .15310849E-01
  .18445893E+02  .11648688E-01
  .18891678E+02  .10301855E-01
  .19220815E+02  .95752681E-02
  .19491683E+02  .91135585E-02
  .19710122E+02  .86538298E-02
  .19905978E+02  .82280657E-02
  .20079963E+02  .77747203E-02
  .20236439E+02  .74133237E-02
  .20379779E+02  .71471334E-02
  .20967475E+02  .65351111E-02
  .21411607E+02  .57165371E-02
  .21780724E+02  .54387016E-02
  .22099246E+02  .49929832E-02
  .22377032E+02  .49036695E-02
  .22627443E+02  .46127092E-02
  .22858414E+02  .44873449E-02
  .23070347E+02  .44247517E-02
  .23269095E+02  .42717493E-02
  .23458329E+02  .42062848E-02
  .23635174E+02  .40752753E-02
  .23803446E+02  .39775606E-02
  .23963662E+02  .39824805E-02
  .24116016E+02  .39232875E-02
  .24261058E+02  .38263052E-02
  .24402508E+02  .38259654E-02
  .24538596E+02  .38768324E-02
  .24669881E+02  .37893234E-02
  .24795481E+02  .37987034E-02
  .24919637E+02  .36647926E-02
  .25038616E+02  .37448834E-02
  .25156350E+02  .37629116E-02
  .25270649E+02  .37103702E-02
  .25382842E+02  .36605999E-02
  .25491265E+02  .36990949E-02
  .25598429E+02  .36648875E-02
  .25704254E+02  .36307526E-02
  .25807695E+02  .36267083E-02
  .25910647E+02  .36713869E-02
  .26010356E+02  .36297880E-02
  .26108825E+02  .36221108E-02
  .26205574E+02  .35962280E-02
  .26300776E+02  .35873218E-02
  .26394063E+02  .36045595E-02
  .26486372E+02  .36140240E-02
  .26577024E+02  .35867640E-02
  .26666933E+02  .36063637E-02
  .26756737E+02  .36021389E-02
  .26845686E+02  .35919813E-02
  .26932881E+02  .35315536E-02
  .27019715E+02  .34735685E-02
  .27105356E+02  .34538854E-02
  .27190422E+02  .34530600E-02
  .27274498E+02  .34185477E-02
  .27358319E+02  .34479654E-02
  .27440885E+02  .33976576E-02
  .27522452E+02  .33873973E-02
  .27602666E+02  .34024927E-02
  .27683201E+02  .33948586E-02
  .27763197E+02  .33834742E-02
  .27843235E+02  .34002519E-02
  .27921187E+02  .34261439E-02
  .27999043E+02  .34851076E-02
  .28077319E+02  .34891472E-02
  .28154116E+02  .34302755E-02
  .28231832E+02  .34544509E-02
  .28307979E+02  .35005165E-02
  .28383895E+02  .34474133E-02
  .28459572E+02  .34686706E-02
  .28535056E+02  .34860504E-02
  .28609916E+02  .34231609E-02
  .28684948E+02  .34163315E-02
  .28759953E+02  .34097533E-02
  .28834254E+02  .33735503E-02
  .28908042E+02  .33863412E-02
  .28981526E+02  .33159853E-02
  .29055429E+02  .33046516E-02
  .29129430E+02  .33444614E-02
  .29202582E+02  .33924458E-02
  .29275510E+02  .33885784E-02
  .29348134E+02  .33758913E-02
  .29420901E+02  .34017936E-02
  .29493827E+02  .34561833E-02
  .29566107E+02  .34799763E-02
  .29638758E+02  .34704761E-02
  .29711132E+02  .34802262E-02
  .29783304E+02  .34005537E-02
  .29855242E+02  .34270430E-02
  .29928137E+02  .34106712E-02
  .30000006E+02  .34564464E-02
  .30071689E+02  .34791462E-02
  .30144074E+02  .34633265E-02
  .30216264E+02  .34485406E-02
  .30288015E+02  .34605809E-02
  .30361036E+02  .35007893E-02
  .30433093E+02  .35235702E-02
  .30505678E+02  .35418138E-02
  .30577540E+02  .35422647E-02
  .30650094E+02  .35511826E-02
  .30722577E+02  .35611085E-02
  .30795081E+02  .35124566E-02
  .30867853E+02  .35442720E-02
  .30940578E+02  .35590168E-02
  .31013949E+02  .35776649E-02
  .31086427E+02  .35631607E-02
  .31160125E+02  .35796346E-02
  .31232736E+02  .35641680E-02
  .31306150E+02  .35848430E-02
  .31380882E+02  .36028464E-02
  .31454336E+02  .36236703E-02
  .31528428E+02  .36552709E-02
  .31603457E+02  .36903811E-02
  .31676911E+02  .37534759E-02
  .31752597E+02  .37542555E-02
  .31826874E+02  .37543525E-02
  .31902783E+02  .37599159E-02
  .31979420E+02  .37379854E-02
  .32054999E+02  .37591108E-02
  .32131513E+02  .37593988E-02
  .32208849E+02  .37397284E-02
  .32285843E+02  .37751694E-02
  .32364031E+02  .38204484E-02
  .32441798E+02  .38164036E-02
  .32519980E+02  .38304036E-02
  .32598801E+02  .38846649E-02
  .32678210E+02  .38910592E-02
  .32757502E+02  .39284324E-02
  .32837191E+02  .39651692E-02
  .32918392E+02  .39295558E-02
  .32999138E+02  .39026107E-02
  .33080396E+02  .39120229E-02
  .33161989E+02  .39489208E-02
  .33245217E+02  .39876378E-02
  .33328707E+02  .40199934E-02
  .33412697E+02  .40380731E-02
  .33496527E+02  .40899492E-02
  .33580126E+02  .41325499E-02
  .33665783E+02  .41558512E-02
  .33751902E+02  .41847554E-02
  .33837483E+02  .41705790E-02
  .33924251E+02  .42110875E-02
  .34013227E+02  .42193299E-02
  .34102707E+02  .42731606E-02
  .34192437E+02  .43223230E-02
  .34284046E+02  .43386943E-02
  .34375723E+02  .44567456E-02
  .34467365E+02  .44776482E-02
  .34560306E+02  .45587852E-02
  .34654952E+02  .45342453E-02
  .34751038E+02  .44847722E-02
  .34848371E+02  .45190990E-02
  .34947255E+02  .44930108E-02
  .35046459E+02  .45664318E-02
  .35144512E+02  .45396759E-02
  .35245398E+02  .45897628E-02
  .35349195E+02  .45649129E-02
  .35452180E+02  .45621616E-02
  .35557428E+02  .45838203E-02
  .35664106E+02  .45873406E-02
  .35772071E+02  .46490236E-02
  .35881744E+02  .46728211E-02
  .35994344E+02  .46991766E-02
  .36107045E+02  .46528650E-02
  .36221771E+02  .47169743E-02
  .36338578E+02  .47525089E-02
  .36458412E+02  .48220137E-02
  .36580764E+02  .48710129E-02
  .36704318E+02  .48700128E-02
  .36830535E+02  .49107079E-02
  .36957611E+02  .50619690E-02
  .37088705E+02  .51799109E-02
  .37222257E+02  .53431822E-02
  .37358036E+02  .53051481E-02
  .37497095E+02  .53915185E-02
  .37640799E+02  .54728029E-02
  .37787219E+02  .55332431E-02
  .37937399E+02  .55431761E-02
  .38092661E+02  .56478160E-02
  .38251137E+02  .56717080E-02
  .38413173E+02  .58397200E-02
  .38578267E+02  .58237451E-02
  .38750930E+02  .59588681E-02
  .38927165E+02  .59789937E-02
  .39108694E+02  .60559375E-02
  .39294413E+02  .61044313E-02
  .39493704E+02  .62638923E-02
  .39697259E+02  .63038677E-02
  .39910322E+02  .64638752E-02
  .40128421E+02  .67247693E-02
  .40358859E+02  .68062075E-02
  .40602317E+02  .68262552E-02
  .40856152E+02  .68545581E-02
  .41124091E+02  .70747755E-02
  .41411914E+02  .72772429E-02
  .41717905E+02  .74880784E-02
  .42041233E+02  .77349340E-02
  .42393207E+02  .78140438E-02
  .42771270E+02  .80412837E-02
  .43181714E+02  .83682869E-02
  .43635200E+02  .89599655E-02
  .44147087E+02  .95077954E-02
  .44729428E+02  .10030652E-01
  .45405620E+02  .10833812E-01
  .46219891E+02  .11519107E-01
  .47250446E+02  .14092167E-01
  .48655644E+02  .17013717E-01
  .49019400E+02  .18103172E-01
  .49427475E+02  .19041472E-01
  .49867324E+02  .19569905E-01
  .50387581E+02  .20856580E-01
  .50988488E+02  .23707399E-01
  .51719853E+02  .24814285E-01
  .52661674E+02  .28630238E-01
  .53976227E+02  .33602504E-01
  .56123187E+02  .46692665E-01
  .58222086E+02  .68309715E-01
  .60977455E+02  .10084775E+00
  .63010829E+02  .14148776E+00
lm1  3
  .18235808E+02  .49052350E-01
  .18777046E+02  .37059145E-01
  .19550538E+02  .25234169E-01
  .20223750E+02  .18144372E-01
  .20939880E+02  .13719782E-01
  .21405039E+02  .11989317E-01
  .21749786E+02  .10950799E-01
  .22023475E+02  .10200751E-01
  .22260520E+02  .95752411E-02
  .22466009E+02  .94491896E-02
  .22646728E+02  .89993124E-02
  .22816699E+02  .85300191E-02
  .22970662E+02  .83590994E-02
  .23587632E+02  .78142026E-02
  .24059240E+02  .69647614E-02
  .24450352E+02  .67144000E-02
  .24781913E+02  .61925700E-02
  .25076318E+02  .59650670E-02
  .25338848E+02  .57436448E-02
  .25578840E+02  .55774883E-02
  .25801248E+02  .54451708E-02
  .26007257E+02  .52555564E-02
  .26201720E+02  .52160715E-02
  .26387308E+02  .52017284E-02
  .26560649E+02  .50781979E-02
  .26725357E+02  .49477130E-02
  .26885693E+02  .48815699E-02
  .27037547E+02  .48339786E-02
  .27186053E+02  .48302046E-02
  .27326921E+02  .47940843E-02
  .27463390E+02  .47610866E-02
  .27597432E+02  .47759806E-02
  .27727703E+02  .47447721E-02
  .27853489E+02  .47635950E-02
  .27974362E+02  .47421332E-02
  .28093711E+02  .46861525E-02
  .28211389E+02  .47096648E-02
  .28325202E+02  .47701173E-02
  .28436536E+02  .47691610E-02
  .28546495E+02  .47392551E-02
  .28652653E+02  .47600835E-02
  .28759493E+02  .46777865E-02
  .28864276E+02  .46521011E-02
  .28966435E+02  .45586745E-02
  .29067392E+02  .46118633E-02
  .29168208E+02  .45216741E-02
  .29267364E+02  .45168014E-02
  .29363129E+02  .45321525E-02
  .29458947E+02  .44670712E-02
  .29552019E+02  .44236869E-02
  .29644413E+02  .43465611E-02
  .29734823E+02  .43368447E-02
  .29825056E+02  .42793028E-02
  .29915539E+02  .43470862E-02
  .30005229E+02  .43243207E-02
  .30093804E+02  .43241064E-02
  .30181338E+02  .43596569E-02
  .30267303E+02  .43310524E-02
  .30353443E+02  .42919479E-02
  .30437353E+02  .42768873E-02
  .30521142E+02  .42827673E-02
  .30604224E+02  .42458111E-02
  .30687503E+02  .42808729E-02
  .30771032E+02  .42619146E-02
  .30853446E+02  .43030340E-02
  .30935364E+02  .42845974E-02
  .31016490E+02  .43010097E-02
  .31095613E+02  .43619532E-02
  .31175652E+02  .43116407E-02
  .31256711E+02  .43291763E-02
  .31336402E+02  .43120926E-02
  .31414418E+02  .42932616E-02
  .31492896E+02  .43096044E-02
  .31572674E+02  .43632123E-02
  .31649319E+02  .43898614E-02
  .31727873E+02  .43977092E-02
  .31806025E+02  .44480918E-02
  .31883723E+02  .43823031E-02
  .31960430E+02  .43654433E-02
  .32037883E+02  .43736990E-02
  .32114036E+02  .43521697E-02
  .32190391E+02  .44152233E-02
  .32266776E+02  .44375702E-02
  .32342976E+02  .44287092E-02
  .32418476E+02  .44039567E-02
  .32493640E+02  .43699450E-02
  .32568580E+02  .43702643E-02
  .32644083E+02  .43717987E-02
  .32718438E+02  .44246909E-02
  .32794904E+02  .44207288E-02
  .32870008E+02  .44046608E-02
  .32945270E+02  .44535331E-02
  .33021016E+02  .44692085E-02
  .33097194E+02  .44872852E-02
  .33172525E+02  .44737835E-02
  .33247658E+02  .45412070E-02
  .33322037E+02  .45398604E-02
  .33397038E+02  .44937731E-02
  .33471343E+02  .44750576E-02
  .33547032E+02  .45181668E-02
  .33622370E+02  .45432796E-02
  .33698092E+02  .45457713E-02
  .33774219E+02  .45732197E-02
  .33849720E+02  .45349573E-02
  .33924584E+02  .45895782E-02
  .33999370E+02  .45845514E-02
  .34075838E+02  .46415015E-02
  .34150976E+02  .46959500E-02
  .34227135E+02  .47358579E-02
  .34302839E+02  .47639627E-02
  .34377986E+02  .48549844E-02
  .34454065E+02  .49192021E-02
  .34531703E+02  .49168096E-02
  .34609270E+02  .49592099E-02
  .34686652E+02  .49494859E-02
  .34764329E+02  .49845131E-02
  .34842598E+02  .49839421E-02
  .34920919E+02  .49509545E-02
  .34998960E+02  .49827523E-02
  .35077700E+02  .50470250E-02
  .35156688E+02  .50105170E-02
  .35235642E+02  .50410559E-02
  .35314938E+02  .50964345E-02
  .35394953E+02  .50585107E-02
  .35475530E+02  .50482010E-02
  .35555447E+02  .50554626E-02
  .35636569E+02  .50718529E-02
  .35718233E+02  .50366458E-02
  .35800254E+02  .50308981E-02
  .35883516E+02  .50541041E-02
  .35966981E+02  .50534764E-02
  .36050520E+02  .51120663E-02
  .36134550E+02  .51679807E-02
  .36219463E+02  .51675867E-02
  .36304454E+02  .51356823E-02
  .36389481E+02  .51139049E-02
  .36474255E+02  .50864302E-02
  .36561469E+02  .51184915E-02
  .36649578E+02  .50986498E-02
  .36737216E+02  .51881384E-02
  .36827773E+02  .51927289E-02
  .36917686E+02  .51833049E-02
  .37007690E+02  .52445613E-02
  .37097526E+02  .52192289E-02
  .37190207E+02  .52165210E-02
  .37283265E+02  .52305238E-02
  .37376257E+02  .53718859E-02
  .37471890E+02  .53743673E-02
  .37566921E+02  .54187601E-02
  .37663036E+02  .53029817E-02
  .37760315E+02  .53280568E-02
  .37858004E+02  .53223215E-02
  .37956892E+02  .54177314E-02
  .38058220E+02  .54235821E-02
  .38159604E+02  .54430928E-02
  .38261035E+02  .54669282E-02
  .38365322E+02  .55348287E-02
  .38471079E+02  .55779010E-02
  .38577967E+02  .55493647E-02
  .38686333E+02  .55915710E-02
  .38795157E+02  .56676913E-02
  .38907134E+02  .56569490E-02
  .39018402E+02  .57059064E-02
  .39133446E+02  .57250093E-02
  .39248874E+02  .57748784E-02
  .39366997E+02  .57406534E-02
  .39486958E+02  .57826480E-02
  .39607868E+02  .58999854E-02
  .39732031E+02  .58424504E-02
  .39855920E+02  .59872505E-02
  .39983705E+02  .60789663E-02
  .40113646E+02  .61017250E-02
  .40245814E+02  .61714574E-02
  .40380809E+02  .62023507E-02
  .40519284E+02  .62022937E-02
  .40662299E+02  .62051240E-02
  .40807043E+02  .63414334E-02
  .40955385E+02  .64543398E-02
  .41105493E+02  .65853821E-02
  .41259442E+02  .66650057E-02
  .41417539E+02  .67023638E-02
  .41579482E+02  .68360697E-02
  .41746863E+02  .69223417E-02
  .41917506E+02  .70472012E-02
  .42093991E+02  .72346194E-02
  .42278448E+02  .73216786E-02
  .42468383E+02  .75278727E-02
  .42662728E+02  .76536814E-02
  .42864481E+02  .76124346E-02
  .43075001E+02  .77391460E-02
  .43293554E+02  .78712373E-02
  .43521100E+02  .79493361E-02
  .43761558E+02  .80720091E-02
  .44010217E+02  .83763376E-02
  .44272273E+02  .85506117E-02
  .44546860E+02  .88459955E-02
  .44838770E+02  .92279869E-02
  .45150933E+02  .94216846E-02
  .45485185E+02  .96571214E-02
  .45841897E+02  .10164280E-01
  .46229700E+02  .10496552E-01
  .46655524E+02  .11198551E-01
  .47132327E+02  .11383176E-01
  .47651141E+02  .12029954E-01
  .48253145E+02  .12834133E-01
  .48960796E+02  .14231504E-01
  .49783289E+02  .15684551E-01
  .50840974E+02  .17603314E-01
  .52311331E+02  .20361039E-01
  .52672467E+02  .21553870E-01
  .53092562E+02  .22397201E-01
  .53560382E+02  .23938642E-01
  .54078246E+02  .26292658E-01
  .54705868E+02  .28633698E-01
  .55452222E+02  .32012631E-01
  .56398935E+02  .36937155E-01
  .57760577E+02  .45083999E-01
  .60080985E+02  .60643915E-01
  .62188283E+02  .83078351E-01
  .65020830E+02  .12511956E+00
  .66916015E+02  .17561614E+00
lm2  3
  .20489058E+02  .33630423E-01
  .21059906E+02  .26163664E-01
  .21887563E+02  .19064062E-01
  .22584377E+02  .15370278E-01
  .23348550E+02  .11505335E-01
  .23832612E+02  .97389930E-02
  .24197877E+02  .83706055E-02
  .24486687E+02  .79512311E-02
  .24735205E+02  .77107470E-02
  .24952407E+02  .72306128E-02
  .25144655E+02  .71237877E-02
  .25318788E+02  .70230513E-02
  .25477420E+02  .68366720E-02
  .26126353E+02  .59499876E-02
  .26621253E+02  .53232691E-02
  .27027228E+02  .49987785E-02
  .27375407E+02  .48429749E-02
  .27682000E+02  .46268815E-02
  .27958554E+02  .46008981E-02
  .28208697E+02  .44960924E-02
  .28441797E+02  .44450562E-02
  .28659613E+02  .43742114E-02
  .28861480E+02  .42820322E-02
  .29053684E+02  .41246010E-02
  .29234673E+02  .40324830E-02
  .29409039E+02  .39061593E-02
  .29574461E+02  .38435616E-02
  .29733654E+02  .37425556E-02
  .29886388E+02  .37365604E-02
  .30036163E+02  .37666465E-02
  .30178523E+02  .36839440E-02
  .30316697E+02  .36969257E-02
  .30451481E+02  .36125935E-02
  .30583342E+02  .36117228E-02
  .30710427E+02  .35745950E-02
  .30835726E+02  .35595907E-02
  .30956959E+02  .36046413E-02
  .31075841E+02  .35596456E-02
  .31193082E+02  .35761411E-02
  .31307012E+02  .35504831E-02
  .31418464E+02  .35488822E-02
  .31529441E+02  .35140645E-02
  .31637846E+02  .34657421E-02
  .31745031E+02  .34690630E-02
  .31849193E+02  .34717020E-02
  .31952803E+02  .34801655E-02
  .32055686E+02  .34579420E-02
  .32157377E+02  .34491466E-02
  .32256770E+02  .34220277E-02
  .32354822E+02  .33895163E-02
  .32451668E+02  .33847495E-02
  .32547762E+02  .33762060E-02
  .32642623E+02  .33121534E-02
  .32735957E+02  .32598900E-02
  .32827793E+02  .32493064E-02
  .32919715E+02  .32397807E-02
  .33009985E+02  .32190995E-02
  .33100112E+02  .32163816E-02
  .33189587E+02  .32283840E-02
  .33277871E+02  .32663250E-02
  .33364702E+02  .32862936E-02
  .33451830E+02  .32874636E-02
  .33539052E+02  .33217390E-02
  .33625150E+02  .33251589E-02
  .33710206E+02  .33215897E-02
  .33794457E+02  .32906262E-02
  .33878531E+02  .33302714E-02
  .33962242E+02  .32839823E-02
  .34045095E+02  .33233817E-02
  .34127862E+02  .33540727E-02
  .34209374E+02  .33322344E-02
  .34292654E+02  .33959744E-02
  .34373948E+02  .34147204E-02
  .34455031E+02  .34336692E-02
  .34536281E+02  .34219827E-02
  .34617852E+02  .33854533E-02
  .34698209E+02  .33697048E-02
  .34778271E+02  .33978711E-02
  .34857292E+02  .33649910E-02
  .34935704E+02  .33660636E-02
  .35015138E+02  .34035518E-02
  .35095142E+02  .34284022E-02
  .35174222E+02  .34228454E-02
  .35252882E+02  .34269388E-02
  .35331541E+02  .34452430E-02
  .35410236E+02  .34009843E-02
  .35488753E+02  .33793877E-02
  .35566131E+02  .33742272E-02
  .35644106E+02  .33385063E-02
  .35721423E+02  .33049525E-02
  .35798341E+02  .32513646E-02
  .35876171E+02  .32350780E-02
  .35953828E+02  .32353831E-02
  .36032076E+02  .32342264E-02
  .36110052E+02  .32394413E-02
  .36188088E+02  .32522791E-02
  .36265845E+02  .32235853E-02
  .36343364E+02  .32295995E-02
  .36420678E+02  .32548949E-02
  .36499027E+02  .32863267E-02
  .36576641E+02  .32842573E-02
  .36655098E+02  .32503564E-02
  .36733670E+02  .32834548E-02
  .36811822E+02  .32784190E-02
  .36890219E+02  .33054760E-02
  .36968990E+02  .32976938E-02
  .37048241E+02  .33297296E-02
  .37126420E+02  .33382733E-02
  .37204417E+02  .33662056E-02
  .37282867E+02  .33642388E-02
  .37362222E+02  .33429793E-02
  .37441616E+02  .34057325E-02
  .37521071E+02  .33876391E-02
  .37601398E+02  .33803387E-02
  .37681614E+02  .34170061E-02
  .37761298E+02  .34184498E-02
  .37842475E+02  .33656341E-02
  .37923635E+02  .33718376E-02
  .38004815E+02  .34249296E-02
  .38085231E+02  .34319152E-02
  .38167722E+02  .34556934E-02
  .38249971E+02  .35068628E-02
  .38332245E+02  .35468112E-02
  .38414587E+02  .35938013E-02
  .38497607E+02  .36250917E-02
  .38581270E+02  .36584137E-02
  .38665822E+02  .36910974E-02
  .38750312E+02  .36882824E-02
  .38835803E+02  .37427185E-02
  .38921500E+02  .37128058E-02
  .39007810E+02  .37109709E-02
  .39094601E+02  .37082088E-02
  .39181668E+02  .37438390E-02
  .39269371E+02  .37823898E-02
  .39357616E+02  .38142133E-02
  .39446720E+02  .38044240E-02
  .39536117E+02  .38034661E-02
  .39626416E+02  .37905085E-02
  .39716757E+02  .38089144E-02
  .39808211E+02  .38442655E-02
  .39900567E+02  .38419059E-02
  .39994181E+02  .38314747E-02
  .40087708E+02  .38461460E-02
  .40181248E+02  .38869166E-02
  .40274444E+02  .38802885E-02
  .40369702E+02  .38457994E-02
  .40465678E+02  .38819779E-02
  .40563111E+02  .38398061E-02
  .40662110E+02  .38743127E-02
  .40761072E+02  .38875064E-02
  .40861864E+02  .39197856E-02
  .40962859E+02  .39796002E-02
  .41065335E+02  .39675798E-02
  .41169063E+02  .39735585E-02
  .41273147E+02  .39891093E-02
  .41378957E+02  .40243367E-02
  .41486601E+02  .40885430E-02
  .41593891E+02  .40880063E-02
  .41703049E+02  .41072570E-02
  .41813625E+02  .41852427E-02
  .41927058E+02  .42477073E-02
  .42040098E+02  .43203096E-02
  .42155713E+02  .43262448E-02
  .42273005E+02  .43931750E-02
  .42391533E+02  .44134976E-02
  .42513004E+02  .44502771E-02
  .42636053E+02  .44427649E-02
  .42760267E+02  .44262905E-02
  .42888843E+02  .44478676E-02
  .43017831E+02  .45114136E-02
  .43149522E+02  .45639413E-02
  .43283803E+02  .46564823E-02
  .43420872E+02  .46391624E-02
  .43561416E+02  .46775640E-02
  .43703619E+02  .47482436E-02
  .43849343E+02  .47549271E-02
  .43997784E+02  .47531021E-02
  .44150261E+02  .47552719E-02
  .44306549E+02  .48608732E-02
  .44467496E+02  .49589076E-02
  .44631093E+02  .50491663E-02
  .44797984E+02  .52081234E-02
  .44970438E+02  .53415453E-02
  .45148106E+02  .53797416E-02
  .45329948E+02  .55167432E-02
  .45517227E+02  .55922649E-02
  .45711896E+02  .57482666E-02
  .45910529E+02  .58800978E-02
  .46117355E+02  .60081873E-02
  .46333685E+02  .60481567E-02
  .46557915E+02  .61818742E-02
  .46792618E+02  .62709665E-02
  .47037495E+02  .63642944E-02
  .47293708E+02  .64314484E-02
  .47563347E+02  .65539019E-02
  .47848596E+02  .66216697E-02
  .48152056E+02  .66918937E-02
  .48472293E+02  .68896052E-02
  .48814965E+02  .71998801E-02
  .49184249E+02  .75821998E-02
  .49584737E+02  .77353717E-02
  .50024217E+02  .79817258E-02
  .50510543E+02  .85179602E-02
  .51055740E+02  .89228440E-02
  .51669361E+02  .98134995E-02
  .52387876E+02  .10468604E-01
  .53247528E+02  .11691537E-01
  .54323629E+02  .13211114E-01
  .55811979E+02  .16385592E-01
  .56195268E+02  .16961193E-01
  .56622780E+02  .18506977E-01
  .57095671E+02  .19937279E-01
  .57650081E+02  .21226584E-01
  .58279495E+02  .22879651E-01
  .59053262E+02  .25217373E-01
  .60026211E+02  .28867251E-01
  .61384505E+02  .35261545E-01
  .63695862E+02  .45607322E-01
  .65863956E+02  .61274315E-01
  .68713176E+02  .89819279E-01
  .70885952E+02  .13016863E+00
lm1s 3
  .18940078E+02  .45449637E-01
  .19482389E+02  .36086409E-01
  .20255823E+02  .25841037E-01
  .20919306E+02  .18511330E-01
  .21656180E+02  .14081095E-01
  .22125684E+02  .12658889E-01
  .22476033E+02  .11168382E-01
  .22752716E+02  .10637415E-01
  .22995200E+02  .97775508E-02
  .23206648E+02  .95489916E-02
  .23391938E+02  .90634602E-02
  .23557854E+02  .89421811E-02
  .23711268E+02  .88200621E-02
  .24340472E+02  .75570837E-02
  .24815616E+02  .68572469E-02
  .25209076E+02  .67573045E-02
  .25546881E+02  .62280958E-02
  .25842772E+02  .59190790E-02
  .26110637E+02  .56627152E-02
  .26353183E+02  .56240723E-02
  .26579421E+02  .54898826E-02
  .26786797E+02  .54845633E-02
  .26981459E+02  .53085051E-02
  .27167256E+02  .53572945E-02
  .27342649E+02  .53275751E-02
  .27510765E+02  .52250101E-02
  .27669821E+02  .51146265E-02
  .27825830E+02  .49345576E-02
  .27972404E+02  .48777041E-02
  .28116553E+02  .47881002E-02
  .28256593E+02  .47258598E-02
  .28393369E+02  .46776634E-02
  .28523224E+02  .46408162E-02
  .28650918E+02  .44849644E-02
  .28772678E+02  .45088754E-02
  .28893662E+02  .44365200E-02
  .29009403E+02  .44047196E-02
  .29123713E+02  .43258679E-02
  .29236842E+02  .43832544E-02
  .29346727E+02  .43732023E-02
  .29454976E+02  .43442107E-02
  .29560036E+02  .44400060E-02
  .29666197E+02  .44017629E-02
  .29769271E+02  .44276088E-02
  .29869859E+02  .44783617E-02
  .29970848E+02  .44865286E-02
  .30070528E+02  .44545180E-02
  .30167458E+02  .45067654E-02
  .30262841E+02  .44932406E-02
  .30357472E+02  .44840446E-02
  .30451360E+02  .45172861E-02
  .30544412E+02  .45634205E-02
  .30636182E+02  .45239305E-02
  .30726455E+02  .45097521E-02
  .30815457E+02  .44675683E-02
  .30903817E+02  .44332903E-02
  .30992203E+02  .44156542E-02
  .31078806E+02  .44390923E-02
  .31165838E+02  .44427187E-02
  .31251837E+02  .44157558E-02
  .31334392E+02  .44155985E-02
  .31417940E+02  .44221949E-02
  .31502464E+02  .44193579E-02
  .31585216E+02  .43967778E-02
  .31667319E+02  .43835037E-02
  .31748545E+02  .44499710E-02
  .31830461E+02  .44591297E-02
  .31912165E+02  .44281182E-02
  .31993446E+02  .44393725E-02
  .32073537E+02  .43896542E-02
  .32152672E+02  .43498316E-02
  .32231874E+02  .43584926E-02
  .32310925E+02  .43472492E-02
  .32389436E+02  .43971204E-02
  .32467561E+02  .43410756E-02
  .32545329E+02  .42974725E-02
  .32624043E+02  .43890292E-02
  .32701414E+02  .43745877E-02
  .32779247E+02  .43866132E-02
  .32855927E+02  .43606323E-02
  .32933547E+02  .43940800E-02
  .33010199E+02  .44416224E-02
  .33086388E+02  .44597457E-02
  .33161886E+02  .44512378E-02
  .33237753E+02  .44968464E-02
  .33314083E+02  .44458870E-02
  .33389913E+02  .44377700E-02
  .33465559E+02  .44545547E-02
  .33541461E+02  .44446429E-02
  .33616981E+02  .44492736E-02
  .33692080E+02  .45032807E-02
  .33767034E+02  .44743662E-02
  .33843047E+02  .44554290E-02
  .33918945E+02  .44953203E-02
  .33995004E+02  .44921779E-02
  .34070976E+02  .44897099E-02
  .34145693E+02  .45058268E-02
  .34220342E+02  .45182019E-02
  .34295293E+02  .45525754E-02
  .34371124E+02  .46081999E-02
  .34447338E+02  .46691131E-02
  .34521660E+02  .47159572E-02
  .34598318E+02  .47777396E-02
  .34674399E+02  .47371686E-02
  .34749255E+02  .47414205E-02
  .34824391E+02  .47834103E-02
  .34900492E+02  .48065129E-02
  .34976239E+02  .48154901E-02
  .35052374E+02  .48793699E-02
  .35129468E+02  .48638152E-02
  .35206655E+02  .48503377E-02
  .35283266E+02  .48642820E-02
  .35359982E+02  .48375192E-02
  .35435464E+02  .48912298E-02
  .35513329E+02  .49440828E-02
  .35591074E+02  .49400071E-02
  .35668365E+02  .49523491E-02
  .35747200E+02  .49999589E-02
  .35824903E+02  .50184016E-02
  .35904473E+02  .49918070E-02
  .35984265E+02  .49611409E-02
  .36063860E+02  .49582489E-02
  .36144498E+02  .49717750E-02
  .36224412E+02  .49996134E-02
  .36305510E+02  .50039140E-02
  .36386145E+02  .49721165E-02
  .36468103E+02  .49508497E-02
  .36551504E+02  .50152170E-02
  .36633265E+02  .50413468E-02
  .36715904E+02  .50410675E-02
  .36799202E+02  .50451839E-02
  .36882815E+02  .50660296E-02
  .36967978E+02  .51270017E-02
  .37052659E+02  .51655341E-02
  .37139119E+02  .51321732E-02
  .37224556E+02  .51257416E-02
  .37311078E+02  .50960218E-02
  .37398450E+02  .50617937E-02
  .37485486E+02  .50838622E-02
  .37573169E+02  .51532125E-02
  .37662099E+02  .52014649E-02
  .37750862E+02  .52008843E-02
  .37842056E+02  .52458265E-02
  .37933551E+02  .52351653E-02
  .38026374E+02  .52438914E-02
  .38117593E+02  .52496340E-02
  .38211342E+02  .52382100E-02
  .38304863E+02  .53036706E-02
  .38400575E+02  .53487727E-02
  .38496308E+02  .54298417E-02
  .38592312E+02  .54559092E-02
  .38689697E+02  .54820703E-02
  .38788926E+02  .56246098E-02
  .38889568E+02  .56398639E-02
  .38989769E+02  .56728867E-02
  .39092225E+02  .57032431E-02
  .39193810E+02  .56618021E-02
  .39299345E+02  .56773644E-02
  .39406753E+02  .56369378E-02
  .39513290E+02  .56715042E-02
  .39622287E+02  .57356087E-02
  .39734051E+02  .57740387E-02
  .39843833E+02  .57905705E-02
  .39957326E+02  .58186495E-02
  .40072288E+02  .58889329E-02
  .40190431E+02  .59420382E-02
  .40312106E+02  .60227252E-02
  .40433568E+02  .59900071E-02
  .40559577E+02  .59885464E-02
  .40684105E+02  .61287162E-02
  .40811766E+02  .62537429E-02
  .40943393E+02  .63948518E-02
  .41075472E+02  .65333568E-02
  .41213462E+02  .65512802E-02
  .41351450E+02  .67227559E-02
  .41493628E+02  .67270677E-02
  .41638248E+02  .67191757E-02
  .41785332E+02  .68140652E-02
  .41938929E+02  .69697731E-02
  .42094091E+02  .70342519E-02
  .42251874E+02  .70622806E-02
  .42416004E+02  .71208595E-02
  .42581544E+02  .71505107E-02
  .42753095E+02  .71778053E-02
  .42929620E+02  .72649091E-02
  .43113197E+02  .74698785E-02
  .43303766E+02  .75151701E-02
  .43499168E+02  .76960076E-02
  .43701085E+02  .79177771E-02
  .43911630E+02  .81144235E-02
  .44131825E+02  .83326959E-02
  .44359970E+02  .84543735E-02
  .44596140E+02  .86846364E-02
  .44847724E+02  .87918770E-02
  .45111631E+02  .89868681E-02
  .45387142E+02  .92266191E-02
  .45684017E+02  .93598489E-02
  .45996620E+02  .97533591E-02
  .46330569E+02  .10263304E-01
  .46691227E+02  .10601241E-01
  .47074899E+02  .11176245E-01
  .47501537E+02  .11898390E-01
  .47965851E+02  .12223658E-01
  .48494021E+02  .12776433E-01
  .49097221E+02  .13377772E-01
  .49782230E+02  .14668321E-01
  .50607702E+02  .16874457E-01
  .51661415E+02  .18758525E-01
  .53122341E+02  .21768872E-01
  .53511980E+02  .23226174E-01
  .53921575E+02  .24175136E-01
  .54382494E+02  .24725974E-01
  .54920007E+02  .25781934E-01
  .55553826E+02  .27929203E-01
  .56302200E+02  .30888807E-01
  .57237907E+02  .34510605E-01
  .58559698E+02  .39596580E-01
  .60805915E+02  .55909107E-01
  .62984323E+02  .79763897E-01
  .65722833E+02  .12496594E+00
  .67792853E+02  .17445890E+00
lm2s 3
  .21265655E+02  .35976661E-01
  .21919435E+02  .25907054E-01
  .22738824E+02  .19255860E-01
  .23463266E+02  .14856951E-01
  .24262570E+02  .11853576E-01
  .24750040E+02  .10213713E-01
  .25118910E+02  .91782983E-02
  .25413601E+02  .86706749E-02
  .25661803E+02  .79841941E-02
  .25882430E+02  .74066986E-02
  .26081116E+02  .70091124E-02
  .26259367E+02  .66916315E-02
  .26418747E+02  .65462841E-02
  .27077363E+02  .59249420E-02
  .27571090E+02  .57075768E-02
  .27980317E+02  .52870272E-02
  .28330392E+02  .48645442E-02
  .28637673E+02  .45508459E-02
  .28914298E+02  .44481426E-02
  .29168283E+02  .43124353E-02
  .29402697E+02  .41485578E-02
  .29618917E+02  .41112228E-02
  .29823641E+02  .40759278E-02
  .30014801E+02  .40260061E-02
  .30198467E+02  .40283954E-02
  .30372526E+02  .39160749E-02
  .30538841E+02  .38713149E-02
  .30698829E+02  .38151846E-02
  .30853683E+02  .37888700E-02
  .31001779E+02  .36270016E-02
  .31145146E+02  .35912541E-02
  .31284220E+02  .35502385E-02
  .31420074E+02  .34994395E-02
  .31552573E+02  .35068710E-02
  .31680875E+02  .34828031E-02
  .31806304E+02  .35106513E-02
  .31928702E+02  .35175808E-02
  .32048522E+02  .35702298E-02
  .32168110E+02  .35544732E-02
  .32283100E+02  .35546707E-02
  .32395542E+02  .35737540E-02
  .32505877E+02  .35723260E-02
  .32614938E+02  .35473372E-02
  .32720513E+02  .35227294E-02
  .32827186E+02  .34757897E-02
  .32930259E+02  .33872915E-02
  .33032598E+02  .34040846E-02
  .33132979E+02  .33857757E-02
  .33231986E+02  .33309400E-02
  .33331020E+02  .33410457E-02
  .33427992E+02  .33111003E-02
  .33523151E+02  .32945771E-02
  .33618244E+02  .33322566E-02
  .33711984E+02  .33386211E-02
  .33805327E+02  .33241815E-02
  .33896541E+02  .33029862E-02
  .33988143E+02  .32891640E-02
  .34078232E+02  .32945206E-02
  .34167973E+02  .32899222E-02
  .34256362E+02  .32546107E-02
  .34345637E+02  .32335238E-02
  .34433621E+02  .32532141E-02
  .34520546E+02  .32701207E-02
  .34606040E+02  .33031366E-02
  .34691729E+02  .33155899E-02
  .34776311E+02  .32887891E-02
  .34860239E+02  .33054305E-02
  .34944242E+02  .32800851E-02
  .35027337E+02  .32569535E-02
  .35109544E+02  .32797888E-02
  .35192523E+02  .32947697E-02
  .35274714E+02  .32907617E-02
  .35356679E+02  .33242480E-02
  .35438273E+02  .33445595E-02
  .35519908E+02  .33819801E-02
  .35600697E+02  .33655892E-02
  .35680471E+02  .33607028E-02
  .35760810E+02  .33445001E-02
  .35841043E+02  .33192248E-02
  .35920138E+02  .33388283E-02
  .35999735E+02  .33931521E-02
  .36079738E+02  .33737057E-02
  .36159335E+02  .33636283E-02
  .36238535E+02  .33494167E-02
  .36318029E+02  .33102659E-02
  .36396282E+02  .33253394E-02
  .36474019E+02  .33126867E-02
  .36552579E+02  .33087831E-02
  .36631089E+02  .33495833E-02
  .36710020E+02  .33879317E-02
  .36788291E+02  .34114120E-02
  .36867938E+02  .34278156E-02
  .36946337E+02  .33992174E-02
  .37024555E+02  .34273817E-02
  .37102858E+02  .34120947E-02
  .37181837E+02  .34115328E-02
  .37259982E+02  .34030646E-02
  .37338427E+02  .34458441E-02
  .37416876E+02  .34295584E-02
  .37495985E+02  .34317861E-02
  .37574230E+02  .34083004E-02
  .37652255E+02  .33898621E-02
  .37729199E+02  .33809332E-02
  .37807776E+02  .33959875E-02
  .37886106E+02  .34000314E-02
  .37965111E+02  .33588393E-02
  .38044277E+02  .33769710E-02
  .38123191E+02  .33887469E-02
  .38202198E+02  .34104775E-02
  .38281678E+02  .34461714E-02
  .38360472E+02  .34520967E-02
  .38440365E+02  .34438383E-02
  .38520723E+02  .35299600E-02
  .38600827E+02  .35407061E-02
  .38682497E+02  .35410815E-02
  .38762599E+02  .35558135E-02
  .38842907E+02  .35624420E-02
  .38923380E+02  .35938530E-02
  .39004511E+02  .35842560E-02
  .39085851E+02  .36433429E-02
  .39167734E+02  .36704245E-02
  .39249881E+02  .36711614E-02
  .39331701E+02  .36689560E-02
  .39414420E+02  .36921114E-02
  .39497416E+02  .36678251E-02
  .39581093E+02  .36483443E-02
  .39665675E+02  .36642834E-02
  .39750458E+02  .36486587E-02
  .39834887E+02  .36485928E-02
  .39920578E+02  .36800428E-02
  .40006562E+02  .37035118E-02
  .40093151E+02  .37045119E-02
  .40179956E+02  .37562068E-02
  .40267646E+02  .38284585E-02
  .40355012E+02  .38251227E-02
  .40443676E+02  .38446944E-02
  .40533872E+02  .38346782E-02
  .40624300E+02  .38224651E-02
  .40715361E+02  .37680279E-02
  .40806246E+02  .37660330E-02
  .40898622E+02  .37921462E-02
  .40990770E+02  .38352303E-02
  .41084241E+02  .38762195E-02
  .41178414E+02  .38965306E-02
  .41273205E+02  .39194203E-02
  .41368902E+02  .39306122E-02
  .41466658E+02  .39926996E-02
  .41564579E+02  .40200947E-02
  .41663367E+02  .39854597E-02
  .41762811E+02  .40435997E-02
  .41862218E+02  .41006548E-02
  .41963853E+02  .41364023E-02
  .42066328E+02  .41308197E-02
  .42170170E+02  .42196147E-02
  .42274451E+02  .42349108E-02
  .42380606E+02  .42727140E-02
  .42487276E+02  .43311297E-02
  .42595303E+02  .43591154E-02
  .42706278E+02  .44044205E-02
  .42817247E+02  .44709477E-02
  .42930574E+02  .45165846E-02
  .43043522E+02  .45645374E-02
  .43158524E+02  .45040565E-02
  .43276371E+02  .45725462E-02
  .43395945E+02  .45738966E-02
  .43517456E+02  .46389559E-02
  .43640861E+02  .46756262E-02
  .43766126E+02  .47124803E-02
  .43893047E+02  .47615485E-02
  .44022544E+02  .48283900E-02
  .44153953E+02  .48824513E-02
  .44288821E+02  .49368907E-02
  .44425155E+02  .50241737E-02
  .44565073E+02  .51257012E-02
  .44706291E+02  .50945009E-02
  .44850718E+02  .52178340E-02
  .45000117E+02  .52145084E-02
  .45151804E+02  .53325955E-02
  .45305841E+02  .53817716E-02
  .45464453E+02  .54310830E-02
  .45628236E+02  .55217054E-02
  .45797705E+02  .55659939E-02
  .45971904E+02  .56647112E-02
  .46150276E+02  .56943694E-02
  .46332624E+02  .57531911E-02
  .46520318E+02  .58870773E-02
  .46714325E+02  .59917020E-02
  .46916140E+02  .61438995E-02
  .47125440E+02  .62093518E-02
  .47339795E+02  .63365086E-02
  .47564359E+02  .64863024E-02
  .47798792E+02  .66392935E-02
  .48043495E+02  .67632422E-02
  .48302842E+02  .68603263E-02
  .48573413E+02  .69674001E-02
  .48857452E+02  .70616755E-02
  .49163056E+02  .72642318E-02
  .49486521E+02  .75329649E-02
  .49829340E+02  .78288775E-02
  .50192041E+02  .80412551E-02
  .50594887E+02  .84633151E-02
  .51034238E+02  .87780504E-02
  .51521840E+02  .94072964E-02
  .52061651E+02  .98818310E-02
  .52673430E+02  .10605714E-01
  .53398607E+02  .11190199E-01
  .54259664E+02  .12221877E-01
  .55345797E+02  .13573081E-01
  .56848454E+02  .15653244E-01
  .57228257E+02  .16527677E-01
  .57650504E+02  .17835350E-01
  .58119131E+02  .18530557E-01
  .58677380E+02  .20607152E-01
  .59303597E+02  .22082109E-01
  .60079615E+02  .25065506E-01
  .61064585E+02  .29037692E-01
  .62426371E+02  .33728310E-01
  .64750114E+02  .46363741E-01
  .66969793E+02  .63314195E-01
  .69826078E+02  .93201497E-01
  .72032017E+02  .13448935E+00
tr0  3
  .54192351E+02  .11574050E+00
  .55613969E+02  .85626709E-01
  .57577930E+02  .54923924E-01
  .59214765E+02  .46018359E-01
  .61052662E+02  .36339709E-01
  .62193828E+02  .31452212E-01
  .63026071E+02  .29153328E-01
  .63711523E+02  .26333912E-01
  .64273090E+02  .25097369E-01
  .64770695E+02  .22987856E-01
  .65201221E+02  .22288031E-01
  .65587533E+02  .21529931E-01
  .65932759E+02  .20465879E-01
  .67371839E+02  .18472400E-01
  .68459946E+02  .17604033E-01
  .69346071E+02  .16808802E-01
  .70118932E+02  .15693137E-01
  .70786104E+02  .14943366E-01
  .71389156E+02  .14440701E-01
  .71927595E+02  .13839644E-01
  .72414618E+02  .13338452E-01
  .72877934E+02  .12940912E-01
  .73310818E+02  .12786028E-01
  .73724772E+02  .12398064E-01
  .74113758E+02  .12188455E-01
  .74482377E+02  .12127748E-01
  .74834409E+02  .11789017E-01
  .75168589E+02  .11351846E-01
  .75497080E+02  .11226685E-01
  .75806518E+02  .11089361E-01
  .76111668E+02  .10970218E-01
  .76400341E+02  .10768801E-01
  .76683929E+02  .10638679E-01
  .76956506E+02  .10737817E-01
  .77227449E+02  .10638180E-01
  .77485879E+02  .10340268E-01
  .77739743E+02  .10291594E-01
  .77985777E+02  .10193583E-01
  .78229384E+02  .10281751E-01
  .78464233E+02  .10244155E-01
  .78696456E+02  .10185545E-01
  .78925599E+02  .10104174E-01
  .79144224E+02  .99823724E-02
  .79361550E+02  .98325438E-02
  .79577189E+02  .96102768E-02
  .79787069E+02  .97512399E-02
  .79996679E+02  .97174951E-02
  .80201419E+02  .97944747E-02
  .80404300E+02  .96838497E-02
  .80605743E+02  .96625613E-02
  .80802988E+02  .97141906E-02
  .80996827E+02  .96976408E-02
  .81186587E+02  .96162045E-02
  .81373694E+02  .96695639E-02
  .81559163E+02  .95270995E-02
  .81740900E+02  .96075730E-02
  .81923091E+02  .95041372E-02
  .82103466E+02  .95825369E-02
  .82283343E+02  .93702142E-02
  .82459803E+02  .92761557E-02
  .82634120E+02  .92710773E-02
  .82807601E+02  .93486642E-02
  .82980036E+02  .93645274E-02
  .83150431E+02  .93808440E-02
  .83321147E+02  .92588546E-02
  .83488808E+02  .91597078E-02
  .83658866E+02  .91732186E-02
  .83822964E+02  .91687141E-02
  .83987180E+02  .90633508E-02
  .84152059E+02  .88998650E-02
  .84312711E+02  .89148108E-02
  .84473790E+02  .89063617E-02
  .84634843E+02  .89314312E-02
  .84794609E+02  .89270779E-02
  .84952163E+02  .89447667E-02
  .85111615E+02  .90119955E-02
  .85268598E+02  .91099372E-02
  .85425499E+02  .89762010E-02
  .85580709E+02  .88305732E-02
  .85737404E+02  .87685048E-02
  .85893667E+02  .88062050E-02
  .86048075E+02  .87445791E-02
  .86204035E+02  .87926952E-02
  .86357498E+02  .87980317E-02
  .86511191E+02  .87868822E-02
  .86663980E+02  .88316795E-02
  .86815687E+02  .88361745E-02
  .86967585E+02  .87536912E-02
  .87119508E+02  .87335141E-02
  .87270304E+02  .87569654E-02
  .87420899E+02  .87913356E-02
  .87572588E+02  .87489536E-02
  .87722004E+02  .87251848E-02
  .87871763E+02  .87815176E-02
  .88019351E+02  .87391225E-02
  .88168265E+02  .87430303E-02
  .88316320E+02  .86957940E-02
  .88466076E+02  .87206374E-02
  .88613896E+02  .86881795E-02
  .88761842E+02  .87402687E-02
  .88910069E+02  .87045905E-02
  .89058548E+02  .86909373E-02
  .89207233E+02  .86462739E-02
  .89356214E+02  .86989825E-02
  .89506247E+02  .86145193E-02
  .89654992E+02  .87067437E-02
  .89801523E+02  .86109174E-02
  .89948471E+02  .86429155E-02
  .90095360E+02  .86730836E-02
  .90245554E+02  .85532981E-02
  .90392628E+02  .85231060E-02
  .90543932E+02  .85680170E-02
  .90691427E+02  .85377300E-02
  .90841801E+02  .85087980E-02
  .90991358E+02  .85852740E-02
  .91141323E+02  .86660232E-02
  .91293098E+02  .86601648E-02
  .91442773E+02  .86753016E-02
  .91593288E+02  .87327060E-02
  .91743659E+02  .87451184E-02
  .91897895E+02  .88376000E-02
  .92051340E+02  .89356593E-02
  .92205807E+02  .90274281E-02
  .92360039E+02  .89804617E-02
  .92515731E+02  .90861865E-02
  .92673412E+02  .91000795E-02
  .92828957E+02  .90894366E-02
  .92983384E+02  .90883528E-02
  .93140293E+02  .91141075E-02
  .93296551E+02  .91172587E-02
  .93453427E+02  .91383270E-02
  .93611405E+02  .91453112E-02
  .93770155E+02  .91096126E-02
  .93931374E+02  .91611024E-02
  .94094124E+02  .92298565E-02
  .94254696E+02  .92694516E-02
  .94418056E+02  .93307170E-02
  .94579104E+02  .93707845E-02
  .94745483E+02  .93610218E-02
  .94911848E+02  .95276582E-02
  .95076277E+02  .95042219E-02
  .95242783E+02  .95017570E-02
  .95409589E+02  .94546964E-02
  .95581100E+02  .95211356E-02
  .95752395E+02  .96847415E-02
  .95925884E+02  .96081950E-02
  .96097534E+02  .96417610E-02
  .96273160E+02  .97655510E-02
  .96447747E+02  .97884481E-02
  .96627195E+02  .98382001E-02
  .96806542E+02  .99576647E-02
  .96989640E+02  .99958488E-02
  .97175615E+02  .10026003E-01
  .97360177E+02  .99662760E-02
  .97549079E+02  .98859286E-02
  .97736602E+02  .99900410E-02
  .97926877E+02  .10142754E-01
  .98123839E+02  .10228953E-01
  .98320130E+02  .10180213E-01
  .98517557E+02  .10186943E-01
  .98718241E+02  .10294659E-01
  .98919881E+02  .10260682E-01
  .99127227E+02  .10293974E-01
  .99332933E+02  .10191573E-01
  .99544308E+02  .10333330E-01
  .99755344E+02  .10413215E-01
  .99974410E+02  .10527142E-01
  .10019490E+03  .10694150E-01
  .10041650E+03  .10820508E-01
  .10064589E+03  .10933917E-01
  .10087762E+03  .11096159E-01
  .10111351E+03  .11160034E-01
  .10135101E+03  .11420953E-01
  .10159414E+03  .11402394E-01
  .10184189E+03  .11518623E-01
  .10209484E+03  .11494674E-01
  .10235164E+03  .11622853E-01
  .10261346E+03  .11777216E-01
  .10288077E+03  .11959986E-01
  .10315975E+03  .12048917E-01
  .10343759E+03  .12122338E-01
  .10372666E+03  .12151015E-01
  .10401942E+03  .12476969E-01
  .10432323E+03  .12529069E-01
  .10463414E+03  .12722989E-01
  .10496024E+03  .12908240E-01
  .10529449E+03  .13050524E-01
  .10563934E+03  .13236439E-01
  .10599203E+03  .13424541E-01
  .10635855E+03  .13480058E-01
  .10673813E+03  .13431361E-01
  .10713157E+03  .13636569E-01
  .10754568E+03  .14023663E-01
  .10797033E+03  .14497180E-01
  .10842202E+03  .14824277E-01
  .10890395E+03  .15108037E-01
  .10940425E+03  .15592379E-01
  .10993721E+03  .16070728E-01
  .11051365E+03  .16158264E-01
  .11112213E+03  .16424214E-01
  .11178356E+03  .17113327E-01
  .11249934E+03  .17496266E-01
  .11328763E+03  .18715779E-01
  .11415976E+03  .19973293E-01
  .11514904E+03  .21420843E-01
  .11630657E+03  .23673023E-01
  .11769617E+03  .24707341E-01
  .11941367E+03  .28505023E-01
  .12174421E+03  .31933816E-01
  .12231466E+03  .32921647E-01
  .12299248E+03  .34337946E-01
  .12371922E+03  .37101502E-01
  .12455829E+03  .40317858E-01
  .12554100E+03  .43446726E-01
  .12672676E+03  .48941775E-01
  .12822831E+03  .55002607E-01
  .13025245E+03  .66034090E-01
  .13368941E+03  .93783399E-01
  .13691292E+03  .13014588E+00
  .14106141E+03  .19324781E+00
  .14411299E+03  .26907281E+00
tr1  3
  .64698146E+02  .68435742E-01
  .66222330E+02  .50100314E-01
  .68391736E+02  .37524902E-01
  .70112391E+02  .31503005E-01
  .72023122E+02  .24341806E-01
  .73231544E+02  .20318530E-01
  .74136643E+02  .18771800E-01
  .74856942E+02  .17728578E-01
  .75465887E+02  .15911316E-01
  .76001207E+02  .14629806E-01
  .76465902E+02  .13973421E-01
  .76880354E+02  .13584426E-01
  .77268625E+02  .13182265E-01
  .78821950E+02  .11265169E-01
  .79981230E+02  .97559322E-02
  .80933361E+02  .88163543E-02
  .81744899E+02  .83781149E-02
  .82462971E+02  .78390998E-02
  .83098898E+02  .78864454E-02
  .83680143E+02  .76674824E-02
  .84212042E+02  .73760077E-02
  .84704325E+02  .72803756E-02
  .85162654E+02  .68485885E-02
  .85596544E+02  .67619252E-02
  .86008207E+02  .66787462E-02
  .86401222E+02  .64795702E-02
  .86770084E+02  .65307495E-02
  .87127397E+02  .65630742E-02
  .87470286E+02  .64680054E-02
  .87800932E+02  .63524391E-02
  .88121192E+02  .63287649E-02
  .88429527E+02  .62794934E-02
  .88727165E+02  .63433281E-02
  .89017354E+02  .63312468E-02
  .89297792E+02  .62202977E-02
  .89569746E+02  .62541103E-02
  .89834943E+02  .60757118E-02
  .90094493E+02  .60540413E-02
  .90349442E+02  .59637703E-02
  .90599164E+02  .60236244E-02
  .90843085E+02  .59288548E-02
  .91084634E+02  .58820918E-02
  .91319143E+02  .57908970E-02
  .91550048E+02  .57859827E-02
  .91776397E+02  .57986839E-02
  .92002237E+02  .56996744E-02
  .92223176E+02  .57223119E-02
  .92439377E+02  .57979021E-02
  .92652994E+02  .57013548E-02
  .92863050E+02  .57240929E-02
  .93069806E+02  .56454547E-02
  .93274077E+02  .55996534E-02
  .93478263E+02  .56229989E-02
  .93677341E+02  .55755514E-02
  .93874058E+02  .55352472E-02
  .94069509E+02  .54721287E-02
  .94261876E+02  .54452808E-02
  .94453203E+02  .54261328E-02
  .94642164E+02  .54584409E-02
  .94829177E+02  .54714870E-02
  .95014400E+02  .54081630E-02
  .95197208E+02  .54023283E-02
  .95379451E+02  .54770526E-02
  .95559117E+02  .53656258E-02
  .95737951E+02  .54301541E-02
  .95915869E+02  .54585981E-02
  .96093482E+02  .54914392E-02
  .96267586E+02  .53831047E-02
  .96441208E+02  .52920940E-02
  .96615977E+02  .53458225E-02
  .96786670E+02  .53292529E-02
  .96958794E+02  .53742561E-02
  .97127258E+02  .53948648E-02
  .97295148E+02  .53298040E-02
  .97463779E+02  .53279421E-02
  .97630524E+02  .53549039E-02
  .97797024E+02  .53438482E-02
  .97961699E+02  .53762293E-02
  .98127667E+02  .53508318E-02
  .98290280E+02  .53316167E-02
  .98453404E+02  .53259931E-02
  .98616539E+02  .53482504E-02
  .98778672E+02  .53679291E-02
  .98938991E+02  .53937227E-02
  .99099965E+02  .53803891E-02
  .99260397E+02  .53501364E-02
  .99421268E+02  .53362177E-02
  .99581097E+02  .53512661E-02
  .99739443E+02  .53809150E-02
  .99898153E+02  .53473735E-02
  .10005572E+03  .53540252E-02
  .10021374E+03  .53853100E-02
  .10037139E+03  .53533358E-02
  .10052971E+03  .53368117E-02
  .10068625E+03  .53536345E-02
  .10084413E+03  .52961584E-02
  .10100263E+03  .52301028E-02
  .10115995E+03  .52349760E-02
  .10131772E+03  .52520022E-02
  .10147610E+03  .51839356E-02
  .10163277E+03  .51659522E-02
  .10179077E+03  .52429998E-02
  .10194783E+03  .52939524E-02
  .10210224E+03  .52988935E-02
  .10226115E+03  .53054646E-02
  .10241829E+03  .52866314E-02
  .10257437E+03  .52957005E-02
  .10273068E+03  .52565260E-02
  .10288718E+03  .52708792E-02
  .10304464E+03  .52264451E-02
  .10320278E+03  .52119438E-02
  .10336123E+03  .52385522E-02
  .10351906E+03  .52055041E-02
  .10367665E+03  .52757838E-02
  .10383435E+03  .53803168E-02
  .10399181E+03  .54285462E-02
  .10415080E+03  .54298404E-02
  .10431057E+03  .53688675E-02
  .10447129E+03  .53944305E-02
  .10463264E+03  .53575673E-02
  .10479261E+03  .53777093E-02
  .10495407E+03  .54551235E-02
  .10511400E+03  .54649002E-02
  .10527657E+03  .55495309E-02
  .10543760E+03  .55713808E-02
  .10560069E+03  .56023306E-02
  .10576490E+03  .56118428E-02
  .10592867E+03  .56427730E-02
  .10609355E+03  .56668296E-02
  .10625996E+03  .56292207E-02
  .10642748E+03  .56322334E-02
  .10659468E+03  .55968911E-02
  .10676284E+03  .56397833E-02
  .10693247E+03  .56274536E-02
  .10710183E+03  .56814378E-02
  .10727288E+03  .56469459E-02
  .10744450E+03  .55943198E-02
  .10761747E+03  .56108638E-02
  .10779160E+03  .56517362E-02
  .10796487E+03  .56655437E-02
  .10814221E+03  .56505480E-02
  .10831849E+03  .57013438E-02
  .10849494E+03  .57214957E-02
  .10867349E+03  .57500324E-02
  .10885435E+03  .58087994E-02
  .10903473E+03  .57738295E-02
  .10921802E+03  .57802336E-02
  .10940106E+03  .57775917E-02
  .10958754E+03  .57719996E-02
  .10977575E+03  .58620871E-02
  .10996577E+03  .58665661E-02
  .11015730E+03  .59078402E-02
  .11034951E+03  .58321746E-02
  .11054409E+03  .57792576E-02
  .11074090E+03  .58301077E-02
  .11093929E+03  .59153184E-02
  .11114061E+03  .58940557E-02
  .11134303E+03  .59242304E-02
  .11154815E+03  .60552647E-02
  .11175621E+03  .61005887E-02
  .11196405E+03  .62208321E-02
  .11217550E+03  .62105438E-02
  .11239253E+03  .62354284E-02
  .11261009E+03  .62713991E-02
  .11283158E+03  .63145667E-02
  .11305770E+03  .64380119E-02
  .11328452E+03  .65334005E-02
  .11351713E+03  .65586084E-02
  .11375249E+03  .66375023E-02
  .11399071E+03  .66539564E-02
  .11423211E+03  .66238154E-02
  .11447630E+03  .66644753E-02
  .11472572E+03  .66878941E-02
  .11498160E+03  .67254588E-02
  .11524171E+03  .68294368E-02
  .11550484E+03  .68616647E-02
  .11577561E+03  .69237947E-02
  .11604997E+03  .70762602E-02
  .11633057E+03  .72013582E-02
  .11661820E+03  .72130344E-02
  .11691422E+03  .72956220E-02
  .11721186E+03  .75102621E-02
  .11752348E+03  .75772088E-02
  .11784147E+03  .77461697E-02
  .11816971E+03  .77647732E-02
  .11850680E+03  .78826698E-02
  .11885555E+03  .79334931E-02
  .11921467E+03  .79989777E-02
  .11958343E+03  .80477946E-02
  .11996481E+03  .82039766E-02
  .12036739E+03  .83309884E-02
  .12078404E+03  .84547838E-02
  .12121266E+03  .88822707E-02
  .12166367E+03  .89453997E-02
  .12213376E+03  .91867902E-02
  .12263112E+03  .93125321E-02
  .12315571E+03  .92129261E-02
  .12370772E+03  .94461772E-02
  .12429478E+03  .98060331E-02
  .12492541E+03  .10107033E-01
  .12561292E+03  .10304254E-01
  .12636399E+03  .11141693E-01
  .12718457E+03  .11637981E-01
  .12810415E+03  .12119454E-01
  .12913884E+03  .13007740E-01
  .13033387E+03  .14417671E-01
  .13175921E+03  .16079307E-01
  .13354224E+03  .17742444E-01
  .13596853E+03  .21084245E-01
  .13659401E+03  .21584904E-01
  .13728326E+03  .22849942E-01
  .13804609E+03  .24536158E-01
  .13892040E+03  .25655861E-01
  .13992324E+03  .27399841E-01
  .14115527E+03  .29866256E-01
  .14266787E+03  .33494547E-01
  .14476587E+03  .36425643E-01
  .14825135E+03  .51286940E-01
  .15166166E+03  .69466094E-01
  .15590234E+03  .10980457E+00
  .15910065E+03  .15388894E+00
tr2  2
  .74955445E+02  .73508244E-01
  .76513217E+02  .54405148E-01
  .78753814E+02  .41423923E-01
  .80645010E+02  .34316685E-01
  .82706381E+02  .26742767E-01
  .83998014E+02  .23121657E-01
  .84970572E+02  .20319535E-01
  .85741581E+02  .18531877E-01
  .86392372E+02  .16723521E-01
  .86968297E+02  .15857348E-01
  .87471906E+02  .15086243E-01
  .87923670E+02  .14888148E-01
  .88331630E+02  .14028546E-01
  .89976854E+02  .12228686E-01
  .91226371E+02  .10535081E-01
  .92247528E+02  .97680230E-02
  .93109250E+02  .94677561E-02
  .93866196E+02  .86191316E-02
  .94550023E+02  .83952020E-02
  .95164550E+02  .82844530E-02
  .95731511E+02  .81237484E-02
  .96251519E+02  .80796198E-02
  .96740157E+02  .79860782E-02
  .97200162E+02  .79588697E-02
  .97635607E+02  .80387370E-02
  .98046228E+02  .78018009E-02
  .98442873E+02  .74247213E-02
  .98818326E+02  .72571667E-02
  .99179374E+02  .71457450E-02
  .99530924E+02  .69180547E-02
  .99867807E+02  .69197531E-02
  .10019274E+03  .67755217E-02
  .10050865E+03  .66152045E-02
  .10081731E+03  .65394796E-02
  .10111448E+03  .65328055E-02
  .10140689E+03  .65227066E-02
  .10168926E+03  .64187065E-02
  .10196605E+03  .64212545E-02
  .10223658E+03  .63967820E-02
  .10250252E+03  .64634672E-02
  .10276187E+03  .64083381E-02
  .10301485E+03  .63447773E-02
  .10326305E+03  .62743421E-02
  .10350721E+03  .62561305E-02
  .10374730E+03  .62683715E-02
  .10398352E+03  .61506215E-02
  .10421459E+03  .61233818E-02
  .10444148E+03  .60878829E-02
  .10466785E+03  .61516415E-02
  .10488883E+03  .60845688E-02
  .10510642E+03  .60136865E-02
  .10532376E+03  .60264798E-02
  .10553502E+03  .58937455E-02
  .10574674E+03  .57692442E-02
  .10595542E+03  .57711926E-02
  .10616119E+03  .58320411E-02
  .10636466E+03  .57811876E-02
  .10656542E+03  .57064265E-02
  .10676555E+03  .56172621E-02
  .10696358E+03  .55962725E-02
  .10716018E+03  .55374367E-02
  .10735356E+03  .55046497E-02
  .10754627E+03  .55540247E-02
  .10773694E+03  .56014978E-02
  .10792553E+03  .57051636E-02
  .10811149E+03  .56667378E-02
  .10829799E+03  .55839133E-02
  .10848292E+03  .57276018E-02
  .10866896E+03  .56763946E-02
  .10885087E+03  .56987355E-02
  .10903299E+03  .56809943E-02
  .10921271E+03  .56407093E-02
  .10939097E+03  .56012042E-02
  .10956864E+03  .56644623E-02
  .10974574E+03  .56656949E-02
  .10992366E+03  .56171144E-02
  .11009930E+03  .55816323E-02
  .11027306E+03  .55806698E-02
  .11044700E+03  .56497531E-02
  .11061943E+03  .57066057E-02
  .11079262E+03  .56760936E-02
  .11096370E+03  .57757442E-02
  .11113556E+03  .57411386E-02
  .11130513E+03  .57356347E-02
  .11147519E+03  .56608116E-02
  .11164560E+03  .57354260E-02
  .11181532E+03  .56249867E-02
  .11198419E+03  .55973304E-02
  .11215175E+03  .56604642E-02
  .11231991E+03  .56729092E-02
  .11248737E+03  .56371502E-02
  .11265482E+03  .56593168E-02
  .11282141E+03  .56660905E-02
  .11298812E+03  .56719105E-02
  .11315339E+03  .56967400E-02
  .11331854E+03  .56852390E-02
  .11348333E+03  .57291525E-02
  .11364847E+03  .57887139E-02
  .11381434E+03  .58111791E-02
  .11397755E+03  .59092760E-02
  .11414297E+03  .58856565E-02
  .11430859E+03  .57988314E-02
  .11447324E+03  .57862873E-02
  .11463822E+03  .57681236E-02
  .11480413E+03  .58394188E-02
  .11496955E+03  .58067877E-02
  .11513524E+03  .58360451E-02
  .11529927E+03  .58204161E-02
  .11546421E+03  .58353992E-02
  .11563001E+03  .58881743E-02
  .11579399E+03  .59361383E-02
  .11595961E+03  .59261097E-02
  .11612467E+03  .60115395E-02
  .11629218E+03  .60527273E-02
  .11645958E+03  .59927523E-02
  .11662566E+03  .59650250E-02
  .11679237E+03  .59433547E-02
  .11695999E+03  .60135773E-02
  .11712799E+03  .59745771E-02
  .11729590E+03  .60737041E-02
  .11746454E+03  .59782262E-02
  .11763352E+03  .59742747E-02
  .11780352E+03  .59589534E-02
  .11797164E+03  .59602463E-02
  .11814063E+03  .59446223E-02
  .11831209E+03  .59604711E-02
  .11848339E+03  .59243624E-02
  .11865715E+03  .59898076E-02
  .11883176E+03  .60395485E-02
  .11900628E+03  .60934433E-02
  .11918156E+03  .62132225E-02
  .11935586E+03  .62062885E-02
  .11953308E+03  .62418076E-02
  .11971096E+03  .63112815E-02
  .11989052E+03  .62686074E-02
  .12006872E+03  .63394047E-02
  .12024995E+03  .63805798E-02
  .12042927E+03  .63540739E-02
  .12061148E+03  .63451801E-02
  .12079523E+03  .62691558E-02
  .12097974E+03  .62772944E-02
  .12116489E+03  .62050064E-02
  .12135150E+03  .62158003E-02
  .12154151E+03  .63294231E-02
  .12173235E+03  .62932099E-02
  .12192354E+03  .62692063E-02
  .12211663E+03  .63254138E-02
  .12231211E+03  .64174809E-02
  .12250662E+03  .65338427E-02
  .12270436E+03  .65081787E-02
  .12290422E+03  .64352529E-02
  .12310377E+03  .65431743E-02
  .12330747E+03  .64238993E-02
  .12351334E+03  .63976810E-02
  .12371917E+03  .64007328E-02
  .12392707E+03  .64443507E-02
  .12413594E+03  .65105637E-02
  .12435046E+03  .65853991E-02
  .12456489E+03  .66252097E-02
  .12478153E+03  .66095375E-02
  .12500252E+03  .67887377E-02
  .12522372E+03  .68615492E-02
  .12544930E+03  .69632126E-02
  .12567799E+03  .70106839E-02
  .12591040E+03  .71371657E-02
  .12614428E+03  .71611418E-02
  .12638220E+03  .72526053E-02
  .12662451E+03  .72943310E-02
  .12686675E+03  .74263539E-02
  .12711576E+03  .74996917E-02
  .12736921E+03  .75169982E-02
  .12762742E+03  .75696265E-02
  .12788912E+03  .75038838E-02
  .12815613E+03  .75898235E-02
  .12843128E+03  .77031381E-02
  .12870663E+03  .78030071E-02
  .12899002E+03  .78691209E-02
  .12927629E+03  .79020932E-02
  .12957171E+03  .79679952E-02
  .12987326E+03  .78833028E-02
  .13018048E+03  .79743342E-02
  .13049290E+03  .80390348E-02
  .13081833E+03  .82217418E-02
  .13115089E+03  .82148854E-02
  .13149511E+03  .83316550E-02
  .13184711E+03  .84280324E-02
  .13220951E+03  .86036272E-02
  .13258073E+03  .88796037E-02
  .13296929E+03  .88669767E-02
  .13337000E+03  .89931854E-02
  .13378576E+03  .90387612E-02
  .13421747E+03  .89983788E-02
  .13466773E+03  .92357414E-02
  .13514135E+03  .95636249E-02
  .13563807E+03  .97262783E-02
  .13615676E+03  .10035080E-01
  .13669932E+03  .10188199E-01
  .13728150E+03  .10481584E-01
  .13789957E+03  .10494220E-01
  .13855871E+03  .10997321E-01
  .13927632E+03  .11626804E-01
  .14005582E+03  .12045804E-01
  .14091692E+03  .12434192E-01
  .14187397E+03  .12755980E-01
  .14296139E+03  .13565922E-01
  .14421381E+03  .14250853E-01
  .14569297E+03  .15487190E-01
  .14754811E+03  .16706745E-01
  .15008069E+03  .20464828E-01
  .15071767E+03  .21853842E-01
  .15142816E+03  .22578144E-01
  .15222552E+03  .24073619E-01
  .15313674E+03  .26002638E-01
  .15419963E+03  .28323192E-01
  .15547473E+03  .30448512E-01
  .15708355E+03  .34653382E-01
  .15927265E+03  .41024874E-01
  .16299176E+03  .57013498E-01
  .16655558E+03  .78987933E-01
  .17091210E+03  .11565000E+00
  .17426523E+03  .16707255E+00
tr1s 3
  .70760758E+02  .13251043E+00
  .72550197E+02  .10018166E+00
  .74739009E+02  .73356299E-01
  .76637097E+02  .52827972E-01
  .78665615E+02  .42890514E-01
  .79981235E+02  .35666421E-01
  .80907766E+02  .31497416E-01
  .81662383E+02  .29336841E-01
  .82288105E+02  .25738044E-01
  .82852486E+02  .24763523E-01
  .83342751E+02  .23481796E-01
  .83782268E+02  .22296268E-01
  .84188235E+02  .21967719E-01
  .85816405E+02  .19940839E-01
  .87058674E+02  .17930339E-01
  .88063561E+02  .16189903E-01
  .88926508E+02  .15675569E-01
  .89680651E+02  .14909368E-01
  .90348855E+02  .14286050E-01
  .90964828E+02  .13877924E-01
  .91522640E+02  .13618826E-01
  .92044712E+02  .13274026E-01
  .92525704E+02  .13049190E-01
  .92981338E+02  .12902969E-01
  .93415733E+02  .12703054E-01
  .93824157E+02  .12675118E-01
  .94210517E+02  .12515675E-01
  .94582860E+02  .12384087E-01
  .94945231E+02  .12211009E-01
  .95292324E+02  .12154657E-01
  .95624495E+02  .12142536E-01
  .95945925E+02  .12117838E-01
  .96257739E+02  .11856377E-01
  .96559522E+02  .11813025E-01
  .96855377E+02  .11697880E-01
  .97146055E+02  .11635153E-01
  .97426021E+02  .11442958E-01
  .97698687E+02  .11305623E-01
  .97972791E+02  .11121806E-01
  .98232778E+02  .11008715E-01
  .98486199E+02  .10939376E-01
  .98736309E+02  .10623020E-01
  .98982291E+02  .10551775E-01
  .99226312E+02  .10597207E-01
  .99464768E+02  .10739232E-01
  .99696456E+02  .10729747E-01
  .99925400E+02  .10741536E-01
  .10015294E+03  .10709895E-01
  .10037321E+03  .10652505E-01
  .10059409E+03  .10396473E-01
  .10081213E+03  .10341095E-01
  .10102704E+03  .10417314E-01
  .10123416E+03  .10379617E-01
  .10144302E+03  .10237833E-01
  .10164808E+03  .10118172E-01
  .10185196E+03  .10014074E-01
  .10205404E+03  .10075218E-01
  .10225265E+03  .10118621E-01
  .10244972E+03  .10171577E-01
  .10264255E+03  .10160072E-01
  .10283736E+03  .10101081E-01
  .10302925E+03  .99303174E-02
  .10321967E+03  .98104260E-02
  .10340876E+03  .98600155E-02
  .10359522E+03  .97223093E-02
  .10377891E+03  .96247110E-02
  .10396300E+03  .95940296E-02
  .10414531E+03  .97085088E-02
  .10432668E+03  .96194368E-02
  .10450608E+03  .97441008E-02
  .10468872E+03  .97029706E-02
  .10486619E+03  .96564110E-02
  .10504257E+03  .95785482E-02
  .10521844E+03  .96219989E-02
  .10539348E+03  .97251959E-02
  .10557073E+03  .96512036E-02
  .10574366E+03  .96895054E-02
  .10591744E+03  .97409058E-02
  .10608739E+03  .97729844E-02
  .10625694E+03  .97422244E-02
  .10642688E+03  .97678844E-02
  .10659704E+03  .98029820E-02
  .10676389E+03  .98524436E-02
  .10693329E+03  .98127435E-02
  .10709953E+03  .97884948E-02
  .10726642E+03  .97475976E-02
  .10743208E+03  .97996229E-02
  .10760103E+03  .97094951E-02
  .10776680E+03  .97151616E-02
  .10793336E+03  .97314189E-02
  .10809662E+03  .96378842E-02
  .10826188E+03  .95134013E-02
  .10842782E+03  .95382977E-02
  .10859445E+03  .95238626E-02
  .10875991E+03  .96035547E-02
  .10892377E+03  .96498711E-02
  .10908935E+03  .96453145E-02
  .10925075E+03  .96608466E-02
  .10941522E+03  .95745360E-02
  .10957850E+03  .94782232E-02
  .10974193E+03  .95089280E-02
  .10990604E+03  .95206807E-02
  .11007170E+03  .95159145E-02
  .11023710E+03  .95659075E-02
  .11040049E+03  .96354543E-02
  .11056365E+03  .96344555E-02
  .11072711E+03  .96747276E-02
  .11089096E+03  .97539280E-02
  .11105440E+03  .97851526E-02
  .11121796E+03  .98485102E-02
  .11138091E+03  .99706202E-02
  .11154671E+03  .98874480E-02
  .11170889E+03  .99071191E-02
  .11187377E+03  .10043673E-01
  .11203827E+03  .99424486E-02
  .11220517E+03  .99807113E-02
  .11236833E+03  .10155645E-01
  .11253631E+03  .10215425E-01
  .11270430E+03  .10158078E-01
  .11287204E+03  .10130608E-01
  .11304067E+03  .10108866E-01
  .11320675E+03  .10069714E-01
  .11337665E+03  .10042710E-01
  .11354567E+03  .10015467E-01
  .11371670E+03  .99981372E-02
  .11388809E+03  .99193310E-02
  .11405714E+03  .98544547E-02
  .11422722E+03  .98738775E-02
  .11439984E+03  .98788676E-02
  .11457121E+03  .99924683E-02
  .11474347E+03  .10034013E-01
  .11492038E+03  .10125509E-01
  .11509440E+03  .10115993E-01
  .11527074E+03  .10078851E-01
  .11544550E+03  .10125931E-01
  .11562339E+03  .10177976E-01
  .11580122E+03  .10217233E-01
  .11598185E+03  .10322132E-01
  .11615959E+03  .10323944E-01
  .11634023E+03  .10330952E-01
  .11652120E+03  .10469261E-01
  .11670305E+03  .10436589E-01
  .11688797E+03  .10334887E-01
  .11707547E+03  .10394672E-01
  .11726230E+03  .10583982E-01
  .11745197E+03  .10650221E-01
  .11764211E+03  .10743379E-01
  .11783308E+03  .10786748E-01
  .11802520E+03  .10791682E-01
  .11821968E+03  .10690879E-01
  .11841345E+03  .10572168E-01
  .11860922E+03  .10769916E-01
  .11881063E+03  .10840655E-01
  .11901288E+03  .10854177E-01
  .11921603E+03  .10995339E-01
  .11942218E+03  .11032323E-01
  .11963461E+03  .11167404E-01
  .11984601E+03  .11152815E-01
  .12006039E+03  .11148339E-01
  .12027701E+03  .11320930E-01
  .12049589E+03  .11354646E-01
  .12071520E+03  .11373022E-01
  .12093496E+03  .11414993E-01
  .12115816E+03  .11509912E-01
  .12138594E+03  .11651091E-01
  .12162139E+03  .11783857E-01
  .12186085E+03  .11797897E-01
  .12210475E+03  .11920945E-01
  .12234933E+03  .11963486E-01
  .12259885E+03  .12089096E-01
  .12284986E+03  .12288899E-01
  .12310469E+03  .12517922E-01
  .12336764E+03  .12747154E-01
  .12363145E+03  .12736656E-01
  .12389975E+03  .12964741E-01
  .12417642E+03  .13092006E-01
  .12445565E+03  .13179712E-01
  .12474338E+03  .13197829E-01
  .12503318E+03  .13359877E-01
  .12533053E+03  .13477133E-01
  .12563732E+03  .13524463E-01
  .12595652E+03  .13714811E-01
  .12627758E+03  .13933457E-01
  .12660600E+03  .14171155E-01
  .12694561E+03  .14395615E-01
  .12729200E+03  .14571633E-01
  .12765254E+03  .14617608E-01
  .12802658E+03  .14488246E-01
  .12841417E+03  .14550485E-01
  .12881520E+03  .14813410E-01
  .12922905E+03  .15200762E-01
  .12965780E+03  .15547930E-01
  .13010656E+03  .16012925E-01
  .13057636E+03  .16482747E-01
  .13106480E+03  .16673138E-01
  .13158061E+03  .16826738E-01
  .13211670E+03  .17561062E-01
  .13269207E+03  .17926611E-01
  .13331199E+03  .18307717E-01
  .13396808E+03  .18813638E-01
  .13468438E+03  .19689728E-01
  .13545399E+03  .20076070E-01
  .13630078E+03  .20437814E-01
  .13725449E+03  .21308123E-01
  .13833838E+03  .22673974E-01
  .13956642E+03  .24797794E-01
  .14102755E+03  .27324680E-01
  .14288966E+03  .29219942E-01
  .14539773E+03  .36192966E-01
  .14604936E+03  .37248853E-01
  .14673872E+03  .38957047E-01
  .14752905E+03  .41047759E-01
  .14845921E+03  .44840199E-01
  .14947609E+03  .46745810E-01
  .15074822E+03  .50971610E-01
  .15231978E+03  .57154929E-01
  .15450403E+03  .69324616E-01
  .15814820E+03  .88991002E-01
  .16158509E+03  .12382445E+00
  .16600369E+03  .19327674E+00
  .16936050E+03  .26494605E+00
tr2s 3
  .83418718E+02  .80518991E-01
  .85032219E+02  .61130864E-01
  .87460852E+02  .42631128E-01
  .89513593E+02  .32293878E-01
  .91721158E+02  .25936073E-01
  .93067894E+02  .22302733E-01
  .94070337E+02  .20737452E-01
  .94874294E+02  .18493628E-01
  .95554936E+02  .17011156E-01
  .96144981E+02  .16237537E-01
  .96675026E+02  .15521632E-01
  .97147018E+02  .14634427E-01
  .97576476E+02  .14714616E-01
  .99311336E+02  .12412642E-01
  .10061771E+03  .11291548E-01
  .10166982E+03  .10321336E-01
  .10257877E+03  .95418080E-02
  .10337006E+03  .91337212E-02
  .10407761E+03  .88031897E-02
  .10472305E+03  .88159931E-02
  .10530546E+03  .82078910E-02
  .10585607E+03  .78768312E-02
  .10636621E+03  .77397649E-02
  .10685117E+03  .76441980E-02
  .10730566E+03  .74068950E-02
  .10774337E+03  .71429569E-02
  .10815744E+03  .70387432E-02
  .10855396E+03  .70518630E-02
  .10893279E+03  .69674302E-02
  .10929727E+03  .69290075E-02
  .10965138E+03  .68501794E-02
  .10999385E+03  .67701224E-02
  .11032332E+03  .67015300E-02
  .11064329E+03  .67252231E-02
  .11095480E+03  .66619245E-02
  .11125855E+03  .66590281E-02
  .11155346E+03  .64661338E-02
  .11184405E+03  .64267264E-02
  .11212417E+03  .62221732E-02
  .11239809E+03  .62034987E-02
  .11266711E+03  .62210841E-02
  .11293179E+03  .62375008E-02
  .11319042E+03  .61750938E-02
  .11344296E+03  .60535876E-02
  .11369308E+03  .60646024E-02
  .11393979E+03  .60210196E-02
  .11418242E+03  .59406612E-02
  .11442254E+03  .58830672E-02
  .11465689E+03  .58351050E-02
  .11488644E+03  .58379271E-02
  .11511470E+03  .59372973E-02
  .11533884E+03  .59491627E-02
  .11556082E+03  .58592559E-02
  .11577839E+03  .58005486E-02
  .11599618E+03  .58180920E-02
  .11621077E+03  .58359239E-02
  .11642320E+03  .58136821E-02
  .11663232E+03  .58706979E-02
  .11683786E+03  .58166116E-02
  .11704280E+03  .58637998E-02
  .11724656E+03  .59243709E-02
  .11744660E+03  .58781221E-02
  .11764788E+03  .58535074E-02
  .11784662E+03  .59400853E-02
  .11804246E+03  .59560752E-02
  .11823701E+03  .59270139E-02
  .11843210E+03  .59180256E-02
  .11862460E+03  .58858837E-02
  .11881655E+03  .59078546E-02
  .11900692E+03  .59412870E-02
  .11919575E+03  .60233938E-02
  .11938443E+03  .60619246E-02
  .11957105E+03  .60973829E-02
  .11975648E+03  .60861675E-02
  .11994165E+03  .60466312E-02
  .12012489E+03  .60303206E-02
  .12030856E+03  .59360095E-02
  .12049046E+03  .58544646E-02
  .12067242E+03  .58731525E-02
  .12085149E+03  .58940782E-02
  .12103142E+03  .58212438E-02
  .12121007E+03  .58556271E-02
  .12138924E+03  .58324563E-02
  .12156602E+03  .58048074E-02
  .12174196E+03  .58130482E-02
  .12191770E+03  .58452774E-02
  .12209461E+03  .57397272E-02
  .12227074E+03  .56734999E-02
  .12244405E+03  .57656499E-02
  .12261763E+03  .58427853E-02
  .12279136E+03  .58580683E-02
  .12296543E+03  .57710302E-02
  .12313912E+03  .57677450E-02
  .12331296E+03  .58100357E-02
  .12348545E+03  .57556405E-02
  .12365730E+03  .57024805E-02
  .12383052E+03  .57003575E-02
  .12400251E+03  .57084982E-02
  .12417372E+03  .58043961E-02
  .12434620E+03  .57723157E-02
  .12451764E+03  .57604545E-02
  .12468844E+03  .57626935E-02
  .12485880E+03  .57685239E-02
  .12503101E+03  .57751907E-02
  .12520243E+03  .57217071E-02
  .12537358E+03  .56668028E-02
  .12554431E+03  .56930936E-02
  .12571629E+03  .56945995E-02
  .12588878E+03  .57159612E-02
  .12606088E+03  .57192142E-02
  .12623321E+03  .57280777E-02
  .12640669E+03  .57446995E-02
  .12657879E+03  .57529941E-02
  .12675028E+03  .57629079E-02
  .12692173E+03  .57887232E-02
  .12709618E+03  .58239286E-02
  .12727003E+03  .57708306E-02
  .12744326E+03  .57451300E-02
  .12761942E+03  .57783709E-02
  .12779429E+03  .57856198E-02
  .12796867E+03  .58291574E-02
  .12814486E+03  .58958388E-02
  .12832083E+03  .59244708E-02
  .12849799E+03  .59283582E-02
  .12867565E+03  .59713869E-02
  .12885223E+03  .60826926E-02
  .12902963E+03  .61562045E-02
  .12920952E+03  .61187652E-02
  .12938901E+03  .61284595E-02
  .12956908E+03  .61288889E-02
  .12974939E+03  .61639191E-02
  .12993280E+03  .62620201E-02
  .13011607E+03  .62639701E-02
  .13030056E+03  .62819449E-02
  .13048661E+03  .62527342E-02
  .13067227E+03  .63290823E-02
  .13085915E+03  .62556974E-02
  .13104628E+03  .62330531E-02
  .13123512E+03  .62805296E-02
  .13142208E+03  .62618989E-02
  .13161504E+03  .62908248E-02
  .13180840E+03  .62898468E-02
  .13200293E+03  .62399371E-02
  .13219850E+03  .62796105E-02
  .13239446E+03  .61865209E-02
  .13259456E+03  .62959630E-02
  .13279338E+03  .62054297E-02
  .13299367E+03  .62132168E-02
  .13319584E+03  .63004953E-02
  .13339996E+03  .62985623E-02
  .13360583E+03  .62926647E-02
  .13381245E+03  .62865959E-02
  .13402260E+03  .64076153E-02
  .13423415E+03  .64576242E-02
  .13444631E+03  .65035373E-02
  .13466323E+03  .65144771E-02
  .13488131E+03  .66041487E-02
  .13510236E+03  .66263203E-02
  .13532402E+03  .66280704E-02
  .13554956E+03  .66312961E-02
  .13577802E+03  .66583435E-02
  .13601039E+03  .66862093E-02
  .13624599E+03  .67758464E-02
  .13648521E+03  .68418961E-02
  .13672336E+03  .69436068E-02
  .13696794E+03  .71386995E-02
  .13721483E+03  .71557333E-02
  .13746534E+03  .72314773E-02
  .13771787E+03  .73593754E-02
  .13797476E+03  .74299940E-02
  .13823893E+03  .74628039E-02
  .13850472E+03  .74775520E-02
  .13877324E+03  .75846012E-02
  .13904928E+03  .76283474E-02
  .13933051E+03  .78072309E-02
  .13962044E+03  .78863136E-02
  .13991210E+03  .79647258E-02
  .14020799E+03  .79603731E-02
  .14051252E+03  .79283743E-02
  .14082340E+03  .79571713E-02
  .14114006E+03  .81661466E-02
  .14146628E+03  .82383856E-02
  .14180501E+03  .83563729E-02
  .14215079E+03  .85271974E-02
  .14250228E+03  .85322659E-02
  .14286542E+03  .86745667E-02
  .14324199E+03  .86939088E-02
  .14363074E+03  .88717625E-02
  .14403144E+03  .87983345E-02
  .14444358E+03  .88606882E-02
  .14487259E+03  .89836745E-02
  .14531681E+03  .89984976E-02
  .14577987E+03  .91108889E-02
  .14627109E+03  .93934682E-02
  .14678129E+03  .97712400E-02
  .14731934E+03  .10120880E-01
  .14789150E+03  .10517117E-01
  .14849126E+03  .10620015E-01
  .14913469E+03  .11030234E-01
  .14981398E+03  .11400530E-01
  .15055562E+03  .11747871E-01
  .15136259E+03  .12442600E-01
  .15224633E+03  .12564718E-01
  .15322093E+03  .13001343E-01
  .15433611E+03  .13369674E-01
  .15563241E+03  .14643093E-01
  .15717260E+03  .16482987E-01
  .15910647E+03  .18999201E-01
  .16172006E+03  .22545890E-01
  .16238792E+03  .23907793E-01
  .16310608E+03  .25511158E-01
  .16391509E+03  .26866678E-01
  .16484583E+03  .27640105E-01
  .16594039E+03  .29305869E-01
  .16723402E+03  .32689067E-01
  .16890108E+03  .37111578E-01
  .17116542E+03  .45660382E-01
  .17492428E+03  .61989474E-01
  .17862477E+03  .78099446E-01
  .18312109E+03  .11661339E+00
  .18641397E+03  .15849584E+00
