Copyright (C) James G. MacKinnon, Alfred A. Haug, and Leo Michelis, 1996
lm0  3
  .28918971E+02  .75937385E-01
  .29563157E+02  .55976681E-01
  .30540957E+02  .39968200E-01
  .31340608E+02  .29081636E-01
  .32217277E+02  .24006437E-01
  .32796469E+02  .20515504E-01
  .33219735E+02  .19304678E-01
  .33542568E+02  .17709021E-01
  .33828970E+02  .16475446E-01
  .34079655E+02  .15523595E-01
  .34297821E+02  .14502060E-01
  .34493902E+02  .13936533E-01
  .34670881E+02  .13813344E-01
  .35399341E+02  .12039421E-01
  .35959962E+02  .11301395E-01
  .36428098E+02  .10547857E-01
  .36823967E+02  .10116588E-01
  .37166088E+02  .95563663E-02
  .37477375E+02  .95701556E-02
  .37754586E+02  .92831074E-02
  .38017368E+02  .89063020E-02
  .38262539E+02  .85641659E-02
  .38485562E+02  .86294201E-02
  .38701344E+02  .84238415E-02
  .38906756E+02  .82229262E-02
  .39098895E+02  .80291237E-02
  .39281288E+02  .80948537E-02
  .39458078E+02  .78815467E-02
  .39628519E+02  .78487700E-02
  .39792416E+02  .80323146E-02
  .39952188E+02  .78210978E-02
  .40105311E+02  .77072650E-02
  .40255494E+02  .76391941E-02
  .40401485E+02  .76251612E-02
  .40543346E+02  .75372866E-02
  .40682765E+02  .76524928E-02
  .40817703E+02  .76049509E-02
  .40950845E+02  .74345349E-02
  .41081853E+02  .74858266E-02
  .41209706E+02  .73282471E-02
  .41335294E+02  .72846920E-02
  .41454695E+02  .72512671E-02
  .41575246E+02  .71842597E-02
  .41691856E+02  .72345611E-02
  .41809168E+02  .72096659E-02
  .41923717E+02  .71499762E-02
  .42039184E+02  .69635244E-02
  .42149671E+02  .69541712E-02
  .42260770E+02  .70157122E-02
  .42369581E+02  .70231802E-02
  .42474117E+02  .70329299E-02
  .42582067E+02  .69999478E-02
  .42688848E+02  .69902450E-02
  .42792199E+02  .70883107E-02
  .42894345E+02  .70421645E-02
  .42996407E+02  .69969015E-02
  .43098115E+02  .69516423E-02
  .43194661E+02  .69975297E-02
  .43291475E+02  .68703722E-02
  .43389578E+02  .68152807E-02
  .43486510E+02  .69115615E-02
  .43581181E+02  .68636818E-02
  .43678010E+02  .68698761E-02
  .43774404E+02  .68789401E-02
  .43867444E+02  .69592008E-02
  .43960022E+02  .68525160E-02
  .44052135E+02  .69317511E-02
  .44146170E+02  .68496983E-02
  .44239909E+02  .67867241E-02
  .44331322E+02  .68707902E-02
  .44422330E+02  .68384802E-02
  .44512083E+02  .68535747E-02
  .44602231E+02  .68341706E-02
  .44691303E+02  .68195511E-02
  .44780172E+02  .69318691E-02
  .44867460E+02  .70183173E-02
  .44956504E+02  .70133032E-02
  .45044127E+02  .71113548E-02
  .45130485E+02  .70808842E-02
  .45218793E+02  .70454068E-02
  .45306714E+02  .70773113E-02
  .45393681E+02  .71391565E-02
  .45480830E+02  .71955944E-02
  .45567253E+02  .73080123E-02
  .45654713E+02  .72406822E-02
  .45740480E+02  .72784425E-02
  .45826987E+02  .72461011E-02
  .45912259E+02  .73813509E-02
  .45997848E+02  .74031911E-02
  .46085235E+02  .73678740E-02
  .46170250E+02  .73427780E-02
  .46255152E+02  .73511243E-02
  .46341199E+02  .73995833E-02
  .46428650E+02  .73167757E-02
  .46511905E+02  .74137790E-02
  .46597638E+02  .73550097E-02
  .46682088E+02  .74239330E-02
  .46766775E+02  .75642481E-02
  .46852222E+02  .75771200E-02
  .46939352E+02  .75850283E-02
  .47022846E+02  .75188913E-02
  .47109654E+02  .75606736E-02
  .47195061E+02  .75407627E-02
  .47281493E+02  .74893541E-02
  .47366376E+02  .75548066E-02
  .47451444E+02  .76705083E-02
  .47535737E+02  .77065867E-02
  .47623374E+02  .77463298E-02
  .47709922E+02  .77620880E-02
  .47793535E+02  .78113857E-02
  .47878974E+02  .78340257E-02
  .47964975E+02  .78755823E-02
  .48049965E+02  .78989176E-02
  .48136933E+02  .79500872E-02
  .48224817E+02  .81003713E-02
  .48312797E+02  .82018792E-02
  .48400830E+02  .81936019E-02
  .48488660E+02  .81667478E-02
  .48577082E+02  .82467841E-02
  .48666048E+02  .83216590E-02
  .48755755E+02  .83371238E-02
  .48846243E+02  .83543039E-02
  .48935824E+02  .83862703E-02
  .49026116E+02  .84175928E-02
  .49116254E+02  .83993978E-02
  .49206914E+02  .83462797E-02
  .49298107E+02  .82977973E-02
  .49388467E+02  .82980884E-02
  .49479706E+02  .82989375E-02
  .49571348E+02  .82873491E-02
  .49663968E+02  .81834911E-02
  .49756649E+02  .81726304E-02
  .49850309E+02  .80931260E-02
  .49944694E+02  .80747241E-02
  .50039462E+02  .81020795E-02
  .50134959E+02  .81772106E-02
  .50230449E+02  .82386362E-02
  .50328030E+02  .82580114E-02
  .50425317E+02  .82791026E-02
  .50522293E+02  .82063852E-02
  .50624476E+02  .81771790E-02
  .50725862E+02  .82404856E-02
  .50826315E+02  .82460367E-02
  .50927836E+02  .82933147E-02
  .51032155E+02  .83051276E-02
  .51135470E+02  .83554532E-02
  .51239198E+02  .83290491E-02
  .51345806E+02  .84127445E-02
  .51451310E+02  .83638741E-02
  .51558786E+02  .85412553E-02
  .51665524E+02  .86447099E-02
  .51777381E+02  .86190108E-02
  .51888547E+02  .87243244E-02
  .51999796E+02  .85865051E-02
  .52111398E+02  .85412481E-02
  .52223899E+02  .85602231E-02
  .52339268E+02  .85732691E-02
  .52456159E+02  .86327878E-02
  .52574133E+02  .86336968E-02
  .52695114E+02  .86718786E-02
  .52816499E+02  .86172658E-02
  .52939239E+02  .87214353E-02
  .53067882E+02  .87174570E-02
  .53195610E+02  .87887280E-02
  .53324901E+02  .86878776E-02
  .53455648E+02  .87715621E-02
  .53588926E+02  .88817859E-02
  .53725125E+02  .88068142E-02
  .53862257E+02  .87428066E-02
  .53998802E+02  .89111512E-02
  .54138918E+02  .90400890E-02
  .54285506E+02  .92341239E-02
  .54435684E+02  .93020593E-02
  .54585093E+02  .92693857E-02
  .54738095E+02  .91610348E-02
  .54893274E+02  .92228639E-02
  .55053032E+02  .92883554E-02
  .55214220E+02  .93535305E-02
  .55380951E+02  .93915074E-02
  .55550430E+02  .94970508E-02
  .55726226E+02  .95716678E-02
  .55909048E+02  .97035632E-02
  .56097048E+02  .98735566E-02
  .56288734E+02  .98695854E-02
  .56486688E+02  .99342717E-02
  .56687574E+02  .10097914E-01
  .56895113E+02  .10069309E-01
  .57108709E+02  .10577520E-01
  .57331390E+02  .10961713E-01
  .57558288E+02  .11289538E-01
  .57796992E+02  .11958417E-01
  .58043539E+02  .12118300E-01
  .58306942E+02  .12207204E-01
  .58581841E+02  .12562897E-01
  .58871953E+02  .12642393E-01
  .59179923E+02  .12940991E-01
  .59505925E+02  .13141490E-01
  .59843279E+02  .13699458E-01
  .60207409E+02  .14406027E-01
  .60609073E+02  .14887521E-01
  .61034615E+02  .15494660E-01
  .61499184E+02  .16307713E-01
  .62027278E+02  .16814680E-01
  .62597747E+02  .16931712E-01
  .63255559E+02  .17454496E-01
  .64002380E+02  .18810759E-01
  .64916161E+02  .21245003E-01
  .66063696E+02  .25702631E-01
  .67649161E+02  .29483532E-01
  .68051669E+02  .31033294E-01
  .68497279E+02  .33272339E-01
  .69002707E+02  .36838915E-01
  .69577271E+02  .38101066E-01
  .70271919E+02  .43580262E-01
  .71099174E+02  .46346883E-01
  .72168663E+02  .53264628E-01
  .73602896E+02  .63571499E-01
  .75952551E+02  .86536069E-01
  .78409566E+02  .12572375E+00
  .81155311E+02  .18734571E+00
  .83642976E+02  .26174375E+00
lm1  3
  .31506887E+02  .54480670E-01
  .32132457E+02  .42153844E-01
  .33189492E+02  .28757936E-01
  .34001374E+02  .23983398E-01
  .34945575E+02  .18070510E-01
  .35533281E+02  .15897568E-01
  .35960580E+02  .14560018E-01
  .36302677E+02  .13399827E-01
  .36596326E+02  .12320730E-01
  .36849234E+02  .12129596E-01
  .37077542E+02  .11427793E-01
  .37280886E+02  .11113472E-01
  .37465580E+02  .10945143E-01
  .38215657E+02  .96852208E-02
  .38791143E+02  .85778331E-02
  .39262062E+02  .78810154E-02
  .39678139E+02  .76269006E-02
  .40031536E+02  .75104307E-02
  .40349301E+02  .71540433E-02
  .40641104E+02  .69086652E-02
  .40906366E+02  .66788013E-02
  .41158025E+02  .66450800E-02
  .41393864E+02  .63953072E-02
  .41616737E+02  .64454895E-02
  .41825358E+02  .62967205E-02
  .42027742E+02  .60458605E-02
  .42218936E+02  .60177721E-02
  .42400766E+02  .58534776E-02
  .42576830E+02  .57700943E-02
  .42746281E+02  .56975015E-02
  .42909663E+02  .55639294E-02
  .43069494E+02  .54657673E-02
  .43224641E+02  .53566769E-02
  .43372765E+02  .51931656E-02
  .43518424E+02  .51333077E-02
  .43661691E+02  .51618222E-02
  .43801276E+02  .51625696E-02
  .43935020E+02  .51492635E-02
  .44066517E+02  .52122233E-02
  .44198664E+02  .51151834E-02
  .44327144E+02  .50526258E-02
  .44450944E+02  .50884025E-02
  .44576055E+02  .50677587E-02
  .44696905E+02  .51209800E-02
  .44815798E+02  .51605314E-02
  .44933387E+02  .52363424E-02
  .45049025E+02  .51545711E-02
  .45163302E+02  .52444839E-02
  .45278089E+02  .51351569E-02
  .45389381E+02  .51936050E-02
  .45498755E+02  .52444745E-02
  .45605769E+02  .53657030E-02
  .45713530E+02  .53235985E-02
  .45819180E+02  .52283244E-02
  .45924723E+02  .51722215E-02
  .46029738E+02  .51788731E-02
  .46131786E+02  .51622181E-02
  .46232833E+02  .52332443E-02
  .46334507E+02  .51985273E-02
  .46434294E+02  .52596972E-02
  .46532417E+02  .52409386E-02
  .46630440E+02  .52415206E-02
  .46728592E+02  .52160748E-02
  .46825551E+02  .52020797E-02
  .46919915E+02  .51822776E-02
  .47017225E+02  .52431814E-02
  .47112591E+02  .52385101E-02
  .47206973E+02  .52414617E-02
  .47301478E+02  .52990803E-02
  .47393430E+02  .53729387E-02
  .47486512E+02  .53643729E-02
  .47578959E+02  .54092835E-02
  .47671262E+02  .54383487E-02
  .47763934E+02  .54685318E-02
  .47855868E+02  .54718074E-02
  .47947355E+02  .55188672E-02
  .48037773E+02  .55152550E-02
  .48127993E+02  .55515435E-02
  .48216906E+02  .55494792E-02
  .48306432E+02  .55020402E-02
  .48398586E+02  .55384414E-02
  .48488184E+02  .55580052E-02
  .48577894E+02  .55751436E-02
  .48666770E+02  .55175799E-02
  .48753464E+02  .55125256E-02
  .48841177E+02  .55177701E-02
  .48930130E+02  .55731699E-02
  .49018458E+02  .55870967E-02
  .49106886E+02  .56139374E-02
  .49194551E+02  .55763937E-02
  .49282980E+02  .55319077E-02
  .49369216E+02  .55059025E-02
  .49455378E+02  .55149033E-02
  .49542647E+02  .55181300E-02
  .49630393E+02  .54744888E-02
  .49718341E+02  .55624592E-02
  .49805295E+02  .55786498E-02
  .49892432E+02  .55077890E-02
  .49980412E+02  .55525917E-02
  .50067798E+02  .55660024E-02
  .50154347E+02  .55541743E-02
  .50243031E+02  .55617596E-02
  .50329450E+02  .55485347E-02
  .50417670E+02  .55945289E-02
  .50505450E+02  .56287129E-02
  .50592881E+02  .56753325E-02
  .50681662E+02  .56518685E-02
  .50770079E+02  .56424396E-02
  .50858951E+02  .57031290E-02
  .50947196E+02  .56933219E-02
  .51034885E+02  .56548296E-02
  .51123986E+02  .56808475E-02
  .51213125E+02  .56810969E-02
  .51303000E+02  .56934753E-02
  .51392737E+02  .57578924E-02
  .51483372E+02  .57159436E-02
  .51572524E+02  .57561653E-02
  .51663795E+02  .56565350E-02
  .51755649E+02  .56583575E-02
  .51846372E+02  .55961822E-02
  .51937510E+02  .56158800E-02
  .52029174E+02  .56325016E-02
  .52121878E+02  .56181507E-02
  .52215066E+02  .56104857E-02
  .52307128E+02  .56354042E-02
  .52400810E+02  .56232504E-02
  .52493721E+02  .56678342E-02
  .52586621E+02  .57733908E-02
  .52681007E+02  .58002662E-02
  .52776421E+02  .57813340E-02
  .52872239E+02  .58759905E-02
  .52967382E+02  .58798912E-02
  .53063625E+02  .59328766E-02
  .53159997E+02  .58849692E-02
  .53258084E+02  .59315641E-02
  .53356623E+02  .59027142E-02
  .53453853E+02  .59322754E-02
  .53553989E+02  .59338253E-02
  .53654124E+02  .59372296E-02
  .53755375E+02  .59686620E-02
  .53857781E+02  .60638757E-02
  .53960478E+02  .60040242E-02
  .54063140E+02  .60358929E-02
  .54167698E+02  .60907166E-02
  .54271271E+02  .60786663E-02
  .54377279E+02  .60402733E-02
  .54483830E+02  .60582833E-02
  .54591142E+02  .61507111E-02
  .54701448E+02  .61607692E-02
  .54811166E+02  .62895812E-02
  .54922979E+02  .62480232E-02
  .55036361E+02  .63308981E-02
  .55150889E+02  .63083101E-02
  .55264923E+02  .63565046E-02
  .55381276E+02  .63438126E-02
  .55497671E+02  .63824751E-02
  .55615220E+02  .64897258E-02
  .55735555E+02  .64651507E-02
  .55857422E+02  .65180508E-02
  .55981411E+02  .65004490E-02
  .56106293E+02  .64855528E-02
  .56232802E+02  .66521848E-02
  .56360324E+02  .65711771E-02
  .56489626E+02  .66055179E-02
  .56623423E+02  .66169133E-02
  .56756749E+02  .66857924E-02
  .56892158E+02  .67680952E-02
  .57028750E+02  .68223366E-02
  .57168514E+02  .69444948E-02
  .57310035E+02  .69908623E-02
  .57454448E+02  .69412059E-02
  .57603930E+02  .70488220E-02
  .57753172E+02  .71827525E-02
  .57906030E+02  .71837291E-02
  .58062786E+02  .72606972E-02
  .58222937E+02  .73685707E-02
  .58382712E+02  .75012445E-02
  .58550422E+02  .76616855E-02
  .58720610E+02  .76462131E-02
  .58894053E+02  .75842843E-02
  .59075858E+02  .75220997E-02
  .59261345E+02  .76329469E-02
  .59449589E+02  .76953358E-02
  .59644574E+02  .77182154E-02
  .59843093E+02  .77605045E-02
  .60052306E+02  .78235204E-02
  .60268358E+02  .79217208E-02
  .60488110E+02  .81119213E-02
  .60715813E+02  .83018381E-02
  .60955677E+02  .85860204E-02
  .61201369E+02  .88863599E-02
  .61461685E+02  .91845313E-02
  .61730245E+02  .93143153E-02
  .62013302E+02  .92158698E-02
  .62309243E+02  .92742315E-02
  .62617678E+02  .94728215E-02
  .62946518E+02  .98286693E-02
  .63294812E+02  .10178459E-01
  .63667426E+02  .10602407E-01
  .64067528E+02  .10984728E-01
  .64509505E+02  .11614574E-01
  .64983182E+02  .12371639E-01
  .65500110E+02  .12589371E-01
  .66087143E+02  .13174225E-01
  .66754097E+02  .14112292E-01
  .67531262E+02  .15082844E-01
  .68455946E+02  .17355612E-01
  .69631342E+02  .19023606E-01
  .71264934E+02  .23771276E-01
  .71666878E+02  .24976128E-01
  .72120967E+02  .26496551E-01
  .72637130E+02  .27587797E-01
  .73235702E+02  .29493642E-01
  .73923964E+02  .32157141E-01
  .74720346E+02  .35371235E-01
  .75773343E+02  .40730015E-01
  .77226861E+02  .47487651E-01
  .79612798E+02  .64605390E-01
  .82006046E+02  .89983678E-01
  .85090556E+02  .13815130E+00
  .87458895E+02  .18846669E+00
lm2  3
  .34111051E+02  .90680375E-01
  .34835599E+02  .59654712E-01
  .35804670E+02  .41801642E-01
  .36656283E+02  .30726523E-01
  .37579333E+02  .23766130E-01
  .38171616E+02  .19554710E-01
  .38614102E+02  .18216723E-01
  .38981813E+02  .16971598E-01
  .39297087E+02  .15924083E-01
  .39563330E+02  .15227746E-01
  .39794873E+02  .14867385E-01
  .39999383E+02  .14836581E-01
  .40195363E+02  .13803982E-01
  .40975283E+02  .12369313E-01
  .41562420E+02  .11615568E-01
  .42042388E+02  .10771964E-01
  .42460999E+02  .10369365E-01
  .42826715E+02  .10134263E-01
  .43159392E+02  .98376772E-02
  .43454718E+02  .91317849E-02
  .43728987E+02  .84801158E-02
  .43994162E+02  .81386296E-02
  .44238374E+02  .79951029E-02
  .44466423E+02  .79901735E-02
  .44683250E+02  .77396986E-02
  .44885418E+02  .75214422E-02
  .45087448E+02  .77316407E-02
  .45274641E+02  .78280590E-02
  .45452226E+02  .77107255E-02
  .45628083E+02  .74656709E-02
  .45797064E+02  .76097396E-02
  .45959609E+02  .74756655E-02
  .46112389E+02  .76550999E-02
  .46266890E+02  .74488715E-02
  .46415584E+02  .74790151E-02
  .46563002E+02  .75574172E-02
  .46706967E+02  .76477202E-02
  .46845501E+02  .77548433E-02
  .46982706E+02  .76426350E-02
  .47116343E+02  .75201660E-02
  .47249301E+02  .74976514E-02
  .47377746E+02  .75044583E-02
  .47506946E+02  .73432680E-02
  .47630927E+02  .74353595E-02
  .47754121E+02  .73618151E-02
  .47875314E+02  .72757286E-02
  .47995972E+02  .72001758E-02
  .48113799E+02  .71008712E-02
  .48230850E+02  .70460857E-02
  .48344950E+02  .70837900E-02
  .48458016E+02  .71406703E-02
  .48570139E+02  .71221022E-02
  .48679815E+02  .71235084E-02
  .48786323E+02  .70734227E-02
  .48896835E+02  .70843446E-02
  .49001604E+02  .71993628E-02
  .49105983E+02  .72547631E-02
  .49207535E+02  .71321812E-02
  .49311585E+02  .71644042E-02
  .49414496E+02  .71945003E-02
  .49517070E+02  .71454880E-02
  .49618517E+02  .72184041E-02
  .49719557E+02  .71577080E-02
  .49818681E+02  .71798734E-02
  .49919098E+02  .71985404E-02
  .50017000E+02  .72032274E-02
  .50114394E+02  .71281327E-02
  .50211949E+02  .71613280E-02
  .50307329E+02  .71783895E-02
  .50406606E+02  .71421508E-02
  .50500923E+02  .72063270E-02
  .50594656E+02  .73265087E-02
  .50690607E+02  .72761728E-02
  .50784537E+02  .73997789E-02
  .50879098E+02  .74379236E-02
  .50972970E+02  .73832715E-02
  .51065548E+02  .73883356E-02
  .51156579E+02  .73213554E-02
  .51248972E+02  .74745004E-02
  .51341112E+02  .74818135E-02
  .51433643E+02  .74107747E-02
  .51525487E+02  .73465439E-02
  .51616619E+02  .73679882E-02
  .51707416E+02  .74037078E-02
  .51796642E+02  .74321991E-02
  .51888240E+02  .74361021E-02
  .51978027E+02  .74374392E-02
  .52067718E+02  .74359191E-02
  .52156915E+02  .75340846E-02
  .52246362E+02  .76209654E-02
  .52336406E+02  .76227494E-02
  .52426031E+02  .75971467E-02
  .52516848E+02  .75623731E-02
  .52607499E+02  .74774770E-02
  .52696466E+02  .73888174E-02
  .52787175E+02  .73978468E-02
  .52875396E+02  .74033380E-02
  .52965409E+02  .73769396E-02
  .53054529E+02  .72681196E-02
  .53145367E+02  .72438205E-02
  .53233139E+02  .72998922E-02
  .53323261E+02  .72925161E-02
  .53411024E+02  .73970285E-02
  .53500663E+02  .74703325E-02
  .53591521E+02  .73895280E-02
  .53682423E+02  .74761927E-02
  .53772141E+02  .74707885E-02
  .53863878E+02  .74939188E-02
  .53954949E+02  .75788948E-02
  .54043227E+02  .75046532E-02
  .54134324E+02  .75493754E-02
  .54226792E+02  .75834644E-02
  .54318542E+02  .76491468E-02
  .54408861E+02  .75982636E-02
  .54500640E+02  .76004172E-02
  .54593061E+02  .75655076E-02
  .54684535E+02  .76246747E-02
  .54776411E+02  .76013189E-02
  .54869906E+02  .76131806E-02
  .54962666E+02  .75981735E-02
  .55056955E+02  .76389126E-02
  .55150590E+02  .77906154E-02
  .55245186E+02  .78418401E-02
  .55337909E+02  .78122019E-02
  .55432134E+02  .79188213E-02
  .55526943E+02  .77773368E-02
  .55622057E+02  .77545609E-02
  .55717705E+02  .77631089E-02
  .55814214E+02  .78318504E-02
  .55910256E+02  .77253295E-02
  .56006595E+02  .76723549E-02
  .56103681E+02  .77115463E-02
  .56203459E+02  .79373749E-02
  .56301821E+02  .79714080E-02
  .56401709E+02  .80102368E-02
  .56503314E+02  .81147334E-02
  .56606684E+02  .82073149E-02
  .56707993E+02  .82259903E-02
  .56808678E+02  .83750179E-02
  .56912841E+02  .83910381E-02
  .57017566E+02  .83287445E-02
  .57123181E+02  .83569030E-02
  .57230984E+02  .82635995E-02
  .57337552E+02  .83427206E-02
  .57444053E+02  .82457160E-02
  .57554079E+02  .82977702E-02
  .57663209E+02  .84369563E-02
  .57773863E+02  .85550713E-02
  .57885345E+02  .86781412E-02
  .57998965E+02  .86518684E-02
  .58114363E+02  .87572124E-02
  .58228353E+02  .86863975E-02
  .58341615E+02  .87585075E-02
  .58459741E+02  .89304482E-02
  .58578983E+02  .90775874E-02
  .58699162E+02  .89900421E-02
  .58819840E+02  .92203544E-02
  .58941596E+02  .92116824E-02
  .59063527E+02  .93976247E-02
  .59190249E+02  .93629366E-02
  .59318269E+02  .93818503E-02
  .59448567E+02  .93022399E-02
  .59579337E+02  .93104996E-02
  .59711960E+02  .92323420E-02
  .59845487E+02  .91908697E-02
  .59981704E+02  .93616332E-02
  .60121988E+02  .93972556E-02
  .60262608E+02  .93554961E-02
  .60403044E+02  .95086460E-02
  .60548054E+02  .95846800E-02
  .60698866E+02  .96654657E-02
  .60850135E+02  .98758925E-02
  .61002722E+02  .10061008E-01
  .61159502E+02  .10050715E-01
  .61314931E+02  .98066121E-02
  .61477463E+02  .97922300E-02
  .61644175E+02  .99780023E-02
  .61815558E+02  .10093148E-01
  .61990517E+02  .10117142E-01
  .62171837E+02  .10194593E-01
  .62356207E+02  .10189577E-01
  .62543230E+02  .10384763E-01
  .62739744E+02  .10472290E-01
  .62941133E+02  .10605710E-01
  .63148606E+02  .10866174E-01
  .63359562E+02  .11003507E-01
  .63577731E+02  .11215294E-01
  .63801097E+02  .11484520E-01
  .64035838E+02  .11519807E-01
  .64276854E+02  .11862404E-01
  .64531117E+02  .12115690E-01
  .64793319E+02  .12418339E-01
  .65063006E+02  .12554045E-01
  .65353117E+02  .12749544E-01
  .65650535E+02  .13044449E-01
  .65971080E+02  .13827164E-01
  .66315028E+02  .14223275E-01
  .66674861E+02  .14533693E-01
  .67047779E+02  .15248168E-01
  .67463298E+02  .15629697E-01
  .67902368E+02  .16450036E-01
  .68390254E+02  .16933021E-01
  .68916786E+02  .18379989E-01
  .69512334E+02  .19442025E-01
  .70179518E+02  .20578255E-01
  .70964647E+02  .22004020E-01
  .71909919E+02  .24084406E-01
  .73099492E+02  .27825375E-01
  .74743845E+02  .32943023E-01
  .75158599E+02  .34930745E-01
  .75626046E+02  .35959626E-01
  .76134906E+02  .38114271E-01
  .76703198E+02  .41436566E-01
  .77390270E+02  .46834271E-01
  .78234537E+02  .53156211E-01
  .79347990E+02  .58589035E-01
  .80829416E+02  .67882948E-01
  .83341279E+02  .93749007E-01
  .85838542E+02  .13265359E+00
  .88806950E+02  .20093294E+00
  .91177492E+02  .25498924E+00
lm1s 3
  .32156223E+02  .55163445E-01
  .32862036E+02  .43922731E-01
  .33915826E+02  .30416411E-01
  .34786766E+02  .23318717E-01
  .35687521E+02  .18868137E-01
  .36269606E+02  .16222414E-01
  .36708820E+02  .14618448E-01
  .37051278E+02  .13026364E-01
  .37334354E+02  .12392211E-01
  .37589054E+02  .11629081E-01
  .37815730E+02  .11043001E-01
  .38026606E+02  .10612084E-01
  .38214243E+02  .10383292E-01
  .38978327E+02  .92588731E-02
  .39555314E+02  .86688071E-02
  .40024777E+02  .80030725E-02
  .40430243E+02  .75892042E-02
  .40783849E+02  .73970942E-02
  .41105268E+02  .70416779E-02
  .41396079E+02  .69894079E-02
  .41666536E+02  .65100703E-02
  .41919978E+02  .63156900E-02
  .42154293E+02  .63075046E-02
  .42376258E+02  .62758484E-02
  .42585431E+02  .62089650E-02
  .42785830E+02  .62086127E-02
  .42975970E+02  .60316790E-02
  .43160266E+02  .57314949E-02
  .43335139E+02  .57566666E-02
  .43507250E+02  .57545374E-02
  .43672970E+02  .56676169E-02
  .43833035E+02  .57206640E-02
  .43988204E+02  .57593317E-02
  .44140320E+02  .57792323E-02
  .44288526E+02  .57259469E-02
  .44430296E+02  .56724538E-02
  .44568753E+02  .56166025E-02
  .44705592E+02  .56163413E-02
  .44838826E+02  .56509648E-02
  .44971016E+02  .56716861E-02
  .45099880E+02  .56425900E-02
  .45226644E+02  .56334562E-02
  .45350527E+02  .56281350E-02
  .45471317E+02  .56704809E-02
  .45593341E+02  .56961973E-02
  .45711027E+02  .57097507E-02
  .45824811E+02  .56430403E-02
  .45938846E+02  .56751211E-02
  .46052684E+02  .56491848E-02
  .46165236E+02  .56493916E-02
  .46276157E+02  .57041916E-02
  .46384203E+02  .56685407E-02
  .46490647E+02  .57262194E-02
  .46596497E+02  .56793490E-02
  .46701134E+02  .56269884E-02
  .46805214E+02  .55918083E-02
  .46909101E+02  .56574400E-02
  .47011226E+02  .56177059E-02
  .47111314E+02  .56685565E-02
  .47212100E+02  .56443791E-02
  .47310012E+02  .56217020E-02
  .47408084E+02  .56245373E-02
  .47505993E+02  .56248209E-02
  .47604138E+02  .56518126E-02
  .47700156E+02  .57078518E-02
  .47796933E+02  .56677788E-02
  .47891920E+02  .56620672E-02
  .47986452E+02  .56753168E-02
  .48080434E+02  .56680371E-02
  .48174814E+02  .55800690E-02
  .48266596E+02  .56118943E-02
  .48359195E+02  .55769199E-02
  .48450455E+02  .55406390E-02
  .48542042E+02  .55533208E-02
  .48633391E+02  .55977899E-02
  .48724384E+02  .56395481E-02
  .48814300E+02  .55968375E-02
  .48904983E+02  .56137482E-02
  .48995056E+02  .56066866E-02
  .49084776E+02  .56058613E-02
  .49174851E+02  .55994647E-02
  .49265133E+02  .56009965E-02
  .49354582E+02  .56580195E-02
  .49443390E+02  .55986577E-02
  .49533301E+02  .56296836E-02
  .49622088E+02  .56295567E-02
  .49710722E+02  .55911808E-02
  .49799405E+02  .56271334E-02
  .49886988E+02  .56096577E-02
  .49974861E+02  .56058817E-02
  .50062492E+02  .56268954E-02
  .50151029E+02  .56379787E-02
  .50237780E+02  .56022198E-02
  .50325395E+02  .56038897E-02
  .50412369E+02  .55876843E-02
  .50499566E+02  .55519332E-02
  .50587798E+02  .55599139E-02
  .50674522E+02  .56024226E-02
  .50762738E+02  .55961278E-02
  .50850009E+02  .55357775E-02
  .50937182E+02  .55640635E-02
  .51024380E+02  .55430960E-02
  .51112778E+02  .55498345E-02
  .51199651E+02  .55934543E-02
  .51287032E+02  .56580081E-02
  .51375131E+02  .56840058E-02
  .51462681E+02  .56129680E-02
  .51552241E+02  .56317863E-02
  .51640558E+02  .55974126E-02
  .51728984E+02  .55934960E-02
  .51817823E+02  .56504357E-02
  .51906627E+02  .56170307E-02
  .51996611E+02  .55392537E-02
  .52086847E+02  .55239406E-02
  .52175964E+02  .55956339E-02
  .52266764E+02  .55752694E-02
  .52356617E+02  .55843640E-02
  .52446620E+02  .55397195E-02
  .52538494E+02  .55977996E-02
  .52628435E+02  .56735899E-02
  .52720953E+02  .56428518E-02
  .52811570E+02  .56430314E-02
  .52903357E+02  .56547117E-02
  .52996728E+02  .56389899E-02
  .53088685E+02  .56413140E-02
  .53181766E+02  .57736394E-02
  .53275902E+02  .58195942E-02
  .53369515E+02  .58696357E-02
  .53464034E+02  .58494982E-02
  .53559600E+02  .58591946E-02
  .53656395E+02  .58259808E-02
  .53750330E+02  .59160732E-02
  .53847728E+02  .59434486E-02
  .53944986E+02  .59210451E-02
  .54043857E+02  .58997231E-02
  .54142628E+02  .59254876E-02
  .54241702E+02  .59589705E-02
  .54342502E+02  .60011216E-02
  .54442603E+02  .60011748E-02
  .54542054E+02  .60224275E-02
  .54643861E+02  .59759982E-02
  .54746046E+02  .60127713E-02
  .54850275E+02  .60427559E-02
  .54953368E+02  .60294333E-02
  .55058622E+02  .60848736E-02
  .55164994E+02  .61164276E-02
  .55272943E+02  .61617461E-02
  .55380957E+02  .61815800E-02
  .55490465E+02  .61898925E-02
  .55600379E+02  .62329013E-02
  .55710552E+02  .62316471E-02
  .55823200E+02  .62820906E-02
  .55938684E+02  .62808425E-02
  .56053893E+02  .63164644E-02
  .56172520E+02  .63347655E-02
  .56288528E+02  .63155761E-02
  .56408120E+02  .63028889E-02
  .56528417E+02  .63663614E-02
  .56648614E+02  .64815444E-02
  .56771387E+02  .64664551E-02
  .56895887E+02  .64028976E-02
  .57020849E+02  .64251207E-02
  .57149527E+02  .64674598E-02
  .57278044E+02  .64989186E-02
  .57409871E+02  .65245623E-02
  .57543982E+02  .64870560E-02
  .57679243E+02  .65809303E-02
  .57817070E+02  .66445757E-02
  .57958292E+02  .67697735E-02
  .58100254E+02  .68389401E-02
  .58246174E+02  .69187243E-02
  .58393882E+02  .69870252E-02
  .58543114E+02  .71929064E-02
  .58695773E+02  .71561152E-02
  .58849801E+02  .72881510E-02
  .59011876E+02  .74225234E-02
  .59174415E+02  .74830036E-02
  .59342752E+02  .74979128E-02
  .59514774E+02  .74792896E-02
  .59690443E+02  .75768510E-02
  .59870964E+02  .76866387E-02
  .60058615E+02  .78570248E-02
  .60251674E+02  .78491270E-02
  .60446749E+02  .79446291E-02
  .60647626E+02  .80421369E-02
  .60855907E+02  .82798516E-02
  .61069316E+02  .83339578E-02
  .61288068E+02  .85602810E-02
  .61512885E+02  .85187247E-02
  .61745187E+02  .86061295E-02
  .61994915E+02  .87537825E-02
  .62248741E+02  .88348170E-02
  .62522973E+02  .90075817E-02
  .62808377E+02  .92043076E-02
  .63103252E+02  .94494928E-02
  .63416383E+02  .97140274E-02
  .63746292E+02  .97482819E-02
  .64096747E+02  .10164681E-01
  .64471547E+02  .10418173E-01
  .64868382E+02  .10845534E-01
  .65297058E+02  .11091191E-01
  .65770662E+02  .11467260E-01
  .66291518E+02  .12153618E-01
  .66875065E+02  .13209640E-01
  .67546246E+02  .14382181E-01
  .68328962E+02  .15982022E-01
  .69262351E+02  .17550036E-01
  .70451201E+02  .20175855E-01
  .72101216E+02  .23806962E-01
  .72496571E+02  .24737711E-01
  .72951889E+02  .26409493E-01
  .73466107E+02  .27395630E-01
  .74056398E+02  .29069866E-01
  .74753675E+02  .30884384E-01
  .75597655E+02  .34344649E-01
  .76638646E+02  .40415958E-01
  .78055749E+02  .49138168E-01
  .80540831E+02  .67947429E-01
  .82874749E+02  .89942268E-01
  .86069246E+02  .14241848E+00
  .88210230E+02  .20749007E+00
lm2s 3
  .34767972E+02  .68648386E-01
  .35554277E+02  .47908902E-01
  .36612970E+02  .33367989E-01
  .37505560E+02  .24478233E-01
  .38460210E+02  .17937559E-01
  .39035273E+02  .15992090E-01
  .39481766E+02  .14445976E-01
  .39850968E+02  .13651532E-01
  .40165945E+02  .12948763E-01
  .40435334E+02  .12056495E-01
  .40673165E+02  .11382264E-01
  .40878231E+02  .10846717E-01
  .41064907E+02  .10369917E-01
  .41844865E+02  .95304826E-02
  .42437524E+02  .90513474E-02
  .42930952E+02  .84770422E-02
  .43345646E+02  .79666374E-02
  .43707771E+02  .79164165E-02
  .44038925E+02  .76479038E-02
  .44342603E+02  .75026380E-02
  .44619374E+02  .72946147E-02
  .44874510E+02  .69471283E-02
  .45112761E+02  .69263698E-02
  .45345252E+02  .69668386E-02
  .45561015E+02  .67823364E-02
  .45764240E+02  .68408919E-02
  .45960296E+02  .68161858E-02
  .46145214E+02  .65974356E-02
  .46324609E+02  .64520788E-02
  .46498063E+02  .63575578E-02
  .46666417E+02  .62006943E-02
  .46831514E+02  .60134108E-02
  .46990925E+02  .59388175E-02
  .47146366E+02  .58109491E-02
  .47298959E+02  .57474946E-02
  .47443798E+02  .57204559E-02
  .47588549E+02  .59178631E-02
  .47726723E+02  .58284966E-02
  .47865463E+02  .57519098E-02
  .47999628E+02  .58489760E-02
  .48131606E+02  .58347754E-02
  .48259925E+02  .58186595E-02
  .48387811E+02  .58439521E-02
  .48511556E+02  .58450997E-02
  .48634249E+02  .59114764E-02
  .48757698E+02  .58495609E-02
  .48876297E+02  .57767670E-02
  .48995835E+02  .57181567E-02
  .49112549E+02  .56451506E-02
  .49228060E+02  .56091289E-02
  .49341390E+02  .56085080E-02
  .49454711E+02  .55793345E-02
  .49563682E+02  .55689855E-02
  .49673690E+02  .56115879E-02
  .49782713E+02  .56508058E-02
  .49889853E+02  .55731042E-02
  .49995349E+02  .56583655E-02
  .50100879E+02  .56458821E-02
  .50204215E+02  .56423438E-02
  .50309526E+02  .56283578E-02
  .50411033E+02  .56674808E-02
  .50512725E+02  .56768751E-02
  .50611082E+02  .57128823E-02
  .50710828E+02  .57170425E-02
  .50810870E+02  .57147510E-02
  .50908946E+02  .56514617E-02
  .51005408E+02  .56348038E-02
  .51102718E+02  .56413123E-02
  .51199579E+02  .56573843E-02
  .51295763E+02  .56168247E-02
  .51391775E+02  .56962569E-02
  .51485789E+02  .56688783E-02
  .51581308E+02  .56307937E-02
  .51674895E+02  .57177681E-02
  .51768720E+02  .57136985E-02
  .51861043E+02  .57293916E-02
  .51953326E+02  .57124238E-02
  .52045200E+02  .57111137E-02
  .52137638E+02  .56878865E-02
  .52230019E+02  .56832991E-02
  .52322624E+02  .56360905E-02
  .52415397E+02  .56329421E-02
  .52506701E+02  .56065565E-02
  .52598015E+02  .56289835E-02
  .52688872E+02  .56440263E-02
  .52780311E+02  .56688835E-02
  .52870129E+02  .56950460E-02
  .52960819E+02  .56812865E-02
  .53052309E+02  .56813623E-02
  .53142562E+02  .56127682E-02
  .53232353E+02  .56344374E-02
  .53321535E+02  .56242108E-02
  .53410457E+02  .56423952E-02
  .53500630E+02  .56011426E-02
  .53589059E+02  .55829687E-02
  .53678304E+02  .55817581E-02
  .53769078E+02  .55752912E-02
  .53858512E+02  .56165811E-02
  .53949403E+02  .56178778E-02
  .54039426E+02  .55760144E-02
  .54127595E+02  .56123286E-02
  .54217795E+02  .56119245E-02
  .54306361E+02  .55995599E-02
  .54396552E+02  .55927101E-02
  .54487432E+02  .56465348E-02
  .54576816E+02  .56934542E-02
  .54666538E+02  .57300530E-02
  .54756409E+02  .57647891E-02
  .54845582E+02  .57604378E-02
  .54935988E+02  .58002924E-02
  .55026847E+02  .58696623E-02
  .55118541E+02  .59008930E-02
  .55210109E+02  .59041857E-02
  .55301511E+02  .59149941E-02
  .55393527E+02  .58964692E-02
  .55485494E+02  .59538380E-02
  .55576378E+02  .59277917E-02
  .55668448E+02  .59429846E-02
  .55762496E+02  .59659484E-02
  .55855633E+02  .60348704E-02
  .55949824E+02  .60137943E-02
  .56043301E+02  .60712534E-02
  .56137101E+02  .60640884E-02
  .56231845E+02  .60395441E-02
  .56327076E+02  .61105814E-02
  .56424173E+02  .61133939E-02
  .56520254E+02  .61130700E-02
  .56616046E+02  .60991534E-02
  .56712583E+02  .60467777E-02
  .56810755E+02  .60523552E-02
  .56907795E+02  .60666528E-02
  .57005517E+02  .60441422E-02
  .57103169E+02  .61705087E-02
  .57202601E+02  .62039591E-02
  .57303059E+02  .62570641E-02
  .57403219E+02  .62804400E-02
  .57505466E+02  .62671636E-02
  .57608734E+02  .62788783E-02
  .57711075E+02  .62771271E-02
  .57815184E+02  .62246378E-02
  .57919679E+02  .62381311E-02
  .58025431E+02  .62741534E-02
  .58131610E+02  .62963630E-02
  .58238936E+02  .63063969E-02
  .58347546E+02  .62835261E-02
  .58454955E+02  .62903167E-02
  .58563192E+02  .64145439E-02
  .58673139E+02  .64484797E-02
  .58785045E+02  .64394784E-02
  .58897703E+02  .64688131E-02
  .59010999E+02  .65811086E-02
  .59126073E+02  .65753262E-02
  .59242957E+02  .65720774E-02
  .59360224E+02  .65099214E-02
  .59479870E+02  .65272233E-02
  .59599250E+02  .64678005E-02
  .59721413E+02  .65009682E-02
  .59845062E+02  .65210162E-02
  .59970666E+02  .66000508E-02
  .60096671E+02  .66570036E-02
  .60225059E+02  .67736293E-02
  .60354684E+02  .67736952E-02
  .60486633E+02  .68064073E-02
  .60617690E+02  .67904990E-02
  .60753218E+02  .68549075E-02
  .60889906E+02  .70218189E-02
  .61030029E+02  .70970913E-02
  .61171842E+02  .70994017E-02
  .61314796E+02  .71394170E-02
  .61462481E+02  .72623471E-02
  .61609924E+02  .72114020E-02
  .61761837E+02  .72973773E-02
  .61914333E+02  .73787894E-02
  .62071413E+02  .73962182E-02
  .62232846E+02  .73108105E-02
  .62394465E+02  .73921234E-02
  .62562423E+02  .74741281E-02
  .62733676E+02  .76178026E-02
  .62908949E+02  .75440816E-02
  .63086376E+02  .76119478E-02
  .63269380E+02  .77255117E-02
  .63457680E+02  .77596487E-02
  .63651553E+02  .78700296E-02
  .63850194E+02  .80039605E-02
  .64052881E+02  .81105883E-02
  .64265807E+02  .82704286E-02
  .64488015E+02  .83821573E-02
  .64709543E+02  .84961678E-02
  .64941469E+02  .84839160E-02
  .65186185E+02  .85610987E-02
  .65435027E+02  .86745120E-02
  .65700059E+02  .88249402E-02
  .65969171E+02  .88533759E-02
  .66259654E+02  .92937489E-02
  .66556139E+02  .94331996E-02
  .66871836E+02  .97127308E-02
  .67209746E+02  .96393699E-02
  .67567857E+02  .99856423E-02
  .67950993E+02  .10637688E-01
  .68366092E+02  .11086897E-01
  .68814236E+02  .11350906E-01
  .69302530E+02  .11941641E-01
  .69837495E+02  .12886257E-01
  .70432833E+02  .14070953E-01
  .71112135E+02  .15213184E-01
  .71918875E+02  .16083239E-01
  .72859253E+02  .18147585E-01
  .74053693E+02  .20639896E-01
  .75686799E+02  .24593337E-01
  .76098075E+02  .25696334E-01
  .76558668E+02  .26950410E-01
  .77086694E+02  .27523640E-01
  .77679461E+02  .28925912E-01
  .78384747E+02  .31010541E-01
  .79215378E+02  .33942810E-01
  .80321031E+02  .40340339E-01
  .81803064E+02  .47582422E-01
  .84374737E+02  .69544993E-01
  .86828265E+02  .96087063E-01
  .89803027E+02  .14553470E+00
  .91860438E+02  .21295776E+00
tr0  3
  .13392898E+03  .26863625E+00
  .13631465E+03  .20457812E+00
  .13953058E+03  .13645292E+00
  .14216145E+03  .10158690E+00
  .14501195E+03  .83413954E-01
  .14680128E+03  .65892228E-01
  .14814741E+03  .58173987E-01
  .14923747E+03  .54056152E-01
  .15010713E+03  .50486332E-01
  .15088220E+03  .47714511E-01
  .15158067E+03  .46440124E-01
  .15220941E+03  .44104641E-01
  .15277931E+03  .42172906E-01
  .15505137E+03  .36627733E-01
  .15676857E+03  .33460520E-01
  .15815166E+03  .30734884E-01
  .15930329E+03  .28958202E-01
  .16033608E+03  .27545393E-01
  .16124487E+03  .26333448E-01
  .16208129E+03  .25571000E-01
  .16285249E+03  .24669704E-01
  .16355583E+03  .24165807E-01
  .16422501E+03  .23742890E-01
  .16483417E+03  .22785706E-01
  .16541958E+03  .22010354E-01
  .16596626E+03  .22270337E-01
  .16649259E+03  .21958494E-01
  .16700261E+03  .21108461E-01
  .16749526E+03  .20409239E-01
  .16795738E+03  .20586715E-01
  .16841347E+03  .20717366E-01
  .16884391E+03  .19659505E-01
  .16926738E+03  .19818322E-01
  .16968033E+03  .19278362E-01
  .17008449E+03  .19420244E-01
  .17047257E+03  .19113505E-01
  .17085288E+03  .18751138E-01
  .17121837E+03  .18951602E-01
  .17157233E+03  .18643488E-01
  .17192480E+03  .18571548E-01
  .17227003E+03  .18351624E-01
  .17260069E+03  .18464964E-01
  .17293477E+03  .18639746E-01
  .17326632E+03  .18361205E-01
  .17358580E+03  .18408766E-01
  .17389950E+03  .18667457E-01
  .17420325E+03  .18377551E-01
  .17450436E+03  .18181139E-01
  .17480332E+03  .18469944E-01
  .17509195E+03  .18325957E-01
  .17537543E+03  .18507908E-01
  .17566455E+03  .18423442E-01
  .17594645E+03  .18377682E-01
  .17622510E+03  .18061779E-01
  .17650502E+03  .18002025E-01
  .17678062E+03  .18069658E-01
  .17704545E+03  .18217555E-01
  .17731405E+03  .18203345E-01
  .17757861E+03  .18075561E-01
  .17783940E+03  .17943232E-01
  .17809709E+03  .17933208E-01
  .17835628E+03  .17845855E-01
  .17861270E+03  .17596251E-01
  .17886236E+03  .17706761E-01
  .17910992E+03  .17780340E-01
  .17935850E+03  .17753873E-01
  .17960371E+03  .17674655E-01
  .17984984E+03  .17426978E-01
  .18008984E+03  .17352958E-01
  .18032992E+03  .17708092E-01
  .18056556E+03  .17584982E-01
  .18080171E+03  .17539186E-01
  .18103686E+03  .17544049E-01
  .18127145E+03  .17595799E-01
  .18150050E+03  .17472616E-01
  .18172929E+03  .17358014E-01
  .18195685E+03  .17299788E-01
  .18219212E+03  .17617133E-01
  .18242241E+03  .17565298E-01
  .18265041E+03  .17511365E-01
  .18287574E+03  .17500875E-01
  .18310260E+03  .17346229E-01
  .18332716E+03  .17207396E-01
  .18354732E+03  .17261789E-01
  .18377085E+03  .17317773E-01
  .18399351E+03  .17451192E-01
  .18421335E+03  .17010089E-01
  .18443584E+03  .17337368E-01
  .18465193E+03  .17467952E-01
  .18487229E+03  .17575068E-01
  .18508940E+03  .17536796E-01
  .18530574E+03  .17512183E-01
  .18551922E+03  .17732826E-01
  .18573267E+03  .17594252E-01
  .18594830E+03  .17678292E-01
  .18616559E+03  .17771383E-01
  .18638225E+03  .17780480E-01
  .18660103E+03  .17899469E-01
  .18680955E+03  .17754050E-01
  .18702663E+03  .17780888E-01
  .18724096E+03  .17760054E-01
  .18745637E+03  .17758955E-01
  .18767238E+03  .17758351E-01
  .18789031E+03  .17974206E-01
  .18810076E+03  .17901693E-01
  .18831302E+03  .17935657E-01
  .18852679E+03  .18033667E-01
  .18873760E+03  .18051326E-01
  .18894925E+03  .17774837E-01
  .18916557E+03  .17726767E-01
  .18938210E+03  .17790379E-01
  .18959733E+03  .18083209E-01
  .18981352E+03  .18151835E-01
  .19002612E+03  .18316772E-01
  .19024327E+03  .18325529E-01
  .19045773E+03  .18518686E-01
  .19067664E+03  .18516231E-01
  .19089331E+03  .18522894E-01
  .19111055E+03  .18377125E-01
  .19133098E+03  .18357170E-01
  .19154812E+03  .18756896E-01
  .19176345E+03  .18853760E-01
  .19198527E+03  .18913418E-01
  .19220684E+03  .18931611E-01
  .19243259E+03  .18900444E-01
  .19265455E+03  .18863045E-01
  .19287968E+03  .18680407E-01
  .19309957E+03  .18702108E-01
  .19332483E+03  .18811385E-01
  .19355374E+03  .18682343E-01
  .19377775E+03  .18553599E-01
  .19400438E+03  .18390330E-01
  .19423443E+03  .18412332E-01
  .19446230E+03  .18199200E-01
  .19469365E+03  .18047327E-01
  .19492366E+03  .18218442E-01
  .19515892E+03  .18494874E-01
  .19539213E+03  .18614269E-01
  .19562794E+03  .18593575E-01
  .19586514E+03  .18159153E-01
  .19610298E+03  .18534103E-01
  .19634417E+03  .18812772E-01
  .19658594E+03  .18918533E-01
  .19682218E+03  .19050509E-01
  .19706616E+03  .18997159E-01
  .19730924E+03  .18815427E-01
  .19755522E+03  .19004377E-01
  .19780041E+03  .18975293E-01
  .19805114E+03  .19014192E-01
  .19830325E+03  .19140932E-01
  .19855897E+03  .19329920E-01
  .19881973E+03  .19526981E-01
  .19908036E+03  .19310254E-01
  .19934519E+03  .19264302E-01
  .19960957E+03  .19552770E-01
  .19987440E+03  .19822482E-01
  .20014516E+03  .19768470E-01
  .20042134E+03  .20046862E-01
  .20069991E+03  .20212688E-01
  .20098206E+03  .20283468E-01
  .20126201E+03  .20448991E-01
  .20154769E+03  .20552255E-01
  .20183727E+03  .20605925E-01
  .20213181E+03  .20586250E-01
  .20242720E+03  .20483873E-01
  .20272561E+03  .20816116E-01
  .20303220E+03  .20950966E-01
  .20334332E+03  .21294672E-01
  .20365421E+03  .21619696E-01
  .20397285E+03  .22037625E-01
  .20429763E+03  .22261394E-01
  .20463001E+03  .21988573E-01
  .20496317E+03  .21838525E-01
  .20530300E+03  .21723200E-01
  .20565588E+03  .22287238E-01
  .20601168E+03  .22655512E-01
  .20637595E+03  .22897668E-01
  .20673367E+03  .23349036E-01
  .20711050E+03  .23268202E-01
  .20749353E+03  .23914655E-01
  .20788809E+03  .23826909E-01
  .20828938E+03  .23834985E-01
  .20870023E+03  .24361561E-01
  .20912886E+03  .24840248E-01
  .20955589E+03  .25375178E-01
  .21000728E+03  .25373160E-01
  .21046031E+03  .26551729E-01
  .21092956E+03  .26069392E-01
  .21142098E+03  .26556403E-01
  .21194048E+03  .27000035E-01
  .21247325E+03  .27492234E-01
  .21302655E+03  .27664288E-01
  .21360603E+03  .28212646E-01
  .21420650E+03  .28061253E-01
  .21482794E+03  .28460693E-01
  .21548307E+03  .28695635E-01
  .21617321E+03  .27977099E-01
  .21688575E+03  .27920312E-01
  .21767904E+03  .28687408E-01
  .21851747E+03  .30505991E-01
  .21940932E+03  .30463724E-01
  .22038194E+03  .32271359E-01
  .22145786E+03  .34093750E-01
  .22264044E+03  .36590760E-01
  .22398294E+03  .38748560E-01
  .22555388E+03  .41431999E-01
  .22740658E+03  .46101527E-01
  .22972082E+03  .51565483E-01
  .23283674E+03  .61106390E-01
  .23362832E+03  .63595999E-01
  .23449315E+03  .65316867E-01
  .23548502E+03  .69329011E-01
  .23658612E+03  .73499356E-01
  .23792020E+03  .82310125E-01
  .23950624E+03  .88405864E-01
  .24147070E+03  .10032169E+00
  .24423695E+03  .11647204E+00
  .24879299E+03  .16312340E+00
  .25315078E+03  .21973218E+00
  .25844605E+03  .33205109E+00
  .26205049E+03  .44242699E+00
tr1  3
  .15075706E+03  .26945457E+00
  .15310864E+03  .18775349E+00
  .15628649E+03  .13601366E+00
  .15904987E+03  .11036028E+00
  .16201034E+03  .79246135E-01
  .16391091E+03  .68438814E-01
  .16537816E+03  .62896807E-01
  .16657277E+03  .60081730E-01
  .16752363E+03  .55761233E-01
  .16833799E+03  .53340427E-01
  .16904304E+03  .50122813E-01
  .16969730E+03  .47987651E-01
  .17029884E+03  .47804929E-01
  .17260509E+03  .40242427E-01
  .17437614E+03  .36304986E-01
  .17581998E+03  .34332048E-01
  .17704561E+03  .32470833E-01
  .17811272E+03  .31810234E-01
  .17908430E+03  .31103902E-01
  .17995937E+03  .29464551E-01
  .18074118E+03  .27742776E-01
  .18146278E+03  .26001965E-01
  .18215239E+03  .26243914E-01
  .18279832E+03  .25350663E-01
  .18341120E+03  .24974254E-01
  .18399964E+03  .24586849E-01
  .18455599E+03  .24370157E-01
  .18509633E+03  .23660729E-01
  .18561020E+03  .22865463E-01
  .18609375E+03  .22606445E-01
  .18655585E+03  .21735672E-01
  .18701042E+03  .21798755E-01
  .18744633E+03  .21715068E-01
  .18786814E+03  .21907581E-01
  .18827358E+03  .21910485E-01
  .18867319E+03  .21632196E-01
  .18906661E+03  .21513030E-01
  .18944870E+03  .21433373E-01
  .18982521E+03  .20649098E-01
  .19019025E+03  .20859276E-01
  .19054296E+03  .20334149E-01
  .19089313E+03  .20221264E-01
  .19123973E+03  .20423131E-01
  .19157069E+03  .20597416E-01
  .19189643E+03  .20647920E-01
  .19222332E+03  .20306258E-01
  .19254217E+03  .20615767E-01
  .19285851E+03  .20860050E-01
  .19317026E+03  .20913422E-01
  .19347064E+03  .20713692E-01
  .19376727E+03  .20318142E-01
  .19406415E+03  .20183035E-01
  .19435685E+03  .19982269E-01
  .19464029E+03  .19817456E-01
  .19492273E+03  .19752129E-01
  .19520918E+03  .20140237E-01
  .19548567E+03  .19926638E-01
  .19576113E+03  .19616189E-01
  .19603103E+03  .19448724E-01
  .19630249E+03  .19332649E-01
  .19656917E+03  .19267583E-01
  .19683830E+03  .19369407E-01
  .19709882E+03  .19148252E-01
  .19735360E+03  .19287602E-01
  .19761367E+03  .19088699E-01
  .19787009E+03  .18852411E-01
  .19812719E+03  .18628875E-01
  .19837962E+03  .18453912E-01
  .19863436E+03  .18700059E-01
  .19888440E+03  .18855980E-01
  .19913040E+03  .18667746E-01
  .19937652E+03  .18734519E-01
  .19962238E+03  .18868090E-01
  .19986215E+03  .18968258E-01
  .20010668E+03  .19148690E-01
  .20034873E+03  .19234370E-01
  .20058182E+03  .19292583E-01
  .20081743E+03  .19315078E-01
  .20105254E+03  .19363537E-01
  .20128890E+03  .19460929E-01
  .20152130E+03  .19487076E-01
  .20175483E+03  .19455611E-01
  .20198666E+03  .19539295E-01
  .20221982E+03  .19272899E-01
  .20245059E+03  .19138219E-01
  .20267656E+03  .18898669E-01
  .20290339E+03  .18931328E-01
  .20312591E+03  .19036688E-01
  .20335468E+03  .19218843E-01
  .20357748E+03  .18985477E-01
  .20380205E+03  .18793368E-01
  .20402764E+03  .18640538E-01
  .20425340E+03  .18869166E-01
  .20448189E+03  .19036279E-01
  .20470807E+03  .18993315E-01
  .20493174E+03  .18954964E-01
  .20515688E+03  .18899398E-01
  .20537763E+03  .18879516E-01
  .20560213E+03  .18926134E-01
  .20582796E+03  .18876001E-01
  .20604939E+03  .18887282E-01
  .20626929E+03  .18942030E-01
  .20649928E+03  .19024621E-01
  .20672020E+03  .18955063E-01
  .20694651E+03  .18833425E-01
  .20717213E+03  .18788101E-01
  .20739201E+03  .18354279E-01
  .20761537E+03  .18277686E-01
  .20783908E+03  .18218718E-01
  .20806246E+03  .18213488E-01
  .20828333E+03  .18322746E-01
  .20850549E+03  .18207043E-01
  .20872504E+03  .18459281E-01
  .20895260E+03  .18516193E-01
  .20917825E+03  .18334787E-01
  .20939779E+03  .18679953E-01
  .20961977E+03  .18645676E-01
  .20984201E+03  .18636700E-01
  .21006691E+03  .18626764E-01
  .21029419E+03  .18698550E-01
  .21051370E+03  .18840835E-01
  .21074126E+03  .18817714E-01
  .21097264E+03  .18980862E-01
  .21120228E+03  .19011429E-01
  .21143391E+03  .19163149E-01
  .21166335E+03  .19277549E-01
  .21189561E+03  .19372512E-01
  .21212768E+03  .19279643E-01
  .21235873E+03  .19625057E-01
  .21258965E+03  .19690302E-01
  .21281941E+03  .19903059E-01
  .21305331E+03  .19975733E-01
  .21328732E+03  .19682049E-01
  .21352909E+03  .19689318E-01
  .21377067E+03  .19300160E-01
  .21401040E+03  .19401115E-01
  .21424938E+03  .19342587E-01
  .21449535E+03  .19293785E-01
  .21473908E+03  .19285643E-01
  .21498273E+03  .19346612E-01
  .21522913E+03  .19266885E-01
  .21547913E+03  .19550226E-01
  .21573227E+03  .19627316E-01
  .21597982E+03  .19641451E-01
  .21622977E+03  .19609802E-01
  .21648800E+03  .19644767E-01
  .21673619E+03  .20021125E-01
  .21699967E+03  .19990992E-01
  .21726148E+03  .19994419E-01
  .21752124E+03  .20065417E-01
  .21778217E+03  .19510178E-01
  .21805128E+03  .19433114E-01
  .21832088E+03  .19455513E-01
  .21859450E+03  .19534380E-01
  .21886668E+03  .19365364E-01
  .21913987E+03  .18851042E-01
  .21942045E+03  .18973857E-01
  .21970224E+03  .18954675E-01
  .21998810E+03  .19128470E-01
  .22027679E+03  .19428644E-01
  .22057447E+03  .19239820E-01
  .22086906E+03  .19199751E-01
  .22117329E+03  .19742724E-01
  .22147881E+03  .19575573E-01
  .22178462E+03  .19604029E-01
  .22209392E+03  .19836081E-01
  .22240791E+03  .19878856E-01
  .22273188E+03  .20059697E-01
  .22305697E+03  .20135807E-01
  .22338384E+03  .20768742E-01
  .22372168E+03  .21235897E-01
  .22406182E+03  .21277719E-01
  .22440677E+03  .21351871E-01
  .22475579E+03  .21346105E-01
  .22511747E+03  .21442192E-01
  .22547493E+03  .21339952E-01
  .22585088E+03  .21569273E-01
  .22622174E+03  .21701805E-01
  .22660353E+03  .22303101E-01
  .22698829E+03  .22411389E-01
  .22739235E+03  .22555403E-01
  .22780288E+03  .22932829E-01
  .22822475E+03  .23517503E-01
  .22866544E+03  .23527381E-01
  .22911414E+03  .24570034E-01
  .22957945E+03  .25054478E-01
  .23004679E+03  .25344838E-01
  .23053466E+03  .26355043E-01
  .23103742E+03  .26196983E-01
  .23156672E+03  .26758821E-01
  .23210774E+03  .26686947E-01
  .23266716E+03  .26775648E-01
  .23324954E+03  .27659616E-01
  .23386483E+03  .28578467E-01
  .23451736E+03  .29896616E-01
  .23518813E+03  .30522803E-01
  .23589548E+03  .31477680E-01
  .23665059E+03  .31964962E-01
  .23744072E+03  .32785630E-01
  .23830989E+03  .32630822E-01
  .23924933E+03  .34972500E-01
  .24027204E+03  .36161559E-01
  .24135796E+03  .36471056E-01
  .24260671E+03  .37529776E-01
  .24402192E+03  .39840178E-01
  .24562443E+03  .42954657E-01
  .24754321E+03  .44139791E-01
  .24997646E+03  .52673536E-01
  .25324040E+03  .63164152E-01
  .25407414E+03  .68757336E-01
  .25496334E+03  .69790565E-01
  .25600343E+03  .73089694E-01
  .25715483E+03  .78742150E-01
  .25845288E+03  .81935957E-01
  .26004719E+03  .92167901E-01
  .26206085E+03  .10605539E+00
  .26476574E+03  .12619806E+00
  .26924352E+03  .15914730E+00
  .27361399E+03  .20454217E+00
  .27897032E+03  .30458789E+00
  .28293575E+03  .40263800E+00
tr2  3
  .16756269E+03  .29873854E+00
  .16980407E+03  .21373308E+00
  .17305214E+03  .14426184E+00
  .17590718E+03  .10750793E+00
  .17898582E+03  .84439257E-01
  .18099568E+03  .75339432E-01
  .18245182E+03  .68705823E-01
  .18364714E+03  .62580167E-01
  .18461442E+03  .60608334E-01
  .18549273E+03  .57521428E-01
  .18625769E+03  .54094738E-01
  .18691812E+03  .51982715E-01
  .18751556E+03  .50528587E-01
  .18994428E+03  .43151023E-01
  .19176418E+03  .40463109E-01
  .19326353E+03  .36440693E-01
  .19454074E+03  .32895067E-01
  .19565216E+03  .31381948E-01
  .19665236E+03  .30012734E-01
  .19755404E+03  .29836454E-01
  .19839964E+03  .29407571E-01
  .19915355E+03  .28030344E-01
  .19986604E+03  .26852706E-01
  .20053228E+03  .26807434E-01
  .20115926E+03  .26343976E-01
  .20175862E+03  .25401717E-01
  .20234302E+03  .24645143E-01
  .20290160E+03  .24835498E-01
  .20343921E+03  .24845388E-01
  .20394299E+03  .24806026E-01
  .20442418E+03  .23966380E-01
  .20489524E+03  .24057333E-01
  .20535412E+03  .23780373E-01
  .20579652E+03  .23305609E-01
  .20621545E+03  .23235152E-01
  .20662639E+03  .22931796E-01
  .20703499E+03  .22689071E-01
  .20742868E+03  .22440936E-01
  .20782421E+03  .22056208E-01
  .20820075E+03  .21876858E-01
  .20857380E+03  .21924881E-01
  .20893209E+03  .22009545E-01
  .20928173E+03  .21925398E-01
  .20963599E+03  .21851929E-01
  .20997945E+03  .21650487E-01
  .21031956E+03  .21117988E-01
  .21064579E+03  .21032849E-01
  .21096954E+03  .20498145E-01
  .21129379E+03  .20271781E-01
  .21160547E+03  .19832666E-01
  .21190967E+03  .19634009E-01
  .21221067E+03  .19439846E-01
  .21251289E+03  .19281003E-01
  .21281250E+03  .19331675E-01
  .21311486E+03  .19275594E-01
  .21341314E+03  .19286123E-01
  .21369927E+03  .19374115E-01
  .21398132E+03  .19494628E-01
  .21426599E+03  .19331453E-01
  .21454172E+03  .19400609E-01
  .21481920E+03  .19409611E-01
  .21509801E+03  .19694586E-01
  .21537127E+03  .19727728E-01
  .21564106E+03  .19860226E-01
  .21590778E+03  .19836271E-01
  .21617212E+03  .19918764E-01
  .21643687E+03  .20050149E-01
  .21669789E+03  .19888014E-01
  .21695988E+03  .20337782E-01
  .21722351E+03  .20291696E-01
  .21747578E+03  .20466518E-01
  .21772770E+03  .20662509E-01
  .21798240E+03  .20506596E-01
  .21823404E+03  .20633224E-01
  .21848361E+03  .20535714E-01
  .21872978E+03  .20278690E-01
  .21897629E+03  .20616727E-01
  .21922576E+03  .20549133E-01
  .21947211E+03  .20479989E-01
  .21971749E+03  .20614066E-01
  .21995823E+03  .20523047E-01
  .22020107E+03  .20390163E-01
  .22044494E+03  .20236381E-01
  .22068733E+03  .20161102E-01
  .22092844E+03  .20412179E-01
  .22116449E+03  .20247185E-01
  .22140324E+03  .19989999E-01
  .22163768E+03  .19819083E-01
  .22187710E+03  .20146875E-01
  .22211319E+03  .20160906E-01
  .22234766E+03  .20290410E-01
  .22258077E+03  .20144097E-01
  .22281411E+03  .19995907E-01
  .22304689E+03  .19869585E-01
  .22327857E+03  .19847085E-01
  .22351372E+03  .19708699E-01
  .22374705E+03  .19790082E-01
  .22398156E+03  .19699906E-01
  .22421288E+03  .19757351E-01
  .22444654E+03  .19684062E-01
  .22467836E+03  .19810374E-01
  .22490946E+03  .19444541E-01
  .22514130E+03  .19339371E-01
  .22537134E+03  .19360668E-01
  .22559996E+03  .19298050E-01
  .22583175E+03  .19416548E-01
  .22606317E+03  .19370832E-01
  .22629429E+03  .19458652E-01
  .22652515E+03  .19200925E-01
  .22675784E+03  .19169719E-01
  .22698873E+03  .19152425E-01
  .22722378E+03  .19009099E-01
  .22745716E+03  .19265987E-01
  .22768778E+03  .18984861E-01
  .22792057E+03  .19123100E-01
  .22815559E+03  .19218593E-01
  .22838354E+03  .19384709E-01
  .22861956E+03  .19659478E-01
  .22885478E+03  .19772686E-01
  .22908576E+03  .19967357E-01
  .22931972E+03  .20033644E-01
  .22955565E+03  .20101723E-01
  .22979016E+03  .20176348E-01
  .23002396E+03  .20295402E-01
  .23025903E+03  .19867370E-01
  .23049437E+03  .19892170E-01
  .23073087E+03  .20042083E-01
  .23097021E+03  .20060941E-01
  .23121097E+03  .19864364E-01
  .23144743E+03  .19789066E-01
  .23168956E+03  .19428395E-01
  .23193193E+03  .19512001E-01
  .23218042E+03  .19421765E-01
  .23242466E+03  .19609331E-01
  .23266879E+03  .19540738E-01
  .23291425E+03  .19418936E-01
  .23316306E+03  .19852318E-01
  .23341209E+03  .19799198E-01
  .23366223E+03  .19659886E-01
  .23391431E+03  .19808283E-01
  .23417110E+03  .19686802E-01
  .23442843E+03  .19682257E-01
  .23468479E+03  .19688316E-01
  .23494559E+03  .19519595E-01
  .23520238E+03  .19369310E-01
  .23546577E+03  .19260507E-01
  .23572718E+03  .19296502E-01
  .23599672E+03  .19456890E-01
  .23626146E+03  .19397609E-01
  .23653451E+03  .19377013E-01
  .23680509E+03  .19568615E-01
  .23707620E+03  .19697019E-01
  .23735867E+03  .19737180E-01
  .23763495E+03  .19961062E-01
  .23791686E+03  .19796614E-01
  .23820830E+03  .20040019E-01
  .23850056E+03  .20113708E-01
  .23879509E+03  .20388905E-01
  .23909004E+03  .20253065E-01
  .23939415E+03  .20591504E-01
  .23969234E+03  .20922231E-01
  .23999850E+03  .21154163E-01
  .24030239E+03  .21328802E-01
  .24061307E+03  .21373645E-01
  .24093618E+03  .20973842E-01
  .24126153E+03  .21071552E-01
  .24159299E+03  .21149667E-01
  .24191993E+03  .21365501E-01
  .24225500E+03  .21441270E-01
  .24259503E+03  .21546735E-01
  .24293860E+03  .21703588E-01
  .24328460E+03  .22374229E-01
  .24364326E+03  .22375731E-01
  .24400071E+03  .22515262E-01
  .24437510E+03  .22551814E-01
  .24474880E+03  .22886856E-01
  .24513407E+03  .23147016E-01
  .24552778E+03  .23881005E-01
  .24592965E+03  .23865660E-01
  .24634920E+03  .24277839E-01
  .24675638E+03  .24657710E-01
  .24718778E+03  .24435979E-01
  .24763391E+03  .24452130E-01
  .24807823E+03  .25065834E-01
  .24853930E+03  .25057998E-01
  .24901468E+03  .25225053E-01
  .24949969E+03  .26335140E-01
  .25000396E+03  .25827245E-01
  .25052791E+03  .26353320E-01
  .25106052E+03  .26603532E-01
  .25162730E+03  .26427317E-01
  .25222035E+03  .27069751E-01
  .25282169E+03  .28054118E-01
  .25345560E+03  .28580738E-01
  .25412791E+03  .29370051E-01
  .25482729E+03  .29802497E-01
  .25557050E+03  .30670916E-01
  .25635329E+03  .30265735E-01
  .25717858E+03  .30406549E-01
  .25806827E+03  .31078217E-01
  .25901757E+03  .31675854E-01
  .26006349E+03  .32316764E-01
  .26120694E+03  .35176379E-01
  .26248463E+03  .37003431E-01
  .26389880E+03  .38123187E-01
  .26555491E+03  .41697632E-01
  .26753778E+03  .46861793E-01
  .27001640E+03  .52325745E-01
  .27337375E+03  .63333074E-01
  .27423824E+03  .67964189E-01
  .27521748E+03  .69289628E-01
  .27625546E+03  .71623785E-01
  .27743470E+03  .76667211E-01
  .27882438E+03  .83048517E-01
  .28047554E+03  .92213476E-01
  .28258674E+03  .10906735E+00
  .28554092E+03  .13594765E+00
  .29022184E+03  .16778721E+00
  .29448607E+03  .22654803E+00
  .30027068E+03  .34737610E+00
  .30432246E+03  .44024063E+00
tr1s 3
  .15976880E+03  .30408845E+00
  .16231574E+03  .23420876E+00
  .16579921E+03  .15854490E+00
  .16857648E+03  .11589632E+00
  .17171316E+03  .84899877E-01
  .17372269E+03  .76686916E-01
  .17513927E+03  .66178152E-01
  .17630296E+03  .59664567E-01
  .17724892E+03  .59217677E-01
  .17807578E+03  .53841445E-01
  .17879805E+03  .49288116E-01
  .17948216E+03  .46652682E-01
  .18008475E+03  .44952577E-01
  .18253297E+03  .38879285E-01
  .18439908E+03  .37695100E-01
  .18587848E+03  .33485788E-01
  .18710917E+03  .31263672E-01
  .18821123E+03  .30044053E-01
  .18921273E+03  .28827642E-01
  .19011547E+03  .27627660E-01
  .19093759E+03  .27142718E-01
  .19169632E+03  .26773661E-01
  .19241005E+03  .26231728E-01
  .19307326E+03  .24687729E-01
  .19369444E+03  .24544217E-01
  .19429079E+03  .23948449E-01
  .19486463E+03  .23273707E-01
  .19541076E+03  .22852648E-01
  .19592743E+03  .22304203E-01
  .19642896E+03  .21781218E-01
  .19692074E+03  .21085457E-01
  .19738618E+03  .20818267E-01
  .19783407E+03  .20717917E-01
  .19828741E+03  .20733214E-01
  .19872076E+03  .20709857E-01
  .19913658E+03  .20338982E-01
  .19954368E+03  .20376018E-01
  .19993935E+03  .20466689E-01
  .20032717E+03  .20226456E-01
  .20070436E+03  .20195669E-01
  .20107433E+03  .20337789E-01
  .20143124E+03  .19936906E-01
  .20179252E+03  .19609565E-01
  .20214199E+03  .19678971E-01
  .20248400E+03  .19384279E-01
  .20281753E+03  .19269451E-01
  .20314724E+03  .19407264E-01
  .20346950E+03  .19491708E-01
  .20378353E+03  .19284427E-01
  .20409546E+03  .19504296E-01
  .20440986E+03  .19480469E-01
  .20471410E+03  .19377446E-01
  .20501548E+03  .19359696E-01
  .20531260E+03  .19073212E-01
  .20561189E+03  .19092497E-01
  .20590399E+03  .19013983E-01
  .20619573E+03  .19450551E-01
  .20647970E+03  .19397413E-01
  .20676708E+03  .19375592E-01
  .20704939E+03  .19162195E-01
  .20733072E+03  .19299852E-01
  .20760257E+03  .19302080E-01
  .20787267E+03  .19388206E-01
  .20814499E+03  .19353849E-01
  .20841375E+03  .19082761E-01
  .20867986E+03  .19140624E-01
  .20894519E+03  .19067779E-01
  .20920526E+03  .19147346E-01
  .20946146E+03  .19457087E-01
  .20971888E+03  .19432232E-01
  .20997051E+03  .19159721E-01
  .21022112E+03  .19086822E-01
  .21047407E+03  .19070207E-01
  .21072613E+03  .19048462E-01
  .21097778E+03  .19269378E-01
  .21122079E+03  .18982635E-01
  .21146968E+03  .19086460E-01
  .21171283E+03  .18841922E-01
  .21195574E+03  .18670688E-01
  .21220149E+03  .18458449E-01
  .21243944E+03  .18011513E-01
  .21267870E+03  .17759143E-01
  .21291923E+03  .17644889E-01
  .21315843E+03  .18008288E-01
  .21339491E+03  .17835147E-01
  .21363246E+03  .17985343E-01
  .21387118E+03  .17979128E-01
  .21410472E+03  .18152222E-01
  .21433962E+03  .18086902E-01
  .21456991E+03  .18131344E-01
  .21480157E+03  .18555213E-01
  .21503742E+03  .18662819E-01
  .21527197E+03  .18824017E-01
  .21550534E+03  .18849775E-01
  .21573408E+03  .18903575E-01
  .21596448E+03  .18978962E-01
  .21619583E+03  .18682619E-01
  .21642285E+03  .18761097E-01
  .21665209E+03  .18489574E-01
  .21688072E+03  .18255630E-01
  .21711151E+03  .18235726E-01
  .21734677E+03  .18324870E-01
  .21757851E+03  .18253532E-01
  .21781119E+03  .18638216E-01
  .21803964E+03  .18252438E-01
  .21826380E+03  .18215550E-01
  .21849418E+03  .18061618E-01
  .21872248E+03  .17883251E-01
  .21895111E+03  .18113990E-01
  .21917584E+03  .18194642E-01
  .21940389E+03  .18356107E-01
  .21963493E+03  .18937489E-01
  .21985979E+03  .18863367E-01
  .22008910E+03  .19227761E-01
  .22032175E+03  .19290512E-01
  .22055212E+03  .19435026E-01
  .22078189E+03  .19378475E-01
  .22101490E+03  .19573249E-01
  .22124290E+03  .19317398E-01
  .22147459E+03  .19433669E-01
  .22170902E+03  .19275258E-01
  .22194200E+03  .19133294E-01
  .22217521E+03  .19125179E-01
  .22240945E+03  .19065869E-01
  .22264817E+03  .19105862E-01
  .22288716E+03  .19336201E-01
  .22312634E+03  .19504561E-01
  .22336599E+03  .19644696E-01
  .22360367E+03  .19853450E-01
  .22384397E+03  .19961881E-01
  .22407884E+03  .19778846E-01
  .22431691E+03  .19635810E-01
  .22455809E+03  .19447648E-01
  .22480022E+03  .19774661E-01
  .22504522E+03  .19519929E-01
  .22529006E+03  .19669559E-01
  .22553799E+03  .19731430E-01
  .22578736E+03  .19815783E-01
  .22603743E+03  .19841475E-01
  .22628843E+03  .19951430E-01
  .22653366E+03  .19880593E-01
  .22678623E+03  .20141526E-01
  .22704448E+03  .20027899E-01
  .22730154E+03  .20235535E-01
  .22756199E+03  .20187560E-01
  .22782518E+03  .20153893E-01
  .22808852E+03  .19848020E-01
  .22835749E+03  .19857955E-01
  .22862235E+03  .20000540E-01
  .22888984E+03  .19886728E-01
  .22916471E+03  .19699174E-01
  .22943613E+03  .19764556E-01
  .22971899E+03  .19298277E-01
  .23000440E+03  .19387539E-01
  .23028727E+03  .19451565E-01
  .23057175E+03  .19511101E-01
  .23086049E+03  .19392738E-01
  .23114797E+03  .19647986E-01
  .23144662E+03  .20112806E-01
  .23174336E+03  .20523371E-01
  .23204655E+03  .20742251E-01
  .23234948E+03  .21077517E-01
  .23266211E+03  .21527563E-01
  .23297433E+03  .22151447E-01
  .23329322E+03  .22848136E-01
  .23361433E+03  .23064047E-01
  .23393938E+03  .23672878E-01
  .23426885E+03  .23628533E-01
  .23460109E+03  .23621380E-01
  .23493930E+03  .23641457E-01
  .23528386E+03  .23869392E-01
  .23564288E+03  .23735856E-01
  .23599732E+03  .23624723E-01
  .23635886E+03  .23536952E-01
  .23672481E+03  .23574861E-01
  .23709976E+03  .23712684E-01
  .23749258E+03  .23964415E-01
  .23788034E+03  .24178703E-01
  .23827951E+03  .24202034E-01
  .23868530E+03  .24290199E-01
  .23909106E+03  .24394494E-01
  .23951599E+03  .24819288E-01
  .23994758E+03  .25204378E-01
  .24040111E+03  .25582840E-01
  .24086162E+03  .26475577E-01
  .24134135E+03  .26144878E-01
  .24183372E+03  .26538306E-01
  .24234662E+03  .26552856E-01
  .24286649E+03  .26783672E-01
  .24340859E+03  .27075789E-01
  .24395883E+03  .27607045E-01
  .24453512E+03  .29058253E-01
  .24514271E+03  .29636190E-01
  .24576986E+03  .29899751E-01
  .24641991E+03  .30597862E-01
  .24711772E+03  .30360800E-01
  .24785742E+03  .30935593E-01
  .24862857E+03  .30838203E-01
  .24944519E+03  .32025403E-01
  .25032006E+03  .33192770E-01
  .25126577E+03  .33272455E-01
  .25228382E+03  .33603691E-01
  .25343491E+03  .36650158E-01
  .25469255E+03  .38643506E-01
  .25612333E+03  .39848722E-01
  .25778396E+03  .42603464E-01
  .25975307E+03  .46746280E-01
  .26223036E+03  .54804948E-01
  .26553201E+03  .62385233E-01
  .26640980E+03  .66313172E-01
  .26737158E+03  .69104424E-01
  .26840280E+03  .73565838E-01
  .26956734E+03  .80919985E-01
  .27095570E+03  .85878130E-01
  .27267476E+03  .93223674E-01
  .27477348E+03  .10454090E+00
  .27765086E+03  .12055347E+00
  .28237188E+03  .16615311E+00
  .28688039E+03  .23034131E+00
  .29268409E+03  .36543237E+00
  .29662488E+03  .45364892E+00
tr2s 3
  .17835848E+03  .33884313E+00
  .18091169E+03  .23314173E+00
  .18418825E+03  .15305320E+00
  .18742553E+03  .11606466E+00
  .19068205E+03  .85103480E-01
  .19275766E+03  .70639968E-01
  .19436712E+03  .62249585E-01
  .19559118E+03  .59394774E-01
  .19654919E+03  .55844230E-01
  .19743312E+03  .52738442E-01
  .19820006E+03  .51560111E-01
  .19891962E+03  .48937771E-01
  .19957914E+03  .48176167E-01
  .20214617E+03  .42238694E-01
  .20406178E+03  .39291950E-01
  .20559970E+03  .36771723E-01
  .20692114E+03  .35108397E-01
  .20806248E+03  .35023651E-01
  .20908200E+03  .34576081E-01
  .21001209E+03  .32020398E-01
  .21086146E+03  .30495734E-01
  .21162838E+03  .28990119E-01
  .21236139E+03  .27655160E-01
  .21305912E+03  .27028075E-01
  .21371280E+03  .26622548E-01
  .21433332E+03  .26399688E-01
  .21492929E+03  .25737698E-01
  .21549553E+03  .25576071E-01
  .21603156E+03  .25146526E-01
  .21655552E+03  .24284842E-01
  .21706454E+03  .24519323E-01
  .21753955E+03  .24417325E-01
  .21801061E+03  .23910821E-01
  .21847184E+03  .22914684E-01
  .21891665E+03  .23166070E-01
  .21934286E+03  .22772059E-01
  .21976433E+03  .22756859E-01
  .22017339E+03  .22249699E-01
  .22058163E+03  .21784472E-01
  .22097418E+03  .21687796E-01
  .22135855E+03  .21946508E-01
  .22172804E+03  .22000573E-01
  .22209609E+03  .21976851E-01
  .22246062E+03  .22140690E-01
  .22281630E+03  .21882669E-01
  .22315466E+03  .22004573E-01
  .22350032E+03  .21830624E-01
  .22383253E+03  .21548163E-01
  .22415987E+03  .21234054E-01
  .22448483E+03  .21056469E-01
  .22480275E+03  .20918478E-01
  .22512215E+03  .20828607E-01
  .22544047E+03  .20673427E-01
  .22574457E+03  .21004297E-01
  .22605200E+03  .21184619E-01
  .22634284E+03  .21002507E-01
  .22664813E+03  .21047753E-01
  .22694299E+03  .21033220E-01
  .22723471E+03  .20660729E-01
  .22751967E+03  .20461787E-01
  .22780761E+03  .20396530E-01
  .22808589E+03  .20372381E-01
  .22836815E+03  .20542944E-01
  .22865280E+03  .20465616E-01
  .22893716E+03  .20470496E-01
  .22920888E+03  .20393666E-01
  .22947672E+03  .20238806E-01
  .22974440E+03  .20076397E-01
  .23001300E+03  .19993057E-01
  .23027583E+03  .20042193E-01
  .23053835E+03  .20145494E-01
  .23080267E+03  .20221602E-01
  .23106429E+03  .20117800E-01
  .23132060E+03  .20205787E-01
  .23157426E+03  .20280761E-01
  .23182692E+03  .20349126E-01
  .23208001E+03  .20390378E-01
  .23233358E+03  .20216946E-01
  .23258682E+03  .19932688E-01
  .23284336E+03  .19947965E-01
  .23309398E+03  .20085459E-01
  .23333821E+03  .20315131E-01
  .23358626E+03  .20350307E-01
  .23383573E+03  .20283682E-01
  .23407452E+03  .19955552E-01
  .23432097E+03  .19998319E-01
  .23456122E+03  .20259215E-01
  .23480429E+03  .20028121E-01
  .23504881E+03  .20021066E-01
  .23529156E+03  .19824694E-01
  .23553306E+03  .20021133E-01
  .23577515E+03  .20104277E-01
  .23601493E+03  .20194329E-01
  .23625582E+03  .20197571E-01
  .23649588E+03  .20177951E-01
  .23673181E+03  .20206864E-01
  .23696623E+03  .20189463E-01
  .23719884E+03  .20113817E-01
  .23743601E+03  .20006008E-01
  .23767773E+03  .19925883E-01
  .23791526E+03  .19940889E-01
  .23815105E+03  .19651632E-01
  .23839206E+03  .19836444E-01
  .23862405E+03  .19954467E-01
  .23886196E+03  .19857237E-01
  .23909974E+03  .19811315E-01
  .23933807E+03  .19700810E-01
  .23957714E+03  .19827167E-01
  .23981223E+03  .20099917E-01
  .24004864E+03  .20198212E-01
  .24028679E+03  .20066822E-01
  .24052529E+03  .20306253E-01
  .24076443E+03  .20675755E-01
  .24100346E+03  .20365953E-01
  .24123958E+03  .20178399E-01
  .24147824E+03  .20030187E-01
  .24171835E+03  .20209816E-01
  .24195676E+03  .20291967E-01
  .24219217E+03  .20279504E-01
  .24243616E+03  .20391659E-01
  .24267779E+03  .20460958E-01
  .24292395E+03  .20531965E-01
  .24316324E+03  .20649784E-01
  .24340165E+03  .20426877E-01
  .24364326E+03  .20571372E-01
  .24388199E+03  .20347955E-01
  .24412865E+03  .20371709E-01
  .24437620E+03  .20367113E-01
  .24462496E+03  .20145610E-01
  .24487130E+03  .20041968E-01
  .24512257E+03  .19899169E-01
  .24537454E+03  .19660639E-01
  .24563092E+03  .19538366E-01
  .24588634E+03  .19428150E-01
  .24613945E+03  .19326936E-01
  .24639784E+03  .19442204E-01
  .24664973E+03  .19589270E-01
  .24691011E+03  .19570817E-01
  .24717410E+03  .19816851E-01
  .24742735E+03  .20010909E-01
  .24768935E+03  .20211902E-01
  .24794987E+03  .20154364E-01
  .24821212E+03  .20345868E-01
  .24848028E+03  .20502631E-01
  .24874849E+03  .20628422E-01
  .24902387E+03  .20671152E-01
  .24929431E+03  .20633313E-01
  .24956964E+03  .20616158E-01
  .24984869E+03  .20467873E-01
  .25012880E+03  .20629466E-01
  .25041297E+03  .20703220E-01
  .25069879E+03  .20476585E-01
  .25098462E+03  .20884206E-01
  .25127580E+03  .20838935E-01
  .25156785E+03  .20978118E-01
  .25186532E+03  .21009622E-01
  .25216011E+03  .20853471E-01
  .25245854E+03  .20764075E-01
  .25276087E+03  .20932201E-01
  .25306191E+03  .21469644E-01
  .25337444E+03  .21339905E-01
  .25369161E+03  .21085927E-01
  .25401114E+03  .21429696E-01
  .25433015E+03  .21543490E-01
  .25465236E+03  .21440533E-01
  .25497533E+03  .21612602E-01
  .25531495E+03  .21723730E-01
  .25565484E+03  .21675655E-01
  .25599421E+03  .21850366E-01
  .25634316E+03  .21856955E-01
  .25669747E+03  .21929866E-01
  .25706076E+03  .21952817E-01
  .25742342E+03  .22344032E-01
  .25779936E+03  .22617714E-01
  .25817995E+03  .22966941E-01
  .25857137E+03  .23115048E-01
  .25896493E+03  .23405389E-01
  .25937620E+03  .23450321E-01
  .25978798E+03  .24161495E-01
  .26020919E+03  .24665110E-01
  .26063090E+03  .25006913E-01
  .26107290E+03  .25429984E-01
  .26152174E+03  .25194527E-01
  .26198265E+03  .25533167E-01
  .26245963E+03  .26493334E-01
  .26294375E+03  .26812851E-01
  .26345033E+03  .27055990E-01
  .26396749E+03  .27506091E-01
  .26450325E+03  .28251493E-01
  .26505862E+03  .28669361E-01
  .26563101E+03  .28969404E-01
  .26623397E+03  .29313808E-01
  .26684910E+03  .30010087E-01
  .26749908E+03  .30069481E-01
  .26817523E+03  .30965673E-01
  .26889359E+03  .32239371E-01
  .26963853E+03  .31777803E-01
  .27044802E+03  .31660434E-01
  .27130007E+03  .31445855E-01
  .27219896E+03  .32863204E-01
  .27318522E+03  .33470892E-01
  .27427448E+03  .34084300E-01
  .27544510E+03  .35880702E-01
  .27674247E+03  .36936150E-01
  .27823194E+03  .39906553E-01
  .27991836E+03  .42838862E-01
  .28195263E+03  .46094189E-01
  .28447936E+03  .53289005E-01
  .28786726E+03  .62948678E-01
  .28877140E+03  .67900348E-01
  .28974562E+03  .72420839E-01
  .29076898E+03  .76439227E-01
  .29197519E+03  .81492298E-01
  .29339955E+03  .84789734E-01
  .29504117E+03  .94190611E-01
  .29725852E+03  .10805307E+00
  .30004063E+03  .13195675E+00
  .30481491E+03  .18711972E+00
  .30978740E+03  .24034777E+00
  .31530389E+03  .35817414E+00
  .31924029E+03  .45773113E+00
