Copyright (C) James G. MacKinnon, Alfred A. Haug, and Leo Michelis, 1996
lm0  2
  .40303261E+00  .17219972E-02
  .45463784E+00  .14758914E-02
  .53956488E+00  .12285239E-02
  .62267628E+00  .10775442E-02
  .72439647E+00  .87860974E-03
  .79491592E+00  .85524326E-03
  .85138640E+00  .83872025E-03
  .89833052E+00  .84921102E-03
  .94060357E+00  .81380930E-03
  .97804948E+00  .76467575E-03
  .10121989E+01  .76243316E-03
  .10442311E+01  .74405962E-03
  .10736889E+01  .73294934E-03
  .11994544E+01  .71177389E-03
  .13016035E+01  .68384680E-03
  .13895131E+01  .66742323E-03
  .14678177E+01  .66108047E-03
  .15394000E+01  .65539011E-03
  .16054457E+01  .60672964E-03
  .16670063E+01  .60550920E-03
  .17252982E+01  .57313123E-03
  .17807098E+01  .60693775E-03
  .18335949E+01  .60898737E-03
  .18844371E+01  .59746515E-03
  .19333765E+01  .59587413E-03
  .19809474E+01  .58450773E-03
  .20267754E+01  .58214560E-03
  .20713541E+01  .57069485E-03
  .21149104E+01  .57934915E-03
  .21578260E+01  .57553204E-03
  .21993834E+01  .56308684E-03
  .22404184E+01  .57407338E-03
  .22804849E+01  .58128284E-03
  .23196134E+01  .59185744E-03
  .23581195E+01  .60424021E-03
  .23962860E+01  .61687219E-03
  .24337452E+01  .60994667E-03
  .24709465E+01  .61244968E-03
  .25075281E+01  .61276997E-03
  .25435356E+01  .62916616E-03
  .25791917E+01  .63488220E-03
  .26145721E+01  .63657573E-03
  .26495355E+01  .63414039E-03
  .26842232E+01  .63512481E-03
  .27187045E+01  .64207252E-03
  .27527805E+01  .65371178E-03
  .27866983E+01  .66703881E-03
  .28202803E+01  .67503471E-03
  .28535788E+01  .68012872E-03
  .28867775E+01  .66838831E-03
  .29196972E+01  .66346023E-03
  .29526459E+01  .67289786E-03
  .29852959E+01  .66437019E-03
  .30178111E+01  .67539299E-03
  .30499498E+01  .67790522E-03
  .30819486E+01  .68074523E-03
  .31138729E+01  .67501746E-03
  .31458264E+01  .69141484E-03
  .31778802E+01  .70060412E-03
  .32095794E+01  .70544516E-03
  .32413211E+01  .69452198E-03
  .32728009E+01  .69189204E-03
  .33041724E+01  .69807130E-03
  .33353283E+01  .69868659E-03
  .33666000E+01  .70000307E-03
  .33978197E+01  .70481319E-03
  .34290485E+01  .71668780E-03
  .34602494E+01  .72438678E-03
  .34914455E+01  .72301575E-03
  .35225751E+01  .72066381E-03
  .35535871E+01  .73353682E-03
  .35846073E+01  .73612908E-03
  .36159734E+01  .73601764E-03
  .36471994E+01  .73046263E-03
  .36783447E+01  .72464200E-03
  .37093214E+01  .73626351E-03
  .37405106E+01  .74140821E-03
  .37715975E+01  .74673462E-03
  .38027676E+01  .76107306E-03
  .38338259E+01  .77134293E-03
  .38649027E+01  .77527998E-03
  .38961139E+01  .77835558E-03
  .39275260E+01  .78066010E-03
  .39588499E+01  .78529582E-03
  .39901141E+01  .79181982E-03
  .40215124E+01  .79633419E-03
  .40528425E+01  .78996315E-03
  .40843690E+01  .79058657E-03
  .41160302E+01  .79330048E-03
  .41477035E+01  .79858620E-03
  .41794994E+01  .80496871E-03
  .42114337E+01  .81300220E-03
  .42433667E+01  .81785554E-03
  .42754011E+01  .82381450E-03
  .43076161E+01  .82692949E-03
  .43397926E+01  .82647906E-03
  .43722251E+01  .83486456E-03
  .44047548E+01  .83883567E-03
  .44375083E+01  .83997574E-03
  .44704093E+01  .85217835E-03
  .45034073E+01  .86145958E-03
  .45363888E+01  .87282295E-03
  .45694977E+01  .87655352E-03
  .46028741E+01  .88536486E-03
  .46364678E+01  .88069304E-03
  .46700291E+01  .86357594E-03
  .47037804E+01  .87659204E-03
  .47377067E+01  .89655988E-03
  .47719740E+01  .90829633E-03
  .48061890E+01  .90631206E-03
  .48407008E+01  .90523268E-03
  .48755246E+01  .91666479E-03
  .49102243E+01  .91700456E-03
  .49455360E+01  .92422216E-03
  .49808385E+01  .91466661E-03
  .50162876E+01  .92602871E-03
  .50520068E+01  .93706924E-03
  .50877571E+01  .94361200E-03
  .51238008E+01  .95828462E-03
  .51600803E+01  .96741066E-03
  .51969048E+01  .98538463E-03
  .52336244E+01  .98235077E-03
  .52710003E+01  .99337061E-03
  .53086456E+01  .99472931E-03
  .53462945E+01  .99519128E-03
  .53843916E+01  .99096182E-03
  .54227638E+01  .10010213E-02
  .54614278E+01  .99491443E-03
  .55002976E+01  .10013597E-02
  .55398215E+01  .10147216E-02
  .55796392E+01  .10282385E-02
  .56196220E+01  .10288437E-02
  .56600212E+01  .10323010E-02
  .57005943E+01  .10474936E-02
  .57416229E+01  .10568882E-02
  .57830749E+01  .10598197E-02
  .58252043E+01  .10502529E-02
  .58676254E+01  .10742934E-02
  .59104027E+01  .10683428E-02
  .59536812E+01  .10837570E-02
  .59973420E+01  .11009416E-02
  .60412780E+01  .11147444E-02
  .60861571E+01  .11188627E-02
  .61312417E+01  .11248965E-02
  .61767371E+01  .11307349E-02
  .62228823E+01  .11473036E-02
  .62699521E+01  .11477480E-02
  .63176946E+01  .11634664E-02
  .63656010E+01  .11818728E-02
  .64140012E+01  .12029458E-02
  .64628487E+01  .11975703E-02
  .65126422E+01  .12256876E-02
  .65629207E+01  .12478639E-02
  .66142034E+01  .12545632E-02
  .66659168E+01  .12769427E-02
  .67184925E+01  .12855603E-02
  .67716468E+01  .12863436E-02
  .68257559E+01  .13234896E-02
  .68809956E+01  .13355992E-02
  .69370187E+01  .13339346E-02
  .69942857E+01  .13489009E-02
  .70521326E+01  .13721639E-02
  .71108915E+01  .14031326E-02
  .71708197E+01  .14354106E-02
  .72322511E+01  .14394127E-02
  .72943822E+01  .14559179E-02
  .73575936E+01  .14493277E-02
  .74221919E+01  .14578251E-02
  .74880741E+01  .14356094E-02
  .75549882E+01  .14530612E-02
  .76237632E+01  .14850930E-02
  .76938274E+01  .14941303E-02
  .77650952E+01  .15234150E-02
  .78383956E+01  .15397948E-02
  .79138736E+01  .15660255E-02
  .79905415E+01  .16092911E-02
  .80700733E+01  .16464600E-02
  .81510190E+01  .16684867E-02
  .82342511E+01  .17211392E-02
  .83200839E+01  .17317285E-02
  .84081231E+01  .17324502E-02
  .84993608E+01  .18109637E-02
  .85928077E+01  .18238708E-02
  .86895749E+01  .18442910E-02
  .87894486E+01  .18018128E-02
  .88924533E+01  .18348916E-02
  .90004123E+01  .18867129E-02
  .91125099E+01  .19433369E-02
  .92281960E+01  .19368643E-02
  .93484615E+01  .19571433E-02
  .94742933E+01  .19792965E-02
  .96071126E+01  .20065041E-02
  .97450941E+01  .21179124E-02
  .98911421E+01  .22172721E-02
  .10046814E+02  .22765960E-02
  .10210700E+02  .23783950E-02
  .10384989E+02  .25049081E-02
  .10571380E+02  .25559040E-02
  .10771749E+02  .26166751E-02
  .10989105E+02  .27097096E-02
  .11224392E+02  .29016863E-02
  .11484288E+02  .29810404E-02
  .11773480E+02  .30951400E-02
  .12100865E+02  .31825701E-02
  .12475356E+02  .33717736E-02
  .12915359E+02  .36549089E-02
  .13450252E+02  .40078802E-02
  .14133868E+02  .45960609E-02
  .15090917E+02  .55229572E-02
  .15339205E+02  .58312286E-02
  .15613700E+02  .62120595E-02
  .15922439E+02  .68769355E-02
  .16278180E+02  .76063563E-02
  .16697169E+02  .82104496E-02
  .17212928E+02  .95423191E-02
  .17867722E+02  .10705262E-01
  .18779404E+02  .12206846E-01
  .20325000E+02  .17802154E-01
  .21876419E+02  .24797100E-01
  .23941694E+02  .37709294E-01
  .25498252E+02  .54059328E-01
lm1  2
  .96606701E+00  .31339090E-02
  .10603392E+01  .26997277E-02
  .12045632E+01  .20071738E-02
  .13399820E+01  .16919926E-02
  .15030090E+01  .16101726E-02
  .16133471E+01  .14256052E-02
  .16998615E+01  .12326250E-02
  .17712603E+01  .12258177E-02
  .18340831E+01  .12055429E-02
  .18906680E+01  .11580481E-02
  .19408945E+01  .11581548E-02
  .19873988E+01  .11067792E-02
  .20309435E+01  .10533688E-02
  .22129888E+01  .93397580E-03
  .23597766E+01  .94414884E-03
  .24842994E+01  .93234201E-03
  .25941504E+01  .94756058E-03
  .26939049E+01  .95374840E-03
  .27853826E+01  .92474159E-03
  .28702660E+01  .89591963E-03
  .29504975E+01  .93637247E-03
  .30259410E+01  .95666577E-03
  .30975826E+01  .95703097E-03
  .31669483E+01  .94483539E-03
  .32334612E+01  .95557610E-03
  .32970813E+01  .95464344E-03
  .33589868E+01  .96133274E-03
  .34187515E+01  .97589292E-03
  .34769703E+01  .97673398E-03
  .35337828E+01  .96468706E-03
  .35887332E+01  .95075966E-03
  .36427121E+01  .94206236E-03
  .36955839E+01  .93683605E-03
  .37475148E+01  .93192057E-03
  .37982859E+01  .92277701E-03
  .38481113E+01  .90490539E-03
  .38973670E+01  .90837957E-03
  .39458425E+01  .90000547E-03
  .39937918E+01  .90058419E-03
  .40408924E+01  .91815632E-03
  .40874572E+01  .91808137E-03
  .41336641E+01  .90967591E-03
  .41790589E+01  .89834972E-03
  .42242062E+01  .90376418E-03
  .42683016E+01  .89120310E-03
  .43123129E+01  .87508324E-03
  .43559917E+01  .86500044E-03
  .43990737E+01  .86598340E-03
  .44419866E+01  .86314563E-03
  .44843469E+01  .85214100E-03
  .45266006E+01  .87000603E-03
  .45685850E+01  .86967864E-03
  .46101877E+01  .86569836E-03
  .46515566E+01  .88090045E-03
  .46928271E+01  .89445756E-03
  .47336265E+01  .89117475E-03
  .47745999E+01  .88317222E-03
  .48151776E+01  .88104344E-03
  .48553446E+01  .87669761E-03
  .48953755E+01  .88476910E-03
  .49353850E+01  .88104103E-03
  .49749058E+01  .88377150E-03
  .50145217E+01  .88202237E-03
  .50536413E+01  .88899879E-03
  .50932373E+01  .88092060E-03
  .51326395E+01  .86849545E-03
  .51719309E+01  .86684858E-03
  .52111597E+01  .86354683E-03
  .52500783E+01  .87119588E-03
  .52889144E+01  .87593087E-03
  .53278128E+01  .87490652E-03
  .53667315E+01  .86808596E-03
  .54057020E+01  .87738415E-03
  .54445452E+01  .87568932E-03
  .54831603E+01  .88562244E-03
  .55218870E+01  .89436570E-03
  .55605859E+01  .91286915E-03
  .55992752E+01  .93863338E-03
  .56379844E+01  .94943027E-03
  .56767348E+01  .95764721E-03
  .57152005E+01  .97224683E-03
  .57538442E+01  .97367873E-03
  .57923709E+01  .98874323E-03
  .58310659E+01  .10005837E-02
  .58697481E+01  .10066545E-02
  .59083601E+01  .10045165E-02
  .59471226E+01  .10064427E-02
  .59859803E+01  .10152072E-02
  .60250664E+01  .10121048E-02
  .60641502E+01  .10373220E-02
  .61030571E+01  .10473687E-02
  .61423856E+01  .10442834E-02
  .61817527E+01  .10501365E-02
  .62211510E+01  .10655936E-02
  .62607478E+01  .10922223E-02
  .63002181E+01  .10794126E-02
  .63397577E+01  .10845504E-02
  .63796380E+01  .11029636E-02
  .64195109E+01  .11003966E-02
  .64592273E+01  .11104145E-02
  .64991599E+01  .11061839E-02
  .65393130E+01  .11027567E-02
  .65794160E+01  .11084278E-02
  .66201623E+01  .11281718E-02
  .66608726E+01  .11141484E-02
  .67018216E+01  .11137977E-02
  .67427756E+01  .11185552E-02
  .67840031E+01  .11257980E-02
  .68253332E+01  .11404334E-02
  .68670406E+01  .11530320E-02
  .69084800E+01  .11632028E-02
  .69507664E+01  .11675215E-02
  .69929756E+01  .11542889E-02
  .70351279E+01  .11713816E-02
  .70778301E+01  .11905016E-02
  .71202462E+01  .12011729E-02
  .71633511E+01  .12124165E-02
  .72064689E+01  .12166511E-02
  .72499240E+01  .12223939E-02
  .72936979E+01  .12345033E-02
  .73377250E+01  .12282225E-02
  .73817454E+01  .12338463E-02
  .74264211E+01  .12439751E-02
  .74711541E+01  .12334232E-02
  .75162272E+01  .12279015E-02
  .75617654E+01  .12232829E-02
  .76076608E+01  .12261464E-02
  .76539877E+01  .12281120E-02
  .77000839E+01  .12549890E-02
  .77469303E+01  .12823101E-02
  .77939609E+01  .12980406E-02
  .78415493E+01  .13324815E-02
  .78897878E+01  .13288124E-02
  .79383541E+01  .13272714E-02
  .79874338E+01  .13431192E-02
  .80367859E+01  .13429623E-02
  .80864143E+01  .13697618E-02
  .81363224E+01  .13615221E-02
  .81869272E+01  .13650390E-02
  .82382383E+01  .13700981E-02
  .82900697E+01  .14001063E-02
  .83420310E+01  .13750629E-02
  .83944903E+01  .13773078E-02
  .84477246E+01  .13805077E-02
  .85013283E+01  .13745993E-02
  .85556464E+01  .14091351E-02
  .86105749E+01  .14115712E-02
  .86660415E+01  .14019423E-02
  .87222711E+01  .14352391E-02
  .87793618E+01  .14420837E-02
  .88367159E+01  .14358080E-02
  .88946987E+01  .14721905E-02
  .89539408E+01  .14795656E-02
  .90138420E+01  .14866002E-02
  .90745919E+01  .15204428E-02
  .91362080E+01  .15432930E-02
  .91985059E+01  .15371065E-02
  .92619652E+01  .15430462E-02
  .93261683E+01  .15599915E-02
  .93919012E+01  .16019871E-02
  .94582972E+01  .16000649E-02
  .95254990E+01  .16240662E-02
  .95937314E+01  .16348576E-02
  .96631493E+01  .16567760E-02
  .97338893E+01  .16587049E-02
  .98051816E+01  .17004000E-02
  .98790511E+01  .16887077E-02
  .99539303E+01  .17178058E-02
  .10029498E+02  .17214837E-02
  .10106889E+02  .17246372E-02
  .10186009E+02  .17441337E-02
  .10266756E+02  .17694947E-02
  .10349073E+02  .17742646E-02
  .10433640E+02  .18083721E-02
  .10519697E+02  .18082642E-02
  .10607434E+02  .18499868E-02
  .10697617E+02  .18758164E-02
  .10790619E+02  .19019604E-02
  .10886369E+02  .19248340E-02
  .10984428E+02  .19472190E-02
  .11084875E+02  .19664397E-02
  .11189264E+02  .20316904E-02
  .11295794E+02  .20660106E-02
  .11406272E+02  .20748578E-02
  .11520220E+02  .20884460E-02
  .11638261E+02  .21579438E-02
  .11759927E+02  .22060374E-02
  .11885616E+02  .22136289E-02
  .12016761E+02  .22308834E-02
  .12153433E+02  .22292470E-02
  .12296039E+02  .22613991E-02
  .12446372E+02  .23196223E-02
  .12604073E+02  .23034218E-02
  .12768809E+02  .23676632E-02
  .12943781E+02  .24177354E-02
  .13127204E+02  .24675680E-02
  .13323155E+02  .24831399E-02
  .13533680E+02  .25867239E-02
  .13758606E+02  .26733894E-02
  .14000251E+02  .28328667E-02
  .14263422E+02  .29880842E-02
  .14553304E+02  .32806148E-02
  .14875352E+02  .33996230E-02
  .15237032E+02  .37209927E-02
  .15650129E+02  .39712956E-02
  .16135594E+02  .44324989E-02
  .16724638E+02  .46470827E-02
  .17480645E+02  .55093830E-02
  .18518573E+02  .68727660E-02
  .18786903E+02  .71066862E-02
  .19085122E+02  .74648513E-02
  .19421121E+02  .77953509E-02
  .19813382E+02  .81957146E-02
  .20267905E+02  .90743018E-02
  .20823465E+02  .10012544E-01
  .21532414E+02  .11715543E-01
  .22529031E+02  .14165631E-01
  .24220549E+02  .19019604E-01
  .25865592E+02  .27618843E-01
  .27987053E+02  .41270342E-01
  .29627859E+02  .63148562E-01
lm2  2
  .16155206E+01  .49984547E-02
  .17532161E+01  .35863562E-02
  .19583587E+01  .31547234E-02
  .21489173E+01  .25612182E-02
  .23708309E+01  .21123692E-02
  .25187995E+01  .19824939E-02
  .26359292E+01  .18279692E-02
  .27312693E+01  .17048008E-02
  .28131164E+01  .16602063E-02
  .28860049E+01  .15649730E-02
  .29533118E+01  .14987732E-02
  .30159291E+01  .15759209E-02
  .30725161E+01  .15353200E-02
  .33098166E+01  .13481737E-02
  .34978665E+01  .12399708E-02
  .36566876E+01  .12015823E-02
  .37957964E+01  .11293968E-02
  .39215514E+01  .11534775E-02
  .40372377E+01  .11775914E-02
  .41444581E+01  .11101204E-02
  .42446234E+01  .10641776E-02
  .43392829E+01  .10815032E-02
  .44295569E+01  .10600818E-02
  .45150252E+01  .10571102E-02
  .45968353E+01  .10360183E-02
  .46752704E+01  .10335755E-02
  .47516554E+01  .10492299E-02
  .48257007E+01  .10495971E-02
  .48971983E+01  .10359537E-02
  .49666967E+01  .10274542E-02
  .50340730E+01  .10239028E-02
  .51004202E+01  .10282411E-02
  .51646934E+01  .10375050E-02
  .52280088E+01  .10419303E-02
  .52900352E+01  .10439556E-02
  .53507404E+01  .10264724E-02
  .54105133E+01  .10412236E-02
  .54696669E+01  .10443414E-02
  .55277384E+01  .10259790E-02
  .55848587E+01  .10209050E-02
  .56410702E+01  .10247261E-02
  .56967653E+01  .10641345E-02
  .57515141E+01  .10820711E-02
  .58060265E+01  .11004698E-02
  .58594017E+01  .11206323E-02
  .59123470E+01  .11223956E-02
  .59647830E+01  .11198158E-02
  .60166886E+01  .11237172E-02
  .60680221E+01  .11080276E-02
  .61190769E+01  .11051556E-02
  .61699867E+01  .11013576E-02
  .62199486E+01  .10891794E-02
  .62697966E+01  .11035567E-02
  .63189454E+01  .10957703E-02
  .63680635E+01  .10975505E-02
  .64165945E+01  .11201075E-02
  .64649873E+01  .11083063E-02
  .65129937E+01  .10817057E-02
  .65607157E+01  .11029659E-02
  .66080759E+01  .11015052E-02
  .66553810E+01  .10952884E-02
  .67023338E+01  .11135630E-02
  .67494042E+01  .11014213E-02
  .67963488E+01  .10951850E-02
  .68430178E+01  .11156203E-02
  .68892287E+01  .11063277E-02
  .69353565E+01  .11211851E-02
  .69814116E+01  .11345881E-02
  .70274351E+01  .11573169E-02
  .70735726E+01  .11923305E-02
  .71189690E+01  .11998759E-02
  .71645688E+01  .12290784E-02
  .72104146E+01  .12268193E-02
  .72559156E+01  .12357133E-02
  .73013010E+01  .12265935E-02
  .73467078E+01  .12382938E-02
  .73920969E+01  .12393767E-02
  .74373205E+01  .12715842E-02
  .74825106E+01  .12862835E-02
  .75280839E+01  .13071277E-02
  .75733972E+01  .12983810E-02
  .76184349E+01  .12910105E-02
  .76637064E+01  .13136651E-02
  .77090886E+01  .13137516E-02
  .77543556E+01  .13159377E-02
  .77996165E+01  .13067656E-02
  .78448057E+01  .13244763E-02
  .78900498E+01  .13119405E-02
  .79356093E+01  .13025588E-02
  .79808917E+01  .13013226E-02
  .80265454E+01  .13054253E-02
  .80719285E+01  .13258742E-02
  .81172924E+01  .13368194E-02
  .81630624E+01  .13256708E-02
  .82086440E+01  .13237060E-02
  .82546483E+01  .13189285E-02
  .83006507E+01  .13328889E-02
  .83468247E+01  .13536573E-02
  .83925298E+01  .13697718E-02
  .84389247E+01  .13686636E-02
  .84856468E+01  .13771654E-02
  .85320539E+01  .13723065E-02
  .85786798E+01  .13534297E-02
  .86251969E+01  .13432390E-02
  .86724897E+01  .13464050E-02
  .87194387E+01  .13492050E-02
  .87667258E+01  .13566631E-02
  .88142173E+01  .13609363E-02
  .88619259E+01  .14043619E-02
  .89097415E+01  .13944271E-02
  .89576836E+01  .13799281E-02
  .90057120E+01  .13661431E-02
  .90541918E+01  .13829099E-02
  .91028462E+01  .13942253E-02
  .91514945E+01  .14147759E-02
  .92003423E+01  .14119494E-02
  .92494936E+01  .14209615E-02
  .92989517E+01  .14298288E-02
  .93488007E+01  .14405192E-02
  .93986227E+01  .14420963E-02
  .94489012E+01  .14427414E-02
  .94997230E+01  .14512298E-02
  .95508034E+01  .14583396E-02
  .96021974E+01  .14665583E-02
  .96538826E+01  .14840963E-02
  .97059933E+01  .14936792E-02
  .97581150E+01  .14949028E-02
  .98104294E+01  .14993975E-02
  .98633574E+01  .15110606E-02
  .99166236E+01  .15060127E-02
  .99705755E+01  .15149498E-02
  .10024299E+02  .15324446E-02
  .10078990E+02  .15394594E-02
  .10134092E+02  .15598823E-02
  .10189607E+02  .15875301E-02
  .10245312E+02  .15996335E-02
  .10301641E+02  .16024317E-02
  .10358403E+02  .16193900E-02
  .10416104E+02  .16211978E-02
  .10474023E+02  .16465507E-02
  .10532378E+02  .16528411E-02
  .10591129E+02  .16442745E-02
  .10650697E+02  .16415710E-02
  .10710761E+02  .16703534E-02
  .10771643E+02  .17132530E-02
  .10832982E+02  .17561772E-02
  .10895297E+02  .18023320E-02
  .10958202E+02  .18174743E-02
  .11021978E+02  .18332335E-02
  .11085757E+02  .18378453E-02
  .11151008E+02  .18452025E-02
  .11216823E+02  .18514695E-02
  .11283682E+02  .18586249E-02
  .11351187E+02  .18526444E-02
  .11419503E+02  .18873469E-02
  .11488022E+02  .18920143E-02
  .11558202E+02  .18658476E-02
  .11629344E+02  .18825311E-02
  .11701153E+02  .18950031E-02
  .11774345E+02  .19181595E-02
  .11848799E+02  .19293944E-02
  .11924437E+02  .19348843E-02
  .12001509E+02  .19231811E-02
  .12078900E+02  .19209978E-02
  .12157522E+02  .19084383E-02
  .12238286E+02  .19065982E-02
  .12320099E+02  .19448249E-02
  .12403415E+02  .19683785E-02
  .12487524E+02  .19901115E-02
  .12574388E+02  .20305989E-02
  .12662771E+02  .20493615E-02
  .12752967E+02  .20665087E-02
  .12844575E+02  .20886248E-02
  .12938327E+02  .21432022E-02
  .13033800E+02  .21732476E-02
  .13131777E+02  .22127240E-02
  .13232650E+02  .22282329E-02
  .13335792E+02  .22799452E-02
  .13441894E+02  .23210155E-02
  .13550099E+02  .23681407E-02
  .13662056E+02  .24280302E-02
  .13776557E+02  .24766678E-02
  .13894889E+02  .24861335E-02
  .14016833E+02  .24979049E-02
  .14142632E+02  .24767382E-02
  .14271859E+02  .24997790E-02
  .14407540E+02  .25911791E-02
  .14547017E+02  .26890193E-02
  .14692067E+02  .27221108E-02
  .14843920E+02  .27671030E-02
  .15000727E+02  .28306631E-02
  .15164774E+02  .28745300E-02
  .15337240E+02  .29372245E-02
  .15517309E+02  .30330531E-02
  .15707593E+02  .31281548E-02
  .15909019E+02  .32106215E-02
  .16123179E+02  .33433830E-02
  .16351636E+02  .34850834E-02
  .16595665E+02  .35992828E-02
  .16859300E+02  .37563776E-02
  .17147292E+02  .38779009E-02
  .17463356E+02  .40927601E-02
  .17813153E+02  .42527194E-02
  .18207518E+02  .43922798E-02
  .18656773E+02  .47741544E-02
  .19182536E+02  .52556168E-02
  .19816777E+02  .56372221E-02
  .20624518E+02  .61336609E-02
  .21743743E+02  .70616935E-02
  .22034516E+02  .73170609E-02
  .22352628E+02  .77800331E-02
  .22716524E+02  .83745595E-02
  .23128185E+02  .94641661E-02
  .23613503E+02  .10544114E-01
  .24201973E+02  .11205463E-01
  .24969342E+02  .12980786E-01
  .26016365E+02  .16094837E-01
  .27780178E+02  .22315952E-01
  .29475261E+02  .29213931E-01
  .31734486E+02  .46625067E-01
  .33324690E+02  .64544068E-01
lm1s 2
  .16224826E+01  .45796294E-02
  .17611445E+01  .36300242E-02
  .19664452E+01  .27157058E-02
  .21525666E+01  .23704374E-02
  .23701692E+01  .19788990E-02
  .25155981E+01  .17744863E-02
  .26267516E+01  .16594373E-02
  .27192193E+01  .15993830E-02
  .27982135E+01  .15091440E-02
  .28693501E+01  .14076423E-02
  .29329810E+01  .13272210E-02
  .29912491E+01  .12740906E-02
  .30451241E+01  .12692028E-02
  .32676638E+01  .11858023E-02
  .34433694E+01  .11418826E-02
  .35914343E+01  .11183247E-02
  .37213631E+01  .10776497E-02
  .38385348E+01  .99656775E-03
  .39455921E+01  .10072582E-02
  .40443405E+01  .10206383E-02
  .41371669E+01  .96852571E-03
  .42241181E+01  .97359134E-03
  .43064461E+01  .95689973E-03
  .43852183E+01  .92038445E-03
  .44604132E+01  .89280590E-03
  .45327584E+01  .89117344E-03
  .46030322E+01  .89232364E-03
  .46706244E+01  .87502834E-03
  .47357626E+01  .88033590E-03
  .47993009E+01  .91286511E-03
  .48609828E+01  .91763562E-03
  .49218260E+01  .91939096E-03
  .49803163E+01  .92663578E-03
  .50378358E+01  .91721757E-03
  .50944354E+01  .93024397E-03
  .51500189E+01  .90500918E-03
  .52042729E+01  .90907723E-03
  .52574784E+01  .91578477E-03
  .53100582E+01  .91233582E-03
  .53619345E+01  .90826487E-03
  .54126976E+01  .94001631E-03
  .54629508E+01  .95989686E-03
  .55125001E+01  .96688407E-03
  .55618592E+01  .96288962E-03
  .56101986E+01  .95242838E-03
  .56582104E+01  .95432455E-03
  .57055951E+01  .95279621E-03
  .57525924E+01  .95013484E-03
  .57992381E+01  .95378238E-03
  .58454853E+01  .94336162E-03
  .58912464E+01  .95768998E-03
  .59366159E+01  .95798397E-03
  .59816689E+01  .95558035E-03
  .60265302E+01  .95099345E-03
  .60706835E+01  .95743949E-03
  .61146394E+01  .95723958E-03
  .61585977E+01  .97459338E-03
  .62017236E+01  .97812001E-03
  .62450574E+01  .99847967E-03
  .62880350E+01  .97218371E-03
  .63307102E+01  .96531317E-03
  .63736071E+01  .96641943E-03
  .64157796E+01  .96673780E-03
  .64577242E+01  .97012644E-03
  .64997986E+01  .95755293E-03
  .65417405E+01  .96443107E-03
  .65833583E+01  .97515816E-03
  .66249737E+01  .97440097E-03
  .66664612E+01  .96255385E-03
  .67080587E+01  .96315385E-03
  .67491830E+01  .95818085E-03
  .67903071E+01  .96155715E-03
  .68316739E+01  .98249784E-03
  .68727916E+01  .99300975E-03
  .69138733E+01  .10002448E-02
  .69549033E+01  .10013542E-02
  .69959022E+01  .10235404E-02
  .70370109E+01  .10253419E-02
  .70779968E+01  .10084677E-02
  .71189558E+01  .10276871E-02
  .71597780E+01  .10483427E-02
  .72006190E+01  .10365751E-02
  .72409924E+01  .10256632E-02
  .72817743E+01  .10192470E-02
  .73225546E+01  .10269932E-02
  .73630955E+01  .10288024E-02
  .74038666E+01  .10290129E-02
  .74448908E+01  .10315076E-02
  .74858010E+01  .10465081E-02
  .75267322E+01  .10657266E-02
  .75676948E+01  .10679488E-02
  .76085747E+01  .10660296E-02
  .76493889E+01  .10478531E-02
  .76906060E+01  .10559611E-02
  .77316986E+01  .10610384E-02
  .77730165E+01  .10730203E-02
  .78145462E+01  .10755768E-02
  .78559936E+01  .10698833E-02
  .78973290E+01  .10784586E-02
  .79389864E+01  .10847497E-02
  .79808796E+01  .10918353E-02
  .80229516E+01  .10917276E-02
  .80648888E+01  .11063489E-02
  .81071106E+01  .11062552E-02
  .81490801E+01  .11209072E-02
  .81915224E+01  .11203395E-02
  .82340453E+01  .11240620E-02
  .82769331E+01  .11343579E-02
  .83199005E+01  .11365732E-02
  .83627423E+01  .11325484E-02
  .84061930E+01  .11366299E-02
  .84496155E+01  .11300235E-02
  .84929357E+01  .11447329E-02
  .85367409E+01  .11570738E-02
  .85809076E+01  .11496034E-02
  .86254940E+01  .11542768E-02
  .86700730E+01  .11526139E-02
  .87150333E+01  .11762433E-02
  .87598496E+01  .11798904E-02
  .88050663E+01  .11913765E-02
  .88505955E+01  .11933698E-02
  .88965823E+01  .12077225E-02
  .89427540E+01  .12249940E-02
  .89893049E+01  .12432423E-02
  .90358597E+01  .12268014E-02
  .90824700E+01  .12240161E-02
  .91299449E+01  .12188419E-02
  .91776952E+01  .12127490E-02
  .92256613E+01  .12252644E-02
  .92738359E+01  .12240795E-02
  .93223577E+01  .12263675E-02
  .93713530E+01  .12508402E-02
  .94211378E+01  .12443911E-02
  .94708993E+01  .12466650E-02
  .95210766E+01  .12484043E-02
  .95715587E+01  .12628347E-02
  .96222664E+01  .12503376E-02
  .96735735E+01  .12605788E-02
  .97253943E+01  .12733073E-02
  .97781983E+01  .12797319E-02
  .98311425E+01  .12732027E-02
  .98846009E+01  .12971468E-02
  .99386253E+01  .13064070E-02
  .99931110E+01  .13372609E-02
  .10048212E+02  .13371430E-02
  .10103658E+02  .13300319E-02
  .10159770E+02  .13544626E-02
  .10216716E+02  .13773187E-02
  .10274463E+02  .13841177E-02
  .10332694E+02  .13840771E-02
  .10391693E+02  .14019090E-02
  .10451369E+02  .14173997E-02
  .10511862E+02  .14387028E-02
  .10573338E+02  .14576755E-02
  .10635002E+02  .14731013E-02
  .10697825E+02  .14937190E-02
  .10761086E+02  .15175433E-02
  .10825507E+02  .15199687E-02
  .10890581E+02  .15334389E-02
  .10957177E+02  .15349510E-02
  .11024858E+02  .15487530E-02
  .11093235E+02  .15630389E-02
  .11162903E+02  .15499297E-02
  .11233582E+02  .15648883E-02
  .11305880E+02  .15991539E-02
  .11379153E+02  .16129069E-02
  .11453609E+02  .16156107E-02
  .11529507E+02  .16380484E-02
  .11606690E+02  .16237721E-02
  .11685032E+02  .16345524E-02
  .11765773E+02  .16451474E-02
  .11847502E+02  .16612776E-02
  .11930783E+02  .16811948E-02
  .12016346E+02  .16795652E-02
  .12104091E+02  .16773136E-02
  .12194098E+02  .16960613E-02
  .12285705E+02  .16850103E-02
  .12379635E+02  .17445882E-02
  .12475816E+02  .18176099E-02
  .12575416E+02  .18580197E-02
  .12677660E+02  .19043372E-02
  .12782608E+02  .19599753E-02
  .12890834E+02  .19857155E-02
  .13002995E+02  .20245937E-02
  .13118214E+02  .20639683E-02
  .13238016E+02  .21376350E-02
  .13361865E+02  .22437154E-02
  .13489503E+02  .22707050E-02
  .13622455E+02  .23246824E-02
  .13761391E+02  .23413891E-02
  .13905468E+02  .24082730E-02
  .14056533E+02  .24779074E-02
  .14215526E+02  .24869098E-02
  .14383031E+02  .25633303E-02
  .14559328E+02  .25854621E-02
  .14745103E+02  .26406432E-02
  .14942451E+02  .26913910E-02
  .15153526E+02  .28329267E-02
  .15380638E+02  .28874303E-02
  .15625690E+02  .29295901E-02
  .15892563E+02  .31206639E-02
  .16184749E+02  .32575789E-02
  .16508363E+02  .34529958E-02
  .16873965E+02  .35939704E-02
  .17291466E+02  .38082691E-02
  .17781252E+02  .41821916E-02
  .18369207E+02  .46510696E-02
  .19120603E+02  .54979107E-02
  .20162395E+02  .64187374E-02
  .20430387E+02  .64907992E-02
  .20724480E+02  .68383792E-02
  .21061551E+02  .76779017E-02
  .21452015E+02  .84706849E-02
  .21906581E+02  .87001034E-02
  .22468247E+02  .90972902E-02
  .23176536E+02  .10995711E-01
  .24173767E+02  .13084404E-01
  .25873053E+02  .17816570E-01
  .27551422E+02  .26298948E-01
  .29651450E+02  .39325901E-01
  .31274221E+02  .57109559E-01
lm2s 2
  .28386530E+01  .65576024E-02
  .30343076E+01  .54251367E-02
  .33253322E+01  .37257357E-02
  .35839337E+01  .31183096E-02
  .38781626E+01  .25995623E-02
  .40707176E+01  .25424960E-02
  .42186026E+01  .23722935E-02
  .43392868E+01  .21543184E-02
  .44438299E+01  .20409509E-02
  .45354712E+01  .19291258E-02
  .46175369E+01  .18342963E-02
  .46927066E+01  .18216580E-02
  .47614263E+01  .17327138E-02
  .50471634E+01  .15731895E-02
  .52697152E+01  .13934907E-02
  .54553621E+01  .12990393E-02
  .56187240E+01  .12278986E-02
  .57641508E+01  .12172347E-02
  .58968191E+01  .11823815E-02
  .60188029E+01  .12005107E-02
  .61323483E+01  .12063404E-02
  .62390640E+01  .11885447E-02
  .63401307E+01  .11692051E-02
  .64357263E+01  .11725044E-02
  .65266359E+01  .11520623E-02
  .66150698E+01  .11253862E-02
  .66997455E+01  .11110268E-02
  .67811598E+01  .10964066E-02
  .68602752E+01  .10842822E-02
  .69368089E+01  .10990177E-02
  .70111529E+01  .10768319E-02
  .70840747E+01  .10898512E-02
  .71542011E+01  .10672251E-02
  .72230247E+01  .10679323E-02
  .72907129E+01  .10496710E-02
  .73566438E+01  .10720987E-02
  .74215805E+01  .10614524E-02
  .74850174E+01  .10629645E-02
  .75474205E+01  .10476618E-02
  .76091794E+01  .10776420E-02
  .76697428E+01  .10607691E-02
  .77293597E+01  .10649439E-02
  .77880965E+01  .10658337E-02
  .78462958E+01  .10667033E-02
  .79041480E+01  .10480124E-02
  .79608997E+01  .10445331E-02
  .80167956E+01  .10541970E-02
  .80725728E+01  .10474977E-02
  .81270561E+01  .10471949E-02
  .81813205E+01  .10737768E-02
  .82346839E+01  .10689748E-02
  .82879046E+01  .10809879E-02
  .83404446E+01  .10786886E-02
  .83930705E+01  .11005484E-02
  .84451174E+01  .11019949E-02
  .84962896E+01  .11113059E-02
  .85475192E+01  .10883109E-02
  .85981046E+01  .11054366E-02
  .86487072E+01  .10967209E-02
  .86988940E+01  .11125942E-02
  .87484727E+01  .11143919E-02
  .87982891E+01  .11215944E-02
  .88478282E+01  .11254890E-02
  .88970506E+01  .11349723E-02
  .89458244E+01  .11258462E-02
  .89947321E+01  .11228312E-02
  .90433296E+01  .11432661E-02
  .90914612E+01  .11351731E-02
  .91398573E+01  .11204077E-02
  .91878234E+01  .11406897E-02
  .92355929E+01  .11531022E-02
  .92834499E+01  .11494609E-02
  .93311898E+01  .11456748E-02
  .93786263E+01  .11345575E-02
  .94259686E+01  .11218734E-02
  .94733859E+01  .11115935E-02
  .95205444E+01  .11121672E-02
  .95676519E+01  .11079505E-02
  .96144504E+01  .11279037E-02
  .96615656E+01  .11364156E-02
  .97085723E+01  .11334785E-02
  .97552774E+01  .11277160E-02
  .98019976E+01  .11439588E-02
  .98489397E+01  .11515543E-02
  .98959650E+01  .11696827E-02
  .99427377E+01  .11737523E-02
  .99893633E+01  .11704133E-02
  .10035931E+02  .11740145E-02
  .10082604E+02  .11867822E-02
  .10129403E+02  .11897803E-02
  .10176076E+02  .11890191E-02
  .10222907E+02  .11807714E-02
  .10269728E+02  .11924358E-02
  .10316949E+02  .11948109E-02
  .10363828E+02  .12014633E-02
  .10410776E+02  .12194485E-02
  .10458021E+02  .12200335E-02
  .10505247E+02  .12169364E-02
  .10552404E+02  .12318161E-02
  .10600054E+02  .12286025E-02
  .10647626E+02  .12324552E-02
  .10695196E+02  .12240255E-02
  .10743073E+02  .12373176E-02
  .10790888E+02  .12464144E-02
  .10838946E+02  .12598424E-02
  .10887161E+02  .12441890E-02
  .10935478E+02  .12274474E-02
  .10983813E+02  .12416293E-02
  .11032426E+02  .12585342E-02
  .11081151E+02  .12670322E-02
  .11130142E+02  .12705292E-02
  .11179721E+02  .12652235E-02
  .11229518E+02  .12657627E-02
  .11279247E+02  .12678436E-02
  .11329113E+02  .12424689E-02
  .11379084E+02  .12407621E-02
  .11429376E+02  .12471895E-02
  .11480203E+02  .12565887E-02
  .11530941E+02  .12712911E-02
  .11582371E+02  .12867722E-02
  .11633924E+02  .12811477E-02
  .11685558E+02  .13009784E-02
  .11737180E+02  .13136434E-02
  .11789281E+02  .13047542E-02
  .11841987E+02  .13182350E-02
  .11894836E+02  .13208712E-02
  .11948323E+02  .13290929E-02
  .12002037E+02  .13082871E-02
  .12055946E+02  .13178660E-02
  .12110285E+02  .13219191E-02
  .12164490E+02  .13362153E-02
  .12219529E+02  .13488767E-02
  .12274858E+02  .13477706E-02
  .12330492E+02  .13270068E-02
  .12386970E+02  .13406744E-02
  .12443592E+02  .13434591E-02
  .12500452E+02  .13526667E-02
  .12557847E+02  .13471653E-02
  .12615687E+02  .13480512E-02
  .12674279E+02  .13677369E-02
  .12733553E+02  .13517005E-02
  .12793365E+02  .13935920E-02
  .12853637E+02  .14123140E-02
  .12914602E+02  .14100356E-02
  .12975946E+02  .14310291E-02
  .13037613E+02  .14521760E-02
  .13100068E+02  .15025214E-02
  .13163790E+02  .14783239E-02
  .13227431E+02  .14789440E-02
  .13292554E+02  .15185193E-02
  .13358417E+02  .15253057E-02
  .13424669E+02  .15418695E-02
  .13491542E+02  .15427698E-02
  .13559680E+02  .15594979E-02
  .13628262E+02  .16046268E-02
  .13698063E+02  .16091621E-02
  .13769151E+02  .16305756E-02
  .13840935E+02  .16270978E-02
  .13913235E+02  .16224270E-02
  .13987354E+02  .16391522E-02
  .14062587E+02  .16399432E-02
  .14138958E+02  .16654692E-02
  .14216117E+02  .16607158E-02
  .14294595E+02  .16838790E-02
  .14374449E+02  .17206840E-02
  .14455803E+02  .17312358E-02
  .14537842E+02  .17829976E-02
  .14621416E+02  .17703472E-02
  .14707286E+02  .18094587E-02
  .14794712E+02  .18262501E-02
  .14883535E+02  .18655335E-02
  .14974386E+02  .18961906E-02
  .15067278E+02  .19002450E-02
  .15161401E+02  .19119584E-02
  .15258322E+02  .19094132E-02
  .15357312E+02  .19392248E-02
  .15458773E+02  .19309379E-02
  .15562812E+02  .19565450E-02
  .15668540E+02  .19591701E-02
  .15777035E+02  .20081988E-02
  .15889744E+02  .20248730E-02
  .16005298E+02  .20450916E-02
  .16123560E+02  .20785028E-02
  .16246522E+02  .20694875E-02
  .16372360E+02  .20150143E-02
  .16502851E+02  .19927817E-02
  .16638808E+02  .20163163E-02
  .16779209E+02  .20497533E-02
  .16924140E+02  .21073814E-02
  .17075723E+02  .21424774E-02
  .17234553E+02  .22256146E-02
  .17398899E+02  .22456209E-02
  .17571818E+02  .22976262E-02
  .17753005E+02  .24274306E-02
  .17943685E+02  .25275867E-02
  .18146595E+02  .26404309E-02
  .18361086E+02  .27155305E-02
  .18590031E+02  .28998627E-02
  .18835092E+02  .29897479E-02
  .19099383E+02  .29966494E-02
  .19386451E+02  .30765048E-02
  .19702310E+02  .32270063E-02
  .20052670E+02  .35082752E-02
  .20447946E+02  .37829318E-02
  .20895796E+02  .39849371E-02
  .21423369E+02  .44970628E-02
  .22054448E+02  .50145877E-02
  .22860653E+02  .55841485E-02
  .23973647E+02  .67146527E-02
  .24261302E+02  .69992044E-02
  .24579863E+02  .72881970E-02
  .24945892E+02  .80398070E-02
  .25362954E+02  .86688496E-02
  .25848828E+02  .96093746E-02
  .26439777E+02  .10136543E-01
  .27189762E+02  .11809431E-01
  .28234801E+02  .13575098E-01
  .30005063E+02  .19108872E-01
  .31741853E+02  .26668497E-01
  .33976512E+02  .44117472E-01
  .35709750E+02  .59276451E-01
tr0  2
  .46099498E+00  .21314414E-02
  .52354339E+00  .17614215E-02
  .62619354E+00  .15771727E-02
  .72158498E+00  .12088280E-02
  .84240587E+00  .11029224E-02
  .92453348E+00  .10351909E-02
  .98983538E+00  .98037076E-03
  .10456686E+01  .95797174E-03
  .10947613E+01  .95418621E-03
  .11389740E+01  .91001499E-03
  .11789567E+01  .88041960E-03
  .12161179E+01  .85553793E-03
  .12507383E+01  .87713020E-03
  .13968833E+01  .80751693E-03
  .15150469E+01  .77188869E-03
  .16176362E+01  .72960024E-03
  .17088355E+01  .72321730E-03
  .17914535E+01  .75209765E-03
  .18675006E+01  .74090733E-03
  .19387829E+01  .72600953E-03
  .20059325E+01  .73517524E-03
  .20694993E+01  .73210084E-03
  .21304911E+01  .71320921E-03
  .21889483E+01  .71208170E-03
  .22450648E+01  .71411733E-03
  .22998714E+01  .70150571E-03
  .23527947E+01  .69318493E-03
  .24036646E+01  .71325358E-03
  .24536350E+01  .69838009E-03
  .25023794E+01  .68887401E-03
  .25498323E+01  .71889768E-03
  .25962129E+01  .70500667E-03
  .26418978E+01  .71627033E-03
  .26866681E+01  .71315606E-03
  .27306900E+01  .72018960E-03
  .27739735E+01  .70872112E-03
  .28166393E+01  .71643640E-03
  .28586038E+01  .70981783E-03
  .28999141E+01  .70008912E-03
  .29407786E+01  .69830937E-03
  .29813402E+01  .69592751E-03
  .30214465E+01  .68864993E-03
  .30610661E+01  .71046458E-03
  .31003326E+01  .70574396E-03
  .31394065E+01  .70830449E-03
  .31780252E+01  .71423882E-03
  .32160798E+01  .70415801E-03
  .32535533E+01  .70528251E-03
  .32913925E+01  .70913281E-03
  .33287547E+01  .71311561E-03
  .33656727E+01  .71488564E-03
  .34024557E+01  .71554817E-03
  .34388570E+01  .72030579E-03
  .34753331E+01  .73719521E-03
  .35116646E+01  .74013932E-03
  .35477192E+01  .73559332E-03
  .35836404E+01  .75732326E-03
  .36194393E+01  .75865620E-03
  .36551311E+01  .77097874E-03
  .36908128E+01  .76725378E-03
  .37262044E+01  .76772987E-03
  .37615634E+01  .78115808E-03
  .37967063E+01  .78356204E-03
  .38318227E+01  .78889163E-03
  .38668417E+01  .79545264E-03
  .39017184E+01  .79262225E-03
  .39367249E+01  .79809931E-03
  .39715799E+01  .80781619E-03
  .40060951E+01  .81180585E-03
  .40408253E+01  .82366281E-03
  .40752437E+01  .82898033E-03
  .41098032E+01  .82207186E-03
  .41442748E+01  .81358369E-03
  .41789218E+01  .81625150E-03
  .42134707E+01  .82237086E-03
  .42480395E+01  .81912630E-03
  .42828223E+01  .81072135E-03
  .43173137E+01  .80937011E-03
  .43519034E+01  .83141284E-03
  .43862386E+01  .85408196E-03
  .44208859E+01  .86218052E-03
  .44555151E+01  .86550911E-03
  .44902428E+01  .86466348E-03
  .45249561E+01  .85962965E-03
  .45599031E+01  .87561295E-03
  .45948579E+01  .87360478E-03
  .46300008E+01  .87274317E-03
  .46648961E+01  .87657665E-03
  .46997911E+01  .88768947E-03
  .47347396E+01  .90070393E-03
  .47698097E+01  .90332893E-03
  .48052671E+01  .91089061E-03
  .48403994E+01  .90832638E-03
  .48758255E+01  .89421627E-03
  .49113900E+01  .89479354E-03
  .49468250E+01  .90033515E-03
  .49825385E+01  .90820456E-03
  .50183137E+01  .91217783E-03
  .50543805E+01  .92163920E-03
  .50903349E+01  .92867703E-03
  .51263881E+01  .92975975E-03
  .51624816E+01  .94453786E-03
  .51988068E+01  .95051494E-03
  .52352357E+01  .95410306E-03
  .52721708E+01  .96058169E-03
  .53089389E+01  .96334488E-03
  .53457325E+01  .95753734E-03
  .53830361E+01  .96537746E-03
  .54207864E+01  .97694167E-03
  .54584007E+01  .97703398E-03
  .54962308E+01  .10006223E-02
  .55342898E+01  .99202235E-03
  .55726236E+01  .10015578E-02
  .56110784E+01  .10086695E-02
  .56497980E+01  .10089902E-02
  .56886119E+01  .10167219E-02
  .57276069E+01  .10235786E-02
  .57671081E+01  .10425063E-02
  .58064833E+01  .10561987E-02
  .58462821E+01  .10721847E-02
  .58863015E+01  .10678273E-02
  .59266336E+01  .10794830E-02
  .59672606E+01  .10931892E-02
  .60081446E+01  .10996085E-02
  .60494494E+01  .11117266E-02
  .60909409E+01  .11180814E-02
  .61326415E+01  .11205900E-02
  .61749485E+01  .11039727E-02
  .62174581E+01  .11116171E-02
  .62602749E+01  .10995461E-02
  .63032220E+01  .10926267E-02
  .63466785E+01  .11103505E-02
  .63906177E+01  .11215090E-02
  .64349250E+01  .11282491E-02
  .64796429E+01  .11329225E-02
  .65247680E+01  .11466147E-02
  .65702630E+01  .11567783E-02
  .66161355E+01  .11810986E-02
  .66626089E+01  .11746151E-02
  .67097265E+01  .11820290E-02
  .67568693E+01  .11645214E-02
  .68048532E+01  .11850318E-02
  .68530042E+01  .11961681E-02
  .69018139E+01  .11989459E-02
  .69510800E+01  .12148842E-02
  .70009552E+01  .12159684E-02
  .70515549E+01  .12361646E-02
  .71020987E+01  .12420573E-02
  .71539567E+01  .12598696E-02
  .72064850E+01  .12846020E-02
  .72593512E+01  .13097240E-02
  .73132868E+01  .13175032E-02
  .73675171E+01  .13310057E-02
  .74226568E+01  .13559635E-02
  .74787442E+01  .13787206E-02
  .75349270E+01  .13821912E-02
  .75924397E+01  .14037372E-02
  .76510429E+01  .14346489E-02
  .77103156E+01  .14685224E-02
  .77705390E+01  .14756192E-02
  .78316988E+01  .14833150E-02
  .78941474E+01  .14907372E-02
  .79572610E+01  .15093358E-02
  .80215009E+01  .15342554E-02
  .80868812E+01  .15625751E-02
  .81536938E+01  .15736832E-02
  .82217928E+01  .15835067E-02
  .82909324E+01  .15847889E-02
  .83614670E+01  .16137865E-02
  .84331305E+01  .16321016E-02
  .85066897E+01  .16280454E-02
  .85814158E+01  .16650275E-02
  .86581893E+01  .16691098E-02
  .87370496E+01  .16728710E-02
  .88174856E+01  .16901879E-02
  .88994632E+01  .17142895E-02
  .89835694E+01  .17498011E-02
  .90699285E+01  .17781152E-02
  .91583669E+01  .17965284E-02
  .92497772E+01  .18126536E-02
  .93429537E+01  .18191833E-02
  .94394887E+01  .18339552E-02
  .95393140E+01  .18948082E-02
  .96423588E+01  .19177707E-02
  .97474393E+01  .20009111E-02
  .98571136E+01  .20490158E-02
  .99706695E+01  .20651542E-02
  .10089597E+02  .20858674E-02
  .10212661E+02  .21477302E-02
  .10340766E+02  .22205150E-02
  .10474232E+02  .22954608E-02
  .10614664E+02  .23396364E-02
  .10761250E+02  .24114226E-02
  .10915798E+02  .24205573E-02
  .11078967E+02  .24979328E-02
  .11252620E+02  .26056612E-02
  .11436548E+02  .26383915E-02
  .11633124E+02  .27304245E-02
  .11842850E+02  .28142559E-02
  .12072021E+02  .29740822E-02
  .12322221E+02  .30624209E-02
  .12594266E+02  .30710664E-02
  .12897172E+02  .31346553E-02
  .13240111E+02  .33329279E-02
  .13632706E+02  .35054754E-02
  .14090518E+02  .37790074E-02
  .14649202E+02  .42070850E-02
  .15367574E+02  .46020755E-02
  .16360981E+02  .57372898E-02
  .16618489E+02  .61348711E-02
  .16903227E+02  .64500385E-02
  .17226940E+02  .69779945E-02
  .17592983E+02  .75607574E-02
  .18024172E+02  .83378334E-02
  .18559098E+02  .90540466E-02
  .19232028E+02  .10883836E-01
  .20177731E+02  .12792900E-01
  .21777461E+02  .19100883E-01
  .23369870E+02  .25906892E-01
  .25486781E+02  .38716973E-01
  .27081888E+02  .57747879E-01
tr1  2
  .10813541E+01  .36323540E-02
  .11855990E+01  .30384725E-02
  .13514520E+01  .24374175E-02
  .15060363E+01  .21243104E-02
  .16917036E+01  .17109470E-02
  .18183984E+01  .15088590E-02
  .19159117E+01  .14645405E-02
  .19977408E+01  .14358297E-02
  .20691356E+01  .13725710E-02
  .21327445E+01  .12969584E-02
  .21906495E+01  .12783648E-02
  .22431340E+01  .12595507E-02
  .22921223E+01  .12672801E-02
  .24986340E+01  .11862139E-02
  .26635369E+01  .11321854E-02
  .28053027E+01  .11207629E-02
  .29295364E+01  .10597895E-02
  .30409083E+01  .11049434E-02
  .31431775E+01  .10947461E-02
  .32392914E+01  .10897702E-02
  .33286634E+01  .10760849E-02
  .34138742E+01  .10775731E-02
  .34946177E+01  .10941136E-02
  .35716810E+01  .10855800E-02
  .36462204E+01  .10705331E-02
  .37172470E+01  .10636052E-02
  .37867750E+01  .10427518E-02
  .38537791E+01  .10230111E-02
  .39186559E+01  .10254741E-02
  .39818203E+01  .10161965E-02
  .40434422E+01  .10293597E-02
  .41033791E+01  .10234653E-02
  .41627666E+01  .10172155E-02
  .42201277E+01  .99976011E-03
  .42761551E+01  .99377034E-03
  .43316003E+01  .99104999E-03
  .43866213E+01  .98796878E-03
  .44406805E+01  .94999891E-03
  .44935207E+01  .93480943E-03
  .45454740E+01  .92301468E-03
  .45970978E+01  .92711706E-03
  .46481138E+01  .93473486E-03
  .46981490E+01  .93239696E-03
  .47477979E+01  .91956084E-03
  .47969598E+01  .93207598E-03
  .48455261E+01  .95065033E-03
  .48938199E+01  .93800968E-03
  .49413935E+01  .94782884E-03
  .49888903E+01  .95232564E-03
  .50360864E+01  .95142689E-03
  .50824166E+01  .95224326E-03
  .51287623E+01  .96507742E-03
  .51748733E+01  .96423349E-03
  .52203206E+01  .97698347E-03
  .52655499E+01  .10004774E-02
  .53105450E+01  .10117904E-02
  .53550539E+01  .10053441E-02
  .53996737E+01  .99997879E-03
  .54440264E+01  .99405312E-03
  .54882799E+01  .10225890E-02
  .55319859E+01  .10236303E-02
  .55755935E+01  .10183919E-02
  .56189927E+01  .10272461E-02
  .56624188E+01  .10292962E-02
  .57055922E+01  .10377060E-02
  .57485575E+01  .10475027E-02
  .57915480E+01  .10500619E-02
  .58343958E+01  .10524132E-02
  .58771180E+01  .10582417E-02
  .59199181E+01  .10745872E-02
  .59622303E+01  .10686274E-02
  .60045418E+01  .10790694E-02
  .60468691E+01  .10607285E-02
  .60891802E+01  .10582056E-02
  .61312246E+01  .10816417E-02
  .61736276E+01  .10976781E-02
  .62160909E+01  .10950056E-02
  .62583468E+01  .10941679E-02
  .63006930E+01  .10935830E-02
  .63427991E+01  .10996558E-02
  .63850930E+01  .11072066E-02
  .64273206E+01  .11098220E-02
  .64695839E+01  .11206347E-02
  .65118220E+01  .11351427E-02
  .65541189E+01  .11295622E-02
  .65960886E+01  .11388529E-02
  .66385893E+01  .11527869E-02
  .66809730E+01  .11443698E-02
  .67233865E+01  .11422192E-02
  .67661789E+01  .11402787E-02
  .68087422E+01  .11296033E-02
  .68515041E+01  .11374877E-02
  .68941162E+01  .11423284E-02
  .69369551E+01  .11223190E-02
  .69795711E+01  .11120838E-02
  .70224412E+01  .11210912E-02
  .70656674E+01  .11300615E-02
  .71091611E+01  .11370101E-02
  .71525856E+01  .11547144E-02
  .71959009E+01  .11490537E-02
  .72390612E+01  .11738524E-02
  .72827126E+01  .11880740E-02
  .73262050E+01  .12026759E-02
  .73699647E+01  .12042290E-02
  .74142483E+01  .12116035E-02
  .74582054E+01  .12124412E-02
  .75027279E+01  .12214670E-02
  .75471040E+01  .12220160E-02
  .75920491E+01  .12242887E-02
  .76371736E+01  .12144310E-02
  .76823159E+01  .12189395E-02
  .77274114E+01  .12197738E-02
  .77727539E+01  .12431079E-02
  .78183794E+01  .12449189E-02
  .78643829E+01  .12504423E-02
  .79106826E+01  .12517203E-02
  .79572956E+01  .12631375E-02
  .80038037E+01  .12883608E-02
  .80507715E+01  .13072887E-02
  .80979849E+01  .13215420E-02
  .81452582E+01  .13410187E-02
  .81928724E+01  .13401138E-02
  .82408860E+01  .13274378E-02
  .82892392E+01  .13455348E-02
  .83377151E+01  .13482410E-02
  .83867699E+01  .13407898E-02
  .84360726E+01  .13687435E-02
  .84860113E+01  .13764740E-02
  .85360204E+01  .13949951E-02
  .85863795E+01  .14026192E-02
  .86373884E+01  .14061123E-02
  .86884147E+01  .14026452E-02
  .87398397E+01  .13862556E-02
  .87917681E+01  .14028524E-02
  .88440179E+01  .14111365E-02
  .88969325E+01  .14108817E-02
  .89501039E+01  .14204944E-02
  .90040293E+01  .14175444E-02
  .90584970E+01  .14431840E-02
  .91135713E+01  .14582243E-02
  .91688651E+01  .14660939E-02
  .92249241E+01  .14758651E-02
  .92814355E+01  .14733215E-02
  .93384369E+01  .14801218E-02
  .93960796E+01  .14807392E-02
  .94545572E+01  .14960383E-02
  .95136527E+01  .14918081E-02
  .95734844E+01  .14961760E-02
  .96332760E+01  .15100797E-02
  .96944175E+01  .15246756E-02
  .97555124E+01  .15357683E-02
  .98174849E+01  .15467768E-02
  .98807683E+01  .15520394E-02
  .99450810E+01  .15559061E-02
  .10009549E+02  .15764311E-02
  .10074910E+02  .15975003E-02
  .10141129E+02  .16144115E-02
  .10209131E+02  .16161958E-02
  .10277435E+02  .16050742E-02
  .10347050E+02  .16252806E-02
  .10417424E+02  .16456616E-02
  .10488779E+02  .16740774E-02
  .10560808E+02  .16848290E-02
  .10634273E+02  .17311011E-02
  .10709279E+02  .17383638E-02
  .10785756E+02  .17556786E-02
  .10864377E+02  .17616880E-02
  .10943431E+02  .18067575E-02
  .11024431E+02  .18285005E-02
  .11107583E+02  .18550253E-02
  .11191420E+02  .18788005E-02
  .11277778E+02  .18686988E-02
  .11365235E+02  .18949428E-02
  .11454834E+02  .18684254E-02
  .11546853E+02  .19088395E-02
  .11640605E+02  .19441413E-02
  .11736559E+02  .19455560E-02
  .11835009E+02  .19826233E-02
  .11936856E+02  .19976419E-02
  .12040640E+02  .20391614E-02
  .12147691E+02  .20833153E-02
  .12257699E+02  .21560669E-02
  .12370496E+02  .21948511E-02
  .12487327E+02  .22224022E-02
  .12608253E+02  .22335319E-02
  .12732697E+02  .22213428E-02
  .12861430E+02  .22662693E-02
  .12994607E+02  .22782776E-02
  .13133247E+02  .22690685E-02
  .13278015E+02  .22944186E-02
  .13428721E+02  .23451293E-02
  .13586651E+02  .24244381E-02
  .13751789E+02  .23656134E-02
  .13926679E+02  .24068503E-02
  .14109819E+02  .24324055E-02
  .14302419E+02  .26071664E-02
  .14507418E+02  .26890170E-02
  .14726937E+02  .28197945E-02
  .14963845E+02  .28965145E-02
  .15218738E+02  .30816926E-02
  .15495556E+02  .32665171E-02
  .15799082E+02  .34496226E-02
  .16135196E+02  .36486979E-02
  .16514893E+02  .38538375E-02
  .16948715E+02  .42059779E-02
  .17459104E+02  .45885464E-02
  .18074609E+02  .52478518E-02
  .18852565E+02  .61001209E-02
  .19936339E+02  .69905202E-02
  .20216755E+02  .71050058E-02
  .20523668E+02  .75739538E-02
  .20873142E+02  .77882831E-02
  .21276745E+02  .82656945E-02
  .21752042E+02  .92123660E-02
  .22331078E+02  .10443893E-01
  .23069940E+02  .12095988E-01
  .24089387E+02  .14336466E-01
  .25830678E+02  .21163172E-01
  .27539638E+02  .28757056E-01
  .29725145E+02  .46261177E-01
  .31438599E+02  .65340216E-01
tr2  2
  .17811022E+01  .53358565E-02
  .19305475E+01  .41840698E-02
  .21660664E+01  .35395182E-02
  .23797273E+01  .27923551E-02
  .26286423E+01  .24520033E-02
  .27936024E+01  .21886379E-02
  .29216744E+01  .20550559E-02
  .30292833E+01  .20016333E-02
  .31241597E+01  .18977111E-02
  .32078524E+01  .18431429E-02
  .32825581E+01  .17639357E-02
  .33508277E+01  .17063753E-02
  .34134594E+01  .16176275E-02
  .36767317E+01  .13633381E-02
  .38837950E+01  .13737789E-02
  .40594116E+01  .13622176E-02
  .42154881E+01  .13546264E-02
  .43541283E+01  .12656529E-02
  .44817589E+01  .12009011E-02
  .45993945E+01  .11673787E-02
  .47091152E+01  .11558062E-02
  .48131984E+01  .11655396E-02
  .49115902E+01  .11588866E-02
  .50054804E+01  .11933065E-02
  .50954183E+01  .11775128E-02
  .51817246E+01  .11502728E-02
  .52647584E+01  .11397452E-02
  .53460554E+01  .11405125E-02
  .54243209E+01  .11427457E-02
  .55004342E+01  .11851551E-02
  .55747447E+01  .11710753E-02
  .56467285E+01  .11746351E-02
  .57173192E+01  .11689630E-02
  .57858044E+01  .11782452E-02
  .58533748E+01  .12000674E-02
  .59199206E+01  .12109905E-02
  .59851177E+01  .12136266E-02
  .60495145E+01  .12172407E-02
  .61127997E+01  .12084739E-02
  .61749108E+01  .11990813E-02
  .62360336E+01  .12093626E-02
  .62960189E+01  .12232075E-02
  .63550570E+01  .12079621E-02
  .64142502E+01  .12338438E-02
  .64719299E+01  .12169368E-02
  .65292511E+01  .12056728E-02
  .65860124E+01  .11999405E-02
  .66419939E+01  .12070478E-02
  .66970677E+01  .12017280E-02
  .67523691E+01  .12152103E-02
  .68067895E+01  .11972907E-02
  .68610531E+01  .11958176E-02
  .69146745E+01  .11847984E-02
  .69677741E+01  .12095569E-02
  .70206519E+01  .12245474E-02
  .70736335E+01  .12269168E-02
  .71259792E+01  .12398488E-02
  .71775749E+01  .12384102E-02
  .72292997E+01  .12470640E-02
  .72805368E+01  .12671483E-02
  .73316356E+01  .12797186E-02
  .73826229E+01  .12974290E-02
  .74333568E+01  .13153617E-02
  .74842507E+01  .13320614E-02
  .75346436E+01  .13240332E-02
  .75848250E+01  .13351109E-02
  .76346771E+01  .13332914E-02
  .76846068E+01  .13333273E-02
  .77339709E+01  .13480355E-02
  .77832522E+01  .13396943E-02
  .78323378E+01  .13282620E-02
  .78815309E+01  .13330967E-02
  .79303007E+01  .13182081E-02
  .79794687E+01  .13359043E-02
  .80284144E+01  .13586090E-02
  .80770655E+01  .13687128E-02
  .81257270E+01  .13789243E-02
  .81747090E+01  .13808612E-02
  .82231885E+01  .13837762E-02
  .82717443E+01  .13867168E-02
  .83202802E+01  .13988916E-02
  .83688275E+01  .14067539E-02
  .84171306E+01  .14236462E-02
  .84655689E+01  .14225077E-02
  .85140622E+01  .14145878E-02
  .85627474E+01  .14219186E-02
  .86111802E+01  .14113261E-02
  .86595190E+01  .14055180E-02
  .87080615E+01  .13995814E-02
  .87566302E+01  .14007899E-02
  .88056428E+01  .14108224E-02
  .88545359E+01  .13989383E-02
  .89028014E+01  .14133324E-02
  .89516633E+01  .13987720E-02
  .90007340E+01  .14161218E-02
  .90496619E+01  .14232468E-02
  .90986760E+01  .14244940E-02
  .91480036E+01  .14474546E-02
  .91969754E+01  .14239329E-02
  .92463632E+01  .14401499E-02
  .92958389E+01  .14381897E-02
  .93454014E+01  .14406316E-02
  .93950513E+01  .14414737E-02
  .94446350E+01  .14442555E-02
  .94949850E+01  .14437421E-02
  .95452740E+01  .14289832E-02
  .95957094E+01  .14341384E-02
  .96462813E+01  .14576090E-02
  .96970832E+01  .14765520E-02
  .97477937E+01  .14818392E-02
  .97988644E+01  .15006513E-02
  .98501189E+01  .15228247E-02
  .99017790E+01  .15255079E-02
  .99533987E+01  .15243618E-02
  .10005222E+02  .15180751E-02
  .10057179E+02  .15231170E-02
  .10109590E+02  .15276768E-02
  .10161936E+02  .15433493E-02
  .10215147E+02  .15308976E-02
  .10268141E+02  .15283925E-02
  .10321558E+02  .15212554E-02
  .10375296E+02  .15540891E-02
  .10429396E+02  .15499336E-02
  .10483671E+02  .15820655E-02
  .10538480E+02  .15834908E-02
  .10593530E+02  .15755371E-02
  .10649141E+02  .15857862E-02
  .10705022E+02  .16074154E-02
  .10761488E+02  .16313051E-02
  .10818086E+02  .16595040E-02
  .10874533E+02  .16903203E-02
  .10932022E+02  .17058360E-02
  .10989742E+02  .17317611E-02
  .11048383E+02  .17501727E-02
  .11106709E+02  .17453992E-02
  .11166428E+02  .17719516E-02
  .11225904E+02  .17552691E-02
  .11286360E+02  .17830948E-02
  .11346950E+02  .17813849E-02
  .11408396E+02  .18069774E-02
  .11470281E+02  .18084788E-02
  .11532681E+02  .18217003E-02
  .11595735E+02  .18272020E-02
  .11659504E+02  .18136058E-02
  .11723440E+02  .18240524E-02
  .11788236E+02  .18300922E-02
  .11854216E+02  .18368911E-02
  .11920235E+02  .18116503E-02
  .11987148E+02  .18335881E-02
  .12054758E+02  .18727791E-02
  .12122892E+02  .18447677E-02
  .12192356E+02  .18582440E-02
  .12262487E+02  .18618518E-02
  .12333625E+02  .18535346E-02
  .12405647E+02  .18594276E-02
  .12478041E+02  .18656902E-02
  .12551636E+02  .18665448E-02
  .12626734E+02  .18546143E-02
  .12702948E+02  .18455104E-02
  .12779886E+02  .18791970E-02
  .12858342E+02  .18825485E-02
  .12937675E+02  .18925987E-02
  .13018297E+02  .19092883E-02
  .13099885E+02  .19413967E-02
  .13182686E+02  .19451671E-02
  .13267429E+02  .19435934E-02
  .13353093E+02  .19743634E-02
  .13440486E+02  .19731241E-02
  .13529857E+02  .20397164E-02
  .13620494E+02  .21045182E-02
  .13713248E+02  .21421969E-02
  .13808150E+02  .21459878E-02
  .13904250E+02  .22139914E-02
  .14002410E+02  .22615873E-02
  .14103005E+02  .23069733E-02
  .14205466E+02  .23187136E-02
  .14310820E+02  .22876118E-02
  .14419241E+02  .23233669E-02
  .14530591E+02  .23372066E-02
  .14644830E+02  .23673144E-02
  .14762139E+02  .23934362E-02
  .14882700E+02  .24083675E-02
  .15007423E+02  .24393732E-02
  .15135693E+02  .24737664E-02
  .15267699E+02  .24969605E-02
  .15402495E+02  .24961528E-02
  .15543119E+02  .25499664E-02
  .15688793E+02  .26086773E-02
  .15839372E+02  .26952448E-02
  .15996412E+02  .27170975E-02
  .16161052E+02  .28007424E-02
  .16334052E+02  .28917089E-02
  .16513060E+02  .30004621E-02
  .16700804E+02  .30723953E-02
  .16899388E+02  .31969971E-02
  .17108551E+02  .33450890E-02
  .17333008E+02  .34844730E-02
  .17570259E+02  .35588674E-02
  .17823433E+02  .35599230E-02
  .18098602E+02  .38851417E-02
  .18398593E+02  .40427835E-02
  .18725986E+02  .41801116E-02
  .19089397E+02  .44634497E-02
  .19498902E+02  .48903326E-02
  .19963513E+02  .49594168E-02
  .20509775E+02  .54098111E-02
  .21165611E+02  .59631366E-02
  .22003689E+02  .65036914E-02
  .23152538E+02  .77779647E-02
  .23445055E+02  .78579122E-02
  .23775319E+02  .83249529E-02
  .24150956E+02  .91685788E-02
  .24577768E+02  .10001594E-01
  .25088649E+02  .10053234E-01
  .25702463E+02  .11162184E-01
  .26480114E+02  .12783506E-01
  .27562780E+02  .15712782E-01
  .29358269E+02  .23202809E-01
  .31102962E+02  .31644379E-01
  .33364905E+02  .45043697E-01
  .35098095E+02  .62725762E-01
tr1s 2
  .25189951E+01  .64048552E-02
  .27178155E+01  .52910094E-02
  .30152991E+01  .41363555E-02
  .32812909E+01  .32367580E-02
  .35857038E+01  .27208329E-02
  .37896857E+01  .23424080E-02
  .39456448E+01  .21122279E-02
  .40736799E+01  .20148680E-02
  .41848466E+01  .19360005E-02
  .42822975E+01  .18888570E-02
  .43693796E+01  .18422401E-02
  .44489493E+01  .18097350E-02
  .45216982E+01  .17981615E-02
  .48267876E+01  .17340123E-02
  .50663484E+01  .14981351E-02
  .52668276E+01  .15336815E-02
  .54415862E+01  .14403272E-02
  .55983596E+01  .14099553E-02
  .57420611E+01  .14217766E-02
  .58745626E+01  .13508293E-02
  .59982643E+01  .13303006E-02
  .61138846E+01  .13476508E-02
  .62233423E+01  .13248988E-02
  .63272987E+01  .13195147E-02
  .64276823E+01  .13301332E-02
  .65230772E+01  .13054185E-02
  .66151701E+01  .12719000E-02
  .67047011E+01  .12502167E-02
  .67912577E+01  .12555520E-02
  .68747901E+01  .12493458E-02
  .69561809E+01  .12135330E-02
  .70348348E+01  .11929685E-02
  .71119554E+01  .11877970E-02
  .71873128E+01  .12023246E-02
  .72611097E+01  .12277564E-02
  .73335741E+01  .12370257E-02
  .74039966E+01  .12365440E-02
  .74733689E+01  .12443532E-02
  .75413097E+01  .12289298E-02
  .76080979E+01  .12406864E-02
  .76746952E+01  .12218308E-02
  .77401135E+01  .12306842E-02
  .78042627E+01  .12029744E-02
  .78677743E+01  .12126222E-02
  .79301179E+01  .11998720E-02
  .79917383E+01  .12046110E-02
  .80526089E+01  .12062007E-02
  .81128708E+01  .12035491E-02
  .81729228E+01  .11908840E-02
  .82319978E+01  .11626352E-02
  .82906259E+01  .11732492E-02
  .83489042E+01  .11897418E-02
  .84067567E+01  .11863184E-02
  .84638902E+01  .11800996E-02
  .85204229E+01  .11962039E-02
  .85766565E+01  .11963124E-02
  .86326044E+01  .11835405E-02
  .86877629E+01  .11749307E-02
  .87426438E+01  .11789773E-02
  .87975405E+01  .11743938E-02
  .88520421E+01  .11786006E-02
  .89063630E+01  .11804692E-02
  .89601627E+01  .11870156E-02
  .90135735E+01  .11806468E-02
  .90667375E+01  .11886057E-02
  .91201912E+01  .12024601E-02
  .91732833E+01  .12176884E-02
  .92260237E+01  .12260919E-02
  .92784677E+01  .12225197E-02
  .93304991E+01  .12311295E-02
  .93828342E+01  .12186254E-02
  .94347495E+01  .12332377E-02
  .94864869E+01  .12500977E-02
  .95381329E+01  .12590986E-02
  .95895880E+01  .12538513E-02
  .96408339E+01  .12475797E-02
  .96921977E+01  .12410653E-02
  .97436050E+01  .12381918E-02
  .97946296E+01  .12354039E-02
  .98455534E+01  .12237709E-02
  .98964082E+01  .12299667E-02
  .99473796E+01  .11919900E-02
  .99986872E+01  .11939542E-02
  .10049437E+02  .12077999E-02
  .10100166E+02  .12032000E-02
  .10150720E+02  .11935237E-02
  .10201749E+02  .11808249E-02
  .10252637E+02  .11964006E-02
  .10303629E+02  .12138084E-02
  .10354480E+02  .12176376E-02
  .10405474E+02  .12072742E-02
  .10456421E+02  .12190879E-02
  .10507759E+02  .12117590E-02
  .10558803E+02  .12215816E-02
  .10609721E+02  .12449617E-02
  .10660876E+02  .12541559E-02
  .10711899E+02  .12817451E-02
  .10763595E+02  .13005494E-02
  .10815129E+02  .13159424E-02
  .10866450E+02  .13359679E-02
  .10918114E+02  .13271097E-02
  .10969915E+02  .13330786E-02
  .11021948E+02  .13212385E-02
  .11073941E+02  .13287122E-02
  .11126292E+02  .13302007E-02
  .11178581E+02  .13144428E-02
  .11231281E+02  .13310877E-02
  .11283608E+02  .13304026E-02
  .11336246E+02  .13425534E-02
  .11389557E+02  .13619613E-02
  .11442689E+02  .13517106E-02
  .11496015E+02  .13601484E-02
  .11549589E+02  .13624061E-02
  .11603567E+02  .13636188E-02
  .11657380E+02  .14016894E-02
  .11711256E+02  .14055994E-02
  .11765917E+02  .13857610E-02
  .11820592E+02  .13837458E-02
  .11875436E+02  .13811965E-02
  .11930622E+02  .13601933E-02
  .11986656E+02  .13787274E-02
  .12042691E+02  .14173489E-02
  .12098951E+02  .14233477E-02
  .12155490E+02  .14374204E-02
  .12212266E+02  .14257910E-02
  .12269095E+02  .14363101E-02
  .12326481E+02  .14360754E-02
  .12384251E+02  .14488241E-02
  .12442181E+02  .14691776E-02
  .12500738E+02  .14881611E-02
  .12559615E+02  .15141618E-02
  .12618802E+02  .15373217E-02
  .12678720E+02  .15697862E-02
  .12739237E+02  .15724981E-02
  .12800155E+02  .15963907E-02
  .12861395E+02  .16004464E-02
  .12923491E+02  .16295198E-02
  .12985563E+02  .16433379E-02
  .13048165E+02  .16475846E-02
  .13111558E+02  .16292224E-02
  .13175123E+02  .16303517E-02
  .13239267E+02  .16079170E-02
  .13304156E+02  .15999060E-02
  .13369879E+02  .15697919E-02
  .13436314E+02  .16030237E-02
  .13503305E+02  .16182238E-02
  .13571002E+02  .16435459E-02
  .13639270E+02  .16610234E-02
  .13707825E+02  .16799733E-02
  .13777466E+02  .17128946E-02
  .13847892E+02  .17217138E-02
  .13918858E+02  .17202814E-02
  .13991342E+02  .17103950E-02
  .14064658E+02  .17280247E-02
  .14138214E+02  .17575000E-02
  .14213085E+02  .17757788E-02
  .14289163E+02  .17740312E-02
  .14366042E+02  .18329797E-02
  .14443740E+02  .18205065E-02
  .14522748E+02  .18407210E-02
  .14603475E+02  .18609119E-02
  .14684933E+02  .19025318E-02
  .14767346E+02  .19187801E-02
  .14851071E+02  .19087661E-02
  .14936339E+02  .19603026E-02
  .15023669E+02  .19711923E-02
  .15112340E+02  .19734169E-02
  .15202154E+02  .20159682E-02
  .15294211E+02  .20169371E-02
  .15387529E+02  .20474605E-02
  .15482404E+02  .20386363E-02
  .15578734E+02  .20662052E-02
  .15677534E+02  .20645398E-02
  .15778524E+02  .21162977E-02
  .15881437E+02  .21103634E-02
  .15986631E+02  .21312247E-02
  .16094767E+02  .21546698E-02
  .16205482E+02  .21627837E-02
  .16319790E+02  .21954417E-02
  .16436062E+02  .22037606E-02
  .16554914E+02  .22702436E-02
  .16678202E+02  .22872123E-02
  .16804465E+02  .23327405E-02
  .16933705E+02  .23318526E-02
  .17067837E+02  .24051908E-02
  .17205984E+02  .24592578E-02
  .17348700E+02  .24880446E-02
  .17497972E+02  .25510243E-02
  .17652121E+02  .25888205E-02
  .17813085E+02  .26361362E-02
  .17981284E+02  .26654760E-02
  .18155462E+02  .27734103E-02
  .18338087E+02  .28147924E-02
  .18530079E+02  .28863167E-02
  .18734140E+02  .29058325E-02
  .18948829E+02  .29484851E-02
  .19175634E+02  .30350557E-02
  .19418328E+02  .31255093E-02
  .19677882E+02  .32711627E-02
  .19958764E+02  .33636277E-02
  .20261851E+02  .35893386E-02
  .20596054E+02  .37374513E-02
  .20963210E+02  .40211621E-02
  .21374662E+02  .42880017E-02
  .21847407E+02  .47930899E-02
  .22405029E+02  .52705271E-02
  .23071293E+02  .59417085E-02
  .23915279E+02  .65032571E-02
  .25077560E+02  .77815464E-02
  .25381325E+02  .81679745E-02
  .25715615E+02  .88381385E-02
  .26088812E+02  .90541368E-02
  .26517393E+02  .96263818E-02
  .27028182E+02  .99378015E-02
  .27644236E+02  .10909934E-01
  .28412059E+02  .11791015E-01
  .29510608E+02  .14306903E-01
  .31349156E+02  .20468618E-01
  .33150740E+02  .28120293E-01
  .35459592E+02  .44116231E-01
  .37202684E+02  .60281618E-01
tr2s 2
  .46483678E+01  .92687618E-02
  .49167774E+01  .81348003E-02
  .53455047E+01  .54886832E-02
  .57217550E+01  .46630193E-02
  .61521707E+01  .37685276E-02
  .64307769E+01  .35553866E-02
  .66448708E+01  .31510768E-02
  .68193032E+01  .27750024E-02
  .69678342E+01  .27867413E-02
  .70971913E+01  .27512564E-02
  .72147751E+01  .26293152E-02
  .73218983E+01  .25968933E-02
  .74203896E+01  .24911673E-02
  .78227409E+01  .22687467E-02
  .81381101E+01  .21649573E-02
  .84002097E+01  .19637122E-02
  .86283340E+01  .18447328E-02
  .88309913E+01  .17261644E-02
  .90146494E+01  .17315889E-02
  .91831959E+01  .17014850E-02
  .93396954E+01  .16673438E-02
  .94862002E+01  .16585471E-02
  .96245327E+01  .16880186E-02
  .97550933E+01  .17192816E-02
  .98799976E+01  .16960417E-02
  .99999004E+01  .16852941E-02
  .10115104E+02  .16391970E-02
  .10225520E+02  .15855287E-02
  .10333418E+02  .15693720E-02
  .10437510E+02  .15754534E-02
  .10538680E+02  .15330655E-02
  .10636336E+02  .15349027E-02
  .10731873E+02  .15334765E-02
  .10824901E+02  .15384064E-02
  .10915534E+02  .15477023E-02
  .11004043E+02  .15324847E-02
  .11091079E+02  .15475069E-02
  .11175898E+02  .15261672E-02
  .11259614E+02  .15520110E-02
  .11342092E+02  .15547847E-02
  .11422802E+02  .15720882E-02
  .11502465E+02  .15392455E-02
  .11581016E+02  .15033347E-02
  .11658047E+02  .14973794E-02
  .11733587E+02  .14890499E-02
  .11809126E+02  .14995257E-02
  .11883557E+02  .14919200E-02
  .11956783E+02  .14903759E-02
  .12029511E+02  .14836338E-02
  .12101042E+02  .14726647E-02
  .12171481E+02  .14501697E-02
  .12242111E+02  .14509309E-02
  .12311619E+02  .14454638E-02
  .12380559E+02  .14448969E-02
  .12448752E+02  .14073566E-02
  .12516491E+02  .14200395E-02
  .12583756E+02  .13993450E-02
  .12650146E+02  .13771982E-02
  .12716647E+02  .13733784E-02
  .12782279E+02  .13667315E-02
  .12847558E+02  .13669127E-02
  .12912545E+02  .13753808E-02
  .12976838E+02  .13931983E-02
  .13040993E+02  .14126959E-02
  .13104813E+02  .14099899E-02
  .13167986E+02  .13869099E-02
  .13231032E+02  .13900633E-02
  .13294114E+02  .14169336E-02
  .13356897E+02  .14363214E-02
  .13419251E+02  .14205287E-02
  .13481559E+02  .14284759E-02
  .13543423E+02  .14338112E-02
  .13605382E+02  .14250039E-02
  .13666637E+02  .14345908E-02
  .13727623E+02  .14348443E-02
  .13788620E+02  .14389598E-02
  .13849482E+02  .14506988E-02
  .13910144E+02  .14760781E-02
  .13971147E+02  .14822698E-02
  .14031893E+02  .14770547E-02
  .14092412E+02  .15005735E-02
  .14152677E+02  .15037060E-02
  .14213144E+02  .15116852E-02
  .14273206E+02  .14989894E-02
  .14333573E+02  .15140604E-02
  .14393887E+02  .15261950E-02
  .14453903E+02  .15374738E-02
  .14513970E+02  .15486048E-02
  .14574250E+02  .15422941E-02
  .14634342E+02  .15541183E-02
  .14694308E+02  .15651826E-02
  .14754238E+02  .15564092E-02
  .14814376E+02  .15463894E-02
  .14874430E+02  .15457421E-02
  .14934751E+02  .15474051E-02
  .14994331E+02  .15392518E-02
  .15054483E+02  .15261321E-02
  .15114690E+02  .15413097E-02
  .15174972E+02  .15578970E-02
  .15235538E+02  .15787060E-02
  .15296057E+02  .15878302E-02
  .15356680E+02  .16197355E-02
  .15417435E+02  .16016127E-02
  .15477926E+02  .16130427E-02
  .15538767E+02  .15805321E-02
  .15599725E+02  .16032028E-02
  .15660717E+02  .16153503E-02
  .15721802E+02  .16094970E-02
  .15783677E+02  .15902502E-02
  .15845630E+02  .15855808E-02
  .15907491E+02  .16153286E-02
  .15969558E+02  .15941334E-02
  .16031946E+02  .15949623E-02
  .16094732E+02  .15964250E-02
  .16157309E+02  .16113753E-02
  .16220193E+02  .16472030E-02
  .16283481E+02  .16549642E-02
  .16347052E+02  .16572864E-02
  .16410965E+02  .16418914E-02
  .16475386E+02  .16573864E-02
  .16539728E+02  .16530811E-02
  .16604272E+02  .16509781E-02
  .16669293E+02  .16663007E-02
  .16734732E+02  .16566947E-02
  .16800469E+02  .16524205E-02
  .16866695E+02  .16493251E-02
  .16932694E+02  .16590272E-02
  .16999113E+02  .16666932E-02
  .17066787E+02  .17054903E-02
  .17134165E+02  .17111237E-02
  .17202052E+02  .17337214E-02
  .17270920E+02  .17122105E-02
  .17340076E+02  .17195498E-02
  .17409229E+02  .17401524E-02
  .17479557E+02  .17489132E-02
  .17549692E+02  .17466524E-02
  .17620269E+02  .17588868E-02
  .17691714E+02  .17586842E-02
  .17763798E+02  .17543834E-02
  .17836544E+02  .17926004E-02
  .17909575E+02  .17913491E-02
  .17983538E+02  .18145300E-02
  .18058579E+02  .18179599E-02
  .18134099E+02  .18450010E-02
  .18210196E+02  .18411398E-02
  .18286646E+02  .18276151E-02
  .18363314E+02  .18416893E-02
  .18441789E+02  .18103015E-02
  .18520499E+02  .18206669E-02
  .18600355E+02  .18197518E-02
  .18681172E+02  .18469105E-02
  .18763024E+02  .18906846E-02
  .18845599E+02  .19136043E-02
  .18929141E+02  .19355563E-02
  .19013087E+02  .19192601E-02
  .19098086E+02  .19567477E-02
  .19184409E+02  .19603763E-02
  .19271830E+02  .19571468E-02
  .19360892E+02  .19644326E-02
  .19450370E+02  .19954240E-02
  .19541843E+02  .20025167E-02
  .19634222E+02  .19928879E-02
  .19727851E+02  .20274918E-02
  .19822980E+02  .20554365E-02
  .19919656E+02  .20897209E-02
  .20018076E+02  .21025788E-02
  .20118546E+02  .21372238E-02
  .20220353E+02  .21600090E-02
  .20322985E+02  .21934549E-02
  .20428423E+02  .21975248E-02
  .20535082E+02  .22477020E-02
  .20644721E+02  .22276064E-02
  .20756084E+02  .22463639E-02
  .20871007E+02  .22730840E-02
  .20987789E+02  .23036518E-02
  .21106858E+02  .22994463E-02
  .21228114E+02  .23373897E-02
  .21352596E+02  .24002393E-02
  .21479035E+02  .24255075E-02
  .21609363E+02  .24318149E-02
  .21743090E+02  .24595459E-02
  .21881805E+02  .24859663E-02
  .22023876E+02  .25219179E-02
  .22170347E+02  .25649248E-02
  .22320961E+02  .25838863E-02
  .22476374E+02  .26334523E-02
  .22637624E+02  .26699623E-02
  .22803694E+02  .26746453E-02
  .22976133E+02  .27286313E-02
  .23155640E+02  .26818383E-02
  .23342194E+02  .28255646E-02
  .23537459E+02  .28374492E-02
  .23740872E+02  .29283320E-02
  .23955776E+02  .29800497E-02
  .24181944E+02  .31060844E-02
  .24419239E+02  .31630259E-02
  .24670386E+02  .33731352E-02
  .24939136E+02  .35261165E-02
  .25225965E+02  .36307346E-02
  .25534560E+02  .37625139E-02
  .25872243E+02  .39496298E-02
  .26241269E+02  .41784402E-02
  .26648829E+02  .43001632E-02
  .27104327E+02  .46575395E-02
  .27625522E+02  .48601392E-02
  .28227417E+02  .49831348E-02
  .28954076E+02  .55523769E-02
  .29878297E+02  .63921192E-02
  .31155312E+02  .79792209E-02
  .31479305E+02  .85971229E-02
  .31839879E+02  .88955093E-02
  .32245282E+02  .96560286E-02
  .32712961E+02  .99680536E-02
  .33265232E+02  .10761294E-01
  .33930773E+02  .11657475E-01
  .34766374E+02  .12823624E-01
  .35932061E+02  .15369036E-01
  .37923349E+02  .21092405E-01
  .39894330E+02  .31978712E-01
  .42424897E+02  .46236697E-01
  .44205668E+02  .63188321E-01
