Copyright (C) James G. MacKinnon, Alfred A. Haug, and Leo Michelis, 1996
lm0  3
  .81782594E+01  .37603438E-01
  .85479023E+01  .29350274E-01
  .90711267E+01  .19810794E-01
  .95144607E+01  .16331902E-01
  .10031412E+02  .13049704E-01
  .10373908E+02  .12039560E-01
  .10618454E+02  .10973401E-01
  .10822427E+02  .10162433E-01
  .10993712E+02  .99540757E-02
  .11151153E+02  .97029542E-02
  .11284215E+02  .90448616E-02
  .11402969E+02  .86013365E-02
  .11510607E+02  .85565278E-02
  .11968768E+02  .75840350E-02
  .12320339E+02  .69377683E-02
  .12609355E+02  .63252895E-02
  .12861949E+02  .59698131E-02
  .13081378E+02  .58812737E-02
  .13282805E+02  .57538540E-02
  .13466542E+02  .57909783E-02
  .13635204E+02  .56782608E-02
  .13793678E+02  .55590130E-02
  .13943643E+02  .55174509E-02
  .14084270E+02  .54215053E-02
  .14221169E+02  .51599952E-02
  .14347790E+02  .50181458E-02
  .14469464E+02  .50467721E-02
  .14588697E+02  .49322755E-02
  .14702797E+02  .48734819E-02
  .14813608E+02  .49062205E-02
  .14919940E+02  .49660943E-02
  .15025379E+02  .49102485E-02
  .15126089E+02  .48598009E-02
  .15224745E+02  .47812894E-02
  .15322559E+02  .46665503E-02
  .15416960E+02  .47060959E-02
  .15507331E+02  .46992538E-02
  .15597536E+02  .46529993E-02
  .15686204E+02  .45571518E-02
  .15773773E+02  .45686291E-02
  .15858304E+02  .45086203E-02
  .15941099E+02  .45030403E-02
  .16023514E+02  .44129541E-02
  .16104412E+02  .43590874E-02
  .16184142E+02  .42773525E-02
  .16261985E+02  .43279161E-02
  .16340249E+02  .42777939E-02
  .16415615E+02  .42613597E-02
  .16491382E+02  .42947287E-02
  .16566361E+02  .42629180E-02
  .16639290E+02  .42047271E-02
  .16711539E+02  .42459575E-02
  .16782834E+02  .42582711E-02
  .16853033E+02  .42241804E-02
  .16923407E+02  .41897588E-02
  .16993777E+02  .41555060E-02
  .17063863E+02  .42169015E-02
  .17131935E+02  .43500474E-02
  .17199832E+02  .42889721E-02
  .17267414E+02  .42704669E-02
  .17335030E+02  .42567534E-02
  .17400487E+02  .42953312E-02
  .17466792E+02  .42809925E-02
  .17530740E+02  .42285426E-02
  .17595924E+02  .42632021E-02
  .17660482E+02  .43259388E-02
  .17725311E+02  .43891115E-02
  .17789063E+02  .43126079E-02
  .17854470E+02  .43656087E-02
  .17920074E+02  .43708937E-02
  .17983496E+02  .44727632E-02
  .18046330E+02  .44699364E-02
  .18108213E+02  .44460221E-02
  .18171269E+02  .44424905E-02
  .18233150E+02  .44745322E-02
  .18296050E+02  .45183394E-02
  .18358864E+02  .44867492E-02
  .18421626E+02  .45660880E-02
  .18484560E+02  .45005348E-02
  .18544203E+02  .44682603E-02
  .18606846E+02  .44553521E-02
  .18668010E+02  .44338436E-02
  .18729203E+02  .44421841E-02
  .18789849E+02  .45758576E-02
  .18850666E+02  .46126531E-02
  .18912697E+02  .46131242E-02
  .18974130E+02  .47399013E-02
  .19035144E+02  .47277603E-02
  .19095749E+02  .46771212E-02
  .19156287E+02  .47015285E-02
  .19217428E+02  .46525675E-02
  .19279019E+02  .46791120E-02
  .19340550E+02  .46426450E-02
  .19401358E+02  .45950304E-02
  .19462794E+02  .45851020E-02
  .19523549E+02  .45624051E-02
  .19584626E+02  .45302940E-02
  .19646304E+02  .45497161E-02
  .19707150E+02  .44985008E-02
  .19769084E+02  .44719681E-02
  .19830112E+02  .45215778E-02
  .19892052E+02  .45612478E-02
  .19952870E+02  .46122052E-02
  .20014861E+02  .46029822E-02
  .20076648E+02  .46221169E-02
  .20139422E+02  .46308588E-02
  .20201121E+02  .46381457E-02
  .20261761E+02  .47330889E-02
  .20323603E+02  .48600062E-02
  .20387269E+02  .48647075E-02
  .20449786E+02  .48549558E-02
  .20512628E+02  .49251667E-02
  .20576484E+02  .49886615E-02
  .20639999E+02  .49783677E-02
  .20704002E+02  .49296642E-02
  .20766674E+02  .49580149E-02
  .20830222E+02  .49520996E-02
  .20895263E+02  .48923482E-02
  .20958929E+02  .49370502E-02
  .21023263E+02  .49176757E-02
  .21088772E+02  .49214253E-02
  .21154558E+02  .48931013E-02
  .21220290E+02  .48976663E-02
  .21285281E+02  .49958310E-02
  .21350205E+02  .50192445E-02
  .21415333E+02  .51233206E-02
  .21481779E+02  .52156780E-02
  .21548901E+02  .52408964E-02
  .21616995E+02  .52719986E-02
  .21685324E+02  .51852717E-02
  .21754229E+02  .51552179E-02
  .21823826E+02  .52240503E-02
  .21893839E+02  .52524008E-02
  .21962614E+02  .52723354E-02
  .22033564E+02  .53247178E-02
  .22103732E+02  .53151671E-02
  .22174761E+02  .53286194E-02
  .22246612E+02  .53019822E-02
  .22319407E+02  .53334398E-02
  .22392223E+02  .54490761E-02
  .22465024E+02  .54961583E-02
  .22540907E+02  .55013034E-02
  .22615929E+02  .55714278E-02
  .22690810E+02  .57322678E-02
  .22766751E+02  .57602009E-02
  .22843370E+02  .58445033E-02
  .22920282E+02  .58275043E-02
  .22999846E+02  .58007945E-02
  .23078240E+02  .58956876E-02
  .23157043E+02  .59186627E-02
  .23238779E+02  .58898105E-02
  .23321223E+02  .59729319E-02
  .23403468E+02  .60964474E-02
  .23488121E+02  .61589479E-02
  .23573481E+02  .61963767E-02
  .23658679E+02  .62650565E-02
  .23744503E+02  .62156263E-02
  .23833482E+02  .63068853E-02
  .23922203E+02  .63056563E-02
  .24011037E+02  .63157618E-02
  .24102958E+02  .64138621E-02
  .24195946E+02  .64936613E-02
  .24291446E+02  .65331717E-02
  .24386555E+02  .66019325E-02
  .24483645E+02  .65805703E-02
  .24581644E+02  .66586094E-02
  .24680885E+02  .66935576E-02
  .24781839E+02  .67576346E-02
  .24887119E+02  .69028494E-02
  .24994288E+02  .69311315E-02
  .25100943E+02  .69726374E-02
  .25211111E+02  .69878651E-02
  .25322729E+02  .69997997E-02
  .25436771E+02  .70316704E-02
  .25553339E+02  .71435361E-02
  .25671201E+02  .71801129E-02
  .25792689E+02  .72852245E-02
  .25917929E+02  .73081290E-02
  .26046039E+02  .74571819E-02
  .26177937E+02  .76822861E-02
  .26313045E+02  .78660542E-02
  .26449970E+02  .79846721E-02
  .26593690E+02  .81037102E-02
  .26739481E+02  .84182575E-02
  .26891503E+02  .84893053E-02
  .27048538E+02  .87371519E-02
  .27209915E+02  .86973706E-02
  .27376920E+02  .89789300E-02
  .27549645E+02  .91275701E-02
  .27728762E+02  .93582765E-02
  .27915092E+02  .94388256E-02
  .28111914E+02  .96833389E-02
  .28314639E+02  .99643029E-02
  .28529142E+02  .97436590E-02
  .28756681E+02  .99107181E-02
  .28992566E+02  .99817408E-02
  .29242828E+02  .10317978E-01
  .29510653E+02  .10778277E-01
  .29796652E+02  .11307433E-01
  .30104157E+02  .11480907E-01
  .30439042E+02  .12041910E-01
  .30805295E+02  .12782667E-01
  .31211498E+02  .13376162E-01
  .31674477E+02  .14549013E-01
  .32188421E+02  .15563601E-01
  .32786293E+02  .16692180E-01
  .33516791E+02  .18569293E-01
  .34432821E+02  .20934016E-01
  .35723039E+02  .25826196E-01
  .36052046E+02  .27387573E-01
  .36427367E+02  .29239444E-01
  .36840961E+02  .30897954E-01
  .37312499E+02  .33300047E-01
  .37839923E+02  .35210500E-01
  .38515552E+02  .39877729E-01
  .39362732E+02  .41974529E-01
  .40530933E+02  .51693782E-01
  .42561068E+02  .72305139E-01
  .44470560E+02  .98689234E-01
  .47057786E+02  .15346324E+00
  .48854016E+02  .22602217E+00
lm1  2
  .10162034E+02  .15984029E-01
  .10571764E+02  .12689940E-01
  .11173874E+02  .87381961E-02
  .11688284E+02  .70904910E-02
  .12260362E+02  .54299994E-02
  .12619016E+02  .50313142E-02
  .12888144E+02  .46211961E-02
  .13110412E+02  .43821889E-02
  .13299810E+02  .40638942E-02
  .13464438E+02  .38234710E-02
  .13611181E+02  .37749048E-02
  .13742441E+02  .36353069E-02
  .13865331E+02  .34322138E-02
  .14358655E+02  .29607598E-02
  .14736703E+02  .28656426E-02
  .15049721E+02  .25967198E-02
  .15318374E+02  .24038439E-02
  .15556916E+02  .21760963E-02
  .15772252E+02  .21655423E-02
  .15969584E+02  .21292709E-02
  .16151428E+02  .20978029E-02
  .16322205E+02  .20980590E-02
  .16481794E+02  .21019074E-02
  .16633505E+02  .21456260E-02
  .16777392E+02  .21442759E-02
  .16914613E+02  .20850179E-02
  .17045694E+02  .20929438E-02
  .17171791E+02  .20764602E-02
  .17294091E+02  .20941775E-02
  .17411837E+02  .20201022E-02
  .17526279E+02  .20182313E-02
  .17637111E+02  .19785788E-02
  .17745118E+02  .19743092E-02
  .17850683E+02  .19752296E-02
  .17952674E+02  .19757943E-02
  .18052289E+02  .19905064E-02
  .18149263E+02  .19796216E-02
  .18244887E+02  .19361361E-02
  .18338587E+02  .19186153E-02
  .18430246E+02  .18913680E-02
  .18520663E+02  .18751969E-02
  .18609265E+02  .18550319E-02
  .18696189E+02  .18364547E-02
  .18782059E+02  .17834106E-02
  .18866487E+02  .17837488E-02
  .18950138E+02  .18431163E-02
  .19031768E+02  .18333423E-02
  .19112752E+02  .18547642E-02
  .19193230E+02  .18586206E-02
  .19272444E+02  .18175652E-02
  .19350726E+02  .18390092E-02
  .19428216E+02  .18571371E-02
  .19504793E+02  .18636550E-02
  .19581030E+02  .18411060E-02
  .19656163E+02  .18376265E-02
  .19730703E+02  .18345978E-02
  .19805428E+02  .18406202E-02
  .19878954E+02  .18225344E-02
  .19951926E+02  .18353898E-02
  .20024133E+02  .18728647E-02
  .20096146E+02  .18540767E-02
  .20167111E+02  .18339951E-02
  .20237188E+02  .18775179E-02
  .20307083E+02  .18834370E-02
  .20377299E+02  .18669696E-02
  .20446960E+02  .18672277E-02
  .20515753E+02  .18372615E-02
  .20584321E+02  .18300610E-02
  .20652572E+02  .18167548E-02
  .20720275E+02  .17918059E-02
  .20787634E+02  .18000421E-02
  .20854823E+02  .17717454E-02
  .20921288E+02  .17681409E-02
  .20988255E+02  .17665098E-02
  .21055635E+02  .17481710E-02
  .21122042E+02  .17488103E-02
  .21188065E+02  .17506168E-02
  .21254068E+02  .17523855E-02
  .21320061E+02  .17807064E-02
  .21385642E+02  .17990189E-02
  .21450624E+02  .18052480E-02
  .21515987E+02  .18237065E-02
  .21580907E+02  .18214382E-02
  .21645933E+02  .18661875E-02
  .21710537E+02  .18687814E-02
  .21775566E+02  .18840242E-02
  .21840196E+02  .18802314E-02
  .21905214E+02  .18867924E-02
  .21969464E+02  .18976709E-02
  .22034009E+02  .19045317E-02
  .22098490E+02  .19571542E-02
  .22162966E+02  .19533278E-02
  .22227982E+02  .19521191E-02
  .22292589E+02  .19217680E-02
  .22356813E+02  .19163884E-02
  .22421343E+02  .18967706E-02
  .22486482E+02  .18839633E-02
  .22550653E+02  .19189020E-02
  .22615540E+02  .19043149E-02
  .22680064E+02  .19393956E-02
  .22744930E+02  .19734505E-02
  .22810343E+02  .19590424E-02
  .22875442E+02  .19623257E-02
  .22940513E+02  .19810237E-02
  .23006029E+02  .19558582E-02
  .23071350E+02  .19570321E-02
  .23137233E+02  .19419364E-02
  .23203286E+02  .19443410E-02
  .23268822E+02  .19731883E-02
  .23335029E+02  .19787830E-02
  .23401300E+02  .19984863E-02
  .23467580E+02  .19891120E-02
  .23534262E+02  .19953149E-02
  .23601013E+02  .20041551E-02
  .23667943E+02  .19843823E-02
  .23735570E+02  .19853811E-02
  .23803104E+02  .19880875E-02
  .23871054E+02  .20069999E-02
  .23939165E+02  .19922917E-02
  .24007512E+02  .19931828E-02
  .24076414E+02  .20087082E-02
  .24145560E+02  .20564358E-02
  .24214932E+02  .20418524E-02
  .24283787E+02  .20904752E-02
  .24353994E+02  .21016853E-02
  .24423882E+02  .21076635E-02
  .24494394E+02  .21379992E-02
  .24565375E+02  .21433664E-02
  .24636709E+02  .21718112E-02
  .24708734E+02  .21701367E-02
  .24780295E+02  .21857987E-02
  .24852836E+02  .21688112E-02
  .24926566E+02  .21784563E-02
  .25000266E+02  .21594690E-02
  .25074127E+02  .21484355E-02
  .25149027E+02  .21374326E-02
  .25224180E+02  .21467931E-02
  .25299778E+02  .21819006E-02
  .25376220E+02  .21926592E-02
  .25453758E+02  .21964862E-02
  .25531201E+02  .22034303E-02
  .25610179E+02  .21982958E-02
  .25689337E+02  .22107134E-02
  .25769181E+02  .22350490E-02
  .25849475E+02  .22395475E-02
  .25930370E+02  .22531993E-02
  .26012020E+02  .22650014E-02
  .26094849E+02  .22570637E-02
  .26178314E+02  .22568559E-02
  .26262208E+02  .22382605E-02
  .26346770E+02  .22689146E-02
  .26432427E+02  .22788149E-02
  .26518152E+02  .22990847E-02
  .26606518E+02  .23160356E-02
  .26695469E+02  .23794211E-02
  .26785869E+02  .23846228E-02
  .26877226E+02  .24128287E-02
  .26968897E+02  .24518040E-02
  .27062842E+02  .24487927E-02
  .27157843E+02  .24688426E-02
  .27254522E+02  .24592245E-02
  .27352297E+02  .25025389E-02
  .27450605E+02  .25070418E-02
  .27550511E+02  .25562162E-02
  .27652222E+02  .26101499E-02
  .27755452E+02  .26439842E-02
  .27860977E+02  .26450647E-02
  .27967741E+02  .26363235E-02
  .28076195E+02  .26556457E-02
  .28187253E+02  .26841405E-02
  .28299860E+02  .27172883E-02
  .28415640E+02  .27337292E-02
  .28533065E+02  .27286889E-02
  .28652976E+02  .27938599E-02
  .28775391E+02  .27942517E-02
  .28900732E+02  .28101623E-02
  .29028528E+02  .28205550E-02
  .29159352E+02  .28439538E-02
  .29292850E+02  .28834628E-02
  .29430172E+02  .29738080E-02
  .29570564E+02  .30683810E-02
  .29715479E+02  .30807860E-02
  .29863803E+02  .32098803E-02
  .30015734E+02  .31977409E-02
  .30172040E+02  .32314740E-02
  .30334559E+02  .33697042E-02
  .30503062E+02  .34422809E-02
  .30676606E+02  .34524590E-02
  .30857542E+02  .35412212E-02
  .31045562E+02  .36238846E-02
  .31238060E+02  .36769570E-02
  .31442122E+02  .37392110E-02
  .31652905E+02  .38440346E-02
  .31876336E+02  .39796782E-02
  .32112437E+02  .39358398E-02
  .32360554E+02  .39863302E-02
  .32623123E+02  .40910423E-02
  .32902182E+02  .41506519E-02
  .33201786E+02  .41314535E-02
  .33526291E+02  .43584077E-02
  .33879918E+02  .45254415E-02
  .34263365E+02  .47210582E-02
  .34684690E+02  .49738427E-02
  .35155318E+02  .54042763E-02
  .35696171E+02  .57713819E-02
  .36324922E+02  .63519529E-02
  .37082462E+02  .68560006E-02
  .38042634E+02  .81439635E-02
  .39370962E+02  .95991233E-02
  .39709766E+02  .10273974E-01
  .40084290E+02  .10760133E-01
  .40507854E+02  .11394976E-01
  .40984454E+02  .12287838E-01
  .41558988E+02  .13264066E-01
  .42239026E+02  .14313820E-01
  .43129076E+02  .16156966E-01
  .44362652E+02  .19858755E-01
  .46400054E+02  .25755356E-01
  .48372041E+02  .35838232E-01
  .51054551E+02  .53080262E-01
  .52950051E+02  .80288052E-01
lm2  3
  .12098512E+02  .18026964E-01
  .12538710E+02  .14459450E-01
  .13194597E+02  .10357347E-01
  .13754518E+02  .77578221E-02
  .14368485E+02  .65000542E-02
  .14760120E+02  .58403622E-02
  .15056826E+02  .52342215E-02
  .15293244E+02  .47806862E-02
  .15496531E+02  .45429278E-02
  .15672199E+02  .40908528E-02
  .15828412E+02  .39898077E-02
  .15971454E+02  .38963024E-02
  .16105621E+02  .37266888E-02
  .16635072E+02  .33891803E-02
  .17037465E+02  .31383894E-02
  .17372968E+02  .29912053E-02
  .17660909E+02  .28125540E-02
  .17917121E+02  .27930352E-02
  .18148520E+02  .27007075E-02
  .18359412E+02  .25538369E-02
  .18553805E+02  .24602346E-02
  .18736349E+02  .23894138E-02
  .18908251E+02  .23246264E-02
  .19069099E+02  .22587355E-02
  .19222730E+02  .22295813E-02
  .19368967E+02  .22135641E-02
  .19508210E+02  .21571738E-02
  .19642229E+02  .21217174E-02
  .19772424E+02  .20787480E-02
  .19898342E+02  .20313025E-02
  .20019845E+02  .19646494E-02
  .20137634E+02  .19540342E-02
  .20252178E+02  .19765034E-02
  .20363452E+02  .19585644E-02
  .20471196E+02  .19485496E-02
  .20578529E+02  .19370289E-02
  .20682212E+02  .19294522E-02
  .20784239E+02  .19000735E-02
  .20883775E+02  .19594472E-02
  .20981752E+02  .20075495E-02
  .21077535E+02  .19752504E-02
  .21171470E+02  .19522623E-02
  .21263515E+02  .19659792E-02
  .21353743E+02  .19812523E-02
  .21443697E+02  .19612317E-02
  .21532175E+02  .20047229E-02
  .21618761E+02  .19965466E-02
  .21704861E+02  .19648389E-02
  .21789300E+02  .19655275E-02
  .21873100E+02  .19494513E-02
  .21956140E+02  .19241922E-02
  .22037981E+02  .19287575E-02
  .22118765E+02  .19129694E-02
  .22199056E+02  .19169871E-02
  .22278050E+02  .19332649E-02
  .22357461E+02  .19048002E-02
  .22435788E+02  .19212849E-02
  .22513320E+02  .19167630E-02
  .22590483E+02  .18793943E-02
  .22667450E+02  .18679132E-02
  .22743230E+02  .18503001E-02
  .22819067E+02  .18316548E-02
  .22893364E+02  .18143786E-02
  .22967864E+02  .18346032E-02
  .23041824E+02  .18654817E-02
  .23114797E+02  .18511730E-02
  .23187409E+02  .18432810E-02
  .23260139E+02  .18453547E-02
  .23331905E+02  .18808077E-02
  .23403121E+02  .19006361E-02
  .23474629E+02  .18790685E-02
  .23546072E+02  .18657075E-02
  .23617086E+02  .18814323E-02
  .23687680E+02  .18769332E-02
  .23758084E+02  .18611857E-02
  .23828331E+02  .18754313E-02
  .23898006E+02  .18748376E-02
  .23967692E+02  .18931813E-02
  .24037103E+02  .19268991E-02
  .24106211E+02  .19460236E-02
  .24175585E+02  .19432100E-02
  .24244150E+02  .19616831E-02
  .24312768E+02  .19642335E-02
  .24381791E+02  .19497750E-02
  .24450026E+02  .19460133E-02
  .24518266E+02  .19331478E-02
  .24586567E+02  .19552878E-02
  .24655023E+02  .19746466E-02
  .24723223E+02  .19657510E-02
  .24791510E+02  .19762904E-02
  .24859563E+02  .19749955E-02
  .24927195E+02  .19742485E-02
  .24995188E+02  .19738480E-02
  .25063267E+02  .19829284E-02
  .25130791E+02  .19676334E-02
  .25199109E+02  .20073424E-02
  .25266960E+02  .19992223E-02
  .25334866E+02  .20193270E-02
  .25402652E+02  .20106826E-02
  .25471096E+02  .20253987E-02
  .25539820E+02  .20201554E-02
  .25607818E+02  .20020658E-02
  .25676136E+02  .20206603E-02
  .25744794E+02  .20233020E-02
  .25813007E+02  .20607231E-02
  .25881673E+02  .20827824E-02
  .25950667E+02  .20996881E-02
  .26019508E+02  .20999166E-02
  .26089292E+02  .20979604E-02
  .26158748E+02  .20857491E-02
  .26228597E+02  .21017788E-02
  .26298499E+02  .20720258E-02
  .26368134E+02  .20520708E-02
  .26438590E+02  .20623279E-02
  .26509256E+02  .20903421E-02
  .26579888E+02  .21045286E-02
  .26650657E+02  .21146351E-02
  .26721706E+02  .21030854E-02
  .26792984E+02  .20938502E-02
  .26864979E+02  .20765501E-02
  .26937105E+02  .20880775E-02
  .27009588E+02  .21122639E-02
  .27082072E+02  .21043941E-02
  .27155512E+02  .20978659E-02
  .27228271E+02  .21256751E-02
  .27302348E+02  .21118373E-02
  .27376302E+02  .21336554E-02
  .27451085E+02  .21363629E-02
  .27526054E+02  .21451042E-02
  .27601116E+02  .21590541E-02
  .27677023E+02  .21904438E-02
  .27753208E+02  .22119694E-02
  .27829352E+02  .22304329E-02
  .27906491E+02  .22550187E-02
  .27984553E+02  .22744173E-02
  .28062891E+02  .23024503E-02
  .28141381E+02  .23369097E-02
  .28220665E+02  .23586765E-02
  .28300562E+02  .23917574E-02
  .28380847E+02  .24074423E-02
  .28461712E+02  .24180016E-02
  .28543792E+02  .24155076E-02
  .28626197E+02  .24147229E-02
  .28709633E+02  .24124619E-02
  .28793426E+02  .24265037E-02
  .28877984E+02  .24351177E-02
  .28964144E+02  .24490733E-02
  .29050570E+02  .24419645E-02
  .29137806E+02  .24871491E-02
  .29226289E+02  .24725207E-02
  .29315239E+02  .24928439E-02
  .29405145E+02  .25316525E-02
  .29495642E+02  .25759816E-02
  .29587338E+02  .25978529E-02
  .29680549E+02  .26197711E-02
  .29774668E+02  .26267003E-02
  .29870180E+02  .26765701E-02
  .29966878E+02  .27183346E-02
  .30064543E+02  .27081714E-02
  .30163338E+02  .27172266E-02
  .30263727E+02  .27500624E-02
  .30365162E+02  .27805802E-02
  .30468412E+02  .27808406E-02
  .30573456E+02  .27952274E-02
  .30679800E+02  .28061097E-02
  .30788080E+02  .28827240E-02
  .30897775E+02  .28812905E-02
  .31009186E+02  .28659988E-02
  .31123047E+02  .28650507E-02
  .31238962E+02  .29103949E-02
  .31357738E+02  .30300104E-02
  .31477067E+02  .30490732E-02
  .31600309E+02  .30413120E-02
  .31724193E+02  .30291599E-02
  .31851365E+02  .30621142E-02
  .31982649E+02  .30996098E-02
  .32116054E+02  .31362183E-02
  .32253207E+02  .31467397E-02
  .32392389E+02  .32002821E-02
  .32534784E+02  .32477686E-02
  .32681642E+02  .32556342E-02
  .32833140E+02  .33389851E-02
  .32988128E+02  .33812311E-02
  .33147020E+02  .33753583E-02
  .33310751E+02  .33746112E-02
  .33480453E+02  .34492566E-02
  .33654660E+02  .35279323E-02
  .33834647E+02  .35343514E-02
  .34021729E+02  .35790275E-02
  .34216868E+02  .36493766E-02
  .34420801E+02  .37566410E-02
  .34633016E+02  .38146394E-02
  .34853851E+02  .39239689E-02
  .35086682E+02  .40749512E-02
  .35331915E+02  .42428137E-02
  .35591333E+02  .43131200E-02
  .35863868E+02  .43219079E-02
  .36154815E+02  .44067067E-02
  .36464529E+02  .45690353E-02
  .36799757E+02  .46461455E-02
  .37164529E+02  .48353375E-02
  .37563563E+02  .49271383E-02
  .38000158E+02  .50821925E-02
  .38489151E+02  .55679126E-02
  .39051552E+02  .58436919E-02
  .39699548E+02  .64907234E-02
  .40490474E+02  .70944583E-02
  .41487316E+02  .81581077E-02
  .42864898E+02  .10289052E-01
  .43212603E+02  .10736713E-01
  .43599682E+02  .11224964E-01
  .44047382E+02  .12330113E-01
  .44544290E+02  .13407754E-01
  .45139081E+02  .14510217E-01
  .45842797E+02  .15414617E-01
  .46752359E+02  .17494806E-01
  .47996700E+02  .21196017E-01
  .50092947E+02  .29462518E-01
  .52174546E+02  .39623843E-01
  .54827882E+02  .56768312E-01
  .56803625E+02  .79366153E-01
lm1s 3
  .10890772E+02  .19973705E-01
  .11309311E+02  .15315105E-01
  .11910505E+02  .10861722E-01
  .12429693E+02  .82815858E-02
  .13000465E+02  .65246787E-02
  .13377281E+02  .56435178E-02
  .13654534E+02  .52894684E-02
  .13880194E+02  .48884003E-02
  .14073950E+02  .46549690E-02
  .14240987E+02  .45284544E-02
  .14389921E+02  .44385830E-02
  .14524967E+02  .42770059E-02
  .14648044E+02  .40505841E-02
  .15151191E+02  .37974416E-02
  .15536871E+02  .33720874E-02
  .15853889E+02  .31543721E-02
  .16127277E+02  .30985978E-02
  .16371130E+02  .28695309E-02
  .16590488E+02  .27263974E-02
  .16791243E+02  .27019157E-02
  .16976757E+02  .26609867E-02
  .17148360E+02  .26019541E-02
  .17310414E+02  .25719580E-02
  .17463497E+02  .25689636E-02
  .17609281E+02  .24193641E-02
  .17748494E+02  .24220336E-02
  .17881713E+02  .23693951E-02
  .18009723E+02  .23404378E-02
  .18133630E+02  .23293551E-02
  .18252271E+02  .23232901E-02
  .18367803E+02  .23270560E-02
  .18480337E+02  .22602699E-02
  .18589585E+02  .22675509E-02
  .18695823E+02  .22322060E-02
  .18798103E+02  .22001313E-02
  .18899360E+02  .21947589E-02
  .18997580E+02  .21844186E-02
  .19095163E+02  .21842695E-02
  .19189316E+02  .21481718E-02
  .19282680E+02  .21628089E-02
  .19373292E+02  .21300096E-02
  .19462799E+02  .21202036E-02
  .19550213E+02  .21382041E-02
  .19636172E+02  .21581524E-02
  .19721583E+02  .21520150E-02
  .19806450E+02  .21319497E-02
  .19889701E+02  .20946092E-02
  .19971764E+02  .20621062E-02
  .20052838E+02  .20765531E-02
  .20133207E+02  .20368481E-02
  .20211705E+02  .19923238E-02
  .20289772E+02  .20055167E-02
  .20366572E+02  .20079814E-02
  .20442413E+02  .20220591E-02
  .20517912E+02  .20422979E-02
  .20592677E+02  .20337509E-02
  .20667366E+02  .20522386E-02
  .20741301E+02  .20382059E-02
  .20814215E+02  .20135106E-02
  .20887158E+02  .20004652E-02
  .20959037E+02  .20133224E-02
  .21030346E+02  .20129130E-02
  .21101351E+02  .20084616E-02
  .21172039E+02  .19980400E-02
  .21242558E+02  .19870697E-02
  .21312802E+02  .19846931E-02
  .21382354E+02  .20212310E-02
  .21451442E+02  .20625846E-02
  .21520081E+02  .20944882E-02
  .21588386E+02  .20928744E-02
  .21656617E+02  .20849072E-02
  .21724377E+02  .20997410E-02
  .21791669E+02  .20986971E-02
  .21859084E+02  .20628305E-02
  .21925917E+02  .20587962E-02
  .21992534E+02  .20638799E-02
  .22058604E+02  .20536984E-02
  .22125279E+02  .20726317E-02
  .22192270E+02  .20510119E-02
  .22258273E+02  .20482593E-02
  .22324155E+02  .20819144E-02
  .22390123E+02  .21005924E-02
  .22455576E+02  .20890569E-02
  .22520619E+02  .20950334E-02
  .22586357E+02  .20971924E-02
  .22652078E+02  .20779191E-02
  .22716926E+02  .21083065E-02
  .22781519E+02  .21476371E-02
  .22846407E+02  .21503527E-02
  .22911310E+02  .21351497E-02
  .22976456E+02  .21517164E-02
  .23041728E+02  .21746117E-02
  .23106899E+02  .21828187E-02
  .23172303E+02  .21830943E-02
  .23237231E+02  .21918213E-02
  .23302641E+02  .22207526E-02
  .23367991E+02  .22422697E-02
  .23433288E+02  .22647090E-02
  .23499040E+02  .22789795E-02
  .23564365E+02  .22609336E-02
  .23630483E+02  .22416322E-02
  .23695337E+02  .22300447E-02
  .23760341E+02  .22271184E-02
  .23825717E+02  .22330850E-02
  .23891458E+02  .22283173E-02
  .23957364E+02  .22358432E-02
  .24023037E+02  .22205559E-02
  .24088949E+02  .22220141E-02
  .24155132E+02  .22260864E-02
  .24222166E+02  .22641000E-02
  .24289015E+02  .22684280E-02
  .24355603E+02  .22499032E-02
  .24422529E+02  .22786256E-02
  .24490029E+02  .22761177E-02
  .24557168E+02  .22983402E-02
  .24624930E+02  .23127147E-02
  .24692520E+02  .23314271E-02
  .24760553E+02  .22990203E-02
  .24828731E+02  .22925327E-02
  .24897785E+02  .23125116E-02
  .24967289E+02  .23145844E-02
  .25036950E+02  .23277134E-02
  .25106990E+02  .23104437E-02
  .25176175E+02  .23474634E-02
  .25246105E+02  .23531106E-02
  .25316699E+02  .23381685E-02
  .25387716E+02  .23376703E-02
  .25459178E+02  .23587334E-02
  .25531134E+02  .23634509E-02
  .25603097E+02  .23750213E-02
  .25675617E+02  .23928973E-02
  .25748312E+02  .24015040E-02
  .25822099E+02  .23897613E-02
  .25896024E+02  .24133856E-02
  .25970174E+02  .23971966E-02
  .26045331E+02  .23915519E-02
  .26120955E+02  .24177219E-02
  .26197783E+02  .24112214E-02
  .26274908E+02  .24479744E-02
  .26351786E+02  .24711771E-02
  .26429121E+02  .25057008E-02
  .26507590E+02  .25067711E-02
  .26586339E+02  .25541128E-02
  .26665421E+02  .25692294E-02
  .26746221E+02  .25905855E-02
  .26827470E+02  .26048530E-02
  .26909540E+02  .25856506E-02
  .26992669E+02  .25925627E-02
  .27076224E+02  .25670853E-02
  .27161655E+02  .25669849E-02
  .27246925E+02  .25812300E-02
  .27332971E+02  .26191767E-02
  .27419995E+02  .26217669E-02
  .27508545E+02  .26630052E-02
  .27598085E+02  .26937722E-02
  .27687942E+02  .27522425E-02
  .27779820E+02  .27839983E-02
  .27872421E+02  .28162119E-02
  .27967643E+02  .27870978E-02
  .28062206E+02  .28143197E-02
  .28159714E+02  .28617302E-02
  .28257663E+02  .28963128E-02
  .28356916E+02  .29731334E-02
  .28457806E+02  .30053915E-02
  .28560370E+02  .29886185E-02
  .28664753E+02  .29915228E-02
  .28771238E+02  .30134238E-02
  .28877250E+02  .30155858E-02
  .28986328E+02  .30826271E-02
  .29097611E+02  .31153264E-02
  .29210591E+02  .31603435E-02
  .29325814E+02  .32527573E-02
  .29443283E+02  .32848178E-02
  .29563928E+02  .32996649E-02
  .29685279E+02  .33087742E-02
  .29810888E+02  .33814983E-02
  .29939613E+02  .34234562E-02
  .30070833E+02  .34468887E-02
  .30206271E+02  .34187446E-02
  .30344019E+02  .35246346E-02
  .30485036E+02  .36420036E-02
  .30629830E+02  .36849151E-02
  .30779050E+02  .37380300E-02
  .30933074E+02  .37866947E-02
  .31092084E+02  .38520604E-02
  .31255711E+02  .39031042E-02
  .31424461E+02  .40000632E-02
  .31599880E+02  .40656085E-02
  .31781075E+02  .41535641E-02
  .31969532E+02  .42722049E-02
  .32165477E+02  .43603080E-02
  .32369513E+02  .43072372E-02
  .32582849E+02  .44165965E-02
  .32806795E+02  .43977567E-02
  .33039579E+02  .45275940E-02
  .33288554E+02  .45886263E-02
  .33552420E+02  .46867899E-02
  .33833223E+02  .48872264E-02
  .34132172E+02  .51219271E-02
  .34455442E+02  .54131793E-02
  .34805557E+02  .54488043E-02
  .35188689E+02  .57523250E-02
  .35610434E+02  .61276878E-02
  .36081687E+02  .66087004E-02
  .36622988E+02  .68618310E-02
  .37254152E+02  .73351476E-02
  .38011479E+02  .80662478E-02
  .38972320E+02  .93190543E-02
  .40294235E+02  .10443816E-01
  .40635077E+02  .11199120E-01
  .41015992E+02  .11970977E-01
  .41440820E+02  .12439017E-01
  .41928102E+02  .13386846E-01
  .42498045E+02  .14696915E-01
  .43183455E+02  .15902860E-01
  .44069533E+02  .18351031E-01
  .45284674E+02  .22637021E-01
  .47334926E+02  .31520558E-01
  .49316240E+02  .45018234E-01
  .51960004E+02  .72995845E-01
  .53828850E+02  .92167872E-01
lm2s 3
  .13034264E+02  .21569968E-01
  .13506801E+02  .16153088E-01
  .14197020E+02  .11684464E-01
  .14768816E+02  .92554307E-02
  .15397553E+02  .72491695E-02
  .15795605E+02  .63098244E-02
  .16091094E+02  .57496138E-02
  .16330518E+02  .55006758E-02
  .16536402E+02  .50237371E-02
  .16719672E+02  .47008775E-02
  .16881624E+02  .44922800E-02
  .17024976E+02  .42412252E-02
  .17156364E+02  .39771263E-02
  .17695446E+02  .37610570E-02
  .18107806E+02  .35141995E-02
  .18447550E+02  .32556816E-02
  .18739465E+02  .31201630E-02
  .18996180E+02  .30531818E-02
  .19227622E+02  .28121318E-02
  .19440401E+02  .27084926E-02
  .19637287E+02  .25900909E-02
  .19820599E+02  .25032712E-02
  .19993408E+02  .25481089E-02
  .20155300E+02  .25032500E-02
  .20309453E+02  .24772556E-02
  .20458075E+02  .25102697E-02
  .20599156E+02  .25010500E-02
  .20736727E+02  .24389693E-02
  .20867096E+02  .23802759E-02
  .20992957E+02  .23827158E-02
  .21115540E+02  .23376084E-02
  .21235838E+02  .23521275E-02
  .21351485E+02  .23339570E-02
  .21464514E+02  .22953068E-02
  .21573814E+02  .22703943E-02
  .21680639E+02  .22961419E-02
  .21785177E+02  .22602410E-02
  .21886999E+02  .22702304E-02
  .21987338E+02  .22802523E-02
  .22085464E+02  .22991032E-02
  .22181330E+02  .22833068E-02
  .22276414E+02  .22660261E-02
  .22369280E+02  .22976164E-02
  .22461065E+02  .22734973E-02
  .22550899E+02  .22839174E-02
  .22639613E+02  .22835132E-02
  .22727876E+02  .22776675E-02
  .22815016E+02  .22786223E-02
  .22901037E+02  .22214953E-02
  .22985245E+02  .22188267E-02
  .23068402E+02  .21972673E-02
  .23151539E+02  .22214556E-02
  .23233669E+02  .22348749E-02
  .23314871E+02  .22182037E-02
  .23395369E+02  .22062482E-02
  .23474817E+02  .22093050E-02
  .23553240E+02  .22270734E-02
  .23631483E+02  .22304319E-02
  .23708624E+02  .22391569E-02
  .23784975E+02  .22211906E-02
  .23861006E+02  .22176159E-02
  .23936801E+02  .22218024E-02
  .24012160E+02  .22132293E-02
  .24087680E+02  .22403597E-02
  .24161482E+02  .22502526E-02
  .24235136E+02  .22794203E-02
  .24308362E+02  .22837842E-02
  .24380481E+02  .22871551E-02
  .24453166E+02  .22949940E-02
  .24525303E+02  .23068538E-02
  .24597574E+02  .23104892E-02
  .24669740E+02  .23161831E-02
  .24740965E+02  .23075903E-02
  .24812183E+02  .23151205E-02
  .24882571E+02  .23154118E-02
  .24953253E+02  .22859789E-02
  .25023675E+02  .22908281E-02
  .25093778E+02  .23010231E-02
  .25163492E+02  .22755993E-02
  .25232930E+02  .22477813E-02
  .25302492E+02  .22439927E-02
  .25371858E+02  .22327762E-02
  .25440290E+02  .22171081E-02
  .25510099E+02  .22081556E-02
  .25578718E+02  .22417995E-02
  .25647642E+02  .22394233E-02
  .25716459E+02  .22233747E-02
  .25784473E+02  .22127111E-02
  .25852717E+02  .22313888E-02
  .25921708E+02  .22186086E-02
  .25989830E+02  .22206687E-02
  .26057974E+02  .22239464E-02
  .26126637E+02  .21970270E-02
  .26195810E+02  .21682810E-02
  .26264051E+02  .21880613E-02
  .26332196E+02  .22039699E-02
  .26400325E+02  .22079152E-02
  .26468704E+02  .21926545E-02
  .26537073E+02  .21866642E-02
  .26605651E+02  .21770494E-02
  .26674342E+02  .21834438E-02
  .26743082E+02  .21694046E-02
  .26812303E+02  .21330113E-02
  .26881550E+02  .21507192E-02
  .26950948E+02  .21458515E-02
  .27019600E+02  .21362399E-02
  .27088092E+02  .21404614E-02
  .27157087E+02  .21539179E-02
  .27226717E+02  .21378668E-02
  .27296813E+02  .21177607E-02
  .27366702E+02  .21367780E-02
  .27436828E+02  .21478559E-02
  .27507237E+02  .21406862E-02
  .27577570E+02  .21676720E-02
  .27647622E+02  .21902176E-02
  .27718705E+02  .21955136E-02
  .27789614E+02  .22062281E-02
  .27861176E+02  .22147665E-02
  .27932867E+02  .22234963E-02
  .28004742E+02  .22339050E-02
  .28076634E+02  .22546933E-02
  .28149637E+02  .22708003E-02
  .28222292E+02  .22875321E-02
  .28295456E+02  .22602451E-02
  .28369825E+02  .22731963E-02
  .28443791E+02  .22786542E-02
  .28517666E+02  .22949464E-02
  .28592633E+02  .23086032E-02
  .28667850E+02  .23313985E-02
  .28743756E+02  .23572608E-02
  .28820517E+02  .23896875E-02
  .28897842E+02  .24139068E-02
  .28974885E+02  .24453210E-02
  .29052266E+02  .24568125E-02
  .29130495E+02  .24994987E-02
  .29209398E+02  .25544156E-02
  .29288699E+02  .25692121E-02
  .29368646E+02  .25828736E-02
  .29448651E+02  .25764218E-02
  .29529760E+02  .26151858E-02
  .29611257E+02  .26263795E-02
  .29692943E+02  .26227103E-02
  .29776146E+02  .26347347E-02
  .29860193E+02  .26455255E-02
  .29944817E+02  .26427108E-02
  .30030277E+02  .26395751E-02
  .30116199E+02  .26539866E-02
  .30203292E+02  .26533524E-02
  .30291203E+02  .26717981E-02
  .30380052E+02  .27317137E-02
  .30469490E+02  .27726617E-02
  .30560074E+02  .28241637E-02
  .30650907E+02  .28602718E-02
  .30743433E+02  .29095168E-02
  .30836316E+02  .29241243E-02
  .30931019E+02  .29630996E-02
  .31027002E+02  .30237124E-02
  .31123755E+02  .30068053E-02
  .31220475E+02  .30285555E-02
  .31320320E+02  .30566289E-02
  .31421511E+02  .31046035E-02
  .31523019E+02  .31593332E-02
  .31627035E+02  .31731343E-02
  .31733142E+02  .31482505E-02
  .31840241E+02  .31920650E-02
  .31948664E+02  .32396735E-02
  .32058560E+02  .32362728E-02
  .32170482E+02  .32774321E-02
  .32284363E+02  .32233807E-02
  .32400339E+02  .32241423E-02
  .32518384E+02  .32876598E-02
  .32638794E+02  .32967179E-02
  .32762424E+02  .32967186E-02
  .32886601E+02  .33381741E-02
  .33013539E+02  .33314898E-02
  .33142974E+02  .33306058E-02
  .33277096E+02  .33842939E-02
  .33413327E+02  .33881203E-02
  .33551867E+02  .34051331E-02
  .33694297E+02  .35387001E-02
  .33841190E+02  .35308635E-02
  .33994074E+02  .35041792E-02
  .34149346E+02  .35351902E-02
  .34309328E+02  .36166726E-02
  .34473325E+02  .37120677E-02
  .34641724E+02  .37515283E-02
  .34817740E+02  .39130698E-02
  .34997738E+02  .38898878E-02
  .35184261E+02  .39876107E-02
  .35378766E+02  .40854002E-02
  .35582297E+02  .40495838E-02
  .35793778E+02  .42318558E-02
  .36015284E+02  .44060522E-02
  .36249986E+02  .44930998E-02
  .36496431E+02  .46373583E-02
  .36753610E+02  .47615769E-02
  .37028450E+02  .47948199E-02
  .37319649E+02  .49548846E-02
  .37630982E+02  .51364718E-02
  .37967066E+02  .53555020E-02
  .38330399E+02  .56404202E-02
  .38728489E+02  .59294365E-02
  .39167476E+02  .61514819E-02
  .39660067E+02  .63568681E-02
  .40222334E+02  .69023760E-02
  .40872662E+02  .74578925E-02
  .41657805E+02  .85875292E-02
  .42646958E+02  .94754040E-02
  .44016960E+02  .11786869E-01
  .44369563E+02  .12238343E-01
  .44758871E+02  .12809880E-01
  .45197857E+02  .13403226E-01
  .45711109E+02  .13829611E-01
  .46293713E+02  .15037144E-01
  .46999570E+02  .16833707E-01
  .47912760E+02  .19812844E-01
  .49175401E+02  .21907616E-01
  .51301510E+02  .30863356E-01
  .53364807E+02  .44889776E-01
  .55956862E+02  .71278430E-01
  .58040375E+02  .99522003E-01
tr0  3
  .21054787E+02  .31310055E-01
  .21798574E+02  .25237010E-01
  .22971136E+02  .17749260E-01
  .23955891E+02  .13868155E-01
  .25039852E+02  .10890606E-01
  .25717377E+02  .96960109E-02
  .26227530E+02  .83571621E-02
  .26644348E+02  .80060857E-02
  .26996889E+02  .75009665E-02
  .27300801E+02  .73539150E-02
  .27573109E+02  .68756863E-02
  .27819184E+02  .67064609E-02
  .28043664E+02  .64673846E-02
  .28957661E+02  .58519110E-02
  .29649468E+02  .52335854E-02
  .30218595E+02  .51153498E-02
  .30707419E+02  .48799290E-02
  .31136846E+02  .46251745E-02
  .31525675E+02  .43356586E-02
  .31878656E+02  .41823825E-02
  .32204987E+02  .40330270E-02
  .32509005E+02  .39043119E-02
  .32794172E+02  .38449146E-02
  .33061092E+02  .37196375E-02
  .33315402E+02  .34967796E-02
  .33558481E+02  .34716196E-02
  .33789147E+02  .33574365E-02
  .34011303E+02  .32890435E-02
  .34225784E+02  .32880855E-02
  .34432304E+02  .31654633E-02
  .34631560E+02  .32007485E-02
  .34824301E+02  .32377884E-02
  .35011601E+02  .31900953E-02
  .35193880E+02  .32308958E-02
  .35371218E+02  .32087909E-02
  .35543782E+02  .32171658E-02
  .35712892E+02  .31760756E-02
  .35877074E+02  .31221491E-02
  .36039329E+02  .31586386E-02
  .36197505E+02  .31371308E-02
  .36352615E+02  .30598525E-02
  .36504821E+02  .30633387E-02
  .36654069E+02  .30696466E-02
  .36800357E+02  .31366488E-02
  .36944099E+02  .30359284E-02
  .37085990E+02  .30082874E-02
  .37226028E+02  .30531705E-02
  .37364971E+02  .30016068E-02
  .37500746E+02  .29398072E-02
  .37635985E+02  .28868643E-02
  .37768521E+02  .28451604E-02
  .37900447E+02  .28521125E-02
  .38029148E+02  .28387366E-02
  .38157816E+02  .27998566E-02
  .38283873E+02  .28180310E-02
  .38409521E+02  .28475481E-02
  .38533093E+02  .28400015E-02
  .38655938E+02  .28450116E-02
  .38776921E+02  .28416613E-02
  .38898168E+02  .28259407E-02
  .39018090E+02  .28584517E-02
  .39135845E+02  .28014290E-02
  .39254337E+02  .28128880E-02
  .39371862E+02  .28611160E-02
  .39488018E+02  .28304440E-02
  .39603164E+02  .28472078E-02
  .39718892E+02  .28658715E-02
  .39833673E+02  .28730019E-02
  .39947112E+02  .28775729E-02
  .40060266E+02  .28854642E-02
  .40173180E+02  .28833181E-02
  .40284674E+02  .29264661E-02
  .40395022E+02  .28816630E-02
  .40504841E+02  .28945203E-02
  .40614209E+02  .29078898E-02
  .40723722E+02  .28786931E-02
  .40832693E+02  .29027575E-02
  .40941228E+02  .28858907E-02
  .41049389E+02  .29239216E-02
  .41156834E+02  .29362068E-02
  .41263955E+02  .29484388E-02
  .41371639E+02  .29711322E-02
  .41478677E+02  .29610501E-02
  .41584572E+02  .29899667E-02
  .41690195E+02  .29536942E-02
  .41794854E+02  .29680511E-02
  .41900425E+02  .29803361E-02
  .42005418E+02  .29417530E-02
  .42109862E+02  .29632473E-02
  .42214777E+02  .29872097E-02
  .42319254E+02  .29786067E-02
  .42423427E+02  .30097224E-02
  .42528017E+02  .29918042E-02
  .42632815E+02  .30110794E-02
  .42738349E+02  .30254640E-02
  .42842701E+02  .30161549E-02
  .42946793E+02  .30507844E-02
  .43051210E+02  .30498521E-02
  .43155294E+02  .30201332E-02
  .43260257E+02  .30077209E-02
  .43364231E+02  .29815854E-02
  .43468519E+02  .29728050E-02
  .43572569E+02  .29977569E-02
  .43677067E+02  .30030594E-02
  .43781998E+02  .30103534E-02
  .43886567E+02  .30228243E-02
  .43991444E+02  .30668014E-02
  .44096410E+02  .30311791E-02
  .44201633E+02  .30054008E-02
  .44306674E+02  .30351861E-02
  .44412456E+02  .30155163E-02
  .44517668E+02  .30094711E-02
  .44623558E+02  .29861289E-02
  .44729497E+02  .29929027E-02
  .44836184E+02  .30338100E-02
  .44942703E+02  .30503602E-02
  .45049883E+02  .30457562E-02
  .45156475E+02  .30811478E-02
  .45264798E+02  .30690585E-02
  .45372128E+02  .30975691E-02
  .45480263E+02  .31421048E-02
  .45588341E+02  .31971716E-02
  .45696802E+02  .33032254E-02
  .45806632E+02  .33148220E-02
  .45916576E+02  .33568958E-02
  .46026326E+02  .33851614E-02
  .46135949E+02  .33851889E-02
  .46246917E+02  .33450804E-02
  .46359236E+02  .33574051E-02
  .46471288E+02  .34151106E-02
  .46584228E+02  .33977647E-02
  .46698612E+02  .34314310E-02
  .46813030E+02  .34295562E-02
  .46927993E+02  .34219837E-02
  .47042892E+02  .33527774E-02
  .47159253E+02  .33887111E-02
  .47276315E+02  .34162576E-02
  .47393526E+02  .33625788E-02
  .47511238E+02  .33650936E-02
  .47630997E+02  .33343370E-02
  .47751155E+02  .32907595E-02
  .47871803E+02  .33131192E-02
  .47992862E+02  .33465738E-02
  .48115233E+02  .33820394E-02
  .48239847E+02  .33273372E-02
  .48364561E+02  .33199877E-02
  .48490556E+02  .33818732E-02
  .48618644E+02  .34130216E-02
  .48746872E+02  .34227153E-02
  .48875538E+02  .34237016E-02
  .49005681E+02  .34240048E-02
  .49137357E+02  .34702430E-02
  .49270260E+02  .35508325E-02
  .49404328E+02  .35428522E-02
  .49538880E+02  .35163217E-02
  .49675770E+02  .35280279E-02
  .49815056E+02  .35034464E-02
  .49955118E+02  .34990418E-02
  .50097485E+02  .35618376E-02
  .50241849E+02  .36284298E-02
  .50388046E+02  .36347153E-02
  .50535775E+02  .37103278E-02
  .50685825E+02  .37355134E-02
  .50836975E+02  .37741150E-02
  .50990448E+02  .37768128E-02
  .51146303E+02  .37590066E-02
  .51304792E+02  .37430831E-02
  .51465341E+02  .37646007E-02
  .51627226E+02  .37940417E-02
  .51791603E+02  .39013524E-02
  .51960809E+02  .39288913E-02
  .52132295E+02  .40525633E-02
  .52307202E+02  .40896745E-02
  .52485778E+02  .42062446E-02
  .52667336E+02  .42507856E-02
  .52853136E+02  .42623744E-02
  .53041716E+02  .42679786E-02
  .53235146E+02  .43795277E-02
  .53432488E+02  .44361871E-02
  .53635293E+02  .44186594E-02
  .53841724E+02  .44024819E-02
  .54053624E+02  .44896624E-02
  .54272383E+02  .45633297E-02
  .54498094E+02  .46932630E-02
  .54728966E+02  .48328815E-02
  .54966736E+02  .48338686E-02
  .55212388E+02  .49267927E-02
  .55467534E+02  .49073636E-02
  .55728791E+02  .49586183E-02
  .56000926E+02  .50869406E-02
  .56283628E+02  .52520633E-02
  .56579095E+02  .54640893E-02
  .56888212E+02  .56113819E-02
  .57209090E+02  .55682941E-02
  .57549796E+02  .55732572E-02
  .57907449E+02  .57120248E-02
  .58284084E+02  .58773848E-02
  .58683027E+02  .60643968E-02
  .59109560E+02  .61250022E-02
  .59566782E+02  .65692313E-02
  .60058868E+02  .66147386E-02
  .60602924E+02  .70243511E-02
  .61198433E+02  .75443023E-02
  .61860343E+02  .82105190E-02
  .62616563E+02  .84101605E-02
  .63487504E+02  .94940785E-02
  .64528665E+02  .10611918E-01
  .65842965E+02  .11301784E-01
  .67635780E+02  .13195633E-01
  .68099784E+02  .13630806E-01
  .68603573E+02  .13940586E-01
  .69175087E+02  .14382859E-01
  .69819772E+02  .15179238E-01
  .70574763E+02  .17330124E-01
  .71503683E+02  .18734075E-01
  .72654047E+02  .20515763E-01
  .74261149E+02  .24971097E-01
  .76946038E+02  .36284930E-01
  .79558484E+02  .47570743E-01
  .82853335E+02  .71990919E-01
  .85296303E+02  .96748394E-01
tr1  3
  .27280779E+02  .38815458E-01
  .28213397E+02  .31592074E-01
  .29508004E+02  .20978531E-01
  .30609890E+02  .15785154E-01
  .31844044E+02  .12255520E-01
  .32623056E+02  .10353125E-01
  .33203612E+02  .93147700E-02
  .33674524E+02  .82670206E-02
  .34063855E+02  .80123435E-02
  .34406148E+02  .77404774E-02
  .34708640E+02  .71228883E-02
  .34982823E+02  .66886205E-02
  .35233648E+02  .64746034E-02
  .36248972E+02  .58755053E-02
  .37014722E+02  .53233059E-02
  .37648065E+02  .47928711E-02
  .38188245E+02  .47527309E-02
  .38665358E+02  .47684455E-02
  .39090878E+02  .46829790E-02
  .39479620E+02  .45809352E-02
  .39837664E+02  .43632739E-02
  .40168421E+02  .43448751E-02
  .40483011E+02  .43086680E-02
  .40778123E+02  .43839055E-02
  .41056806E+02  .41402979E-02
  .41322801E+02  .40849544E-02
  .41575592E+02  .40024431E-02
  .41819922E+02  .39665162E-02
  .42054031E+02  .38855004E-02
  .42281178E+02  .38180593E-02
  .42499266E+02  .38368389E-02
  .42710735E+02  .37849712E-02
  .42914873E+02  .36901351E-02
  .43112691E+02  .37272277E-02
  .43306755E+02  .36486011E-02
  .43495088E+02  .35261333E-02
  .43681004E+02  .35036528E-02
  .43861882E+02  .34631834E-02
  .44038512E+02  .34640924E-02
  .44211976E+02  .34836693E-02
  .44380579E+02  .35077710E-02
  .44546160E+02  .35196166E-02
  .44709690E+02  .35191796E-02
  .44870471E+02  .35012715E-02
  .45027585E+02  .34548504E-02
  .45182715E+02  .35000542E-02
  .45334897E+02  .34955944E-02
  .45485328E+02  .34075039E-02
  .45634812E+02  .34028548E-02
  .45781567E+02  .33845294E-02
  .45925594E+02  .33970619E-02
  .46068467E+02  .34660329E-02
  .46209466E+02  .34093377E-02
  .46348213E+02  .33807217E-02
  .46485668E+02  .33391280E-02
  .46621705E+02  .33325461E-02
  .46757381E+02  .33192796E-02
  .46891919E+02  .33143307E-02
  .47024447E+02  .32946340E-02
  .47155735E+02  .33151266E-02
  .47286343E+02  .32994762E-02
  .47414958E+02  .33276752E-02
  .47543112E+02  .32819098E-02
  .47670033E+02  .33106230E-02
  .47796959E+02  .33329536E-02
  .47921794E+02  .33806229E-02
  .48045628E+02  .33649864E-02
  .48168713E+02  .33938997E-02
  .48290968E+02  .33626659E-02
  .48413205E+02  .33644258E-02
  .48534252E+02  .33687364E-02
  .48655382E+02  .34001088E-02
  .48775604E+02  .34079327E-02
  .48895251E+02  .34077883E-02
  .49014207E+02  .34496741E-02
  .49132048E+02  .34380279E-02
  .49249672E+02  .34953331E-02
  .49368017E+02  .34892264E-02
  .49485361E+02  .35004816E-02
  .49601546E+02  .35377723E-02
  .49717613E+02  .35398402E-02
  .49833180E+02  .35173415E-02
  .49948393E+02  .35104782E-02
  .50063404E+02  .35422226E-02
  .50177721E+02  .35631296E-02
  .50292410E+02  .35978963E-02
  .50406842E+02  .35256301E-02
  .50520485E+02  .35071777E-02
  .50634191E+02  .34920206E-02
  .50747827E+02  .34367385E-02
  .50861192E+02  .34236911E-02
  .50973551E+02  .34593461E-02
  .51085701E+02  .34556510E-02
  .51198283E+02  .34578414E-02
  .51310861E+02  .34484725E-02
  .51424124E+02  .34100363E-02
  .51536296E+02  .34417448E-02
  .51648584E+02  .34363090E-02
  .51761535E+02  .34376987E-02
  .51873645E+02  .34337086E-02
  .51985936E+02  .34225541E-02
  .52099454E+02  .34734206E-02
  .52212698E+02  .34790226E-02
  .52325393E+02  .35026113E-02
  .52438113E+02  .34581342E-02
  .52551505E+02  .34751698E-02
  .52664176E+02  .34059720E-02
  .52777854E+02  .33875532E-02
  .52890886E+02  .33662074E-02
  .53004583E+02  .33589047E-02
  .53118060E+02  .33984990E-02
  .53232231E+02  .34272428E-02
  .53346112E+02  .34440835E-02
  .53460484E+02  .33683288E-02
  .53575262E+02  .33422518E-02
  .53689715E+02  .33218515E-02
  .53805172E+02  .33458174E-02
  .53920586E+02  .33050870E-02
  .54036368E+02  .33809338E-02
  .54152617E+02  .34427892E-02
  .54268774E+02  .34235030E-02
  .54385121E+02  .34643366E-02
  .54502023E+02  .34795240E-02
  .54620574E+02  .35564717E-02
  .54738732E+02  .35486978E-02
  .54857912E+02  .35134248E-02
  .54976608E+02  .34943573E-02
  .55096737E+02  .35228387E-02
  .55216728E+02  .34892484E-02
  .55337660E+02  .34939203E-02
  .55459299E+02  .34674717E-02
  .55580643E+02  .35165707E-02
  .55703203E+02  .35424020E-02
  .55826053E+02  .35885307E-02
  .55949535E+02  .35750707E-02
  .56073641E+02  .36272580E-02
  .56199167E+02  .36429649E-02
  .56326598E+02  .36774423E-02
  .56452862E+02  .36594312E-02
  .56581156E+02  .37503921E-02
  .56709481E+02  .37924143E-02
  .56838878E+02  .38726114E-02
  .56969647E+02  .39004957E-02
  .57100728E+02  .39604599E-02
  .57233481E+02  .39493504E-02
  .57368215E+02  .39518215E-02
  .57502635E+02  .39663194E-02
  .57637694E+02  .39632478E-02
  .57774313E+02  .40015712E-02
  .57912050E+02  .40156730E-02
  .58052267E+02  .40360522E-02
  .58193753E+02  .40963444E-02
  .58336187E+02  .41174044E-02
  .58480675E+02  .41342103E-02
  .58625942E+02  .41336295E-02
  .58772647E+02  .41782736E-02
  .58921283E+02  .42022890E-02
  .59070705E+02  .42660461E-02
  .59222345E+02  .42940768E-02
  .59376424E+02  .43703415E-02
  .59532320E+02  .43803397E-02
  .59690502E+02  .44291761E-02
  .59849675E+02  .44018137E-02
  .60011708E+02  .44157150E-02
  .60175351E+02  .44465856E-02
  .60342921E+02  .44943476E-02
  .60511469E+02  .44893356E-02
  .60682899E+02  .44362986E-02
  .60856265E+02  .44718449E-02
  .61031830E+02  .44492720E-02
  .61211856E+02  .44617017E-02
  .61394840E+02  .44762974E-02
  .61581606E+02  .44507877E-02
  .61771896E+02  .44426926E-02
  .61966594E+02  .43859450E-02
  .62164645E+02  .45055525E-02
  .62366394E+02  .44667008E-02
  .62573657E+02  .44692067E-02
  .62785217E+02  .45106964E-02
  .63000395E+02  .45098419E-02
  .63220848E+02  .45811772E-02
  .63448368E+02  .46661923E-02
  .63683254E+02  .46206056E-02
  .63923166E+02  .48022841E-02
  .64168716E+02  .49102761E-02
  .64420164E+02  .49160749E-02
  .64681654E+02  .50142619E-02
  .64949373E+02  .51258620E-02
  .65229513E+02  .52684440E-02
  .65518641E+02  .52838353E-02
  .65818614E+02  .53526938E-02
  .66133117E+02  .54241845E-02
  .66460071E+02  .53666319E-02
  .66802757E+02  .55970396E-02
  .67158691E+02  .56886807E-02
  .67537146E+02  .57543025E-02
  .67933767E+02  .60979110E-02
  .68355923E+02  .61351385E-02
  .68808867E+02  .63954528E-02
  .69295338E+02  .63870132E-02
  .69820145E+02  .66784673E-02
  .70390310E+02  .68717224E-02
  .71018477E+02  .72019581E-02
  .71717647E+02  .73020737E-02
  .72507117E+02  .78856105E-02
  .73431237E+02  .84913382E-02
  .74538344E+02  .97478243E-02
  .75920097E+02  .10834958E-01
  .77819548E+02  .13634297E-01
  .78299101E+02  .14222767E-01
  .78835974E+02  .15212492E-01
  .79443460E+02  .15402316E-01
  .80128536E+02  .16390059E-01
  .80928423E+02  .17568429E-01
  .81908090E+02  .19786124E-01
  .83131624E+02  .22949688E-01
  .84841970E+02  .26617435E-01
  .87615897E+02  .38179718E-01
  .90380119E+02  .51134266E-01
  .93885231E+02  .78961008E-01
  .96518389E+02  .10251789E+00
tr2  2
  .33328307E+02  .41155953E-01
  .34350232E+02  .31342282E-01
  .35880357E+02  .22456281E-01
  .37118233E+02  .16682716E-01
  .38458228E+02  .12991302E-01
  .39311938E+02  .11444712E-01
  .39946768E+02  .10210514E-01
  .40461753E+02  .10050497E-01
  .40889556E+02  .95089585E-02
  .41264840E+02  .88126146E-02
  .41597349E+02  .82280933E-02
  .41896166E+02  .79169300E-02
  .42171589E+02  .77665364E-02
  .43283804E+02  .69680509E-02
  .44127549E+02  .62239991E-02
  .44818360E+02  .57988512E-02
  .45410930E+02  .54012473E-02
  .45929924E+02  .53141981E-02
  .46395599E+02  .51665044E-02
  .46822296E+02  .50652100E-02
  .47213163E+02  .50374076E-02
  .47578710E+02  .47655428E-02
  .47921113E+02  .47717541E-02
  .48240208E+02  .46701767E-02
  .48543268E+02  .46586883E-02
  .48833811E+02  .46732390E-02
  .49112256E+02  .45603224E-02
  .49377274E+02  .45073234E-02
  .49629772E+02  .44267652E-02
  .49875128E+02  .43308642E-02
  .50112831E+02  .43524405E-02
  .50343303E+02  .43470762E-02
  .50566283E+02  .42358404E-02
  .50782556E+02  .41541036E-02
  .50993610E+02  .41436818E-02
  .51198351E+02  .40181267E-02
  .51399566E+02  .39367198E-02
  .51594710E+02  .39973134E-02
  .51784972E+02  .39857935E-02
  .51971285E+02  .38980940E-02
  .52153935E+02  .38332934E-02
  .52332623E+02  .38285145E-02
  .52508139E+02  .38137279E-02
  .52681506E+02  .37675424E-02
  .52851932E+02  .37553170E-02
  .53019802E+02  .37647960E-02
  .53185899E+02  .37164928E-02
  .53346505E+02  .36902164E-02
  .53506281E+02  .36950654E-02
  .53664172E+02  .37255682E-02
  .53820964E+02  .37260874E-02
  .53973862E+02  .37232523E-02
  .54125689E+02  .37374774E-02
  .54275903E+02  .37676442E-02
  .54424808E+02  .37401392E-02
  .54571978E+02  .37384905E-02
  .54718330E+02  .36804546E-02
  .54862750E+02  .36695377E-02
  .55006987E+02  .36095468E-02
  .55147722E+02  .36215726E-02
  .55288234E+02  .35691838E-02
  .55426713E+02  .35505630E-02
  .55565335E+02  .35227084E-02
  .55701436E+02  .34969273E-02
  .55836806E+02  .34912782E-02
  .55971639E+02  .34967245E-02
  .56106154E+02  .35070593E-02
  .56239536E+02  .35167716E-02
  .56371446E+02  .34787141E-02
  .56502944E+02  .34503520E-02
  .56632974E+02  .33996586E-02
  .56763463E+02  .33374849E-02
  .56893340E+02  .33308333E-02
  .57021618E+02  .33098891E-02
  .57150174E+02  .33007453E-02
  .57278045E+02  .33640378E-02
  .57404538E+02  .34000793E-02
  .57531503E+02  .34038322E-02
  .57657872E+02  .33433228E-02
  .57783012E+02  .32916651E-02
  .57908244E+02  .32347899E-02
  .58033436E+02  .32657090E-02
  .58157307E+02  .32987567E-02
  .58281249E+02  .33106557E-02
  .58404778E+02  .32874122E-02
  .58528418E+02  .32610235E-02
  .58651457E+02  .33152254E-02
  .58774000E+02  .33540650E-02
  .58895797E+02  .33570287E-02
  .59017769E+02  .34133336E-02
  .59138922E+02  .33667963E-02
  .59260156E+02  .33375102E-02
  .59381470E+02  .33150392E-02
  .59502688E+02  .32628691E-02
  .59623898E+02  .33005624E-02
  .59745488E+02  .32786714E-02
  .59867242E+02  .33156805E-02
  .59988330E+02  .33663957E-02
  .60109322E+02  .34429356E-02
  .60229632E+02  .34215893E-02
  .60349370E+02  .34920688E-02
  .60469575E+02  .34745276E-02
  .60589087E+02  .34641878E-02
  .60709993E+02  .34578471E-02
  .60830373E+02  .34773582E-02
  .60951999E+02  .35037925E-02
  .61073287E+02  .34976272E-02
  .61194533E+02  .35163649E-02
  .61316630E+02  .35495278E-02
  .61438443E+02  .35292948E-02
  .61560227E+02  .35154441E-02
  .61682281E+02  .35488686E-02
  .61803836E+02  .35579423E-02
  .61925732E+02  .35672483E-02
  .62048480E+02  .35721478E-02
  .62172685E+02  .35462911E-02
  .62295739E+02  .35484073E-02
  .62418853E+02  .35478951E-02
  .62542696E+02  .36204172E-02
  .62667764E+02  .36269952E-02
  .62792401E+02  .36237031E-02
  .62917527E+02  .36699074E-02
  .63043442E+02  .37122514E-02
  .63168256E+02  .37068677E-02
  .63293989E+02  .37465385E-02
  .63421131E+02  .37836592E-02
  .63548687E+02  .37546224E-02
  .63676768E+02  .37620187E-02
  .63805677E+02  .37256403E-02
  .63933534E+02  .37916450E-02
  .64062994E+02  .37989857E-02
  .64192598E+02  .38264413E-02
  .64323614E+02  .38149219E-02
  .64454957E+02  .37738886E-02
  .64587664E+02  .38127225E-02
  .64719945E+02  .37583154E-02
  .64854525E+02  .37503102E-02
  .64989506E+02  .37862012E-02
  .65125585E+02  .38072118E-02
  .65261789E+02  .38448049E-02
  .65398830E+02  .38038186E-02
  .65537914E+02  .38957130E-02
  .65677596E+02  .39841220E-02
  .65818272E+02  .40162417E-02
  .65959501E+02  .40725105E-02
  .66101712E+02  .40875024E-02
  .66246124E+02  .41037616E-02
  .66391223E+02  .41171569E-02
  .66538871E+02  .42175718E-02
  .66686881E+02  .42514795E-02
  .66836103E+02  .42598809E-02
  .66986126E+02  .42696172E-02
  .67137002E+02  .42595291E-02
  .67289650E+02  .43519724E-02
  .67444436E+02  .43695581E-02
  .67600816E+02  .43696163E-02
  .67758420E+02  .44179869E-02
  .67918041E+02  .44819142E-02
  .68078713E+02  .45069594E-02
  .68240810E+02  .45000450E-02
  .68407574E+02  .45271505E-02
  .68574939E+02  .44729818E-02
  .68745492E+02  .44293135E-02
  .68917293E+02  .44045847E-02
  .69092022E+02  .44762665E-02
  .69268121E+02  .44538594E-02
  .69448810E+02  .44481909E-02
  .69631963E+02  .45471416E-02
  .69815798E+02  .44915232E-02
  .70005707E+02  .45832882E-02
  .70198078E+02  .45926567E-02
  .70394832E+02  .45402261E-02
  .70593070E+02  .46045757E-02
  .70796140E+02  .45958004E-02
  .71002969E+02  .46485595E-02
  .71212401E+02  .46733464E-02
  .71427093E+02  .47768036E-02
  .71646345E+02  .47747736E-02
  .71870164E+02  .47699740E-02
  .72099940E+02  .49202346E-02
  .72334718E+02  .50290582E-02
  .72576008E+02  .50592820E-02
  .72824968E+02  .52424968E-02
  .73079626E+02  .53606472E-02
  .73342259E+02  .55153300E-02
  .73611992E+02  .54745617E-02
  .73890226E+02  .56693760E-02
  .74177907E+02  .57444325E-02
  .74474949E+02  .58051875E-02
  .74782035E+02  .58827505E-02
  .75103673E+02  .59237513E-02
  .75434372E+02  .60367342E-02
  .75781320E+02  .61002183E-02
  .76144106E+02  .62534255E-02
  .76525352E+02  .62781109E-02
  .76923215E+02  .66578210E-02
  .77345392E+02  .67971951E-02
  .77794870E+02  .70904076E-02
  .78273519E+02  .72080561E-02
  .78786589E+02  .73932353E-02
  .79338742E+02  .76057473E-02
  .79944960E+02  .80632758E-02
  .80611429E+02  .85458819E-02
  .81352083E+02  .87891710E-02
  .82191100E+02  .93233956E-02
  .83160050E+02  .10103462E-01
  .84317365E+02  .10896278E-01
  .85774360E+02  .12026433E-01
  .87779361E+02  .14572378E-01
  .88286661E+02  .14867375E-01
  .88850952E+02  .15497103E-01
  .89488734E+02  .16676403E-01
  .90214736E+02  .18077175E-01
  .91057070E+02  .19119332E-01
  .92076634E+02  .21437682E-01
  .93351380E+02  .25966353E-01
  .95146489E+02  .29224690E-01
  .98124239E+02  .37261026E-01
  .10095808E+03  .52316781E-01
  .10458584E+03  .76058523E-01
  .10724065E+03  .10816752E+00
tr1s 3
  .31750716E+02  .58760875E-01
  .32730821E+02  .46627537E-01
  .34136864E+02  .30673998E-01
  .35391886E+02  .24032327E-01
  .36693345E+02  .19066343E-01
  .37527599E+02  .16283422E-01
  .38155961E+02  .13991561E-01
  .38645998E+02  .12831406E-01
  .39057243E+02  .11718460E-01
  .39426069E+02  .11612650E-01
  .39751322E+02  .11688841E-01
  .40046855E+02  .11409252E-01
  .40319548E+02  .11140411E-01
  .41423265E+02  .99176010E-02
  .42247848E+02  .92836196E-02
  .42925490E+02  .85664069E-02
  .43511695E+02  .79977823E-02
  .44017916E+02  .77154236E-02
  .44473523E+02  .74218345E-02
  .44888493E+02  .72126634E-02
  .45275584E+02  .68774789E-02
  .45633351E+02  .66086999E-02
  .45966704E+02  .65712386E-02
  .46282934E+02  .64223739E-02
  .46583896E+02  .64576303E-02
  .46868323E+02  .64029251E-02
  .47140561E+02  .62573497E-02
  .47401317E+02  .60633835E-02
  .47651124E+02  .60764235E-02
  .47891654E+02  .60036207E-02
  .48123384E+02  .59532387E-02
  .48349780E+02  .58506758E-02
  .48568324E+02  .57229799E-02
  .48780989E+02  .56368212E-02
  .48988779E+02  .56077382E-02
  .49191477E+02  .56120077E-02
  .49387631E+02  .55659595E-02
  .49579988E+02  .55713610E-02
  .49768354E+02  .56016666E-02
  .49950999E+02  .56346442E-02
  .50131744E+02  .55947042E-02
  .50307973E+02  .55345469E-02
  .50480800E+02  .54872942E-02
  .50652662E+02  .54689935E-02
  .50819279E+02  .54451713E-02
  .50984336E+02  .53738431E-02
  .51147252E+02  .53616410E-02
  .51309876E+02  .53126846E-02
  .51467362E+02  .52735669E-02
  .51622195E+02  .52540810E-02
  .51777596E+02  .53082171E-02
  .51928932E+02  .52621031E-02
  .52078060E+02  .52443441E-02
  .52227797E+02  .52150462E-02
  .52373549E+02  .51279463E-02
  .52518004E+02  .51822045E-02
  .52661744E+02  .51528037E-02
  .52805081E+02  .51385084E-02
  .52944968E+02  .51712700E-02
  .53083660E+02  .51251016E-02
  .53223267E+02  .51171045E-02
  .53360004E+02  .51246686E-02
  .53496576E+02  .51405581E-02
  .53631115E+02  .51727454E-02
  .53765402E+02  .51580500E-02
  .53898179E+02  .51291103E-02
  .54030544E+02  .50702509E-02
  .54162363E+02  .51027535E-02
  .54293628E+02  .50698919E-02
  .54421942E+02  .50455441E-02
  .54551435E+02  .51017948E-02
  .54680379E+02  .50845610E-02
  .54807184E+02  .51505774E-02
  .54934010E+02  .51872768E-02
  .55060680E+02  .51819490E-02
  .55186175E+02  .51974741E-02
  .55312035E+02  .51827908E-02
  .55437287E+02  .51108401E-02
  .55560663E+02  .51297054E-02
  .55684074E+02  .51380670E-02
  .55806809E+02  .51980685E-02
  .55929987E+02  .51830572E-02
  .56052738E+02  .51384914E-02
  .56174701E+02  .51736633E-02
  .56296585E+02  .51285227E-02
  .56418119E+02  .51566539E-02
  .56539960E+02  .51546833E-02
  .56660408E+02  .51006014E-02
  .56780942E+02  .51211677E-02
  .56900930E+02  .51140229E-02
  .57020531E+02  .50670830E-02
  .57140483E+02  .50436412E-02
  .57260524E+02  .50115579E-02
  .57379205E+02  .50897465E-02
  .57498916E+02  .50765779E-02
  .57619620E+02  .51043881E-02
  .57739408E+02  .50589826E-02
  .57857717E+02  .50479086E-02
  .57976179E+02  .50398300E-02
  .58096472E+02  .50843752E-02
  .58214152E+02  .51212447E-02
  .58333377E+02  .50827133E-02
  .58452521E+02  .50829071E-02
  .58570674E+02  .50738704E-02
  .58690296E+02  .51080565E-02
  .58810326E+02  .51270401E-02
  .58929509E+02  .51748385E-02
  .59049238E+02  .51678611E-02
  .59168084E+02  .51315775E-02
  .59287385E+02  .51243376E-02
  .59407922E+02  .51290048E-02
  .59527868E+02  .51602678E-02
  .59648504E+02  .51888480E-02
  .59768859E+02  .51238964E-02
  .59889512E+02  .50994139E-02
  .60011646E+02  .50677008E-02
  .60133179E+02  .50693096E-02
  .60255496E+02  .50191507E-02
  .60378029E+02  .50278013E-02
  .60500671E+02  .50337781E-02
  .60623517E+02  .50433670E-02
  .60746415E+02  .50158516E-02
  .60870916E+02  .50071514E-02
  .60995432E+02  .51002663E-02
  .61121169E+02  .50924390E-02
  .61245827E+02  .51349546E-02
  .61372801E+02  .51994907E-02
  .61498692E+02  .52153825E-02
  .61626093E+02  .52284919E-02
  .61753567E+02  .52568352E-02
  .61880614E+02  .52494776E-02
  .62008439E+02  .52626050E-02
  .62137574E+02  .53541825E-02
  .62267701E+02  .54018354E-02
  .62398541E+02  .55125253E-02
  .62531736E+02  .55421588E-02
  .62665312E+02  .55027707E-02
  .62796956E+02  .54658985E-02
  .62930700E+02  .54931993E-02
  .63065370E+02  .55399255E-02
  .63200406E+02  .55012953E-02
  .63336956E+02  .55282255E-02
  .63473932E+02  .55030866E-02
  .63612041E+02  .54464991E-02
  .63751310E+02  .54206041E-02
  .63892283E+02  .55318155E-02
  .64035921E+02  .55892126E-02
  .64178380E+02  .55953338E-02
  .64323257E+02  .55763894E-02
  .64469026E+02  .56688723E-02
  .64616517E+02  .57144030E-02
  .64767319E+02  .57842476E-02
  .64915644E+02  .57835560E-02
  .65067170E+02  .58078080E-02
  .65220375E+02  .59088129E-02
  .65374785E+02  .59856989E-02
  .65531405E+02  .60778854E-02
  .65688699E+02  .61282229E-02
  .65850253E+02  .61756119E-02
  .66011000E+02  .61414267E-02
  .66175369E+02  .61463149E-02
  .66339976E+02  .61533203E-02
  .66508241E+02  .61897867E-02
  .66676773E+02  .62827524E-02
  .66847896E+02  .62438085E-02
  .67022305E+02  .62332737E-02
  .67200875E+02  .62599122E-02
  .67380469E+02  .63318027E-02
  .67563988E+02  .64195921E-02
  .67751538E+02  .65192133E-02
  .67939330E+02  .64563779E-02
  .68131280E+02  .65046283E-02
  .68327999E+02  .65752361E-02
  .68527282E+02  .66019895E-02
  .68732014E+02  .67524538E-02
  .68940181E+02  .68324514E-02
  .69151578E+02  .68754055E-02
  .69369244E+02  .69903467E-02
  .69591026E+02  .70049528E-02
  .69818080E+02  .69932718E-02
  .70050051E+02  .71102894E-02
  .70288547E+02  .70352282E-02
  .70532941E+02  .72245637E-02
  .70782893E+02  .74140051E-02
  .71039491E+02  .75487717E-02
  .71304230E+02  .78376123E-02
  .71578210E+02  .79575720E-02
  .71864167E+02  .79502487E-02
  .72152264E+02  .79279360E-02
  .72455170E+02  .81620193E-02
  .72773397E+02  .84420053E-02
  .73104898E+02  .87477240E-02
  .73449832E+02  .87593434E-02
  .73810596E+02  .87057171E-02
  .74185571E+02  .88105867E-02
  .74582537E+02  .91101771E-02
  .74997514E+02  .93024630E-02
  .75442838E+02  .93494999E-02
  .75917772E+02  .97012918E-02
  .76423302E+02  .99874040E-02
  .76974224E+02  .10457128E-01
  .77571180E+02  .10905662E-01
  .78225114E+02  .11811627E-01
  .78960438E+02  .12451688E-01
  .79786305E+02  .13060932E-01
  .80753997E+02  .14101299E-01
  .81902641E+02  .14935393E-01
  .83358686E+02  .16961359E-01
  .85338147E+02  .20375319E-01
  .85840110E+02  .21062169E-01
  .86393941E+02  .21742776E-01
  .87011818E+02  .23305075E-01
  .87720584E+02  .24622640E-01
  .88554166E+02  .26452343E-01
  .89564879E+02  .29561344E-01
  .90831594E+02  .31959478E-01
  .92595005E+02  .39925909E-01
  .95505742E+02  .53032423E-01
  .98345886E+02  .73845245E-01
  .10194455E+03  .11109057E+00
  .10469267E+03  .15413535E+00
tr2s 2
  .40003899E+02  .45992000E-01
  .41117683E+02  .32979859E-01
  .42762438E+02  .25191939E-01
  .44103622E+02  .19429027E-01
  .45557995E+02  .14186304E-01
  .46488488E+02  .12653010E-01
  .47168313E+02  .11730159E-01
  .47717745E+02  .11055180E-01
  .48182604E+02  .10322985E-01
  .48583385E+02  .95695853E-02
  .48944344E+02  .91839238E-02
  .49264822E+02  .87567314E-02
  .49561639E+02  .79730549E-02
  .50753936E+02  .70926841E-02
  .51661864E+02  .62739474E-02
  .52402350E+02  .59282789E-02
  .53033031E+02  .57429682E-02
  .53590834E+02  .55222717E-02
  .54090082E+02  .52815923E-02
  .54543009E+02  .52521462E-02
  .54962599E+02  .50647088E-02
  .55351563E+02  .51085312E-02
  .55714278E+02  .49029329E-02
  .56058714E+02  .48133893E-02
  .56383013E+02  .46286426E-02
  .56691135E+02  .46212234E-02
  .56984807E+02  .45220049E-02
  .57267044E+02  .44291540E-02
  .57536966E+02  .44637827E-02
  .57799166E+02  .43820915E-02
  .58052614E+02  .43678704E-02
  .58297559E+02  .44262596E-02
  .58533417E+02  .44533715E-02
  .58764568E+02  .43908971E-02
  .58986353E+02  .43353269E-02
  .59204663E+02  .42799514E-02
  .59416210E+02  .42900137E-02
  .59625176E+02  .41647911E-02
  .59828553E+02  .41275241E-02
  .60026951E+02  .42554352E-02
  .60222571E+02  .42254029E-02
  .60414469E+02  .41748693E-02
  .60600899E+02  .41573154E-02
  .60784406E+02  .41166653E-02
  .60965770E+02  .40463595E-02
  .61143499E+02  .40399477E-02
  .61318567E+02  .40597246E-02
  .61491006E+02  .39912431E-02
  .61660714E+02  .40865760E-02
  .61828612E+02  .41009064E-02
  .61993627E+02  .41106231E-02
  .62157746E+02  .40535069E-02
  .62320028E+02  .40527394E-02
  .62479730E+02  .40236057E-02
  .62637453E+02  .40734443E-02
  .62794595E+02  .40099254E-02
  .62948586E+02  .40216987E-02
  .63101309E+02  .40252719E-02
  .63252393E+02  .40778640E-02
  .63401930E+02  .40516337E-02
  .63550312E+02  .39974066E-02
  .63697764E+02  .39394298E-02
  .63843691E+02  .39063930E-02
  .63988913E+02  .39164987E-02
  .64133527E+02  .39493211E-02
  .64277102E+02  .39370629E-02
  .64420307E+02  .39271194E-02
  .64560796E+02  .39292280E-02
  .64700719E+02  .39512808E-02
  .64840267E+02  .39323214E-02
  .64978236E+02  .38615901E-02
  .65116360E+02  .38870483E-02
  .65254183E+02  .38850073E-02
  .65390383E+02  .38831640E-02
  .65525512E+02  .38944196E-02
  .65660774E+02  .39046393E-02
  .65795818E+02  .39162810E-02
  .65930488E+02  .39173132E-02
  .66063357E+02  .39503203E-02
  .66195716E+02  .39445319E-02
  .66327112E+02  .39216922E-02
  .66459952E+02  .39045862E-02
  .66591247E+02  .38267399E-02
  .66722034E+02  .38536094E-02
  .66851463E+02  .38226521E-02
  .66981542E+02  .37536106E-02
  .67111201E+02  .36976763E-02
  .67241125E+02  .37002034E-02
  .67370273E+02  .36980748E-02
  .67498401E+02  .36911030E-02
  .67626570E+02  .36997398E-02
  .67754961E+02  .37187042E-02
  .67882290E+02  .37041724E-02
  .68010161E+02  .37300693E-02
  .68137482E+02  .37194748E-02
  .68265400E+02  .37147495E-02
  .68392600E+02  .37511484E-02
  .68520084E+02  .37589941E-02
  .68648746E+02  .37979118E-02
  .68775981E+02  .37839296E-02
  .68903644E+02  .37706243E-02
  .69030839E+02  .37864101E-02
  .69158370E+02  .36985548E-02
  .69285699E+02  .37634726E-02
  .69412819E+02  .37554300E-02
  .69540358E+02  .37861745E-02
  .69668572E+02  .37859852E-02
  .69796248E+02  .37854466E-02
  .69924650E+02  .38172778E-02
  .70052122E+02  .38112801E-02
  .70180819E+02  .38120953E-02
  .70309687E+02  .38349364E-02
  .70438195E+02  .38435648E-02
  .70566796E+02  .39064354E-02
  .70696695E+02  .38879705E-02
  .70825583E+02  .38807861E-02
  .70955086E+02  .38615883E-02
  .71084609E+02  .38700152E-02
  .71214614E+02  .38938128E-02
  .71344379E+02  .39211156E-02
  .71475101E+02  .38604498E-02
  .71607441E+02  .38782745E-02
  .71739450E+02  .38718683E-02
  .71873045E+02  .38847530E-02
  .72006737E+02  .38894066E-02
  .72141916E+02  .38385836E-02
  .72276674E+02  .38059145E-02
  .72410822E+02  .37944698E-02
  .72546017E+02  .37951838E-02
  .72681891E+02  .38184466E-02
  .72818829E+02  .38720439E-02
  .72956424E+02  .38172064E-02
  .73093875E+02  .38147216E-02
  .73234246E+02  .38056765E-02
  .73374060E+02  .38540190E-02
  .73513696E+02  .38661534E-02
  .73653915E+02  .39187770E-02
  .73796054E+02  .38436988E-02
  .73938705E+02  .39026763E-02
  .74083847E+02  .39326107E-02
  .74228210E+02  .39494950E-02
  .74373765E+02  .39866733E-02
  .74519808E+02  .39249403E-02
  .74667102E+02  .38906608E-02
  .74816327E+02  .38425951E-02
  .74967180E+02  .38554624E-02
  .75118383E+02  .38908942E-02
  .75272274E+02  .38840862E-02
  .75426133E+02  .39579229E-02
  .75580572E+02  .39818500E-02
  .75736908E+02  .40521660E-02
  .75895514E+02  .39995353E-02
  .76055220E+02  .40057027E-02
  .76215326E+02  .40271608E-02
  .76378929E+02  .40847798E-02
  .76541501E+02  .41671227E-02
  .76709303E+02  .42371514E-02
  .76875556E+02  .42729307E-02
  .77045035E+02  .43180668E-02
  .77217470E+02  .44377908E-02
  .77391394E+02  .43794653E-02
  .77567963E+02  .43675842E-02
  .77745286E+02  .43772337E-02
  .77925514E+02  .43744865E-02
  .78108600E+02  .45045123E-02
  .78293407E+02  .45430048E-02
  .78481639E+02  .45389794E-02
  .78672432E+02  .46024288E-02
  .78867785E+02  .47078520E-02
  .79063926E+02  .47920324E-02
  .79262484E+02  .47892508E-02
  .79466930E+02  .49386106E-02
  .79674707E+02  .49896942E-02
  .79885937E+02  .50072668E-02
  .80100875E+02  .50252596E-02
  .80321854E+02  .50800963E-02
  .80545167E+02  .51661939E-02
  .80774222E+02  .51497596E-02
  .81009420E+02  .52554915E-02
  .81248657E+02  .52749014E-02
  .81493179E+02  .53301637E-02
  .81744290E+02  .53131269E-02
  .82003063E+02  .54184007E-02
  .82269110E+02  .54318005E-02
  .82541399E+02  .54299584E-02
  .82823546E+02  .54907641E-02
  .83113439E+02  .55980038E-02
  .83413741E+02  .57727401E-02
  .83724443E+02  .57931988E-02
  .84044188E+02  .57055942E-02
  .84378175E+02  .58013059E-02
  .84724587E+02  .60000283E-02
  .85086833E+02  .61973172E-02
  .85465463E+02  .64126517E-02
  .85861290E+02  .64250080E-02
  .86280744E+02  .66292498E-02
  .86724705E+02  .67619326E-02
  .87192999E+02  .70072153E-02
  .87690983E+02  .71619853E-02
  .88224727E+02  .74161742E-02
  .88803795E+02  .76974964E-02
  .89433564E+02  .77380475E-02
  .90124605E+02  .80173770E-02
  .90898192E+02  .84191017E-02
  .91772712E+02  .86358336E-02
  .92787216E+02  .92465091E-02
  .93991800E+02  .98641630E-02
  .95521172E+02  .11525461E-01
  .97601305E+02  .13897430E-01
  .98120682E+02  .14471274E-01
  .98704105E+02  .15377458E-01
  .99349474E+02  .15864779E-01
  .10011214E+03  .17302097E-01
  .10098489E+03  .18836411E-01
  .10204200E+03  .21599108E-01
  .10335553E+03  .25368331E-01
  .10520563E+03  .29019036E-01
  .10829721E+03  .39462300E-01
  .11123769E+03  .56116169E-01
  .11498822E+03  .82122594E-01
  .11777704E+03  .11418203E+00
