Copyright (C) James G. MacKinnon, Alfred A. Haug, and Leo Michelis, 1996
lm0  2
  .21570225E+01  .67586136E-02
  .23209901E+01  .55498601E-02
  .25784839E+01  .37529136E-02
  .28039278E+01  .31456464E-02
  .30653462E+01  .25850455E-02
  .32392374E+01  .23116670E-02
  .33726115E+01  .21501692E-02
  .34829973E+01  .19927292E-02
  .35775519E+01  .19810240E-02
  .36613721E+01  .18841164E-02
  .37357614E+01  .17706130E-02
  .38039348E+01  .17602667E-02
  .38672032E+01  .16792955E-02
  .41284048E+01  .14780776E-02
  .43340203E+01  .13639429E-02
  .45077062E+01  .12693115E-02
  .46577963E+01  .12574675E-02
  .47926637E+01  .13233266E-02
  .49166982E+01  .13223842E-02
  .50302810E+01  .12675127E-02
  .51358003E+01  .12510507E-02
  .52354635E+01  .12481918E-02
  .53295188E+01  .11758983E-02
  .54189602E+01  .11345390E-02
  .55047436E+01  .11118687E-02
  .55868948E+01  .11021461E-02
  .56653717E+01  .10967951E-02
  .57421386E+01  .10788228E-02
  .58161044E+01  .10708462E-02
  .58880960E+01  .10698687E-02
  .59578762E+01  .10998737E-02
  .60261669E+01  .11083022E-02
  .60926900E+01  .10756099E-02
  .61575213E+01  .10959166E-02
  .62213667E+01  .10939972E-02
  .62837646E+01  .10641444E-02
  .63446324E+01  .10360492E-02
  .64047819E+01  .10523493E-02
  .64634946E+01  .10362891E-02
  .65213187E+01  .10044825E-02
  .65784124E+01  .10081411E-02
  .66343550E+01  .10349775E-02
  .66893867E+01  .10550424E-02
  .67438285E+01  .10712720E-02
  .67978269E+01  .10776705E-02
  .68512187E+01  .10873366E-02
  .69039739E+01  .11078861E-02
  .69560686E+01  .10845298E-02
  .70075181E+01  .10897714E-02
  .70583130E+01  .10619549E-02
  .71090399E+01  .10503718E-02
  .71589933E+01  .10526878E-02
  .72087851E+01  .10622924E-02
  .72581984E+01  .10609959E-02
  .73071733E+01  .10646882E-02
  .73559605E+01  .10436433E-02
  .74039401E+01  .10737934E-02
  .74519868E+01  .10804561E-02
  .74997727E+01  .10692240E-02
  .75473808E+01  .10747475E-02
  .75945314E+01  .10971951E-02
  .76413764E+01  .11040730E-02
  .76879397E+01  .11113650E-02
  .77344910E+01  .11085983E-02
  .77811404E+01  .11181266E-02
  .78273668E+01  .11289078E-02
  .78734234E+01  .11330359E-02
  .79192994E+01  .11641130E-02
  .79649075E+01  .11726043E-02
  .80105552E+01  .11804750E-02
  .80555157E+01  .11749824E-02
  .81008412E+01  .11999275E-02
  .81460910E+01  .12169162E-02
  .81911229E+01  .12195483E-02
  .82363017E+01  .12160357E-02
  .82812862E+01  .12250350E-02
  .83261323E+01  .12413998E-02
  .83708545E+01  .12625843E-02
  .84156502E+01  .12692014E-02
  .84600043E+01  .12516648E-02
  .85046325E+01  .12507821E-02
  .85492473E+01  .12493077E-02
  .85940979E+01  .12539244E-02
  .86387338E+01  .12587152E-02
  .86834442E+01  .12594566E-02
  .87277916E+01  .12674161E-02
  .87722285E+01  .12861540E-02
  .88167641E+01  .12903681E-02
  .88609411E+01  .12844658E-02
  .89055099E+01  .12823243E-02
  .89500387E+01  .12857425E-02
  .89948459E+01  .13003652E-02
  .90395934E+01  .12916766E-02
  .90843504E+01  .13084228E-02
  .91292915E+01  .13215720E-02
  .91744099E+01  .13056537E-02
  .92190403E+01  .13043220E-02
  .92643391E+01  .13072449E-02
  .93093694E+01  .13002878E-02
  .93550473E+01  .12911985E-02
  .94004008E+01  .12968689E-02
  .94459528E+01  .13186152E-02
  .94916567E+01  .13122592E-02
  .95371684E+01  .13240974E-02
  .95828575E+01  .13229276E-02
  .96288849E+01  .13277925E-02
  .96751008E+01  .13289318E-02
  .97211387E+01  .13558809E-02
  .97671533E+01  .13770612E-02
  .98140800E+01  .13503421E-02
  .98606134E+01  .13644268E-02
  .99076114E+01  .13673771E-02
  .99545911E+01  .13628419E-02
  .10001934E+02  .13524336E-02
  .10049452E+02  .13307292E-02
  .10097312E+02  .13503254E-02
  .10145538E+02  .13535813E-02
  .10194004E+02  .13589484E-02
  .10242682E+02  .13730749E-02
  .10291347E+02  .13888109E-02
  .10339992E+02  .13946527E-02
  .10389689E+02  .14146603E-02
  .10439549E+02  .14081138E-02
  .10489369E+02  .14238877E-02
  .10539242E+02  .14526659E-02
  .10589679E+02  .14553881E-02
  .10640707E+02  .14530841E-02
  .10691835E+02  .14646155E-02
  .10743174E+02  .14655744E-02
  .10795020E+02  .14760528E-02
  .10847533E+02  .14797589E-02
  .10900419E+02  .14986686E-02
  .10953354E+02  .14869780E-02
  .11006839E+02  .14918957E-02
  .11060712E+02  .14966056E-02
  .11114994E+02  .14753559E-02
  .11169638E+02  .14771811E-02
  .11225021E+02  .14747595E-02
  .11280801E+02  .14955925E-02
  .11337264E+02  .15055634E-02
  .11393766E+02  .15281267E-02
  .11451139E+02  .15576507E-02
  .11508679E+02  .15503629E-02
  .11567072E+02  .15914098E-02
  .11625804E+02  .16144148E-02
  .11685247E+02  .16424223E-02
  .11745470E+02  .16517513E-02
  .11805935E+02  .16466425E-02
  .11867316E+02  .16429297E-02
  .11929757E+02  .16855189E-02
  .11992830E+02  .17072226E-02
  .12056509E+02  .17098454E-02
  .12120787E+02  .17257087E-02
  .12185642E+02  .17249676E-02
  .12251790E+02  .17597429E-02
  .12318289E+02  .17537617E-02
  .12386182E+02  .17658537E-02
  .12455056E+02  .17919810E-02
  .12525137E+02  .17471422E-02
  .12595813E+02  .17468899E-02
  .12667603E+02  .17608003E-02
  .12740577E+02  .17628696E-02
  .12814325E+02  .18037733E-02
  .12889237E+02  .18500649E-02
  .12966022E+02  .18715004E-02
  .13044203E+02  .18993399E-02
  .13123185E+02  .19356028E-02
  .13203283E+02  .19728098E-02
  .13285394E+02  .19965371E-02
  .13369512E+02  .20321535E-02
  .13454641E+02  .20714887E-02
  .13541887E+02  .20451433E-02
  .13630691E+02  .20778375E-02
  .13721489E+02  .21634512E-02
  .13814365E+02  .21907285E-02
  .13908969E+02  .22200469E-02
  .14006662E+02  .22218062E-02
  .14106344E+02  .22410850E-02
  .14208346E+02  .22542106E-02
  .14313767E+02  .22909714E-02
  .14421960E+02  .23330763E-02
  .14533120E+02  .23245018E-02
  .14648176E+02  .23673575E-02
  .14766052E+02  .24280944E-02
  .14887788E+02  .25433278E-02
  .15014078E+02  .25720077E-02
  .15144511E+02  .27100929E-02
  .15279529E+02  .28034005E-02
  .15419386E+02  .28735660E-02
  .15565643E+02  .28485057E-02
  .15716814E+02  .29043916E-02
  .15876221E+02  .29015732E-02
  .16042956E+02  .29334847E-02
  .16218265E+02  .29926024E-02
  .16402525E+02  .30659153E-02
  .16597250E+02  .31738455E-02
  .16805437E+02  .32382762E-02
  .17024854E+02  .33016785E-02
  .17263495E+02  .33961008E-02
  .17519048E+02  .35760369E-02
  .17795908E+02  .37037765E-02
  .18099785E+02  .40552369E-02
  .18439470E+02  .43728732E-02
  .18818376E+02  .46189234E-02
  .19253989E+02  .49637104E-02
  .19761146E+02  .54091440E-02
  .20378159E+02  .59452742E-02
  .21162901E+02  .67129489E-02
  .22251146E+02  .76530031E-02
  .22529024E+02  .81222191E-02
  .22845019E+02  .87663627E-02
  .23195721E+02  .91483924E-02
  .23596845E+02  .98023366E-02
  .24072327E+02  .10275597E-01
  .24646419E+02  .11756220E-01
  .25385842E+02  .13727402E-01
  .26409751E+02  .17076417E-01
  .28128206E+02  .21916175E-01
  .29843447E+02  .30103186E-01
  .32068161E+02  .48878331E-01
  .33747355E+02  .68721076E-01
lm1  3
  .34024469E+01  .12351633E-01
  .36082940E+01  .92662609E-02
  .39400134E+01  .71735879E-02
  .42303008E+01  .57941898E-02
  .45702623E+01  .48238598E-02
  .47886591E+01  .44051642E-02
  .49557125E+01  .39499231E-02
  .50938658E+01  .37632987E-02
  .52117241E+01  .36403622E-02
  .53144709E+01  .34594167E-02
  .54076932E+01  .33138430E-02
  .54927686E+01  .32604095E-02
  .55718368E+01  .31961245E-02
  .58900470E+01  .29211608E-02
  .61409661E+01  .27686572E-02
  .63490965E+01  .26716651E-02
  .65303856E+01  .25034924E-02
  .66912061E+01  .24007988E-02
  .68364655E+01  .23834313E-02
  .69721281E+01  .23190157E-02
  .70970865E+01  .23032168E-02
  .72141346E+01  .23034736E-02
  .73251696E+01  .22849097E-02
  .74307108E+01  .22742459E-02
  .75316430E+01  .22879389E-02
  .76280982E+01  .22587073E-02
  .77204546E+01  .22051201E-02
  .78088509E+01  .21804043E-02
  .78950555E+01  .21265374E-02
  .79782856E+01  .21276743E-02
  .80597026E+01  .21541861E-02
  .81385100E+01  .21455087E-02
  .82162585E+01  .21062979E-02
  .82919938E+01  .20816657E-02
  .83657987E+01  .20850293E-02
  .84370765E+01  .20847116E-02
  .85075032E+01  .21104548E-02
  .85765934E+01  .20784603E-02
  .86445373E+01  .20566628E-02
  .87113803E+01  .20315996E-02
  .87770086E+01  .20231381E-02
  .88415769E+01  .19982703E-02
  .89051579E+01  .19693412E-02
  .89679467E+01  .19724777E-02
  .90299132E+01  .19522287E-02
  .90912331E+01  .19596495E-02
  .91516500E+01  .19665305E-02
  .92115434E+01  .19577714E-02
  .92711483E+01  .19467162E-02
  .93293650E+01  .19557628E-02
  .93876823E+01  .19685387E-02
  .94450209E+01  .19381099E-02
  .95018262E+01  .19323794E-02
  .95583458E+01  .19104371E-02
  .96141785E+01  .18982189E-02
  .96696684E+01  .18687344E-02
  .97249433E+01  .18656746E-02
  .97800053E+01  .18940943E-02
  .98349869E+01  .19066690E-02
  .98892754E+01  .19234374E-02
  .99430896E+01  .19143571E-02
  .99967349E+01  .19237603E-02
  .10049566E+02  .19295629E-02
  .10102293E+02  .19584635E-02
  .10154609E+02  .19453985E-02
  .10206253E+02  .19627192E-02
  .10258584E+02  .19657698E-02
  .10311258E+02  .19852581E-02
  .10363349E+02  .19948437E-02
  .10414873E+02  .20030916E-02
  .10466468E+02  .19616359E-02
  .10518221E+02  .19552644E-02
  .10569280E+02  .19628415E-02
  .10620422E+02  .19941994E-02
  .10671317E+02  .19812008E-02
  .10721806E+02  .19899995E-02
  .10772307E+02  .19978314E-02
  .10822403E+02  .20192224E-02
  .10872760E+02  .20493471E-02
  .10922810E+02  .20563747E-02
  .10973676E+02  .20840172E-02
  .11023595E+02  .20830912E-02
  .11073103E+02  .20923520E-02
  .11122990E+02  .20956503E-02
  .11173393E+02  .20950155E-02
  .11224066E+02  .20815252E-02
  .11273617E+02  .20680831E-02
  .11324108E+02  .20720642E-02
  .11373521E+02  .20855805E-02
  .11423910E+02  .20857455E-02
  .11474001E+02  .20802878E-02
  .11523880E+02  .20897157E-02
  .11574087E+02  .20720921E-02
  .11624514E+02  .20602352E-02
  .11674667E+02  .21022667E-02
  .11725030E+02  .20968839E-02
  .11774966E+02  .21197380E-02
  .11825283E+02  .21431652E-02
  .11875682E+02  .21263531E-02
  .11925885E+02  .21323941E-02
  .11976443E+02  .21362329E-02
  .12026772E+02  .21485047E-02
  .12077576E+02  .21537445E-02
  .12128667E+02  .21705491E-02
  .12179755E+02  .21916180E-02
  .12231519E+02  .21573407E-02
  .12282706E+02  .21902493E-02
  .12334210E+02  .21937657E-02
  .12386448E+02  .22008602E-02
  .12438563E+02  .22148253E-02
  .12491026E+02  .22353529E-02
  .12543734E+02  .22333841E-02
  .12596541E+02  .22323478E-02
  .12649881E+02  .22397978E-02
  .12702316E+02  .22461796E-02
  .12754903E+02  .22515393E-02
  .12808479E+02  .22446537E-02
  .12861755E+02  .22612064E-02
  .12915517E+02  .22898416E-02
  .12970149E+02  .22889855E-02
  .13024205E+02  .22891606E-02
  .13078761E+02  .23006510E-02
  .13134061E+02  .23365104E-02
  .13189358E+02  .23697584E-02
  .13244268E+02  .23784580E-02
  .13300091E+02  .24058474E-02
  .13356162E+02  .24344076E-02
  .13412518E+02  .24494277E-02
  .13469441E+02  .24385797E-02
  .13527398E+02  .24828823E-02
  .13585139E+02  .25215120E-02
  .13643062E+02  .25272007E-02
  .13702031E+02  .25529107E-02
  .13760744E+02  .25614157E-02
  .13819920E+02  .25729786E-02
  .13879317E+02  .25841098E-02
  .13939569E+02  .26128705E-02
  .14000608E+02  .26288707E-02
  .14061562E+02  .26449479E-02
  .14123175E+02  .26691198E-02
  .14186004E+02  .27157708E-02
  .14248184E+02  .27483574E-02
  .14311257E+02  .27809538E-02
  .14375322E+02  .28015292E-02
  .14440276E+02  .28396312E-02
  .14506143E+02  .28743670E-02
  .14572277E+02  .28755089E-02
  .14638875E+02  .28677088E-02
  .14706451E+02  .28857259E-02
  .14774211E+02  .28768147E-02
  .14843463E+02  .28640259E-02
  .14913657E+02  .28740530E-02
  .14984724E+02  .29364598E-02
  .15055950E+02  .29409703E-02
  .15128357E+02  .29661491E-02
  .15201571E+02  .29825757E-02
  .15276307E+02  .30170439E-02
  .15352052E+02  .30551745E-02
  .15428693E+02  .30883124E-02
  .15506406E+02  .31047540E-02
  .15585342E+02  .31938734E-02
  .15665640E+02  .32550802E-02
  .15746753E+02  .32885408E-02
  .15829011E+02  .33137232E-02
  .15912677E+02  .33372683E-02
  .15996929E+02  .33529055E-02
  .16083685E+02  .33656598E-02
  .16171992E+02  .34129518E-02
  .16260563E+02  .34357164E-02
  .16351084E+02  .34153727E-02
  .16443537E+02  .34501747E-02
  .16537139E+02  .34660795E-02
  .16633609E+02  .34711012E-02
  .16732434E+02  .35199353E-02
  .16833895E+02  .35468118E-02
  .16937108E+02  .35566067E-02
  .17042618E+02  .35867500E-02
  .17150347E+02  .35790948E-02
  .17261938E+02  .36320149E-02
  .17376055E+02  .36323269E-02
  .17492818E+02  .37122978E-02
  .17613518E+02  .37872565E-02
  .17736468E+02  .37871011E-02
  .17864378E+02  .38405121E-02
  .17996472E+02  .39185265E-02
  .18131453E+02  .39927109E-02
  .18271272E+02  .40509156E-02
  .18416752E+02  .41923993E-02
  .18569228E+02  .41933909E-02
  .18728715E+02  .42589516E-02
  .18892502E+02  .43700618E-02
  .19063144E+02  .43997086E-02
  .19243192E+02  .44319150E-02
  .19432379E+02  .45732516E-02
  .19630215E+02  .46830815E-02
  .19838508E+02  .48740539E-02
  .20062301E+02  .51155176E-02
  .20303614E+02  .52284474E-02
  .20558676E+02  .55733430E-02
  .20833775E+02  .58171363E-02
  .21129119E+02  .60543714E-02
  .21456179E+02  .63333169E-02
  .21820075E+02  .66838127E-02
  .22224980E+02  .69704303E-02
  .22685866E+02  .74463563E-02
  .23223632E+02  .78976313E-02
  .23875965E+02  .86776844E-02
  .24712624E+02  .97108255E-02
  .25860753E+02  .12008902E-01
  .26160144E+02  .12305046E-01
  .26486832E+02  .12930775E-01
  .26863672E+02  .13941084E-01
  .27286454E+02  .14927070E-01
  .27783497E+02  .16253587E-01
  .28378424E+02  .17641532E-01
  .29161226E+02  .20135866E-01
  .30240159E+02  .25792821E-01
  .32079742E+02  .35163032E-01
  .33879997E+02  .50573365E-01
  .36268530E+02  .77972192E-01
  .38101906E+02  .10896684E+00
lm2  3
  .46577342E+01  .15095060E-01
  .49217769E+01  .12273362E-01
  .53182159E+01  .93239433E-02
  .56701406E+01  .72348327E-02
  .60642470E+01  .60214128E-02
  .63209820E+01  .54036051E-02
  .65153014E+01  .49064470E-02
  .66726934E+01  .45167016E-02
  .68106531E+01  .42919129E-02
  .69320231E+01  .42602610E-02
  .70409552E+01  .40954320E-02
  .71402849E+01  .39367026E-02
  .72320074E+01  .38235195E-02
  .76039581E+01  .34628972E-02
  .78887352E+01  .32567692E-02
  .81257280E+01  .30436105E-02
  .83327516E+01  .29375089E-02
  .85176881E+01  .28873978E-02
  .86848135E+01  .28387739E-02
  .88378993E+01  .26951503E-02
  .89805448E+01  .25848170E-02
  .91146011E+01  .25012965E-02
  .92418720E+01  .24900472E-02
  .93598447E+01  .24532247E-02
  .94741556E+01  .24366392E-02
  .95837423E+01  .24130807E-02
  .96887786E+01  .23908810E-02
  .97897631E+01  .23413560E-02
  .98871913E+01  .23381896E-02
  .99807522E+01  .23372575E-02
  .10072316E+02  .23025726E-02
  .10161604E+02  .22949170E-02
  .10248379E+02  .23250494E-02
  .10333129E+02  .23102418E-02
  .10415374E+02  .23040493E-02
  .10495796E+02  .22619608E-02
  .10574753E+02  .22454922E-02
  .10652501E+02  .22168795E-02
  .10728586E+02  .22024733E-02
  .10803239E+02  .21904983E-02
  .10876566E+02  .22103271E-02
  .10948903E+02  .22152292E-02
  .11020277E+02  .22185913E-02
  .11090245E+02  .22248505E-02
  .11159298E+02  .22417135E-02
  .11227499E+02  .22263441E-02
  .11295291E+02  .22284157E-02
  .11361798E+02  .21964402E-02
  .11428311E+02  .22255389E-02
  .11493287E+02  .22495135E-02
  .11558373E+02  .22574089E-02
  .11622613E+02  .22571541E-02
  .11686012E+02  .22543876E-02
  .11748712E+02  .22034530E-02
  .11810777E+02  .22035783E-02
  .11872779E+02  .22467868E-02
  .11933620E+02  .22649906E-02
  .11993895E+02  .22478080E-02
  .12054618E+02  .22609671E-02
  .12114521E+02  .22676765E-02
  .12173602E+02  .22470246E-02
  .12232895E+02  .22526876E-02
  .12292001E+02  .22453978E-02
  .12349813E+02  .22500825E-02
  .12408224E+02  .22715251E-02
  .12466430E+02  .22735324E-02
  .12523970E+02  .22931646E-02
  .12581545E+02  .22577200E-02
  .12638510E+02  .22693061E-02
  .12695197E+02  .22840728E-02
  .12752139E+02  .22770098E-02
  .12809011E+02  .22586672E-02
  .12865770E+02  .22481487E-02
  .12921851E+02  .22634625E-02
  .12977681E+02  .22810892E-02
  .13034027E+02  .22817372E-02
  .13089799E+02  .23116353E-02
  .13145551E+02  .23058598E-02
  .13201244E+02  .23197724E-02
  .13256902E+02  .23364735E-02
  .13312056E+02  .23274160E-02
  .13367095E+02  .23275649E-02
  .13421882E+02  .23234015E-02
  .13476368E+02  .23297740E-02
  .13531707E+02  .23479576E-02
  .13585932E+02  .23502828E-02
  .13640959E+02  .23371288E-02
  .13696097E+02  .23423594E-02
  .13751244E+02  .23580643E-02
  .13807052E+02  .23433334E-02
  .13861937E+02  .23578912E-02
  .13916466E+02  .23995302E-02
  .13971546E+02  .24003654E-02
  .14026660E+02  .23984140E-02
  .14081368E+02  .23904526E-02
  .14136411E+02  .24036850E-02
  .14191333E+02  .24119948E-02
  .14246591E+02  .24218839E-02
  .14302366E+02  .24165677E-02
  .14357764E+02  .24226736E-02
  .14413348E+02  .24155754E-02
  .14468192E+02  .24421443E-02
  .14523271E+02  .24537465E-02
  .14579178E+02  .24611101E-02
  .14635334E+02  .24602647E-02
  .14691113E+02  .24885572E-02
  .14746674E+02  .25166031E-02
  .14802698E+02  .25106454E-02
  .14859579E+02  .25419819E-02
  .14916442E+02  .25678229E-02
  .14973351E+02  .25713651E-02
  .15030852E+02  .25911787E-02
  .15088291E+02  .25916902E-02
  .15145673E+02  .25967445E-02
  .15203716E+02  .26029010E-02
  .15262158E+02  .26089790E-02
  .15320169E+02  .26287349E-02
  .15379292E+02  .26696391E-02
  .15438325E+02  .26915617E-02
  .15497190E+02  .27102002E-02
  .15556134E+02  .26857969E-02
  .15615938E+02  .26821247E-02
  .15676064E+02  .26746471E-02
  .15736216E+02  .26929321E-02
  .15796970E+02  .27050086E-02
  .15857287E+02  .27153122E-02
  .15917951E+02  .27099021E-02
  .15979904E+02  .27193803E-02
  .16041810E+02  .27196621E-02
  .16103476E+02  .27367353E-02
  .16165989E+02  .27322495E-02
  .16229186E+02  .27821708E-02
  .16292159E+02  .28069264E-02
  .16356375E+02  .28055350E-02
  .16420973E+02  .28444968E-02
  .16486220E+02  .28263912E-02
  .16551371E+02  .28380083E-02
  .16617210E+02  .28110031E-02
  .16683621E+02  .28199358E-02
  .16749967E+02  .28406323E-02
  .16817227E+02  .28564282E-02
  .16885416E+02  .28445750E-02
  .16954250E+02  .28522557E-02
  .17024646E+02  .28772863E-02
  .17095136E+02  .29036204E-02
  .17166228E+02  .29027651E-02
  .17238624E+02  .28903352E-02
  .17310779E+02  .28965870E-02
  .17382762E+02  .29120667E-02
  .17457216E+02  .29187190E-02
  .17530408E+02  .29618244E-02
  .17606209E+02  .29682493E-02
  .17682373E+02  .29750941E-02
  .17759298E+02  .29799558E-02
  .17836262E+02  .29639309E-02
  .17916123E+02  .30277646E-02
  .17996404E+02  .30910201E-02
  .18077525E+02  .30535844E-02
  .18159731E+02  .30790153E-02
  .18242847E+02  .31021061E-02
  .18326323E+02  .31281840E-02
  .18412127E+02  .31676998E-02
  .18498527E+02  .32103821E-02
  .18586596E+02  .32196812E-02
  .18677595E+02  .32036044E-02
  .18770007E+02  .32675783E-02
  .18863501E+02  .33232394E-02
  .18957480E+02  .33775482E-02
  .19054709E+02  .34168471E-02
  .19151989E+02  .34225515E-02
  .19251551E+02  .34730700E-02
  .19353676E+02  .35011251E-02
  .19456864E+02  .35137612E-02
  .19563442E+02  .35572376E-02
  .19672138E+02  .35699531E-02
  .19781292E+02  .35857806E-02
  .19895030E+02  .36108204E-02
  .20011519E+02  .36420055E-02
  .20130404E+02  .37176557E-02
  .20253110E+02  .38023707E-02
  .20379457E+02  .38232266E-02
  .20508799E+02  .38805357E-02
  .20640467E+02  .38439637E-02
  .20777619E+02  .38760091E-02
  .20919407E+02  .39418325E-02
  .21064003E+02  .41371550E-02
  .21215026E+02  .41892921E-02
  .21369531E+02  .42073211E-02
  .21530011E+02  .42870203E-02
  .21698132E+02  .44269605E-02
  .21873668E+02  .44555105E-02
  .22056850E+02  .45649509E-02
  .22248249E+02  .46561407E-02
  .22447677E+02  .47914979E-02
  .22658150E+02  .50719374E-02
  .22884909E+02  .53282990E-02
  .23123901E+02  .55541314E-02
  .23374197E+02  .57149000E-02
  .23643646E+02  .60417146E-02
  .23936636E+02  .62522632E-02
  .24251039E+02  .65020699E-02
  .24600744E+02  .67762997E-02
  .24982592E+02  .70984747E-02
  .25408762E+02  .76137956E-02
  .25905947E+02  .79840962E-02
  .26475360E+02  .84337342E-02
  .27164199E+02  .91460727E-02
  .28051230E+02  .10788947E-01
  .29263447E+02  .12701327E-01
  .29577264E+02  .13685486E-01
  .29924304E+02  .14084502E-01
  .30313267E+02  .14929591E-01
  .30760876E+02  .15735082E-01
  .31293142E+02  .16858283E-01
  .31929795E+02  .19299570E-01
  .32742405E+02  .21960827E-01
  .33863666E+02  .27521584E-01
  .35804783E+02  .39085886E-01
  .37633238E+02  .53187373E-01
  .39986331E+02  .79595262E-01
  .41848274E+02  .11313266E+00
lm1s 3
  .41161359E+01  .93926841E-02
  .43601067E+01  .76705260E-02
  .47228417E+01  .57146722E-02
  .50419365E+01  .46329439E-02
  .54024665E+01  .33288520E-02
  .56355201E+01  .31868177E-02
  .58144022E+01  .29115032E-02
  .59629895E+01  .27239637E-02
  .60879246E+01  .25624276E-02
  .61969967E+01  .24495826E-02
  .62950525E+01  .24808515E-02
  .63852650E+01  .23637658E-02
  .64671258E+01  .23180980E-02
  .68032211E+01  .22051450E-02
  .70648002E+01  .18926067E-02
  .72819836E+01  .19104256E-02
  .74725507E+01  .18953072E-02
  .76421400E+01  .17643538E-02
  .77946332E+01  .17411621E-02
  .79352447E+01  .16639895E-02
  .80666143E+01  .16162422E-02
  .81895672E+01  .16155169E-02
  .83048275E+01  .15905467E-02
  .84145286E+01  .15140618E-02
  .85184586E+01  .14664387E-02
  .86183345E+01  .14151853E-02
  .87140297E+01  .14625344E-02
  .88067724E+01  .14382381E-02
  .88962794E+01  .14561672E-02
  .89826037E+01  .14186317E-02
  .90665583E+01  .14113249E-02
  .91478583E+01  .14201524E-02
  .92273545E+01  .14312000E-02
  .93054743E+01  .14281313E-02
  .93808311E+01  .14225486E-02
  .94549146E+01  .14319872E-02
  .95274092E+01  .14176533E-02
  .95984614E+01  .14287129E-02
  .96684175E+01  .14473771E-02
  .97372046E+01  .14451596E-02
  .98049958E+01  .14451943E-02
  .98716496E+01  .14776978E-02
  .99372207E+01  .14838444E-02
  .10002118E+02  .14897971E-02
  .10065629E+02  .14919058E-02
  .10128593E+02  .15037836E-02
  .10190806E+02  .15062761E-02
  .10252414E+02  .15092513E-02
  .10312752E+02  .14927780E-02
  .10372473E+02  .14905100E-02
  .10431815E+02  .14908199E-02
  .10490755E+02  .14867769E-02
  .10548945E+02  .14694135E-02
  .10606841E+02  .14869103E-02
  .10664426E+02  .15088524E-02
  .10721316E+02  .15072900E-02
  .10777325E+02  .15087083E-02
  .10833204E+02  .15027152E-02
  .10889122E+02  .14732798E-02
  .10944669E+02  .14789118E-02
  .11000040E+02  .14970520E-02
  .11054578E+02  .14995059E-02
  .11108882E+02  .14931858E-02
  .11162604E+02  .15024181E-02
  .11216558E+02  .14968471E-02
  .11269834E+02  .15119860E-02
  .11323240E+02  .15063248E-02
  .11376232E+02  .15040002E-02
  .11429181E+02  .15101366E-02
  .11481199E+02  .15027559E-02
  .11533695E+02  .15190941E-02
  .11586131E+02  .15068051E-02
  .11637682E+02  .15170615E-02
  .11689542E+02  .15154907E-02
  .11741583E+02  .14781696E-02
  .11793141E+02  .14743372E-02
  .11844384E+02  .14832247E-02
  .11895948E+02  .14855885E-02
  .11947219E+02  .14801366E-02
  .11998343E+02  .14492176E-02
  .12049324E+02  .14638254E-02
  .12100334E+02  .14775034E-02
  .12151139E+02  .14774415E-02
  .12202065E+02  .15021344E-02
  .12252511E+02  .15186398E-02
  .12303401E+02  .15193651E-02
  .12354042E+02  .15240308E-02
  .12404945E+02  .15234727E-02
  .12455849E+02  .15278786E-02
  .12507102E+02  .15333901E-02
  .12558424E+02  .15372299E-02
  .12609115E+02  .15146998E-02
  .12659961E+02  .15305075E-02
  .12710663E+02  .15344171E-02
  .12761402E+02  .15442979E-02
  .12812443E+02  .15320635E-02
  .12863534E+02  .15485413E-02
  .12914952E+02  .15525557E-02
  .12966277E+02  .15705692E-02
  .13017535E+02  .15650573E-02
  .13069180E+02  .15663226E-02
  .13120681E+02  .15876412E-02
  .13172415E+02  .15733930E-02
  .13224044E+02  .15858404E-02
  .13276343E+02  .15846837E-02
  .13328373E+02  .15772524E-02
  .13380389E+02  .15571908E-02
  .13432903E+02  .15907579E-02
  .13485408E+02  .15779764E-02
  .13538510E+02  .15789400E-02
  .13591547E+02  .15693800E-02
  .13644568E+02  .15698908E-02
  .13697677E+02  .15721463E-02
  .13751145E+02  .16046405E-02
  .13804777E+02  .16156663E-02
  .13858288E+02  .16061887E-02
  .13912456E+02  .16077389E-02
  .13967062E+02  .16194844E-02
  .14021704E+02  .16296812E-02
  .14076470E+02  .16423659E-02
  .14132040E+02  .16393802E-02
  .14187231E+02  .16442189E-02
  .14243160E+02  .16277520E-02
  .14299400E+02  .16371409E-02
  .14355591E+02  .16467802E-02
  .14412223E+02  .16557758E-02
  .14469240E+02  .16843507E-02
  .14526685E+02  .16988589E-02
  .14584542E+02  .16917640E-02
  .14642504E+02  .16948545E-02
  .14701103E+02  .16828084E-02
  .14760092E+02  .17062675E-02
  .14819879E+02  .17324146E-02
  .14879625E+02  .17605234E-02
  .14939897E+02  .17692400E-02
  .15000212E+02  .17625176E-02
  .15061412E+02  .17890736E-02
  .15123197E+02  .17860487E-02
  .15185325E+02  .18167590E-02
  .15247648E+02  .18262314E-02
  .15310126E+02  .18384282E-02
  .15373639E+02  .18716688E-02
  .15438046E+02  .18744766E-02
  .15503073E+02  .18759393E-02
  .15568071E+02  .18808303E-02
  .15634215E+02  .18841007E-02
  .15700910E+02  .18871421E-02
  .15768560E+02  .18942350E-02
  .15836760E+02  .19334621E-02
  .15905667E+02  .19603041E-02
  .15975358E+02  .19487057E-02
  .16045203E+02  .19678760E-02
  .16116926E+02  .20011135E-02
  .16189510E+02  .20387344E-02
  .16262937E+02  .20746022E-02
  .16336942E+02  .20992664E-02
  .16411568E+02  .21558777E-02
  .16487760E+02  .21331389E-02
  .16564771E+02  .21359939E-02
  .16642543E+02  .21419643E-02
  .16722007E+02  .21890265E-02
  .16802443E+02  .22008278E-02
  .16883815E+02  .22249046E-02
  .16966496E+02  .22435382E-02
  .17050904E+02  .22794218E-02
  .17136384E+02  .22876112E-02
  .17223992E+02  .23082914E-02
  .17312472E+02  .22993041E-02
  .17402154E+02  .23178301E-02
  .17494138E+02  .23329946E-02
  .17588350E+02  .23291890E-02
  .17683955E+02  .23704902E-02
  .17781462E+02  .23468413E-02
  .17880730E+02  .23815650E-02
  .17982733E+02  .23826845E-02
  .18086118E+02  .24176591E-02
  .18192799E+02  .24510992E-02
  .18301588E+02  .24993368E-02
  .18413130E+02  .25691158E-02
  .18527485E+02  .26293948E-02
  .18644611E+02  .27059438E-02
  .18765408E+02  .27465721E-02
  .18890424E+02  .27979046E-02
  .19018707E+02  .28170555E-02
  .19151234E+02  .28614529E-02
  .19287529E+02  .28812403E-02
  .19429337E+02  .29637499E-02
  .19575607E+02  .30208755E-02
  .19727636E+02  .30856277E-02
  .19885543E+02  .31755721E-02
  .20049960E+02  .32610829E-02
  .20222404E+02  .33566517E-02
  .20402821E+02  .35375906E-02
  .20592573E+02  .36680964E-02
  .20792879E+02  .36680801E-02
  .21005528E+02  .38458080E-02
  .21230810E+02  .38446982E-02
  .21469565E+02  .38861331E-02
  .21724535E+02  .40064673E-02
  .22000248E+02  .40999732E-02
  .22299292E+02  .43336919E-02
  .22626946E+02  .45749400E-02
  .22991021E+02  .48261148E-02
  .23400489E+02  .52030038E-02
  .23864547E+02  .54679970E-02
  .24413094E+02  .58170268E-02
  .25066214E+02  .61564601E-02
  .25905583E+02  .71747593E-02
  .27068361E+02  .85343197E-02
  .27366161E+02  .93109506E-02
  .27698274E+02  .97536465E-02
  .28071868E+02  .10402696E-01
  .28495499E+02  .11525061E-01
  .28989812E+02  .12681123E-01
  .29596416E+02  .13647809E-01
  .30372787E+02  .14608445E-01
  .31458183E+02  .17250637E-01
  .33299683E+02  .23410328E-01
  .35098752E+02  .32838325E-01
  .37382619E+02  .49725463E-01
  .39068090E+02  .66789240E-01
lm2s 2
  .58169624E+01  .11949510E-01
  .61082643E+01  .91502329E-02
  .65578174E+01  .65419169E-02
  .69238955E+01  .50978608E-02
  .73514671E+01  .40241522E-02
  .76259715E+01  .31738313E-02
  .78343775E+01  .32071305E-02
  .80024849E+01  .29661016E-02
  .81476951E+01  .28647660E-02
  .82737851E+01  .28614964E-02
  .83852547E+01  .27813084E-02
  .84890019E+01  .26468618E-02
  .85841175E+01  .25757981E-02
  .89703916E+01  .22618568E-02
  .92709673E+01  .20743680E-02
  .95209956E+01  .19642445E-02
  .97351608E+01  .18018412E-02
  .99275201E+01  .17541180E-02
  .10101005E+02  .17203267E-02
  .10260919E+02  .17594020E-02
  .10408606E+02  .17069555E-02
  .10546172E+02  .17120466E-02
  .10676158E+02  .16633455E-02
  .10798882E+02  .16946685E-02
  .10917142E+02  .16656141E-02
  .11029106E+02  .16301766E-02
  .11136567E+02  .16158711E-02
  .11240328E+02  .16037565E-02
  .11339764E+02  .15717774E-02
  .11436454E+02  .15779578E-02
  .11529969E+02  .15591613E-02
  .11621534E+02  .15420102E-02
  .11710148E+02  .15366137E-02
  .11796319E+02  .15433312E-02
  .11880386E+02  .15099775E-02
  .11963057E+02  .15156829E-02
  .12044096E+02  .14908873E-02
  .12123627E+02  .15125038E-02
  .12201869E+02  .15041243E-02
  .12278698E+02  .14979076E-02
  .12353983E+02  .14873570E-02
  .12428136E+02  .14776326E-02
  .12500716E+02  .14720000E-02
  .12572064E+02  .14843062E-02
  .12642406E+02  .14951297E-02
  .12712041E+02  .15154159E-02
  .12780845E+02  .15411891E-02
  .12848542E+02  .15519310E-02
  .12915392E+02  .15318694E-02
  .12981421E+02  .15003049E-02
  .13047100E+02  .15250262E-02
  .13112318E+02  .15159682E-02
  .13176541E+02  .15034887E-02
  .13239834E+02  .15378229E-02
  .13303000E+02  .15524293E-02
  .13366189E+02  .15390603E-02
  .13428803E+02  .15457258E-02
  .13490260E+02  .15534744E-02
  .13551830E+02  .15655152E-02
  .13612800E+02  .15545686E-02
  .13672974E+02  .15590985E-02
  .13733139E+02  .15493562E-02
  .13792757E+02  .15401251E-02
  .13852429E+02  .15448915E-02
  .13911733E+02  .15211869E-02
  .13970629E+02  .15059800E-02
  .14029324E+02  .15309133E-02
  .14087417E+02  .15331362E-02
  .14145383E+02  .14994610E-02
  .14203366E+02  .15094872E-02
  .14260877E+02  .15080694E-02
  .14317861E+02  .15035637E-02
  .14374943E+02  .14813870E-02
  .14431726E+02  .14750261E-02
  .14488403E+02  .14926898E-02
  .14544962E+02  .15139861E-02
  .14601757E+02  .15268957E-02
  .14658030E+02  .15106041E-02
  .14714273E+02  .15179599E-02
  .14770235E+02  .15053042E-02
  .14826651E+02  .15097730E-02
  .14882458E+02  .15047503E-02
  .14938112E+02  .15312045E-02
  .14993810E+02  .15305387E-02
  .15049404E+02  .15288109E-02
  .15104980E+02  .14925667E-02
  .15160471E+02  .14898447E-02
  .15215995E+02  .15232049E-02
  .15271806E+02  .15221468E-02
  .15327608E+02  .15333581E-02
  .15383071E+02  .15374178E-02
  .15438706E+02  .15655232E-02
  .15494179E+02  .15659192E-02
  .15549612E+02  .15465049E-02
  .15604990E+02  .15189856E-02
  .15660803E+02  .15319606E-02
  .15716765E+02  .15574372E-02
  .15772480E+02  .15845886E-02
  .15828337E+02  .15911589E-02
  .15884464E+02  .15891830E-02
  .15940349E+02  .16149098E-02
  .15996244E+02  .16101240E-02
  .16052493E+02  .15916635E-02
  .16108971E+02  .16056501E-02
  .16165122E+02  .16326487E-02
  .16221477E+02  .16541451E-02
  .16278185E+02  .16442029E-02
  .16335670E+02  .16593964E-02
  .16392305E+02  .16623451E-02
  .16449452E+02  .16267474E-02
  .16506475E+02  .16434722E-02
  .16564058E+02  .16259600E-02
  .16621717E+02  .15963343E-02
  .16679456E+02  .16118263E-02
  .16737777E+02  .16060357E-02
  .16796441E+02  .16111707E-02
  .16855046E+02  .16375285E-02
  .16913998E+02  .16291810E-02
  .16973272E+02  .16309448E-02
  .17032774E+02  .16609567E-02
  .17092243E+02  .16679428E-02
  .17152540E+02  .16733827E-02
  .17212874E+02  .16843899E-02
  .17273387E+02  .16909717E-02
  .17334056E+02  .16989178E-02
  .17395246E+02  .17032569E-02
  .17456810E+02  .17199181E-02
  .17518544E+02  .16907591E-02
  .17580895E+02  .16991936E-02
  .17643528E+02  .17292483E-02
  .17706686E+02  .17194589E-02
  .17770314E+02  .17108946E-02
  .17834105E+02  .17030821E-02
  .17898608E+02  .16798788E-02
  .17963416E+02  .16718183E-02
  .18028823E+02  .16772152E-02
  .18094351E+02  .16943636E-02
  .18160840E+02  .16851413E-02
  .18227580E+02  .17151818E-02
  .18295607E+02  .17485930E-02
  .18363606E+02  .17538130E-02
  .18432094E+02  .17797408E-02
  .18501171E+02  .18068343E-02
  .18571003E+02  .18430904E-02
  .18641861E+02  .18625781E-02
  .18713013E+02  .18713712E-02
  .18784964E+02  .18502686E-02
  .18857642E+02  .18765773E-02
  .18930548E+02  .19314615E-02
  .19004552E+02  .19218365E-02
  .19078945E+02  .19404414E-02
  .19154206E+02  .19518974E-02
  .19230735E+02  .19719165E-02
  .19308663E+02  .20286536E-02
  .19387573E+02  .20254990E-02
  .19467144E+02  .20456468E-02
  .19547782E+02  .20403790E-02
  .19629563E+02  .20379113E-02
  .19712022E+02  .20223278E-02
  .19795406E+02  .20304090E-02
  .19880542E+02  .20629867E-02
  .19967306E+02  .20698644E-02
  .20054522E+02  .20901757E-02
  .20143545E+02  .20984594E-02
  .20232875E+02  .21250458E-02
  .20324797E+02  .21342828E-02
  .20417914E+02  .21720797E-02
  .20513515E+02  .22039815E-02
  .20610721E+02  .22339419E-02
  .20709667E+02  .22590587E-02
  .20810633E+02  .22981589E-02
  .20912942E+02  .23332855E-02
  .21017695E+02  .23716164E-02
  .21124211E+02  .23715009E-02
  .21232594E+02  .23557343E-02
  .21343709E+02  .23722407E-02
  .21457625E+02  .23824070E-02
  .21574726E+02  .23994340E-02
  .21694241E+02  .24123430E-02
  .21817482E+02  .24984579E-02
  .21942929E+02  .25430729E-02
  .22071799E+02  .26392435E-02
  .22204605E+02  .27178562E-02
  .22341418E+02  .27885196E-02
  .22482185E+02  .28350610E-02
  .22628055E+02  .29641797E-02
  .22778513E+02  .30141713E-02
  .22935089E+02  .31457267E-02
  .23097361E+02  .31304281E-02
  .23265327E+02  .31987490E-02
  .23441106E+02  .33019811E-02
  .23623410E+02  .33419880E-02
  .23815602E+02  .34579914E-02
  .24016265E+02  .35331602E-02
  .24229179E+02  .35262526E-02
  .24451820E+02  .35692045E-02
  .24690298E+02  .37361960E-02
  .24944300E+02  .38737892E-02
  .25215036E+02  .38541683E-02
  .25506920E+02  .38752867E-02
  .25822934E+02  .39896528E-02
  .26169320E+02  .42245038E-02
  .26552104E+02  .45074220E-02
  .26985188E+02  .47966010E-02
  .27481820E+02  .50154855E-02
  .28058026E+02  .52966961E-02
  .28751408E+02  .58016526E-02
  .29626182E+02  .67497367E-02
  .30833815E+02  .83393649E-02
  .31144213E+02  .88670608E-02
  .31495159E+02  .95055852E-02
  .31886415E+02  .10078760E-01
  .32327102E+02  .10747282E-01
  .32857736E+02  .11789376E-01
  .33495154E+02  .12977492E-01
  .34319208E+02  .14599370E-01
  .35444548E+02  .17676704E-01
  .37339542E+02  .24064114E-01
  .39196314E+02  .35319652E-01
  .41570249E+02  .46098721E-01
  .43349047E+02  .68288525E-01
tr0  2
  .35854815E+01  .95020225E-02
  .38395052E+01  .76583285E-02
  .42353591E+01  .61233783E-02
  .45891699E+01  .46047317E-02
  .49926292E+01  .38635377E-02
  .52565148E+01  .32890361E-02
  .54584220E+01  .30302631E-02
  .56233754E+01  .27983973E-02
  .57621280E+01  .27613732E-02
  .58865563E+01  .25831630E-02
  .59971514E+01  .25444428E-02
  .60991451E+01  .24360330E-02
  .61920107E+01  .23351584E-02
  .65782799E+01  .21542980E-02
  .68773197E+01  .20476238E-02
  .71292491E+01  .18782735E-02
  .73478386E+01  .18087818E-02
  .75419210E+01  .17101992E-02
  .77186749E+01  .17740666E-02
  .78805729E+01  .17146579E-02
  .80316724E+01  .16579820E-02
  .81739733E+01  .16173951E-02
  .83082337E+01  .15716059E-02
  .84352212E+01  .15306921E-02
  .85559650E+01  .15163141E-02
  .86719827E+01  .15367139E-02
  .87833187E+01  .15365069E-02
  .88907158E+01  .14885282E-02
  .89947590E+01  .15099359E-02
  .90955538E+01  .15632495E-02
  .91932683E+01  .15761612E-02
  .92876202E+01  .15508687E-02
  .93809168E+01  .15283586E-02
  .94714827E+01  .15134335E-02
  .95595200E+01  .14913409E-02
  .96453264E+01  .14657677E-02
  .97303347E+01  .14597702E-02
  .98137664E+01  .14523764E-02
  .98958295E+01  .14440041E-02
  .99760425E+01  .14580234E-02
  .10055303E+02  .14793334E-02
  .10133087E+02  .14786499E-02
  .10209627E+02  .14860922E-02
  .10285229E+02  .14889477E-02
  .10359300E+02  .15100650E-02
  .10432411E+02  .15309372E-02
  .10504298E+02  .15368146E-02
  .10575668E+02  .15133075E-02
  .10646142E+02  .15485713E-02
  .10716085E+02  .15418006E-02
  .10784940E+02  .15547659E-02
  .10853702E+02  .15680911E-02
  .10921562E+02  .15305195E-02
  .10988626E+02  .15293529E-02
  .11055638E+02  .15316062E-02
  .11121981E+02  .15160422E-02
  .11187466E+02  .15075878E-02
  .11252607E+02  .15138168E-02
  .11317338E+02  .15244803E-02
  .11381433E+02  .15044643E-02
  .11445679E+02  .15068185E-02
  .11509244E+02  .14978851E-02
  .11572230E+02  .14994235E-02
  .11634723E+02  .14719962E-02
  .11696880E+02  .14530282E-02
  .11758913E+02  .14504324E-02
  .11821298E+02  .14682177E-02
  .11882832E+02  .14716923E-02
  .11944376E+02  .14759216E-02
  .12005341E+02  .14669161E-02
  .12066342E+02  .14719597E-02
  .12126510E+02  .14721016E-02
  .12186854E+02  .15032853E-02
  .12247200E+02  .14959823E-02
  .12307269E+02  .15077001E-02
  .12367308E+02  .15286665E-02
  .12427268E+02  .15195248E-02
  .12486994E+02  .15057449E-02
  .12546498E+02  .15319021E-02
  .12605897E+02  .15046041E-02
  .12664930E+02  .14845534E-02
  .12724159E+02  .14680485E-02
  .12783211E+02  .14992366E-02
  .12842470E+02  .14934853E-02
  .12901585E+02  .15038626E-02
  .12960112E+02  .15297040E-02
  .13019059E+02  .15221643E-02
  .13078088E+02  .15038393E-02
  .13137023E+02  .14724627E-02
  .13195856E+02  .14629506E-02
  .13254444E+02  .14693432E-02
  .13313393E+02  .14720355E-02
  .13372238E+02  .14800533E-02
  .13431496E+02  .14747706E-02
  .13490663E+02  .15106332E-02
  .13549845E+02  .15100588E-02
  .13608671E+02  .15359387E-02
  .13667764E+02  .15381356E-02
  .13727268E+02  .15470967E-02
  .13786637E+02  .15444694E-02
  .13846200E+02  .15277179E-02
  .13906143E+02  .15393872E-02
  .13965917E+02  .15382375E-02
  .14025726E+02  .15635778E-02
  .14085907E+02  .15912972E-02
  .14146162E+02  .15716002E-02
  .14206280E+02  .15585043E-02
  .14266741E+02  .15912698E-02
  .14327045E+02  .15836758E-02
  .14387807E+02  .15911191E-02
  .14448593E+02  .15911162E-02
  .14509599E+02  .16264154E-02
  .14570614E+02  .16029280E-02
  .14632480E+02  .15994151E-02
  .14694200E+02  .15967965E-02
  .14756222E+02  .15926917E-02
  .14818585E+02  .15945122E-02
  .14880743E+02  .16036775E-02
  .14943469E+02  .16313754E-02
  .15006561E+02  .16664178E-02
  .15069834E+02  .16896379E-02
  .15133682E+02  .16990396E-02
  .15197830E+02  .17064522E-02
  .15262257E+02  .17095607E-02
  .15326920E+02  .17309957E-02
  .15391658E+02  .17242602E-02
  .15457422E+02  .17417322E-02
  .15522821E+02  .17836346E-02
  .15588788E+02  .18069314E-02
  .15655311E+02  .18115413E-02
  .15722036E+02  .18336672E-02
  .15789059E+02  .18424146E-02
  .15857223E+02  .18537650E-02
  .15925474E+02  .18297544E-02
  .15994225E+02  .18349393E-02
  .16064108E+02  .18565904E-02
  .16133517E+02  .18515873E-02
  .16204197E+02  .18584866E-02
  .16274878E+02  .18323419E-02
  .16346449E+02  .18542973E-02
  .16418410E+02  .18459583E-02
  .16491269E+02  .18721308E-02
  .16564898E+02  .18718051E-02
  .16638809E+02  .18426108E-02
  .16714079E+02  .18457886E-02
  .16789452E+02  .18830619E-02
  .16865954E+02  .18943039E-02
  .16942680E+02  .19245980E-02
  .17020122E+02  .19579158E-02
  .17098288E+02  .19494717E-02
  .17178302E+02  .19723233E-02
  .17259161E+02  .19585263E-02
  .17340398E+02  .20042565E-02
  .17422631E+02  .20009052E-02
  .17505856E+02  .20434099E-02
  .17589716E+02  .20674571E-02
  .17675104E+02  .20409048E-02
  .17761810E+02  .20569674E-02
  .17849297E+02  .20649180E-02
  .17937878E+02  .21342645E-02
  .18027048E+02  .21461169E-02
  .18118170E+02  .21222872E-02
  .18210801E+02  .21557093E-02
  .18304756E+02  .21787434E-02
  .18400000E+02  .22473869E-02
  .18496478E+02  .22820190E-02
  .18595708E+02  .22999060E-02
  .18696438E+02  .23414255E-02
  .18798373E+02  .24010428E-02
  .18902573E+02  .24510219E-02
  .19008198E+02  .24275427E-02
  .19116150E+02  .24211317E-02
  .19226900E+02  .24782076E-02
  .19339944E+02  .24954164E-02
  .19454280E+02  .25367731E-02
  .19571633E+02  .25403632E-02
  .19691434E+02  .25864049E-02
  .19813944E+02  .25985882E-02
  .19939631E+02  .26323259E-02
  .20068663E+02  .26726564E-02
  .20201191E+02  .27319776E-02
  .20337459E+02  .27320071E-02
  .20476639E+02  .28232923E-02
  .20620850E+02  .28293629E-02
  .20768686E+02  .28971085E-02
  .20922658E+02  .29837597E-02
  .21079695E+02  .30291583E-02
  .21244924E+02  .30861100E-02
  .21415613E+02  .31954995E-02
  .21594678E+02  .32600706E-02
  .21777802E+02  .32872302E-02
  .21970837E+02  .33250816E-02
  .22172398E+02  .34402030E-02
  .22384116E+02  .35739800E-02
  .22607011E+02  .36229023E-02
  .22841696E+02  .37755900E-02
  .23089421E+02  .38681315E-02
  .23354648E+02  .40438445E-02
  .23639357E+02  .43277628E-02
  .23945819E+02  .45799633E-02
  .24276903E+02  .46939826E-02
  .24637984E+02  .47976906E-02
  .25040391E+02  .50347457E-02
  .25492489E+02  .54393781E-02
  .26005604E+02  .57229077E-02
  .26605478E+02  .59721580E-02
  .27330300E+02  .64953507E-02
  .28239935E+02  .72644328E-02
  .29512063E+02  .88501523E-02
  .29836202E+02  .95330052E-02
  .30200056E+02  .98534479E-02
  .30606543E+02  .10491487E-01
  .31069127E+02  .11285934E-01
  .31611111E+02  .12181090E-01
  .32270028E+02  .13938776E-01
  .33108976E+02  .15505539E-01
  .34263750E+02  .18328685E-01
  .36237011E+02  .24400194E-01
  .38143594E+02  .35278405E-01
  .40657381E+02  .52098393E-01
  .42486334E+02  .68881251E-01
tr1  3
  .58026110E+01  .20194781E-01
  .61559118E+01  .15365893E-01
  .66862058E+01  .11684476E-01
  .71341250E+01  .92326445E-02
  .76453354E+01  .78408851E-02
  .79848767E+01  .69675017E-02
  .82389437E+01  .63339854E-02
  .84462267E+01  .59042155E-02
  .86280928E+01  .54935815E-02
  .87825785E+01  .53082144E-02
  .89233999E+01  .50614838E-02
  .90499928E+01  .49700380E-02
  .91649611E+01  .47507664E-02
  .96458544E+01  .43110317E-02
  .10020244E+02  .39342904E-02
  .10329458E+02  .38582371E-02
  .10597675E+02  .36867799E-02
  .10836417E+02  .35502340E-02
  .11049638E+02  .33976667E-02
  .11243891E+02  .32135350E-02
  .11424843E+02  .30847039E-02
  .11595285E+02  .31087739E-02
  .11756701E+02  .30934945E-02
  .11908611E+02  .31117579E-02
  .12053153E+02  .30678230E-02
  .12191213E+02  .29841666E-02
  .12324413E+02  .29708442E-02
  .12452229E+02  .29305172E-02
  .12575003E+02  .29116558E-02
  .12694618E+02  .29195999E-02
  .12810749E+02  .28691810E-02
  .12924860E+02  .28400328E-02
  .13035193E+02  .28363105E-02
  .13142315E+02  .27983536E-02
  .13247035E+02  .28337436E-02
  .13349689E+02  .28083101E-02
  .13449350E+02  .27540154E-02
  .13547699E+02  .27538637E-02
  .13643887E+02  .27431265E-02
  .13738543E+02  .27483187E-02
  .13830637E+02  .27209233E-02
  .13921516E+02  .27710382E-02
  .14011151E+02  .28191292E-02
  .14099330E+02  .28101418E-02
  .14186125E+02  .28257822E-02
  .14271847E+02  .28010021E-02
  .14356526E+02  .28571278E-02
  .14440366E+02  .28428999E-02
  .14523195E+02  .28369317E-02
  .14605096E+02  .28181269E-02
  .14686445E+02  .27931290E-02
  .14766535E+02  .27778615E-02
  .14845435E+02  .27682088E-02
  .14923788E+02  .27144568E-02
  .15001546E+02  .27167702E-02
  .15078209E+02  .27470718E-02
  .15153881E+02  .27302402E-02
  .15229636E+02  .27156255E-02
  .15304749E+02  .27260703E-02
  .15379170E+02  .27435894E-02
  .15453164E+02  .27042349E-02
  .15526780E+02  .27267996E-02
  .15601287E+02  .27806675E-02
  .15674108E+02  .28155654E-02
  .15746155E+02  .28331387E-02
  .15818138E+02  .28556403E-02
  .15890549E+02  .28504557E-02
  .15960994E+02  .28582993E-02
  .16032198E+02  .28548635E-02
  .16102909E+02  .28344552E-02
  .16174354E+02  .28267722E-02
  .16244765E+02  .28016248E-02
  .16314053E+02  .28039411E-02
  .16383909E+02  .28486583E-02
  .16454139E+02  .28335657E-02
  .16522781E+02  .28391205E-02
  .16591979E+02  .28220717E-02
  .16660474E+02  .28312954E-02
  .16728661E+02  .28513261E-02
  .16797326E+02  .28256117E-02
  .16865066E+02  .28018803E-02
  .16932951E+02  .28059701E-02
  .17000652E+02  .27880643E-02
  .17068736E+02  .27969689E-02
  .17136046E+02  .28282631E-02
  .17202962E+02  .28600646E-02
  .17270607E+02  .28885063E-02
  .17338351E+02  .28776666E-02
  .17406219E+02  .28757056E-02
  .17473929E+02  .29297708E-02
  .17541216E+02  .29390376E-02
  .17609546E+02  .29363200E-02
  .17677239E+02  .29266923E-02
  .17744465E+02  .29327886E-02
  .17812123E+02  .29255858E-02
  .17879860E+02  .29160186E-02
  .17946607E+02  .29279925E-02
  .18014119E+02  .29221117E-02
  .18081604E+02  .29412431E-02
  .18149493E+02  .29155288E-02
  .18218004E+02  .29013991E-02
  .18286293E+02  .29195622E-02
  .18354788E+02  .28961574E-02
  .18422560E+02  .29186861E-02
  .18490041E+02  .28964673E-02
  .18557940E+02  .29253066E-02
  .18626762E+02  .29308983E-02
  .18694721E+02  .29414795E-02
  .18763827E+02  .29608309E-02
  .18832797E+02  .29455799E-02
  .18902172E+02  .29680680E-02
  .18971000E+02  .29621543E-02
  .19040511E+02  .29859892E-02
  .19110148E+02  .30018628E-02
  .19180457E+02  .30014527E-02
  .19250924E+02  .30072489E-02
  .19321195E+02  .30315819E-02
  .19392211E+02  .30662375E-02
  .19463429E+02  .30808147E-02
  .19534557E+02  .30756013E-02
  .19605442E+02  .30474077E-02
  .19677026E+02  .30748776E-02
  .19748888E+02  .31047006E-02
  .19821764E+02  .31200418E-02
  .19894601E+02  .31289281E-02
  .19968361E+02  .31159446E-02
  .20042745E+02  .31227757E-02
  .20116966E+02  .30965376E-02
  .20190689E+02  .31158572E-02
  .20265451E+02  .31207783E-02
  .20340524E+02  .31213478E-02
  .20416729E+02  .31492789E-02
  .20493420E+02  .31575450E-02
  .20570023E+02  .31811212E-02
  .20647044E+02  .31878685E-02
  .20724966E+02  .32179760E-02
  .20803585E+02  .32487342E-02
  .20883062E+02  .33196863E-02
  .20962508E+02  .33306242E-02
  .21042183E+02  .33209312E-02
  .21123098E+02  .33403521E-02
  .21205185E+02  .33686666E-02
  .21286800E+02  .34416762E-02
  .21369485E+02  .34575453E-02
  .21452958E+02  .34601043E-02
  .21536966E+02  .34545071E-02
  .21621628E+02  .34376547E-02
  .21708397E+02  .34536720E-02
  .21795811E+02  .34749618E-02
  .21883832E+02  .34700382E-02
  .21973046E+02  .34697509E-02
  .22063702E+02  .34667702E-02
  .22154712E+02  .34894906E-02
  .22247225E+02  .35060937E-02
  .22339400E+02  .35394904E-02
  .22433362E+02  .35755853E-02
  .22528515E+02  .36199121E-02
  .22624400E+02  .36498279E-02
  .22721714E+02  .36767384E-02
  .22820686E+02  .36718223E-02
  .22920192E+02  .36505391E-02
  .23021891E+02  .36854517E-02
  .23124197E+02  .37357587E-02
  .23228653E+02  .37239088E-02
  .23333801E+02  .37569119E-02
  .23442787E+02  .37892029E-02
  .23552978E+02  .38284706E-02
  .23664664E+02  .38538479E-02
  .23778061E+02  .38728349E-02
  .23893194E+02  .39405270E-02
  .24009826E+02  .39655306E-02
  .24129628E+02  .40182152E-02
  .24251942E+02  .40224524E-02
  .24376727E+02  .41046704E-02
  .24502977E+02  .41443256E-02
  .24632384E+02  .41325801E-02
  .24764653E+02  .41705678E-02
  .24900918E+02  .41892428E-02
  .25040362E+02  .42355876E-02
  .25183701E+02  .42721920E-02
  .25329777E+02  .43549235E-02
  .25480564E+02  .44009692E-02
  .25632925E+02  .44565359E-02
  .25793635E+02  .45343520E-02
  .25957673E+02  .45938038E-02
  .26124921E+02  .46396348E-02
  .26298305E+02  .46878262E-02
  .26480179E+02  .47509178E-02
  .26668206E+02  .49052858E-02
  .26864660E+02  .50641328E-02
  .27067221E+02  .52039180E-02
  .27277916E+02  .53370691E-02
  .27499662E+02  .55690138E-02
  .27730027E+02  .56354987E-02
  .27971927E+02  .58265289E-02
  .28226413E+02  .59966126E-02
  .28498362E+02  .62817130E-02
  .28789022E+02  .64943247E-02
  .29100630E+02  .66275404E-02
  .29436815E+02  .68617378E-02
  .29797910E+02  .73186835E-02
  .30194722E+02  .76735955E-02
  .30629511E+02  .80010818E-02
  .31119712E+02  .85401581E-02
  .31678012E+02  .90385312E-02
  .32331824E+02  .94407179E-02
  .33115882E+02  .10360087E-01
  .34106503E+02  .11492512E-01
  .35458858E+02  .13720290E-01
  .35806426E+02  .14395103E-01
  .36196102E+02  .14947315E-01
  .36632774E+02  .15617671E-01
  .37126422E+02  .17493959E-01
  .37709178E+02  .19220104E-01
  .38411083E+02  .21509988E-01
  .39315582E+02  .23644433E-01
  .40547622E+02  .28615622E-01
  .42647996E+02  .41996198E-01
  .44684029E+02  .57952269E-01
  .47354870E+02  .86380449E-01
  .49380089E+02  .12598483E+00
tr2  3
  .80644550E+01  .24289551E-01
  .85041096E+01  .19000594E-01
  .91339309E+01  .14658937E-01
  .96833595E+01  .11871654E-01
  .10308052E+02  .95212443E-02
  .10713970E+02  .83740619E-02
  .11018130E+02  .75525222E-02
  .11265084E+02  .70729809E-02
  .11476772E+02  .67970596E-02
  .11656620E+02  .64209896E-02
  .11822310E+02  .62055883E-02
  .11967848E+02  .60464025E-02
  .12105008E+02  .59720349E-02
  .12663084E+02  .52600177E-02
  .13095309E+02  .49241015E-02
  .13453683E+02  .46686477E-02
  .13763043E+02  .43993334E-02
  .14036845E+02  .42550078E-02
  .14285839E+02  .40975521E-02
  .14512561E+02  .40324384E-02
  .14723284E+02  .40542742E-02
  .14918548E+02  .39650635E-02
  .15105025E+02  .38923554E-02
  .15280509E+02  .37715703E-02
  .15448116E+02  .35781058E-02
  .15607872E+02  .35581803E-02
  .15760025E+02  .35416150E-02
  .15906861E+02  .35373970E-02
  .16047801E+02  .34920841E-02
  .16183312E+02  .34299588E-02
  .16314954E+02  .33955640E-02
  .16442604E+02  .34189561E-02
  .16569353E+02  .33479196E-02
  .16690050E+02  .32839543E-02
  .16810145E+02  .32824961E-02
  .16924538E+02  .32820463E-02
  .17037463E+02  .32556427E-02
  .17148691E+02  .32344096E-02
  .17257884E+02  .32345834E-02
  .17364429E+02  .32603778E-02
  .17469355E+02  .32518764E-02
  .17572798E+02  .32235613E-02
  .17674335E+02  .32387617E-02
  .17774026E+02  .32756158E-02
  .17871868E+02  .32626746E-02
  .17968694E+02  .32808302E-02
  .18063905E+02  .32665050E-02
  .18158320E+02  .32569928E-02
  .18252334E+02  .32674311E-02
  .18344093E+02  .32304479E-02
  .18435565E+02  .32001417E-02
  .18525964E+02  .31735339E-02
  .18615325E+02  .31541251E-02
  .18703727E+02  .31868511E-02
  .18790690E+02  .31731085E-02
  .18877895E+02  .31689323E-02
  .18964156E+02  .31513427E-02
  .19049672E+02  .30917514E-02
  .19134270E+02  .31066515E-02
  .19218375E+02  .31155547E-02
  .19300948E+02  .30648295E-02
  .19384531E+02  .30913543E-02
  .19466130E+02  .31084454E-02
  .19548053E+02  .30624501E-02
  .19629482E+02  .30255151E-02
  .19710025E+02  .30668351E-02
  .19789987E+02  .30727068E-02
  .19869790E+02  .30761449E-02
  .19949313E+02  .30700265E-02
  .20027178E+02  .30665659E-02
  .20105697E+02  .30743126E-02
  .20183514E+02  .30934792E-02
  .20261310E+02  .30953984E-02
  .20338507E+02  .30731956E-02
  .20416169E+02  .30973909E-02
  .20493379E+02  .31001978E-02
  .20570214E+02  .31228403E-02
  .20647517E+02  .31459276E-02
  .20724129E+02  .30959271E-02
  .20800765E+02  .30734849E-02
  .20876935E+02  .30070384E-02
  .20952294E+02  .29907636E-02
  .21027207E+02  .30221237E-02
  .21102257E+02  .30515173E-02
  .21177557E+02  .31117331E-02
  .21252502E+02  .31420264E-02
  .21327711E+02  .31958197E-02
  .21402325E+02  .32206404E-02
  .21477559E+02  .32149652E-02
  .21552373E+02  .32206025E-02
  .21627101E+02  .32233229E-02
  .21702900E+02  .32240036E-02
  .21778282E+02  .32102767E-02
  .21852763E+02  .32031717E-02
  .21927671E+02  .31903192E-02
  .22002839E+02  .31691291E-02
  .22077601E+02  .31480266E-02
  .22153123E+02  .32069148E-02
  .22227960E+02  .31959726E-02
  .22302800E+02  .32028096E-02
  .22377559E+02  .32177091E-02
  .22451929E+02  .31928746E-02
  .22527166E+02  .31639745E-02
  .22603216E+02  .31800601E-02
  .22678415E+02  .31357045E-02
  .22753387E+02  .31544707E-02
  .22827770E+02  .31663904E-02
  .22903777E+02  .31468921E-02
  .22979858E+02  .31564254E-02
  .23056319E+02  .31613916E-02
  .23133201E+02  .31246358E-02
  .23210819E+02  .31259898E-02
  .23288671E+02  .31392518E-02
  .23365737E+02  .31555872E-02
  .23443213E+02  .32068446E-02
  .23521533E+02  .31705898E-02
  .23599759E+02  .31545971E-02
  .23677423E+02  .31512500E-02
  .23755838E+02  .31543362E-02
  .23834239E+02  .32169590E-02
  .23913167E+02  .31842259E-02
  .23992565E+02  .32240622E-02
  .24071657E+02  .32380506E-02
  .24151704E+02  .32651845E-02
  .24233004E+02  .32806621E-02
  .24314033E+02  .33040784E-02
  .24395247E+02  .32838630E-02
  .24477626E+02  .32837930E-02
  .24560163E+02  .33197565E-02
  .24642350E+02  .33481710E-02
  .24724879E+02  .33739903E-02
  .24808239E+02  .33743958E-02
  .24892508E+02  .33681332E-02
  .24977699E+02  .34269197E-02
  .25061639E+02  .34658453E-02
  .25148153E+02  .34361178E-02
  .25234315E+02  .34456755E-02
  .25321146E+02  .34884140E-02
  .25408832E+02  .34867274E-02
  .25497126E+02  .35064800E-02
  .25585362E+02  .35218736E-02
  .25674889E+02  .35075684E-02
  .25765832E+02  .35312501E-02
  .25856818E+02  .35459964E-02
  .25948469E+02  .35802767E-02
  .26041798E+02  .35902893E-02
  .26134884E+02  .36367625E-02
  .26229218E+02  .36403657E-02
  .26324552E+02  .36213891E-02
  .26420764E+02  .36451425E-02
  .26518820E+02  .36281287E-02
  .26616489E+02  .36449446E-02
  .26716181E+02  .36599942E-02
  .26816278E+02  .36526572E-02
  .26917547E+02  .36347441E-02
  .27019870E+02  .36670263E-02
  .27123713E+02  .36935393E-02
  .27228499E+02  .37727777E-02
  .27334489E+02  .38387004E-02
  .27442192E+02  .38343003E-02
  .27551447E+02  .38846826E-02
  .27662831E+02  .38707226E-02
  .27774796E+02  .39127708E-02
  .27888320E+02  .39394883E-02
  .28004199E+02  .39505137E-02
  .28122909E+02  .39769385E-02
  .28242277E+02  .39562187E-02
  .28364457E+02  .40080307E-02
  .28489624E+02  .39859164E-02
  .28615127E+02  .40913209E-02
  .28743494E+02  .41345105E-02
  .28872707E+02  .42177304E-02
  .29004591E+02  .41750645E-02
  .29140605E+02  .42322823E-02
  .29279806E+02  .42722055E-02
  .29421004E+02  .43148380E-02
  .29565321E+02  .43610786E-02
  .29714184E+02  .44467875E-02
  .29865096E+02  .44773930E-02
  .30019865E+02  .45382382E-02
  .30178101E+02  .45977296E-02
  .30342915E+02  .45489359E-02
  .30510400E+02  .46694928E-02
  .30683382E+02  .47313672E-02
  .30860712E+02  .48449577E-02
  .31044246E+02  .50180567E-02
  .31234834E+02  .50746639E-02
  .31429299E+02  .51136814E-02
  .31633212E+02  .52404260E-02
  .31844681E+02  .53494774E-02
  .32062213E+02  .54607067E-02
  .32291774E+02  .56073999E-02
  .32532853E+02  .57278440E-02
  .32784915E+02  .58659966E-02
  .33047750E+02  .60236184E-02
  .33324044E+02  .63901472E-02
  .33618137E+02  .66073110E-02
  .33932066E+02  .65839853E-02
  .34263881E+02  .69458537E-02
  .34620594E+02  .74459116E-02
  .35009759E+02  .78863917E-02
  .35435295E+02  .80863538E-02
  .35905607E+02  .85511129E-02
  .36432040E+02  .91624495E-02
  .37023843E+02  .97327679E-02
  .37720134E+02  .10614293E-01
  .38560743E+02  .11215655E-01
  .39620733E+02  .12519266E-01
  .41083587E+02  .15008164E-01
  .41451533E+02  .15603806E-01
  .41863170E+02  .16457395E-01
  .42317147E+02  .17392623E-01
  .42855126E+02  .19383817E-01
  .43475425E+02  .21128155E-01
  .44227770E+02  .22784310E-01
  .45187370E+02  .27248929E-01
  .46506079E+02  .32451612E-01
  .48744596E+02  .42936507E-01
  .50887800E+02  .59628201E-01
  .53688423E+02  .88673121E-01
  .55738203E+02  .12407325E+00
tr1s 3
  .83874677E+01  .16740072E-01
  .88141188E+01  .13705459E-01
  .94721891E+01  .10126179E-01
  .10031206E+02  .78710378E-02
  .10658723E+02  .60984727E-02
  .11053392E+02  .52749436E-02
  .11356653E+02  .49097622E-02
  .11606677E+02  .44847437E-02
  .11820187E+02  .42217470E-02
  .12003895E+02  .41860234E-02
  .12169603E+02  .41151764E-02
  .12317627E+02  .40122606E-02
  .12454785E+02  .39722612E-02
  .13013948E+02  .37906065E-02
  .13444431E+02  .34835109E-02
  .13803776E+02  .31661281E-02
  .14113303E+02  .29051054E-02
  .14387292E+02  .27846388E-02
  .14635766E+02  .28120118E-02
  .14861791E+02  .27966579E-02
  .15070090E+02  .26688604E-02
  .15265606E+02  .26538691E-02
  .15449746E+02  .25213302E-02
  .15626021E+02  .24432003E-02
  .15791552E+02  .23822677E-02
  .15950738E+02  .22360365E-02
  .16102216E+02  .22343397E-02
  .16248113E+02  .22576385E-02
  .16389478E+02  .21936653E-02
  .16525638E+02  .21085098E-02
  .16657070E+02  .20989049E-02
  .16784767E+02  .20741356E-02
  .16908750E+02  .20776530E-02
  .17029475E+02  .20603889E-02
  .17147154E+02  .20766673E-02
  .17262544E+02  .20831891E-02
  .17374952E+02  .20604289E-02
  .17485021E+02  .20546523E-02
  .17593436E+02  .20366079E-02
  .17699421E+02  .20338824E-02
  .17803465E+02  .20182510E-02
  .17906145E+02  .20122775E-02
  .18006909E+02  .19946225E-02
  .18106138E+02  .19954825E-02
  .18204078E+02  .19794920E-02
  .18300041E+02  .19598470E-02
  .18395452E+02  .19791778E-02
  .18489311E+02  .19703389E-02
  .18582580E+02  .19664715E-02
  .18674165E+02  .19495167E-02
  .18765278E+02  .19314112E-02
  .18855137E+02  .19510037E-02
  .18943563E+02  .19413187E-02
  .19031818E+02  .19515716E-02
  .19118518E+02  .19629089E-02
  .19204349E+02  .19489850E-02
  .19289479E+02  .19487925E-02
  .19373829E+02  .19623553E-02
  .19457827E+02  .19377511E-02
  .19541219E+02  .19474262E-02
  .19623094E+02  .19206885E-02
  .19704629E+02  .19387020E-02
  .19785729E+02  .19096409E-02
  .19866877E+02  .19194755E-02
  .19947379E+02  .19358070E-02
  .20027789E+02  .19603952E-02
  .20107517E+02  .19799122E-02
  .20186400E+02  .19941561E-02
  .20265058E+02  .19779310E-02
  .20342744E+02  .19830659E-02
  .20421033E+02  .19631000E-02
  .20498483E+02  .19662385E-02
  .20575733E+02  .19780043E-02
  .20652786E+02  .20285556E-02
  .20729620E+02  .20250657E-02
  .20806482E+02  .20201773E-02
  .20882611E+02  .20189403E-02
  .20958472E+02  .20276650E-02
  .21034037E+02  .20405630E-02
  .21109811E+02  .20319464E-02
  .21185298E+02  .20197434E-02
  .21260911E+02  .20124064E-02
  .21335958E+02  .20018360E-02
  .21410749E+02  .20178354E-02
  .21486002E+02  .20148580E-02
  .21560743E+02  .20129016E-02
  .21635234E+02  .20229076E-02
  .21709936E+02  .20126244E-02
  .21784319E+02  .20305722E-02
  .21858645E+02  .20244333E-02
  .21933267E+02  .20121014E-02
  .22006958E+02  .20412461E-02
  .22081177E+02  .20138739E-02
  .22155061E+02  .20092125E-02
  .22229757E+02  .20132234E-02
  .22303838E+02  .20153011E-02
  .22377951E+02  .20516800E-02
  .22452283E+02  .20826031E-02
  .22526532E+02  .20944843E-02
  .22601466E+02  .20946431E-02
  .22675817E+02  .21001770E-02
  .22750602E+02  .21062351E-02
  .22825610E+02  .21442359E-02
  .22900490E+02  .21601511E-02
  .22975788E+02  .21537287E-02
  .23050300E+02  .21706510E-02
  .23125431E+02  .21755867E-02
  .23201029E+02  .21684504E-02
  .23276347E+02  .21758400E-02
  .23352086E+02  .21506137E-02
  .23427869E+02  .21340733E-02
  .23503862E+02  .21291036E-02
  .23580130E+02  .21552403E-02
  .23656854E+02  .21596088E-02
  .23733244E+02  .21926125E-02
  .23810381E+02  .22235202E-02
  .23887956E+02  .22203083E-02
  .23964896E+02  .22323205E-02
  .24042521E+02  .22412250E-02
  .24120462E+02  .22361805E-02
  .24198892E+02  .22397913E-02
  .24277300E+02  .22372252E-02
  .24356493E+02  .22759515E-02
  .24435714E+02  .22428332E-02
  .24515786E+02  .22664887E-02
  .24595902E+02  .22756368E-02
  .24676601E+02  .23010092E-02
  .24758068E+02  .23178694E-02
  .24839308E+02  .23127965E-02
  .24921577E+02  .23302175E-02
  .25003779E+02  .23487544E-02
  .25086602E+02  .23731158E-02
  .25170308E+02  .23805060E-02
  .25253868E+02  .23918900E-02
  .25338256E+02  .23915001E-02
  .25423076E+02  .23816282E-02
  .25508462E+02  .24041028E-02
  .25594062E+02  .24320038E-02
  .25681395E+02  .24680563E-02
  .25768338E+02  .25353667E-02
  .25855986E+02  .25955930E-02
  .25944810E+02  .26013377E-02
  .26034288E+02  .26492134E-02
  .26124743E+02  .26472587E-02
  .26215588E+02  .26669669E-02
  .26307860E+02  .27053776E-02
  .26401090E+02  .27063627E-02
  .26494661E+02  .27233106E-02
  .26589383E+02  .27164970E-02
  .26684752E+02  .27450269E-02
  .26780800E+02  .27949110E-02
  .26878700E+02  .28019797E-02
  .26977734E+02  .27576504E-02
  .27076769E+02  .27673867E-02
  .27177039E+02  .27703357E-02
  .27278876E+02  .27965597E-02
  .27382429E+02  .28405916E-02
  .27487031E+02  .28113146E-02
  .27591445E+02  .28028875E-02
  .27699241E+02  .28299913E-02
  .27807602E+02  .28523440E-02
  .27917812E+02  .29092900E-02
  .28029443E+02  .29356206E-02
  .28142272E+02  .29436720E-02
  .28256739E+02  .29371137E-02
  .28372968E+02  .29302149E-02
  .28491037E+02  .29142482E-02
  .28611715E+02  .29195807E-02
  .28734093E+02  .29200856E-02
  .28858473E+02  .29152686E-02
  .28985269E+02  .28927799E-02
  .29114249E+02  .29057514E-02
  .29244825E+02  .28942309E-02
  .29377866E+02  .29766007E-02
  .29515303E+02  .29716091E-02
  .29654941E+02  .30318589E-02
  .29797849E+02  .31129917E-02
  .29943224E+02  .31998306E-02
  .30092183E+02  .33121617E-02
  .30246170E+02  .33971935E-02
  .30402887E+02  .33575988E-02
  .30564386E+02  .33597189E-02
  .30731314E+02  .34359989E-02
  .30901638E+02  .34258064E-02
  .31077746E+02  .34739441E-02
  .31260766E+02  .35447865E-02
  .31447854E+02  .37529146E-02
  .31641798E+02  .38688590E-02
  .31842406E+02  .39282132E-02
  .32052102E+02  .39040141E-02
  .32268380E+02  .39558766E-02
  .32494601E+02  .40742298E-02
  .32732891E+02  .41916477E-02
  .32981143E+02  .42543750E-02
  .33241704E+02  .43558555E-02
  .33515842E+02  .44947590E-02
  .33807652E+02  .46176412E-02
  .34116983E+02  .47424523E-02
  .34449499E+02  .48319102E-02
  .34806399E+02  .50952514E-02
  .35192137E+02  .53824045E-02
  .35615073E+02  .58910716E-02
  .36082468E+02  .61440058E-02
  .36603765E+02  .64144008E-02
  .37198625E+02  .66839128E-02
  .37888534E+02  .69755093E-02
  .38715024E+02  .80485166E-02
  .39757685E+02  .89483125E-02
  .41196434E+02  .11025570E-01
  .41564630E+02  .12006298E-01
  .41966837E+02  .12324782E-01
  .42424519E+02  .13103570E-01
  .42951198E+02  .13464454E-01
  .43571175E+02  .13985455E-01
  .44310080E+02  .16296433E-01
  .45254432E+02  .18884002E-01
  .46548211E+02  .22285154E-01
  .48786636E+02  .29738299E-01
  .50955660E+02  .41085224E-01
  .53731491E+02  .59764718E-01
  .55750007E+02  .81639676E-01
tr2s 2
  .12485840E+02  .22007419E-01
  .13022072E+02  .16646908E-01
  .13837844E+02  .11124143E-01
  .14529921E+02  .90426013E-02
  .15282746E+02  .68818419E-02
  .15777565E+02  .61881040E-02
  .16147338E+02  .56052411E-02
  .16445488E+02  .52950389E-02
  .16695954E+02  .51161298E-02
  .16918707E+02  .49260555E-02
  .17115542E+02  .47041647E-02
  .17295441E+02  .45702399E-02
  .17459657E+02  .44655029E-02
  .18128932E+02  .38767805E-02
  .18638246E+02  .36260022E-02
  .19060910E+02  .33594513E-02
  .19422794E+02  .32277346E-02
  .19742912E+02  .30193438E-02
  .20033310E+02  .27950757E-02
  .20297410E+02  .26118154E-02
  .20541218E+02  .25667572E-02
  .20769538E+02  .25269294E-02
  .20982839E+02  .24409087E-02
  .21185337E+02  .24366461E-02
  .21378033E+02  .24665949E-02
  .21562554E+02  .24319757E-02
  .21737896E+02  .24187646E-02
  .21905960E+02  .24341799E-02
  .22068262E+02  .24253486E-02
  .22226232E+02  .23646927E-02
  .22379113E+02  .23597012E-02
  .22526589E+02  .23714535E-02
  .22668771E+02  .23184439E-02
  .22808723E+02  .22756624E-02
  .22943748E+02  .22458021E-02
  .23076306E+02  .22502998E-02
  .23205384E+02  .22371748E-02
  .23332218E+02  .22342379E-02
  .23455853E+02  .21797330E-02
  .23577333E+02  .21530731E-02
  .23697361E+02  .21556818E-02
  .23814242E+02  .21886613E-02
  .23930319E+02  .21631844E-02
  .24044098E+02  .21364492E-02
  .24155712E+02  .21657248E-02
  .24265359E+02  .21227552E-02
  .24372819E+02  .21613983E-02
  .24479615E+02  .21796553E-02
  .24585644E+02  .22130498E-02
  .24690452E+02  .22242315E-02
  .24793178E+02  .22500987E-02
  .24895184E+02  .22491757E-02
  .24996078E+02  .22258295E-02
  .25096164E+02  .22231214E-02
  .25194682E+02  .22243864E-02
  .25291215E+02  .22332606E-02
  .25387223E+02  .22517280E-02
  .25483414E+02  .22346088E-02
  .25578491E+02  .22375537E-02
  .25673235E+02  .22294023E-02
  .25767049E+02  .22570595E-02
  .25860451E+02  .22359600E-02
  .25952664E+02  .22380504E-02
  .26044553E+02  .22793134E-02
  .26135412E+02  .22644634E-02
  .26225334E+02  .22836089E-02
  .26315397E+02  .22641442E-02
  .26404899E+02  .22469902E-02
  .26493866E+02  .22511338E-02
  .26582531E+02  .22528351E-02
  .26670397E+02  .22197054E-02
  .26758473E+02  .22311290E-02
  .26846117E+02  .21796498E-02
  .26932380E+02  .22018335E-02
  .27018551E+02  .21849930E-02
  .27104941E+02  .22193313E-02
  .27190707E+02  .22048135E-02
  .27276788E+02  .22119461E-02
  .27362344E+02  .21752459E-02
  .27446707E+02  .21890668E-02
  .27531169E+02  .21740013E-02
  .27615417E+02  .22115846E-02
  .27699586E+02  .22531728E-02
  .27784222E+02  .22977227E-02
  .27867936E+02  .22847263E-02
  .27951070E+02  .22947901E-02
  .28034437E+02  .23127527E-02
  .28117998E+02  .23517046E-02
  .28201413E+02  .23719125E-02
  .28284570E+02  .24077435E-02
  .28367989E+02  .24146635E-02
  .28451267E+02  .24181899E-02
  .28533917E+02  .24214368E-02
  .28617233E+02  .24417307E-02
  .28700876E+02  .24493782E-02
  .28784010E+02  .24384252E-02
  .28866440E+02  .24359432E-02
  .28949547E+02  .24526938E-02
  .29032748E+02  .24462420E-02
  .29116045E+02  .24469283E-02
  .29199264E+02  .24406145E-02
  .29282251E+02  .24197988E-02
  .29365851E+02  .24313528E-02
  .29449824E+02  .24308772E-02
  .29533259E+02  .24686183E-02
  .29617241E+02  .24807128E-02
  .29700590E+02  .24649067E-02
  .29784353E+02  .24664644E-02
  .29868701E+02  .24557175E-02
  .29953218E+02  .24688849E-02
  .30037998E+02  .24532734E-02
  .30122119E+02  .24226770E-02
  .30207104E+02  .24302440E-02
  .30292363E+02  .24776957E-02
  .30377339E+02  .25074525E-02
  .30462687E+02  .24977273E-02
  .30548458E+02  .25234300E-02
  .30634610E+02  .25029982E-02
  .30721222E+02  .25204985E-02
  .30808070E+02  .25376609E-02
  .30895056E+02  .25882449E-02
  .30982495E+02  .25934748E-02
  .31069664E+02  .25622480E-02
  .31157684E+02  .25891709E-02
  .31246178E+02  .25507685E-02
  .31335390E+02  .25486323E-02
  .31424561E+02  .25361036E-02
  .31514550E+02  .25119559E-02
  .31604986E+02  .25036634E-02
  .31696264E+02  .24933564E-02
  .31787342E+02  .24778029E-02
  .31879128E+02  .24889748E-02
  .31971246E+02  .24892468E-02
  .32063814E+02  .24705278E-02
  .32156404E+02  .24808912E-02
  .32250759E+02  .24736091E-02
  .32345579E+02  .24446286E-02
  .32440948E+02  .24237808E-02
  .32536516E+02  .24315478E-02
  .32633559E+02  .24437428E-02
  .32731399E+02  .24464635E-02
  .32829648E+02  .24590893E-02
  .32929079E+02  .24915779E-02
  .33028344E+02  .25242840E-02
  .33128202E+02  .25426894E-02
  .33229464E+02  .25527026E-02
  .33331507E+02  .25479250E-02
  .33435596E+02  .25588167E-02
  .33540222E+02  .25701822E-02
  .33645175E+02  .25918118E-02
  .33751502E+02  .26648103E-02
  .33858273E+02  .26774314E-02
  .33966250E+02  .26906001E-02
  .34075541E+02  .26761848E-02
  .34186760E+02  .27020212E-02
  .34299233E+02  .27595509E-02
  .34413067E+02  .27660572E-02
  .34527768E+02  .27858737E-02
  .34645031E+02  .28293325E-02
  .34761544E+02  .28141291E-02
  .34880973E+02  .27964597E-02
  .35001506E+02  .28078953E-02
  .35123878E+02  .28622161E-02
  .35248218E+02  .29262516E-02
  .35373629E+02  .29405084E-02
  .35501699E+02  .29115425E-02
  .35631954E+02  .29184777E-02
  .35763851E+02  .29289098E-02
  .35898615E+02  .30240736E-02
  .36034877E+02  .30844699E-02
  .36174137E+02  .30900731E-02
  .36315847E+02  .31874255E-02
  .36460048E+02  .32381328E-02
  .36607218E+02  .33176930E-02
  .36757799E+02  .33430294E-02
  .36910840E+02  .33359730E-02
  .37066374E+02  .33799750E-02
  .37226084E+02  .33697271E-02
  .37389540E+02  .33887808E-02
  .37556612E+02  .34032017E-02
  .37727701E+02  .34619981E-02
  .37904547E+02  .35595788E-02
  .38085625E+02  .35543960E-02
  .38270747E+02  .35886995E-02
  .38462221E+02  .37317252E-02
  .38659457E+02  .38129800E-02
  .38863528E+02  .39545760E-02
  .39073986E+02  .40208675E-02
  .39291423E+02  .40202440E-02
  .39518872E+02  .40270032E-02
  .39754669E+02  .41467710E-02
  .40001213E+02  .41414367E-02
  .40257616E+02  .42505940E-02
  .40527455E+02  .44073109E-02
  .40809740E+02  .45154943E-02
  .41107144E+02  .45643217E-02
  .41422497E+02  .46533554E-02
  .41757873E+02  .48860049E-02
  .42116056E+02  .48763975E-02
  .42499164E+02  .49936578E-02
  .42914594E+02  .52265994E-02
  .43367945E+02  .53884244E-02
  .43870181E+02  .56421503E-02
  .44428913E+02  .61163130E-02
  .45062041E+02  .65519107E-02
  .45799785E+02  .71437138E-02
  .46691501E+02  .80234433E-02
  .47817223E+02  .95070716E-02
  .49363061E+02  .10426114E-01
  .49756538E+02  .11271698E-01
  .50196002E+02  .11879820E-01
  .50690996E+02  .12214123E-01
  .51249763E+02  .13036816E-01
  .51901975E+02  .15020046E-01
  .52704582E+02  .16402694E-01
  .53719038E+02  .19138246E-01
  .55117666E+02  .21380311E-01
  .57437081E+02  .30093018E-01
  .59662824E+02  .41503030E-01
  .62548593E+02  .61143564E-01
  .64628110E+02  .83536839E-01
