Copyright (C) James G. MacKinnon, Alfred A. Haug, and Leo Michelis, 1996
lm0  2
  .48600491E+01  .10089557E-01
  .51461240E+01  .79513114E-02
  .55490932E+01  .59103482E-02
  .59066850E+01  .45134583E-02
  .63076928E+01  .38745908E-02
  .65670607E+01  .33772762E-02
  .67617931E+01  .31936794E-02
  .69262821E+01  .27913958E-02
  .70634848E+01  .25494319E-02
  .71851490E+01  .24159579E-02
  .72933346E+01  .23321784E-02
  .73913454E+01  .22911514E-02
  .74822124E+01  .22461999E-02
  .78498872E+01  .20730170E-02
  .81336429E+01  .19781351E-02
  .83703722E+01  .19263409E-02
  .85760727E+01  .18756223E-02
  .87591750E+01  .18434598E-02
  .89256360E+01  .17971061E-02
  .90768930E+01  .18013829E-02
  .92176645E+01  .17085645E-02
  .93504523E+01  .16843776E-02
  .94751205E+01  .16763436E-02
  .95931351E+01  .16660293E-02
  .97055727E+01  .16618213E-02
  .98128575E+01  .16797704E-02
  .99169348E+01  .16209460E-02
  .10016299E+02  .15898871E-02
  .10112002E+02  .15791932E-02
  .10204884E+02  .15977318E-02
  .10295302E+02  .15675534E-02
  .10382960E+02  .15726906E-02
  .10468411E+02  .15239183E-02
  .10552085E+02  .14907906E-02
  .10632765E+02  .14944951E-02
  .10712124E+02  .14873731E-02
  .10789782E+02  .14598028E-02
  .10866277E+02  .14458229E-02
  .10940769E+02  .14477866E-02
  .11014801E+02  .14497105E-02
  .11086816E+02  .14365222E-02
  .11157767E+02  .14398685E-02
  .11227074E+02  .14534214E-02
  .11295140E+02  .14334695E-02
  .11363396E+02  .14521340E-02
  .11430514E+02  .14351156E-02
  .11496484E+02  .14455285E-02
  .11562017E+02  .14659578E-02
  .11626669E+02  .14995577E-02
  .11690486E+02  .14798745E-02
  .11753971E+02  .14595504E-02
  .11816655E+02  .14502507E-02
  .11878059E+02  .14291224E-02
  .11939310E+02  .14442853E-02
  .12000423E+02  .14669069E-02
  .12060853E+02  .14560634E-02
  .12121213E+02  .14629458E-02
  .12180624E+02  .14781446E-02
  .12240056E+02  .14621014E-02
  .12298923E+02  .14670188E-02
  .12357275E+02  .14796891E-02
  .12415374E+02  .14641086E-02
  .12473037E+02  .14604140E-02
  .12530296E+02  .14523168E-02
  .12587312E+02  .14657036E-02
  .12644116E+02  .14549867E-02
  .12700986E+02  .14378444E-02
  .12756986E+02  .14440789E-02
  .12812850E+02  .14636283E-02
  .12868564E+02  .14576207E-02
  .12923944E+02  .14594817E-02
  .12979298E+02  .14456512E-02
  .13034719E+02  .14452600E-02
  .13089467E+02  .14353838E-02
  .13143797E+02  .14444081E-02
  .13198701E+02  .14565297E-02
  .13253416E+02  .14613623E-02
  .13307949E+02  .14527417E-02
  .13362551E+02  .14556747E-02
  .13416610E+02  .14403933E-02
  .13470944E+02  .14587482E-02
  .13525052E+02  .14526206E-02
  .13579429E+02  .14441117E-02
  .13633315E+02  .14293292E-02
  .13687044E+02  .14350890E-02
  .13740519E+02  .14414830E-02
  .13794661E+02  .14564120E-02
  .13848331E+02  .14747480E-02
  .13902125E+02  .14627138E-02
  .13955377E+02  .14710283E-02
  .14009044E+02  .14737302E-02
  .14062743E+02  .14798267E-02
  .14116049E+02  .14809667E-02
  .14169868E+02  .15015574E-02
  .14223499E+02  .15163599E-02
  .14277077E+02  .15123722E-02
  .14331482E+02  .14849049E-02
  .14385283E+02  .14856122E-02
  .14439261E+02  .15172748E-02
  .14493295E+02  .15350193E-02
  .14547423E+02  .15439270E-02
  .14602335E+02  .15219342E-02
  .14656583E+02  .15305424E-02
  .14711419E+02  .15402902E-02
  .14766118E+02  .15530754E-02
  .14821002E+02  .15606292E-02
  .14875849E+02  .16030534E-02
  .14931235E+02  .16027444E-02
  .14986707E+02  .16077102E-02
  .15042250E+02  .16220324E-02
  .15097759E+02  .16230146E-02
  .15153399E+02  .16355269E-02
  .15209518E+02  .16551275E-02
  .15265991E+02  .16749807E-02
  .15322710E+02  .16877661E-02
  .15379644E+02  .16414678E-02
  .15436393E+02  .16496850E-02
  .15493011E+02  .16594035E-02
  .15550246E+02  .16561191E-02
  .15608023E+02  .16583964E-02
  .15665572E+02  .16480343E-02
  .15723557E+02  .16572726E-02
  .15782422E+02  .16701144E-02
  .15841072E+02  .16643260E-02
  .15900250E+02  .16911922E-02
  .15959335E+02  .16931674E-02
  .16019073E+02  .16973832E-02
  .16079132E+02  .17264554E-02
  .16139304E+02  .17847260E-02
  .16199977E+02  .17769798E-02
  .16261428E+02  .17808408E-02
  .16323101E+02  .17882600E-02
  .16384838E+02  .17774053E-02
  .16447425E+02  .18170444E-02
  .16510619E+02  .18309538E-02
  .16573724E+02  .18411036E-02
  .16637734E+02  .18468533E-02
  .16702426E+02  .18610887E-02
  .16767737E+02  .18974034E-02
  .16833286E+02  .19186156E-02
  .16899338E+02  .19077209E-02
  .16966381E+02  .19290533E-02
  .17033381E+02  .19407243E-02
  .17101277E+02  .19372576E-02
  .17170153E+02  .19507789E-02
  .17239496E+02  .19563974E-02
  .17309001E+02  .19576547E-02
  .17379343E+02  .19529407E-02
  .17450518E+02  .19767507E-02
  .17522839E+02  .19396531E-02
  .17595938E+02  .19409152E-02
  .17670221E+02  .19630114E-02
  .17744240E+02  .19739800E-02
  .17820125E+02  .19927958E-02
  .17896214E+02  .19564030E-02
  .17973898E+02  .19564358E-02
  .18052093E+02  .19973543E-02
  .18131051E+02  .19912284E-02
  .18210870E+02  .19611244E-02
  .18292502E+02  .19777127E-02
  .18374991E+02  .19875645E-02
  .18458777E+02  .20048202E-02
  .18543615E+02  .20490693E-02
  .18629359E+02  .20506020E-02
  .18716893E+02  .21188320E-02
  .18806363E+02  .21371271E-02
  .18896848E+02  .21719286E-02
  .18989718E+02  .21572055E-02
  .19083819E+02  .21663317E-02
  .19179180E+02  .22095719E-02
  .19277126E+02  .22552295E-02
  .19376935E+02  .22659565E-02
  .19478405E+02  .23294599E-02
  .19582095E+02  .23203333E-02
  .19687463E+02  .23415643E-02
  .19795452E+02  .23773682E-02
  .19905733E+02  .24292201E-02
  .20018942E+02  .24764653E-02
  .20135244E+02  .25349654E-02
  .20254069E+02  .26372080E-02
  .20376889E+02  .26215431E-02
  .20502349E+02  .26579280E-02
  .20631156E+02  .27274884E-02
  .20763938E+02  .28240152E-02
  .20901712E+02  .28999488E-02
  .21044798E+02  .29043708E-02
  .21191537E+02  .28741020E-02
  .21343813E+02  .29117422E-02
  .21502224E+02  .29900990E-02
  .21665216E+02  .30636957E-02
  .21835830E+02  .31444102E-02
  .22015522E+02  .31387141E-02
  .22202783E+02  .31919802E-02
  .22399554E+02  .32635671E-02
  .22605229E+02  .32691263E-02
  .22823658E+02  .34223889E-02
  .23056376E+02  .34114991E-02
  .23303323E+02  .35412651E-02
  .23567404E+02  .35875389E-02
  .23850011E+02  .37228246E-02
  .24158950E+02  .38893057E-02
  .24497358E+02  .41669927E-02
  .24872257E+02  .43830236E-02
  .25293334E+02  .46435185E-02
  .25776126E+02  .50265411E-02
  .26337805E+02  .53479432E-02
  .27019365E+02  .63759693E-02
  .27877753E+02  .74207772E-02
  .29059324E+02  .85860472E-02
  .29363685E+02  .90908720E-02
  .29704644E+02  .92879696E-02
  .30087684E+02  .99748520E-02
  .30520635E+02  .10337490E-01
  .31039013E+02  .11423544E-01
  .31662972E+02  .12501213E-01
  .32449433E+02  .14560525E-01
  .33565628E+02  .17746551E-01
  .35447158E+02  .22752987E-01
  .37287996E+02  .30074509E-01
  .39701053E+02  .50674431E-01
  .41456061E+02  .69574579E-01
lm1  3
  .65602335E+01  .13591027E-01
  .68941628E+01  .10469309E-01
  .73764304E+01  .70990507E-02
  .77946729E+01  .62634570E-02
  .82486788E+01  .46243507E-02
  .85479386E+01  .41561688E-02
  .87726205E+01  .36890567E-02
  .89548110E+01  .34815104E-02
  .91110098E+01  .31975768E-02
  .92473359E+01  .30431176E-02
  .93686237E+01  .30335785E-02
  .94813387E+01  .29182629E-02
  .95819195E+01  .28637614E-02
  .99961795E+01  .24111225E-02
  .10316325E+02  .22791080E-02
  .10581543E+02  .21826612E-02
  .10811895E+02  .20719963E-02
  .11016973E+02  .20475262E-02
  .11201556E+02  .19652062E-02
  .11371156E+02  .18527848E-02
  .11527879E+02  .18663501E-02
  .11673886E+02  .18094140E-02
  .11811989E+02  .17972070E-02
  .11942192E+02  .17661500E-02
  .12065853E+02  .17428867E-02
  .12184896E+02  .17579895E-02
  .12299173E+02  .17477817E-02
  .12409403E+02  .17590592E-02
  .12515089E+02  .17452997E-02
  .12617636E+02  .17280683E-02
  .12716686E+02  .17072483E-02
  .12813075E+02  .17256302E-02
  .12907029E+02  .17015835E-02
  .12999008E+02  .17091649E-02
  .13088572E+02  .16919830E-02
  .13175871E+02  .16731531E-02
  .13261369E+02  .16842251E-02
  .13345661E+02  .16968683E-02
  .13427564E+02  .16868260E-02
  .13508211E+02  .16569208E-02
  .13587361E+02  .16323610E-02
  .13665649E+02  .15996193E-02
  .13742325E+02  .16122324E-02
  .13817382E+02  .16323808E-02
  .13891980E+02  .16810463E-02
  .13965329E+02  .16775800E-02
  .14037913E+02  .16876200E-02
  .14109817E+02  .16928811E-02
  .14180144E+02  .16592454E-02
  .14250075E+02  .16330137E-02
  .14319013E+02  .16278461E-02
  .14387248E+02  .16130075E-02
  .14454620E+02  .16140744E-02
  .14521288E+02  .16323525E-02
  .14588270E+02  .16284434E-02
  .14654264E+02  .16483873E-02
  .14720088E+02  .16598395E-02
  .14785398E+02  .16720371E-02
  .14849892E+02  .16726362E-02
  .14914035E+02  .16800058E-02
  .14977642E+02  .16757757E-02
  .15040521E+02  .16642629E-02
  .15103087E+02  .16635065E-02
  .15165705E+02  .16540768E-02
  .15227848E+02  .16405510E-02
  .15289706E+02  .16230123E-02
  .15350717E+02  .16145308E-02
  .15411678E+02  .15848810E-02
  .15472688E+02  .15839110E-02
  .15532947E+02  .15933962E-02
  .15593405E+02  .16093570E-02
  .15653398E+02  .16157369E-02
  .15712764E+02  .16424354E-02
  .15772302E+02  .16432184E-02
  .15831861E+02  .16643326E-02
  .15891047E+02  .17084479E-02
  .15950343E+02  .16879817E-02
  .16009425E+02  .17164076E-02
  .16068181E+02  .17449243E-02
  .16126708E+02  .17377563E-02
  .16185419E+02  .17420676E-02
  .16244489E+02  .17294092E-02
  .16302583E+02  .17384858E-02
  .16360338E+02  .17396176E-02
  .16418763E+02  .17240709E-02
  .16477088E+02  .17197511E-02
  .16535377E+02  .17100151E-02
  .16593126E+02  .17213482E-02
  .16651394E+02  .17140876E-02
  .16709409E+02  .17137618E-02
  .16767348E+02  .17460429E-02
  .16825417E+02  .17486206E-02
  .16882896E+02  .17229016E-02
  .16941250E+02  .17431451E-02
  .16999505E+02  .17535056E-02
  .17057843E+02  .17760874E-02
  .17115841E+02  .17851128E-02
  .17174483E+02  .17964653E-02
  .17233204E+02  .17888659E-02
  .17291607E+02  .17870059E-02
  .17350194E+02  .17832762E-02
  .17408733E+02  .17821940E-02
  .17467012E+02  .17726975E-02
  .17525627E+02  .17812605E-02
  .17584517E+02  .17580096E-02
  .17643355E+02  .17775191E-02
  .17703004E+02  .18014943E-02
  .17762356E+02  .18060378E-02
  .17821730E+02  .18089201E-02
  .17881774E+02  .18233020E-02
  .17941904E+02  .18183972E-02
  .18001949E+02  .18281852E-02
  .18061468E+02  .18465686E-02
  .18122178E+02  .18400501E-02
  .18182771E+02  .18753232E-02
  .18243182E+02  .19152647E-02
  .18303907E+02  .19190333E-02
  .18365283E+02  .19048137E-02
  .18426949E+02  .19097610E-02
  .18488782E+02  .19346129E-02
  .18550733E+02  .19087038E-02
  .18613007E+02  .18964345E-02
  .18675307E+02  .19112014E-02
  .18737920E+02  .19281863E-02
  .18801498E+02  .19690246E-02
  .18864912E+02  .19465829E-02
  .18929093E+02  .19399990E-02
  .18993981E+02  .19589445E-02
  .19059140E+02  .19873078E-02
  .19124471E+02  .19926316E-02
  .19189896E+02  .20071440E-02
  .19255708E+02  .20244953E-02
  .19322502E+02  .20473202E-02
  .19389270E+02  .20503540E-02
  .19456758E+02  .20839345E-02
  .19524705E+02  .20950022E-02
  .19592662E+02  .21104603E-02
  .19661466E+02  .21561031E-02
  .19731035E+02  .21835194E-02
  .19801581E+02  .22057471E-02
  .19872940E+02  .22171049E-02
  .19944703E+02  .22090122E-02
  .20016792E+02  .22301275E-02
  .20089290E+02  .22325129E-02
  .20163009E+02  .22024153E-02
  .20236836E+02  .22114674E-02
  .20311289E+02  .22201461E-02
  .20386301E+02  .22130478E-02
  .20462762E+02  .22307887E-02
  .20539727E+02  .22586702E-02
  .20617529E+02  .22648655E-02
  .20696452E+02  .22825151E-02
  .20775939E+02  .22980134E-02
  .20856198E+02  .22807510E-02
  .20938006E+02  .23215224E-02
  .21020327E+02  .23389104E-02
  .21103825E+02  .23527032E-02
  .21187742E+02  .23566153E-02
  .21273901E+02  .23578518E-02
  .21361022E+02  .23447445E-02
  .21449120E+02  .23522591E-02
  .21538990E+02  .23992764E-02
  .21629510E+02  .24164329E-02
  .21721353E+02  .24270911E-02
  .21815658E+02  .24695734E-02
  .21910240E+02  .25147136E-02
  .22006960E+02  .25512306E-02
  .22105523E+02  .25434808E-02
  .22205983E+02  .25495738E-02
  .22307691E+02  .25459031E-02
  .22411975E+02  .26041678E-02
  .22518277E+02  .26053560E-02
  .22626653E+02  .26587111E-02
  .22736409E+02  .26800322E-02
  .22849050E+02  .27259333E-02
  .22964103E+02  .27651967E-02
  .23082093E+02  .27836091E-02
  .23202738E+02  .27334718E-02
  .23325641E+02  .27550739E-02
  .23452208E+02  .28508564E-02
  .23581180E+02  .28464687E-02
  .23715046E+02  .29110044E-02
  .23850855E+02  .29508975E-02
  .23991655E+02  .30643082E-02
  .24137346E+02  .30884917E-02
  .24287969E+02  .31871757E-02
  .24443667E+02  .32302860E-02
  .24603402E+02  .32703924E-02
  .24769772E+02  .32913553E-02
  .24942766E+02  .33707173E-02
  .25123926E+02  .35041418E-02
  .25312706E+02  .35998754E-02
  .25510113E+02  .36395625E-02
  .25717872E+02  .36212495E-02
  .25937683E+02  .36739919E-02
  .26169027E+02  .37910920E-02
  .26413464E+02  .40318220E-02
  .26676649E+02  .41595137E-02
  .26957513E+02  .42429056E-02
  .27258377E+02  .43030492E-02
  .27584442E+02  .45463217E-02
  .27941048E+02  .48068296E-02
  .28338128E+02  .50709699E-02
  .28782698E+02  .53215556E-02
  .29282480E+02  .55942130E-02
  .29869415E+02  .60779446E-02
  .30575410E+02  .67249053E-02
  .31472157E+02  .72196931E-02
  .32714687E+02  .82213347E-02
  .33031829E+02  .85981425E-02
  .33391253E+02  .89939314E-02
  .33794543E+02  .95171248E-02
  .34254356E+02  .10176073E-01
  .34790995E+02  .11475912E-01
  .35443862E+02  .12416253E-01
  .36260345E+02  .13628162E-01
  .37420487E+02  .17013380E-01
  .39346687E+02  .22298883E-01
  .41238442E+02  .35929823E-01
  .43694051E+02  .53817905E-01
  .45513760E+02  .73254417E-01
lm2  3
  .82370871E+01  .15498053E-01
  .85996258E+01  .12493240E-01
  .91478321E+01  .87341959E-02
  .95991467E+01  .65647249E-02
  .10117003E+02  .51097463E-02
  .10444418E+02  .41698689E-02
  .10698280E+02  .39503804E-02
  .10902887E+02  .37350607E-02
  .11073552E+02  .35463717E-02
  .11224319E+02  .35371385E-02
  .11357794E+02  .33370198E-02
  .11478874E+02  .32554870E-02
  .11592018E+02  .31595651E-02
  .12045995E+02  .28704662E-02
  .12398073E+02  .27570149E-02
  .12690898E+02  .25773098E-02
  .12944541E+02  .24583677E-02
  .13166919E+02  .24564525E-02
  .13368805E+02  .23576452E-02
  .13554702E+02  .22610325E-02
  .13724957E+02  .22071576E-02
  .13884460E+02  .22202048E-02
  .14034483E+02  .21622216E-02
  .14176934E+02  .20901617E-02
  .14312517E+02  .20624485E-02
  .14442502E+02  .20447080E-02
  .14567239E+02  .19686684E-02
  .14687213E+02  .19216719E-02
  .14803195E+02  .19108510E-02
  .14913834E+02  .19340386E-02
  .15021950E+02  .19447550E-02
  .15126281E+02  .19349476E-02
  .15228555E+02  .18935316E-02
  .15328081E+02  .18717408E-02
  .15425053E+02  .18517110E-02
  .15519991E+02  .18281076E-02
  .15613165E+02  .18372455E-02
  .15704119E+02  .18368666E-02
  .15792713E+02  .18346989E-02
  .15880556E+02  .18058746E-02
  .15966678E+02  .17904403E-02
  .16050159E+02  .17725326E-02
  .16133578E+02  .17375010E-02
  .16214994E+02  .17588255E-02
  .16295905E+02  .17578379E-02
  .16375308E+02  .17764523E-02
  .16453274E+02  .17781133E-02
  .16530360E+02  .17825375E-02
  .16606903E+02  .17782530E-02
  .16682676E+02  .17773189E-02
  .16757120E+02  .17501922E-02
  .16830863E+02  .17213807E-02
  .16903726E+02  .16958893E-02
  .16976069E+02  .17032388E-02
  .17047515E+02  .16976980E-02
  .17118092E+02  .16925917E-02
  .17188467E+02  .17074380E-02
  .17258167E+02  .17022811E-02
  .17327588E+02  .17275017E-02
  .17396713E+02  .17168862E-02
  .17465437E+02  .17308088E-02
  .17533623E+02  .17686521E-02
  .17601069E+02  .17817788E-02
  .17668397E+02  .17563813E-02
  .17735120E+02  .17799905E-02
  .17801308E+02  .17678363E-02
  .17867302E+02  .17721376E-02
  .17933511E+02  .17588605E-02
  .17998676E+02  .17499868E-02
  .18063610E+02  .17144196E-02
  .18128164E+02  .17109582E-02
  .18192646E+02  .17180404E-02
  .18256508E+02  .17335526E-02
  .18320506E+02  .17343968E-02
  .18384303E+02  .17393250E-02
  .18447906E+02  .17395792E-02
  .18511229E+02  .17748919E-02
  .18574390E+02  .17792681E-02
  .18637043E+02  .17676124E-02
  .18699627E+02  .17713501E-02
  .18762027E+02  .17781115E-02
  .18824736E+02  .17820834E-02
  .18887133E+02  .17913347E-02
  .18949622E+02  .18148253E-02
  .19011835E+02  .18165420E-02
  .19074052E+02  .18185805E-02
  .19136385E+02  .18502581E-02
  .19198767E+02  .18578361E-02
  .19260775E+02  .18508981E-02
  .19322629E+02  .18579333E-02
  .19384494E+02  .18258563E-02
  .19446948E+02  .18190029E-02
  .19508889E+02  .18355509E-02
  .19570336E+02  .18451555E-02
  .19632510E+02  .18249473E-02
  .19694947E+02  .18312529E-02
  .19757263E+02  .18409120E-02
  .19819920E+02  .18320593E-02
  .19882251E+02  .18356719E-02
  .19944907E+02  .18334054E-02
  .20007372E+02  .18350613E-02
  .20069787E+02  .18812698E-02
  .20132096E+02  .18776832E-02
  .20195280E+02  .19085729E-02
  .20258029E+02  .19415833E-02
  .20320754E+02  .19460383E-02
  .20383868E+02  .19595575E-02
  .20446958E+02  .19647781E-02
  .20510331E+02  .19584546E-02
  .20573842E+02  .19775010E-02
  .20638167E+02  .19853654E-02
  .20702150E+02  .19800329E-02
  .20767064E+02  .19831350E-02
  .20831574E+02  .19871043E-02
  .20896204E+02  .20108796E-02
  .20960539E+02  .20255243E-02
  .21025644E+02  .20367712E-02
  .21090956E+02  .20585524E-02
  .21156530E+02  .21007692E-02
  .21222189E+02  .20912014E-02
  .21288529E+02  .21419803E-02
  .21355073E+02  .21470109E-02
  .21422020E+02  .21549319E-02
  .21489145E+02  .21218131E-02
  .21556668E+02  .21011458E-02
  .21624850E+02  .21204461E-02
  .21693347E+02  .21134766E-02
  .21761543E+02  .21116423E-02
  .21830649E+02  .21211664E-02
  .21899582E+02  .21438429E-02
  .21969273E+02  .21425369E-02
  .22039431E+02  .21817780E-02
  .22109796E+02  .21749918E-02
  .22180616E+02  .21873262E-02
  .22252584E+02  .21880355E-02
  .22324979E+02  .21927153E-02
  .22397726E+02  .22090142E-02
  .22471181E+02  .21788021E-02
  .22544899E+02  .21589933E-02
  .22619050E+02  .21674161E-02
  .22694367E+02  .21606469E-02
  .22770419E+02  .21499982E-02
  .22847026E+02  .21687885E-02
  .22924182E+02  .21819735E-02
  .23001727E+02  .21724989E-02
  .23079929E+02  .22079924E-02
  .23159093E+02  .22418322E-02
  .23239235E+02  .22760213E-02
  .23319512E+02  .23308116E-02
  .23400755E+02  .23604229E-02
  .23483018E+02  .23905030E-02
  .23566408E+02  .24157495E-02
  .23650802E+02  .24557362E-02
  .23736060E+02  .24498646E-02
  .23822520E+02  .24817190E-02
  .23909876E+02  .25338424E-02
  .23997476E+02  .25375957E-02
  .24086944E+02  .25866220E-02
  .24178209E+02  .25956347E-02
  .24269836E+02  .25814382E-02
  .24362418E+02  .25792980E-02
  .24456892E+02  .25753950E-02
  .24552954E+02  .26006445E-02
  .24650059E+02  .25878419E-02
  .24749197E+02  .25814584E-02
  .24849648E+02  .25841844E-02
  .24952383E+02  .26017012E-02
  .25056447E+02  .25901318E-02
  .25162475E+02  .26097033E-02
  .25269477E+02  .25727799E-02
  .25379171E+02  .26235923E-02
  .25490113E+02  .26311198E-02
  .25602938E+02  .26999728E-02
  .25719838E+02  .27565566E-02
  .25838562E+02  .27543135E-02
  .25960608E+02  .27970571E-02
  .26084347E+02  .27885238E-02
  .26211738E+02  .28076589E-02
  .26341312E+02  .28303589E-02
  .26474731E+02  .28157235E-02
  .26612243E+02  .28803057E-02
  .26753057E+02  .29162701E-02
  .26896537E+02  .29841571E-02
  .27045320E+02  .30656190E-02
  .27199258E+02  .31036840E-02
  .27357524E+02  .31820090E-02
  .27521491E+02  .32778790E-02
  .27691377E+02  .33544726E-02
  .27868527E+02  .34464206E-02
  .28050300E+02  .35706107E-02
  .28239991E+02  .36625822E-02
  .28437632E+02  .37105739E-02
  .28647064E+02  .37490881E-02
  .28865577E+02  .38074658E-02
  .29096306E+02  .39857940E-02
  .29339558E+02  .40847581E-02
  .29596889E+02  .41676275E-02
  .29869352E+02  .42251069E-02
  .30160541E+02  .41700944E-02
  .30475506E+02  .44401624E-02
  .30815157E+02  .46216415E-02
  .31187494E+02  .47442078E-02
  .31601443E+02  .50518479E-02
  .32063511E+02  .51089118E-02
  .32593212E+02  .56907133E-02
  .33210817E+02  .62429633E-02
  .33949095E+02  .68108768E-02
  .34890333E+02  .80511056E-02
  .36193184E+02  .95643732E-02
  .36528650E+02  .98242424E-02
  .36897244E+02  .10139091E-01
  .37319992E+02  .10800801E-01
  .37797292E+02  .11223067E-01
  .38355549E+02  .12364349E-01
  .39037621E+02  .13975653E-01
  .39896573E+02  .15718973E-01
  .41102788E+02  .19224561E-01
  .43085637E+02  .27489092E-01
  .45034698E+02  .35218728E-01
  .47498093E+02  .58578854E-01
  .49372225E+02  .78214582E-01
lm1s 3
  .72912565E+01  .13008479E-01
  .76233720E+01  .10215383E-01
  .81299775E+01  .72603619E-02
  .85535834E+01  .56072866E-02
  .90255950E+01  .43779137E-02
  .93290026E+01  .40980252E-02
  .95632270E+01  .36512433E-02
  .97521597E+01  .32430435E-02
  .99162293E+01  .30011510E-02
  .10056406E+02  .30279261E-02
  .10183340E+02  .29426223E-02
  .10298152E+02  .28515524E-02
  .10404461E+02  .28755677E-02
  .10831288E+02  .26021737E-02
  .11159474E+02  .23547360E-02
  .11431683E+02  .23069500E-02
  .11666695E+02  .21489602E-02
  .11873497E+02  .20461919E-02
  .12062319E+02  .20080403E-02
  .12235024E+02  .19210403E-02
  .12395755E+02  .18711022E-02
  .12544759E+02  .18251068E-02
  .12685743E+02  .18001891E-02
  .12819963E+02  .18417223E-02
  .12946284E+02  .18648582E-02
  .13067403E+02  .18465534E-02
  .13183829E+02  .18068718E-02
  .13295582E+02  .18021596E-02
  .13403016E+02  .17762044E-02
  .13506322E+02  .17672037E-02
  .13608083E+02  .17391485E-02
  .13706680E+02  .17473705E-02
  .13802434E+02  .17300305E-02
  .13896263E+02  .17163126E-02
  .13986405E+02  .17322276E-02
  .14075253E+02  .17677624E-02
  .14161956E+02  .17307234E-02
  .14246960E+02  .16974110E-02
  .14330797E+02  .16607325E-02
  .14412127E+02  .16182760E-02
  .14492890E+02  .15965477E-02
  .14571810E+02  .15985512E-02
  .14650068E+02  .15629257E-02
  .14727314E+02  .15676247E-02
  .14802636E+02  .15829118E-02
  .14876748E+02  .15848145E-02
  .14949958E+02  .15993516E-02
  .15022660E+02  .15699929E-02
  .15094469E+02  .15773061E-02
  .15165510E+02  .15856635E-02
  .15236205E+02  .16017621E-02
  .15305828E+02  .15997581E-02
  .15374347E+02  .16283906E-02
  .15442597E+02  .16027589E-02
  .15509319E+02  .16011397E-02
  .15576376E+02  .15953395E-02
  .15643261E+02  .15980149E-02
  .15709260E+02  .15891659E-02
  .15774367E+02  .15582279E-02
  .15839288E+02  .15753321E-02
  .15903908E+02  .15806156E-02
  .15968099E+02  .15494765E-02
  .16031748E+02  .15738142E-02
  .16095245E+02  .15769205E-02
  .16157825E+02  .15681127E-02
  .16220595E+02  .15754372E-02
  .16282786E+02  .15766064E-02
  .16344671E+02  .15855980E-02
  .16406538E+02  .15965538E-02
  .16467575E+02  .16154318E-02
  .16528549E+02  .15872843E-02
  .16589527E+02  .16154127E-02
  .16649760E+02  .16146384E-02
  .16710041E+02  .16276195E-02
  .16770240E+02  .16157655E-02
  .16829865E+02  .16093402E-02
  .16890425E+02  .16011279E-02
  .16950432E+02  .16085819E-02
  .17010131E+02  .16253473E-02
  .17069148E+02  .16074944E-02
  .17128566E+02  .16305050E-02
  .17187366E+02  .16557822E-02
  .17246206E+02  .16617869E-02
  .17304948E+02  .16799563E-02
  .17363572E+02  .16893379E-02
  .17422174E+02  .16831176E-02
  .17481011E+02  .16918391E-02
  .17539767E+02  .16739927E-02
  .17598234E+02  .16973220E-02
  .17657120E+02  .16951153E-02
  .17715498E+02  .17147436E-02
  .17774174E+02  .17269131E-02
  .17832447E+02  .17366096E-02
  .17891093E+02  .17221432E-02
  .17949623E+02  .17175135E-02
  .18008318E+02  .17570235E-02
  .18067488E+02  .17425614E-02
  .18126031E+02  .17096184E-02
  .18184819E+02  .17259349E-02
  .18244251E+02  .17130557E-02
  .18303586E+02  .17293956E-02
  .18362574E+02  .17923260E-02
  .18422151E+02  .17615991E-02
  .18481571E+02  .17794308E-02
  .18541094E+02  .17938273E-02
  .18600270E+02  .18034940E-02
  .18660241E+02  .18186808E-02
  .18720066E+02  .18400662E-02
  .18780216E+02  .18439488E-02
  .18840428E+02  .18472959E-02
  .18900863E+02  .18472886E-02
  .18961396E+02  .18836957E-02
  .19022041E+02  .18989169E-02
  .19083221E+02  .19015566E-02
  .19144672E+02  .19036335E-02
  .19205984E+02  .19252416E-02
  .19267741E+02  .19188167E-02
  .19329751E+02  .19335730E-02
  .19392101E+02  .19357497E-02
  .19454517E+02  .19424283E-02
  .19516960E+02  .19212951E-02
  .19579736E+02  .19287687E-02
  .19642660E+02  .19119081E-02
  .19705788E+02  .19175922E-02
  .19769544E+02  .19344995E-02
  .19833776E+02  .19147695E-02
  .19898298E+02  .18929646E-02
  .19963297E+02  .19166996E-02
  .20028823E+02  .19445651E-02
  .20094427E+02  .19419096E-02
  .20160265E+02  .19568875E-02
  .20226701E+02  .19802667E-02
  .20293473E+02  .19844320E-02
  .20361743E+02  .19733440E-02
  .20429729E+02  .19695885E-02
  .20498216E+02  .19907780E-02
  .20567247E+02  .19938385E-02
  .20636457E+02  .20232450E-02
  .20706127E+02  .20374159E-02
  .20776783E+02  .20448819E-02
  .20848038E+02  .20671803E-02
  .20919693E+02  .21162190E-02
  .20992079E+02  .21488198E-02
  .21065250E+02  .21891113E-02
  .21138760E+02  .21992632E-02
  .21213267E+02  .22086014E-02
  .21288430E+02  .22044167E-02
  .21364444E+02  .22083130E-02
  .21441022E+02  .22167041E-02
  .21518240E+02  .22206294E-02
  .21596196E+02  .22508948E-02
  .21675843E+02  .22931644E-02
  .21755391E+02  .23232739E-02
  .21835942E+02  .23697298E-02
  .21917839E+02  .23625070E-02
  .22000767E+02  .23770636E-02
  .22084722E+02  .23895466E-02
  .22169995E+02  .23779402E-02
  .22256189E+02  .24255323E-02
  .22343838E+02  .24497137E-02
  .22432535E+02  .24482867E-02
  .22522050E+02  .24638284E-02
  .22612677E+02  .24768865E-02
  .22706195E+02  .25082973E-02
  .22800457E+02  .25273945E-02
  .22896018E+02  .25605962E-02
  .22993035E+02  .26109606E-02
  .23091661E+02  .25799902E-02
  .23191889E+02  .26285622E-02
  .23294505E+02  .26441861E-02
  .23398987E+02  .27196093E-02
  .23504864E+02  .27297842E-02
  .23613571E+02  .27707838E-02
  .23723953E+02  .28315455E-02
  .23837384E+02  .28948532E-02
  .23952797E+02  .29045414E-02
  .24070316E+02  .28631676E-02
  .24190271E+02  .28787595E-02
  .24313949E+02  .29198974E-02
  .24440284E+02  .30149143E-02
  .24570924E+02  .30458277E-02
  .24704156E+02  .30352373E-02
  .24841438E+02  .30840723E-02
  .24983074E+02  .31750256E-02
  .25129163E+02  .32614786E-02
  .25279718E+02  .32691993E-02
  .25435401E+02  .33237778E-02
  .25596717E+02  .34240139E-02
  .25764963E+02  .34572932E-02
  .25939844E+02  .35561274E-02
  .26121558E+02  .35409386E-02
  .26311017E+02  .36275074E-02
  .26508660E+02  .36974809E-02
  .26717906E+02  .38167493E-02
  .26937296E+02  .39952592E-02
  .27169471E+02  .41415171E-02
  .27415579E+02  .42436833E-02
  .27677393E+02  .43555330E-02
  .27958827E+02  .45083656E-02
  .28260856E+02  .46906007E-02
  .28587286E+02  .49243761E-02
  .28947307E+02  .51457536E-02
  .29339176E+02  .53899428E-02
  .29782185E+02  .56829229E-02
  .30294946E+02  .59632533E-02
  .30884954E+02  .65527348E-02
  .31594944E+02  .71067199E-02
  .32491055E+02  .79514933E-02
  .33734538E+02  .93455995E-02
  .34051767E+02  .97464437E-02
  .34405406E+02  .10300469E-01
  .34809220E+02  .11149058E-01
  .35277264E+02  .11847366E-01
  .35813840E+02  .12465370E-01
  .36465822E+02  .13332073E-01
  .37310009E+02  .15235698E-01
  .38490188E+02  .17822194E-01
  .40416848E+02  .24731550E-01
  .42319577E+02  .33942534E-01
  .44865529E+02  .56758070E-01
  .46663950E+02  .75237457E-01
lm2s 3
  .92841203E+01  .15740700E-01
  .96510169E+01  .13007019E-01
  .10215072E+02  .89275921E-02
  .10697341E+02  .67664011E-02
  .11234424E+02  .56638544E-02
  .11578245E+02  .47284974E-02
  .11836181E+02  .42175538E-02
  .12047111E+02  .39450063E-02
  .12223110E+02  .38183849E-02
  .12377996E+02  .36427408E-02
  .12519544E+02  .36243329E-02
  .12644828E+02  .35073000E-02
  .12759755E+02  .33035614E-02
  .13225028E+02  .30329397E-02
  .13584885E+02  .26931583E-02
  .13884935E+02  .25669257E-02
  .14141884E+02  .24916255E-02
  .14369406E+02  .23766821E-02
  .14573958E+02  .24248670E-02
  .14762081E+02  .24407796E-02
  .14935985E+02  .24202669E-02
  .15097968E+02  .22666089E-02
  .15250656E+02  .21639121E-02
  .15395046E+02  .21285636E-02
  .15532710E+02  .20853323E-02
  .15663596E+02  .20519333E-02
  .15789514E+02  .20068016E-02
  .15910779E+02  .20257456E-02
  .16027837E+02  .19951520E-02
  .16141064E+02  .20124440E-02
  .16250372E+02  .20088456E-02
  .16356921E+02  .20080984E-02
  .16459291E+02  .19738540E-02
  .16559808E+02  .19819379E-02
  .16657671E+02  .19423917E-02
  .16753728E+02  .19366745E-02
  .16847888E+02  .19243435E-02
  .16939309E+02  .19653546E-02
  .17028765E+02  .19718291E-02
  .17117274E+02  .19444789E-02
  .17203983E+02  .19673128E-02
  .17289104E+02  .19748030E-02
  .17373290E+02  .20050775E-02
  .17455797E+02  .20251209E-02
  .17537416E+02  .20286053E-02
  .17617821E+02  .20042266E-02
  .17697307E+02  .20090570E-02
  .17774965E+02  .20422425E-02
  .17852127E+02  .20329571E-02
  .17928669E+02  .20110168E-02
  .18003716E+02  .19784110E-02
  .18078989E+02  .19985929E-02
  .18153042E+02  .19957729E-02
  .18226290E+02  .19576403E-02
  .18298070E+02  .19760077E-02
  .18369328E+02  .19724032E-02
  .18440872E+02  .19527850E-02
  .18511841E+02  .19198282E-02
  .18582060E+02  .19080553E-02
  .18651048E+02  .19007880E-02
  .18719667E+02  .18995522E-02
  .18788674E+02  .18844950E-02
  .18856792E+02  .18849481E-02
  .18924562E+02  .19038747E-02
  .18991540E+02  .18970784E-02
  .19058393E+02  .18942631E-02
  .19124457E+02  .18997017E-02
  .19190180E+02  .18747712E-02
  .19256359E+02  .18732747E-02
  .19321713E+02  .18998254E-02
  .19386981E+02  .19115646E-02
  .19451495E+02  .19285968E-02
  .19516378E+02  .19176780E-02
  .19580731E+02  .18917198E-02
  .19644899E+02  .18794207E-02
  .19708552E+02  .18820193E-02
  .19772253E+02  .18800485E-02
  .19835933E+02  .18750129E-02
  .19899702E+02  .18629079E-02
  .19963455E+02  .18257269E-02
  .20027137E+02  .18216964E-02
  .20089643E+02  .17988198E-02
  .20152257E+02  .17960483E-02
  .20214784E+02  .17870335E-02
  .20277773E+02  .17910627E-02
  .20340823E+02  .17781235E-02
  .20403551E+02  .17738870E-02
  .20466247E+02  .17994517E-02
  .20529065E+02  .18102854E-02
  .20591990E+02  .18276952E-02
  .20654416E+02  .18640653E-02
  .20716796E+02  .18740679E-02
  .20779142E+02  .18668475E-02
  .20841484E+02  .18794404E-02
  .20903738E+02  .18970587E-02
  .20966758E+02  .18543967E-02
  .21029429E+02  .18509717E-02
  .21092145E+02  .18758630E-02
  .21154571E+02  .18781337E-02
  .21217587E+02  .19116018E-02
  .21280578E+02  .18763720E-02
  .21343500E+02  .19134811E-02
  .21406426E+02  .19197336E-02
  .21469590E+02  .19128792E-02
  .21532431E+02  .19549971E-02
  .21594976E+02  .19690562E-02
  .21658768E+02  .19861367E-02
  .21722396E+02  .19763222E-02
  .21786444E+02  .19995993E-02
  .21850276E+02  .20314187E-02
  .21914130E+02  .20690006E-02
  .21978652E+02  .20772308E-02
  .22043456E+02  .20872042E-02
  .22108043E+02  .21011219E-02
  .22173420E+02  .21210917E-02
  .22238564E+02  .21369414E-02
  .22304643E+02  .21195663E-02
  .22370136E+02  .21459532E-02
  .22435835E+02  .21550397E-02
  .22502015E+02  .21396998E-02
  .22568504E+02  .21623191E-02
  .22635782E+02  .21886508E-02
  .22702966E+02  .22164175E-02
  .22770450E+02  .22106365E-02
  .22838213E+02  .22220745E-02
  .22906324E+02  .22324818E-02
  .22974795E+02  .22266724E-02
  .23043634E+02  .22321417E-02
  .23112624E+02  .22286667E-02
  .23182399E+02  .22467681E-02
  .23252765E+02  .22443883E-02
  .23323355E+02  .22853456E-02
  .23394789E+02  .22950887E-02
  .23465982E+02  .22978236E-02
  .23537523E+02  .23526979E-02
  .23609883E+02  .23574100E-02
  .23682724E+02  .23448582E-02
  .23755549E+02  .23259695E-02
  .23829521E+02  .23629331E-02
  .23904130E+02  .23425991E-02
  .23979093E+02  .23566799E-02
  .24055152E+02  .23888080E-02
  .24131422E+02  .23989453E-02
  .24209018E+02  .24005266E-02
  .24286433E+02  .24082903E-02
  .24364782E+02  .23995980E-02
  .24443984E+02  .24112471E-02
  .24524327E+02  .24262545E-02
  .24604692E+02  .23967901E-02
  .24686685E+02  .23863813E-02
  .24769651E+02  .23839902E-02
  .24853125E+02  .24245208E-02
  .24937919E+02  .23990445E-02
  .25023265E+02  .24183854E-02
  .25109671E+02  .24582531E-02
  .25197204E+02  .25265340E-02
  .25286459E+02  .25366329E-02
  .25376323E+02  .25656503E-02
  .25467299E+02  .25668429E-02
  .25558710E+02  .25814441E-02
  .25651579E+02  .25980037E-02
  .25747098E+02  .26107388E-02
  .25843441E+02  .26063625E-02
  .25940576E+02  .26220823E-02
  .26039272E+02  .26402981E-02
  .26139503E+02  .26084279E-02
  .26242641E+02  .26713402E-02
  .26347440E+02  .26923541E-02
  .26454027E+02  .27097308E-02
  .26561844E+02  .27375154E-02
  .26671776E+02  .27738727E-02
  .26783423E+02  .27648997E-02
  .26897728E+02  .28067761E-02
  .27014831E+02  .28122797E-02
  .27134329E+02  .28282119E-02
  .27255879E+02  .28096980E-02
  .27380912E+02  .28550406E-02
  .27507549E+02  .28998960E-02
  .27637644E+02  .29327674E-02
  .27771969E+02  .30450427E-02
  .27909697E+02  .31644980E-02
  .28050551E+02  .31998821E-02
  .28194815E+02  .32676096E-02
  .28344437E+02  .33183023E-02
  .28497413E+02  .33381105E-02
  .28656077E+02  .34219275E-02
  .28820455E+02  .34611522E-02
  .28991803E+02  .35319405E-02
  .29167421E+02  .35771132E-02
  .29349122E+02  .36382344E-02
  .29539145E+02  .36691928E-02
  .29737472E+02  .38042538E-02
  .29944561E+02  .39252419E-02
  .30164384E+02  .40211693E-02
  .30394424E+02  .40759697E-02
  .30635553E+02  .42131716E-02
  .30893941E+02  .42549457E-02
  .31167307E+02  .43031840E-02
  .31459444E+02  .43841206E-02
  .31776541E+02  .45990798E-02
  .32117130E+02  .48781841E-02
  .32490205E+02  .51622240E-02
  .32906129E+02  .53189940E-02
  .33369769E+02  .57960780E-02
  .33896918E+02  .61507038E-02
  .34508728E+02  .66514965E-02
  .35249082E+02  .71791759E-02
  .36185990E+02  .80924078E-02
  .37489232E+02  .94039853E-02
  .37822983E+02  .10092829E-01
  .38188715E+02  .10502029E-01
  .38601119E+02  .10960624E-01
  .39075902E+02  .11304926E-01
  .39641983E+02  .12113624E-01
  .40319883E+02  .12853802E-01
  .41180453E+02  .15468963E-01
  .42359945E+02  .19282124E-01
  .44378440E+02  .26515408E-01
  .46352208E+02  .36877817E-01
  .48891322E+02  .53244590E-01
  .50756382E+02  .72604487E-01
tr0  2
  .10376503E+02  .18837375E-01
  .10897832E+02  .15323375E-01
  .11657430E+02  .11397617E-01
  .12300762E+02  .84236137E-02
  .13037227E+02  .63960551E-02
  .13502608E+02  .56841897E-02
  .13854193E+02  .52011830E-02
  .14140797E+02  .50199553E-02
  .14383256E+02  .46180476E-02
  .14597894E+02  .44926389E-02
  .14786057E+02  .41943169E-02
  .14958635E+02  .42651495E-02
  .15115532E+02  .43379189E-02
  .15759022E+02  .38496171E-02
  .16257292E+02  .36145364E-02
  .16666033E+02  .34421088E-02
  .17017365E+02  .30946959E-02
  .17328927E+02  .30497001E-02
  .17610416E+02  .29428642E-02
  .17867681E+02  .27181590E-02
  .18106398E+02  .26786008E-02
  .18327769E+02  .26931594E-02
  .18536179E+02  .26381812E-02
  .18733018E+02  .25413268E-02
  .18919928E+02  .25463108E-02
  .19099653E+02  .25079666E-02
  .19272582E+02  .25335814E-02
  .19437264E+02  .24957720E-02
  .19595406E+02  .24888276E-02
  .19748337E+02  .25151569E-02
  .19895588E+02  .24810712E-02
  .20038932E+02  .24712262E-02
  .20178225E+02  .24996228E-02
  .20314311E+02  .25153692E-02
  .20446620E+02  .25225313E-02
  .20576009E+02  .25164534E-02
  .20702272E+02  .25050986E-02
  .20826339E+02  .25072939E-02
  .20947233E+02  .24686342E-02
  .21066844E+02  .24141856E-02
  .21183703E+02  .23999594E-02
  .21299231E+02  .23588956E-02
  .21412487E+02  .23899640E-02
  .21523385E+02  .23521064E-02
  .21632501E+02  .23978394E-02
  .21740479E+02  .23690710E-02
  .21846983E+02  .24024892E-02
  .21951642E+02  .24033160E-02
  .22054772E+02  .23778644E-02
  .22157856E+02  .24084381E-02
  .22258518E+02  .24044021E-02
  .22358206E+02  .23533576E-02
  .22457131E+02  .23204778E-02
  .22554977E+02  .23466424E-02
  .22652104E+02  .23277566E-02
  .22747464E+02  .22740987E-02
  .22842663E+02  .22748463E-02
  .22937163E+02  .22941727E-02
  .23030378E+02  .22759107E-02
  .23123858E+02  .22665384E-02
  .23215597E+02  .22111282E-02
  .23307163E+02  .22288836E-02
  .23398318E+02  .21933903E-02
  .23488879E+02  .21976469E-02
  .23578061E+02  .22085177E-02
  .23666792E+02  .22695134E-02
  .23755182E+02  .22234107E-02
  .23842809E+02  .22244500E-02
  .23930137E+02  .21788966E-02
  .24017313E+02  .21650526E-02
  .24103454E+02  .21416621E-02
  .24189408E+02  .21152759E-02
  .24275148E+02  .21358953E-02
  .24360514E+02  .21202956E-02
  .24445872E+02  .21434063E-02
  .24530299E+02  .21498486E-02
  .24614731E+02  .21573126E-02
  .24699088E+02  .21444080E-02
  .24782801E+02  .21637256E-02
  .24866108E+02  .21710485E-02
  .24949913E+02  .21626685E-02
  .25033113E+02  .21819783E-02
  .25116254E+02  .21984088E-02
  .25198452E+02  .21659708E-02
  .25281942E+02  .21706514E-02
  .25364689E+02  .21830459E-02
  .25446953E+02  .21738950E-02
  .25529221E+02  .21956390E-02
  .25611078E+02  .21869353E-02
  .25693787E+02  .21820251E-02
  .25775559E+02  .21817616E-02
  .25857884E+02  .21844592E-02
  .25940012E+02  .21695931E-02
  .26021845E+02  .22003015E-02
  .26103445E+02  .21950336E-02
  .26185485E+02  .22271683E-02
  .26267481E+02  .22083737E-02
  .26349371E+02  .22487979E-02
  .26430879E+02  .22685689E-02
  .26513356E+02  .22552593E-02
  .26595695E+02  .22265261E-02
  .26677451E+02  .22772195E-02
  .26759626E+02  .22590478E-02
  .26842039E+02  .22380410E-02
  .26924670E+02  .22549112E-02
  .27007113E+02  .22603441E-02
  .27089960E+02  .22812565E-02
  .27172563E+02  .22592967E-02
  .27255578E+02  .22899517E-02
  .27338790E+02  .22574027E-02
  .27422256E+02  .23098798E-02
  .27506197E+02  .23014970E-02
  .27589846E+02  .23155265E-02
  .27674007E+02  .23518819E-02
  .27758553E+02  .23951175E-02
  .27843551E+02  .24004392E-02
  .27928616E+02  .24273465E-02
  .28013453E+02  .24281888E-02
  .28097949E+02  .24346742E-02
  .28183606E+02  .24500157E-02
  .28269559E+02  .24233365E-02
  .28356159E+02  .24602079E-02
  .28442689E+02  .24852782E-02
  .28529903E+02  .24799997E-02
  .28617357E+02  .24809612E-02
  .28705526E+02  .24622511E-02
  .28793765E+02  .24718663E-02
  .28882540E+02  .24735003E-02
  .28972445E+02  .24865443E-02
  .29062673E+02  .24769237E-02
  .29152140E+02  .25020504E-02
  .29243051E+02  .24563322E-02
  .29334969E+02  .24889527E-02
  .29426422E+02  .25188697E-02
  .29518928E+02  .25630662E-02
  .29612102E+02  .25783537E-02
  .29705782E+02  .26005126E-02
  .29798948E+02  .25593633E-02
  .29893772E+02  .25455731E-02
  .29989039E+02  .25711912E-02
  .30085104E+02  .25863953E-02
  .30181882E+02  .25751448E-02
  .30279979E+02  .25752721E-02
  .30378312E+02  .26017095E-02
  .30476867E+02  .25558296E-02
  .30576309E+02  .25050299E-02
  .30677873E+02  .25181833E-02
  .30780944E+02  .25184597E-02
  .30883344E+02  .25469615E-02
  .30987209E+02  .25685396E-02
  .31091907E+02  .25612443E-02
  .31197937E+02  .25677351E-02
  .31305347E+02  .25978165E-02
  .31414262E+02  .25973970E-02
  .31523894E+02  .26069727E-02
  .31634499E+02  .25851046E-02
  .31747240E+02  .26318756E-02
  .31860567E+02  .26352985E-02
  .31975581E+02  .26312917E-02
  .32092444E+02  .26538487E-02
  .32209566E+02  .27138179E-02
  .32328994E+02  .27418166E-02
  .32450514E+02  .27970302E-02
  .32572959E+02  .28123998E-02
  .32697486E+02  .28935078E-02
  .32822722E+02  .28641092E-02
  .32951857E+02  .28880466E-02
  .33082652E+02  .29051480E-02
  .33215393E+02  .29382824E-02
  .33349753E+02  .30491683E-02
  .33485478E+02  .30685332E-02
  .33625058E+02  .31230504E-02
  .33767009E+02  .31536019E-02
  .33912237E+02  .32165259E-02
  .34060180E+02  .32401237E-02
  .34211372E+02  .32517506E-02
  .34367394E+02  .33563509E-02
  .34525207E+02  .33520879E-02
  .34687748E+02  .33567901E-02
  .34853395E+02  .34508410E-02
  .35024947E+02  .35302506E-02
  .35199123E+02  .35644359E-02
  .35378169E+02  .36105348E-02
  .35562775E+02  .37472684E-02
  .35752713E+02  .39418516E-02
  .35948473E+02  .39180143E-02
  .36150815E+02  .39943483E-02
  .36360225E+02  .40717596E-02
  .36576160E+02  .40850942E-02
  .36801906E+02  .40982598E-02
  .37034830E+02  .42297940E-02
  .37278722E+02  .43058770E-02
  .37532234E+02  .44185991E-02
  .37798262E+02  .46157179E-02
  .38079749E+02  .46126888E-02
  .38377256E+02  .46854504E-02
  .38691690E+02  .48567969E-02
  .39024768E+02  .48626525E-02
  .39381148E+02  .49307424E-02
  .39762231E+02  .50570514E-02
  .40174411E+02  .52560142E-02
  .40623371E+02  .54061736E-02
  .41121651E+02  .57054222E-02
  .41680925E+02  .59447866E-02
  .42314873E+02  .64094139E-02
  .43048203E+02  .72198589E-02
  .43924300E+02  .78405315E-02
  .45038816E+02  .88615315E-02
  .46572998E+02  .10613398E-01
  .46969429E+02  .11561368E-01
  .47403076E+02  .11956200E-01
  .47887219E+02  .12718813E-01
  .48449893E+02  .13440416E-01
  .49108031E+02  .14198068E-01
  .49888977E+02  .15071365E-01
  .50900859E+02  .18705557E-01
  .52275095E+02  .22725112E-01
  .54552346E+02  .28562619E-01
  .56819528E+02  .39374964E-01
  .59759937E+02  .62746617E-01
  .61877447E+02  .87622247E-01
tr1  3
  .14589488E+02  .22817579E-01
  .15207531E+02  .18395706E-01
  .16097866E+02  .13762362E-01
  .16885306E+02  .10921305E-01
  .17743045E+02  .83487743E-02
  .18295760E+02  .73506514E-02
  .18709135E+02  .65982048E-02
  .19050989E+02  .59997812E-02
  .19337701E+02  .58059363E-02
  .19590795E+02  .56735805E-02
  .19811475E+02  .56924441E-02
  .20014987E+02  .53087172E-02
  .20196803E+02  .50344487E-02
  .20936170E+02  .43712897E-02
  .21508207E+02  .40079002E-02
  .21979656E+02  .38948792E-02
  .22384764E+02  .37712836E-02
  .22741485E+02  .36371896E-02
  .23063893E+02  .34659358E-02
  .23356740E+02  .34654149E-02
  .23626888E+02  .34017462E-02
  .23879592E+02  .33991465E-02
  .24117923E+02  .33428081E-02
  .24340192E+02  .32161711E-02
  .24553656E+02  .31390471E-02
  .24756100E+02  .30434401E-02
  .24951053E+02  .29597605E-02
  .25136576E+02  .29270809E-02
  .25315612E+02  .29201455E-02
  .25488671E+02  .29551271E-02
  .25657072E+02  .28928475E-02
  .25819799E+02  .28247458E-02
  .25977606E+02  .27726360E-02
  .26130984E+02  .27627838E-02
  .26281296E+02  .27223439E-02
  .26427518E+02  .26757295E-02
  .26570773E+02  .26574627E-02
  .26709969E+02  .26292954E-02
  .26846969E+02  .26094579E-02
  .26980540E+02  .25561599E-02
  .27112230E+02  .25878034E-02
  .27241134E+02  .26320632E-02
  .27366766E+02  .26733936E-02
  .27491390E+02  .27135505E-02
  .27614633E+02  .26938140E-02
  .27734570E+02  .26768226E-02
  .27853084E+02  .26585836E-02
  .27969980E+02  .26488160E-02
  .28085223E+02  .26752119E-02
  .28199570E+02  .26602464E-02
  .28312116E+02  .26826945E-02
  .28423986E+02  .27086926E-02
  .28534085E+02  .27043410E-02
  .28644047E+02  .26369028E-02
  .28752237E+02  .26287360E-02
  .28858878E+02  .26329996E-02
  .28964873E+02  .26135117E-02
  .29070298E+02  .26296464E-02
  .29174544E+02  .25977540E-02
  .29277641E+02  .25752813E-02
  .29380481E+02  .26163536E-02
  .29481788E+02  .26156893E-02
  .29582531E+02  .26503632E-02
  .29682638E+02  .26871096E-02
  .29781932E+02  .26901305E-02
  .29881702E+02  .27198073E-02
  .29979761E+02  .27752122E-02
  .30078053E+02  .27619518E-02
  .30175951E+02  .27546003E-02
  .30271919E+02  .27889004E-02
  .30368957E+02  .27754652E-02
  .30464452E+02  .27726154E-02
  .30559094E+02  .27554198E-02
  .30653069E+02  .27516055E-02
  .30747512E+02  .27244326E-02
  .30841490E+02  .26867249E-02
  .30934090E+02  .27088088E-02
  .31027699E+02  .27051931E-02
  .31120953E+02  .27173002E-02
  .31214038E+02  .27176534E-02
  .31306467E+02  .27262819E-02
  .31398948E+02  .27202228E-02
  .31491255E+02  .26644374E-02
  .31583234E+02  .26435040E-02
  .31675627E+02  .26564431E-02
  .31766595E+02  .26296275E-02
  .31856942E+02  .26271435E-02
  .31948487E+02  .25931029E-02
  .32039231E+02  .26135340E-02
  .32130007E+02  .25994443E-02
  .32220667E+02  .25463526E-02
  .32311163E+02  .25005930E-02
  .32400907E+02  .25371770E-02
  .32491514E+02  .25149394E-02
  .32581674E+02  .25422768E-02
  .32672000E+02  .25333719E-02
  .32761767E+02  .25326503E-02
  .32851504E+02  .25180385E-02
  .32942539E+02  .25722531E-02
  .33033017E+02  .25703704E-02
  .33123662E+02  .26027051E-02
  .33214888E+02  .26091246E-02
  .33305362E+02  .25855117E-02
  .33396313E+02  .25921153E-02
  .33486837E+02  .26262670E-02
  .33577889E+02  .26383375E-02
  .33669226E+02  .26704327E-02
  .33760217E+02  .26489404E-02
  .33850908E+02  .26535446E-02
  .33942260E+02  .27136618E-02
  .34033393E+02  .27436715E-02
  .34125199E+02  .27678617E-02
  .34217271E+02  .28127758E-02
  .34309368E+02  .28378175E-02
  .34401391E+02  .28171951E-02
  .34493946E+02  .28187133E-02
  .34587042E+02  .28296456E-02
  .34679959E+02  .28193272E-02
  .34773310E+02  .28330978E-02
  .34868325E+02  .28078951E-02
  .34962747E+02  .28116428E-02
  .35057036E+02  .28636310E-02
  .35152007E+02  .29056724E-02
  .35247681E+02  .28909379E-02
  .35343837E+02  .29137184E-02
  .35440082E+02  .29196838E-02
  .35536980E+02  .29341918E-02
  .35634313E+02  .29473686E-02
  .35731098E+02  .29489920E-02
  .35828375E+02  .29377187E-02
  .35927277E+02  .29527044E-02
  .36027093E+02  .29800111E-02
  .36127283E+02  .29883666E-02
  .36227483E+02  .29711358E-02
  .36328063E+02  .30204743E-02
  .36429167E+02  .30533952E-02
  .36531717E+02  .30874302E-02
  .36634422E+02  .31151142E-02
  .36737884E+02  .31225200E-02
  .36842717E+02  .31386124E-02
  .36947686E+02  .31864561E-02
  .37053894E+02  .31980411E-02
  .37160896E+02  .32243738E-02
  .37268185E+02  .32508867E-02
  .37376045E+02  .32954856E-02
  .37484461E+02  .32888816E-02
  .37594585E+02  .32984315E-02
  .37705687E+02  .33513373E-02
  .37818367E+02  .33711664E-02
  .37931719E+02  .33719985E-02
  .38045979E+02  .34426221E-02
  .38162000E+02  .34289588E-02
  .38278403E+02  .34782470E-02
  .38396361E+02  .34624700E-02
  .38515730E+02  .34804595E-02
  .38636323E+02  .34910787E-02
  .38758775E+02  .35229205E-02
  .38881375E+02  .35730505E-02
  .39006754E+02  .36208319E-02
  .39133361E+02  .36438270E-02
  .39261325E+02  .36660318E-02
  .39392000E+02  .37235451E-02
  .39523355E+02  .37378880E-02
  .39657459E+02  .37765476E-02
  .39793473E+02  .37837842E-02
  .39930802E+02  .38198364E-02
  .40070622E+02  .38075595E-02
  .40212684E+02  .38141372E-02
  .40356305E+02  .38699788E-02
  .40502646E+02  .38891720E-02
  .40652079E+02  .39452016E-02
  .40803994E+02  .39564081E-02
  .40959251E+02  .40782426E-02
  .41117167E+02  .40710859E-02
  .41276771E+02  .40359116E-02
  .41439747E+02  .41058127E-02
  .41607909E+02  .40838721E-02
  .41779860E+02  .41496289E-02
  .41954527E+02  .41425127E-02
  .42134704E+02  .40815849E-02
  .42318310E+02  .41543691E-02
  .42506823E+02  .42958270E-02
  .42700732E+02  .43490360E-02
  .42901417E+02  .43934602E-02
  .43106583E+02  .44479290E-02
  .43319419E+02  .45562838E-02
  .43537893E+02  .46321402E-02
  .43765359E+02  .47501980E-02
  .43999320E+02  .48762814E-02
  .44242541E+02  .49260253E-02
  .44493008E+02  .49965718E-02
  .44754456E+02  .50815947E-02
  .45028582E+02  .51395741E-02
  .45312995E+02  .52065668E-02
  .45613676E+02  .52080173E-02
  .45929191E+02  .53349216E-02
  .46265861E+02  .53133451E-02
  .46623302E+02  .55329198E-02
  .47002274E+02  .56821437E-02
  .47413723E+02  .58924673E-02
  .47855951E+02  .61095406E-02
  .48339034E+02  .63860620E-02
  .48869305E+02  .68426118E-02
  .49467358E+02  .70528515E-02
  .50145179E+02  .75019103E-02
  .50933280E+02  .80930770E-02
  .51872525E+02  .86677094E-02
  .53053519E+02  .95970913E-02
  .54684096E+02  .11566026E-01
  .55096181E+02  .11879618E-01
  .55556203E+02  .12350643E-01
  .56076554E+02  .13229382E-01
  .56665540E+02  .13973356E-01
  .57360030E+02  .14674484E-01
  .58180582E+02  .16057896E-01
  .59237643E+02  .18988460E-01
  .60692163E+02  .22025243E-01
  .63119462E+02  .30843314E-01
  .65473644E+02  .41258620E-01
  .68566917E+02  .62471038E-01
  .70747098E+02  .85061079E-01
tr2  2
  .18649898E+02  .28525471E-01
  .19384018E+02  .21284567E-01
  .20457783E+02  .15126835E-01
  .21349877E+02  .12056954E-01
  .22334984E+02  .91025217E-02
  .22962418E+02  .79212977E-02
  .23430083E+02  .71255776E-02
  .23808485E+02  .65305164E-02
  .24130770E+02  .62418461E-02
  .24413585E+02  .58946890E-02
  .24665586E+02  .56124620E-02
  .24887807E+02  .55195962E-02
  .25096111E+02  .52914449E-02
  .25937077E+02  .50903343E-02
  .26578429E+02  .47340711E-02
  .27101962E+02  .44155534E-02
  .27553162E+02  .42158262E-02
  .27953603E+02  .40995325E-02
  .28310912E+02  .38876408E-02
  .28640926E+02  .37548030E-02
  .28943811E+02  .36701919E-02
  .29226607E+02  .34347540E-02
  .29490620E+02  .32607355E-02
  .29740414E+02  .31461614E-02
  .29976951E+02  .30798214E-02
  .30202323E+02  .30080251E-02
  .30417874E+02  .30948641E-02
  .30625377E+02  .29956031E-02
  .30822796E+02  .29652465E-02
  .31014886E+02  .29381172E-02
  .31200378E+02  .29599381E-02
  .31380293E+02  .29426226E-02
  .31555181E+02  .28817124E-02
  .31725265E+02  .28636179E-02
  .31889505E+02  .29178728E-02
  .32051498E+02  .29693775E-02
  .32209623E+02  .29704456E-02
  .32362333E+02  .29825591E-02
  .32513536E+02  .29875173E-02
  .32661688E+02  .29166049E-02
  .32807408E+02  .29002069E-02
  .32948494E+02  .29555210E-02
  .33087723E+02  .29415160E-02
  .33224105E+02  .29507032E-02
  .33358983E+02  .29574592E-02
  .33491853E+02  .29424375E-02
  .33622232E+02  .29558083E-02
  .33751920E+02  .29333927E-02
  .33879381E+02  .29514925E-02
  .34006047E+02  .29517199E-02
  .34130191E+02  .29929499E-02
  .34253230E+02  .29374781E-02
  .34374592E+02  .29495462E-02
  .34494582E+02  .29623900E-02
  .34613266E+02  .29950598E-02
  .34730392E+02  .29866949E-02
  .34847103E+02  .30075108E-02
  .34962292E+02  .30610310E-02
  .35076123E+02  .30267300E-02
  .35189161E+02  .30347615E-02
  .35301699E+02  .29856701E-02
  .35413190E+02  .29313762E-02
  .35523816E+02  .28977287E-02
  .35633121E+02  .29037440E-02
  .35742142E+02  .29060696E-02
  .35851648E+02  .28760698E-02
  .35959301E+02  .28981008E-02
  .36066151E+02  .28694583E-02
  .36171793E+02  .28801593E-02
  .36277125E+02  .28457917E-02
  .36382792E+02  .28536523E-02
  .36487775E+02  .28970346E-02
  .36591832E+02  .28740965E-02
  .36695355E+02  .28401870E-02
  .36798704E+02  .28035372E-02
  .36900798E+02  .27988851E-02
  .37003693E+02  .27720543E-02
  .37105125E+02  .27765277E-02
  .37206774E+02  .27566265E-02
  .37307684E+02  .27883289E-02
  .37408414E+02  .28060192E-02
  .37508080E+02  .28370277E-02
  .37608511E+02  .28232717E-02
  .37708839E+02  .28333386E-02
  .37809244E+02  .28184198E-02
  .37909366E+02  .28152157E-02
  .38008508E+02  .27925134E-02
  .38107162E+02  .27676500E-02
  .38205930E+02  .27692497E-02
  .38305305E+02  .28228223E-02
  .38404173E+02  .28270644E-02
  .38502232E+02  .28276997E-02
  .38601357E+02  .28219989E-02
  .38700215E+02  .28054151E-02
  .38798481E+02  .27802620E-02
  .38896653E+02  .27790855E-02
  .38994547E+02  .27833635E-02
  .39092756E+02  .27920026E-02
  .39191192E+02  .27821197E-02
  .39289993E+02  .28405218E-02
  .39388413E+02  .28421163E-02
  .39487379E+02  .28574792E-02
  .39585955E+02  .28483346E-02
  .39684697E+02  .28951604E-02
  .39783310E+02  .28506936E-02
  .39882287E+02  .28735118E-02
  .39981237E+02  .28766636E-02
  .40080722E+02  .28977964E-02
  .40179522E+02  .28930307E-02
  .40278575E+02  .28843841E-02
  .40378395E+02  .28636283E-02
  .40479400E+02  .28602622E-02
  .40579271E+02  .28734592E-02
  .40679583E+02  .28545766E-02
  .40779830E+02  .28893913E-02
  .40879921E+02  .28822553E-02
  .40980221E+02  .29166471E-02
  .41081884E+02  .29618798E-02
  .41183059E+02  .29297394E-02
  .41284829E+02  .29098221E-02
  .41387775E+02  .29064330E-02
  .41489849E+02  .29292974E-02
  .41593440E+02  .29207510E-02
  .41697191E+02  .29245270E-02
  .41801677E+02  .29635756E-02
  .41905818E+02  .29621257E-02
  .42011082E+02  .29564722E-02
  .42116450E+02  .29639218E-02
  .42221891E+02  .29566975E-02
  .42327966E+02  .29842488E-02
  .42435197E+02  .30409794E-02
  .42542384E+02  .30846433E-02
  .42651551E+02  .31230703E-02
  .42760215E+02  .31465086E-02
  .42869647E+02  .31372582E-02
  .42979568E+02  .31579412E-02
  .43089482E+02  .32092738E-02
  .43200655E+02  .31929694E-02
  .43312147E+02  .32253627E-02
  .43425731E+02  .32648780E-02
  .43539417E+02  .31893341E-02
  .43653507E+02  .31859558E-02
  .43768400E+02  .31776653E-02
  .43884653E+02  .31643832E-02
  .44001309E+02  .31802527E-02
  .44120022E+02  .31935299E-02
  .44239442E+02  .31726093E-02
  .44359483E+02  .31710665E-02
  .44480031E+02  .31463852E-02
  .44602314E+02  .31793997E-02
  .44724475E+02  .31556332E-02
  .44848799E+02  .31770697E-02
  .44975826E+02  .31823536E-02
  .45103664E+02  .31777860E-02
  .45232931E+02  .32282008E-02
  .45363719E+02  .32762967E-02
  .45495297E+02  .33058731E-02
  .45628314E+02  .33298872E-02
  .45762809E+02  .33318048E-02
  .45900259E+02  .33966974E-02
  .46038549E+02  .33783780E-02
  .46178165E+02  .34660087E-02
  .46319845E+02  .34875554E-02
  .46464774E+02  .34912068E-02
  .46611918E+02  .36046442E-02
  .46758955E+02  .35967540E-02
  .46910195E+02  .36089266E-02
  .47062708E+02  .36957234E-02
  .47217704E+02  .37133136E-02
  .47375483E+02  .37225786E-02
  .47534701E+02  .38071437E-02
  .47697952E+02  .38125883E-02
  .47864659E+02  .39133927E-02
  .48033050E+02  .39694328E-02
  .48205288E+02  .39268427E-02
  .48381774E+02  .38592554E-02
  .48562185E+02  .39812324E-02
  .48745602E+02  .40390403E-02
  .48932451E+02  .40817589E-02
  .49124828E+02  .41399999E-02
  .49323246E+02  .41948684E-02
  .49525336E+02  .42532224E-02
  .49732142E+02  .42667233E-02
  .49946994E+02  .43333341E-02
  .50166759E+02  .42924775E-02
  .50394535E+02  .45414323E-02
  .50628631E+02  .45898672E-02
  .50870619E+02  .46290966E-02
  .51120230E+02  .47693706E-02
  .51379424E+02  .48938769E-02
  .51650251E+02  .48865647E-02
  .51931321E+02  .48556329E-02
  .52222088E+02  .48345769E-02
  .52528892E+02  .48085149E-02
  .52852419E+02  .48589311E-02
  .53191121E+02  .51420878E-02
  .53550630E+02  .52856454E-02
  .53929040E+02  .53450680E-02
  .54336116E+02  .55637236E-02
  .54771291E+02  .57549260E-02
  .55244806E+02  .58736065E-02
  .55761475E+02  .60961667E-02
  .56333440E+02  .62885736E-02
  .56969163E+02  .67645938E-02
  .57689412E+02  .72792226E-02
  .58532395E+02  .76988136E-02
  .59535577E+02  .87741824E-02
  .60795963E+02  .96936668E-02
  .62520898E+02  .10999997E-01
  .62959457E+02  .11438617E-01
  .63447647E+02  .12248939E-01
  .63992389E+02  .12786445E-01
  .64611520E+02  .13511745E-01
  .65347523E+02  .14340437E-01
  .66234968E+02  .15806692E-01
  .67383684E+02  .18143396E-01
  .68919051E+02  .20248550E-01
  .71477723E+02  .28909168E-01
  .73935675E+02  .38951936E-01
  .77045590E+02  .67931907E-01
  .79537189E+02  .86673266E-01
tr1s 3
  .18091632E+02  .27947023E-01
  .18821864E+02  .20522981E-01
  .19853739E+02  .14491762E-01
  .20727337E+02  .11444929E-01
  .21685963E+02  .93582089E-02
  .22297983E+02  .84058247E-02
  .22765528E+02  .73956525E-02
  .23134093E+02  .71157481E-02
  .23452401E+02  .68260672E-02
  .23729867E+02  .64995950E-02
  .23974811E+02  .60733633E-02
  .24195606E+02  .57314630E-02
  .24398803E+02  .55761488E-02
  .25225478E+02  .51023217E-02
  .25849390E+02  .45310709E-02
  .26368264E+02  .41729085E-02
  .26808674E+02  .40382981E-02
  .27199141E+02  .39583971E-02
  .27551376E+02  .37967867E-02
  .27870047E+02  .37143942E-02
  .28166323E+02  .37076197E-02
  .28443700E+02  .36129073E-02
  .28701692E+02  .34178328E-02
  .28945464E+02  .33028985E-02
  .29176910E+02  .32961913E-02
  .29398181E+02  .33067265E-02
  .29609446E+02  .31657670E-02
  .29813219E+02  .30846543E-02
  .30009259E+02  .30973452E-02
  .30197924E+02  .31152275E-02
  .30380703E+02  .31647281E-02
  .30557595E+02  .30826434E-02
  .30730168E+02  .30480601E-02
  .30898067E+02  .30667449E-02
  .31060323E+02  .30932632E-02
  .31219155E+02  .30919789E-02
  .31372562E+02  .31255981E-02
  .31523045E+02  .30812257E-02
  .31670502E+02  .30690411E-02
  .31816451E+02  .30321731E-02
  .31958576E+02  .29793101E-02
  .32098774E+02  .28927584E-02
  .32235406E+02  .28550153E-02
  .32370365E+02  .28765243E-02
  .32502818E+02  .28713117E-02
  .32633367E+02  .28696403E-02
  .32761550E+02  .28314820E-02
  .32888800E+02  .27173193E-02
  .33014284E+02  .26641975E-02
  .33137767E+02  .26854317E-02
  .33260146E+02  .26669204E-02
  .33381111E+02  .27175918E-02
  .33500366E+02  .27020489E-02
  .33617255E+02  .27261259E-02
  .33733843E+02  .27197191E-02
  .33849517E+02  .27118309E-02
  .33963597E+02  .27614348E-02
  .34076375E+02  .27331551E-02
  .34189717E+02  .27448852E-02
  .34301632E+02  .27252971E-02
  .34412903E+02  .27518591E-02
  .34522225E+02  .27762538E-02
  .34631668E+02  .27664726E-02
  .34739514E+02  .27265786E-02
  .34845941E+02  .27122996E-02
  .34953376E+02  .26939948E-02
  .35059545E+02  .26642365E-02
  .35165423E+02  .26965018E-02
  .35269767E+02  .26855615E-02
  .35373788E+02  .26945701E-02
  .35476771E+02  .26894415E-02
  .35579691E+02  .26557708E-02
  .35682532E+02  .26358428E-02
  .35784744E+02  .26640085E-02
  .35885579E+02  .26570692E-02
  .35986858E+02  .26150609E-02
  .36087807E+02  .26330383E-02
  .36188630E+02  .26031982E-02
  .36289047E+02  .25685628E-02
  .36387792E+02  .25858320E-02
  .36486484E+02  .25599767E-02
  .36585546E+02  .25516819E-02
  .36684668E+02  .25824994E-02
  .36783983E+02  .25786962E-02
  .36881994E+02  .25214293E-02
  .36980801E+02  .24754256E-02
  .37078660E+02  .24618949E-02
  .37175853E+02  .24966149E-02
  .37273624E+02  .25099961E-02
  .37370540E+02  .25899951E-02
  .37467916E+02  .25916492E-02
  .37564808E+02  .26034924E-02
  .37662293E+02  .26276272E-02
  .37759218E+02  .26145969E-02
  .37856423E+02  .26300730E-02
  .37953246E+02  .25991062E-02
  .38050604E+02  .26554782E-02
  .38147802E+02  .26669154E-02
  .38244314E+02  .27208088E-02
  .38341309E+02  .27280429E-02
  .38438020E+02  .27824105E-02
  .38534711E+02  .27957363E-02
  .38632619E+02  .28073369E-02
  .38729755E+02  .28525772E-02
  .38826725E+02  .28221329E-02
  .38924014E+02  .27589090E-02
  .39022304E+02  .26957346E-02
  .39120569E+02  .26973954E-02
  .39219470E+02  .27130331E-02
  .39316975E+02  .27261584E-02
  .39415487E+02  .27246685E-02
  .39513488E+02  .27084138E-02
  .39611661E+02  .26790396E-02
  .39709896E+02  .27106020E-02
  .39809029E+02  .27038675E-02
  .39908325E+02  .27210810E-02
  .40007658E+02  .27708655E-02
  .40108302E+02  .28336729E-02
  .40208847E+02  .28268030E-02
  .40308931E+02  .27633605E-02
  .40409607E+02  .28032100E-02
  .40510052E+02  .28209836E-02
  .40611455E+02  .28143116E-02
  .40714371E+02  .28429028E-02
  .40816565E+02  .28760461E-02
  .40919232E+02  .28595205E-02
  .41022590E+02  .28731451E-02
  .41125344E+02  .29230274E-02
  .41229582E+02  .29546838E-02
  .41334187E+02  .29700851E-02
  .41440579E+02  .29804256E-02
  .41546588E+02  .29787061E-02
  .41653312E+02  .29603842E-02
  .41761343E+02  .29860901E-02
  .41869239E+02  .30245027E-02
  .41976630E+02  .30470069E-02
  .42086441E+02  .30790755E-02
  .42196514E+02  .30985185E-02
  .42306388E+02  .31475973E-02
  .42417779E+02  .30996305E-02
  .42530062E+02  .31261216E-02
  .42642443E+02  .31448499E-02
  .42756547E+02  .31760702E-02
  .42870370E+02  .31704224E-02
  .42985541E+02  .32120280E-02
  .43101986E+02  .32303776E-02
  .43219870E+02  .32723211E-02
  .43336924E+02  .33171489E-02
  .43456313E+02  .33500934E-02
  .43578043E+02  .33272048E-02
  .43699461E+02  .33082224E-02
  .43822497E+02  .33048466E-02
  .43946129E+02  .33590970E-02
  .44071831E+02  .33447048E-02
  .44198321E+02  .33490790E-02
  .44326046E+02  .33788514E-02
  .44456227E+02  .34243325E-02
  .44587111E+02  .35009169E-02
  .44719643E+02  .35502334E-02
  .44853727E+02  .35603682E-02
  .44988956E+02  .36108091E-02
  .45126972E+02  .36708260E-02
  .45266377E+02  .36637256E-02
  .45407441E+02  .37019081E-02
  .45550702E+02  .36941072E-02
  .45697761E+02  .36956317E-02
  .45844787E+02  .37407374E-02
  .45995821E+02  .37447912E-02
  .46148433E+02  .37509464E-02
  .46304415E+02  .37547934E-02
  .46462803E+02  .37635044E-02
  .46622897E+02  .37373320E-02
  .46785811E+02  .37957407E-02
  .46953071E+02  .38779574E-02
  .47124289E+02  .40265355E-02
  .47299516E+02  .40594563E-02
  .47476675E+02  .40837746E-02
  .47658848E+02  .41646498E-02
  .47845176E+02  .41644890E-02
  .48034568E+02  .41302125E-02
  .48229675E+02  .41573104E-02
  .48429378E+02  .42556849E-02
  .48634893E+02  .42688108E-02
  .48847034E+02  .43575133E-02
  .49064173E+02  .44536379E-02
  .49287476E+02  .46111370E-02
  .49518179E+02  .46485420E-02
  .49756212E+02  .47301237E-02
  .50003325E+02  .48795343E-02
  .50258866E+02  .50217289E-02
  .50525541E+02  .50908392E-02
  .50801727E+02  .51837979E-02
  .51092319E+02  .51782846E-02
  .51394474E+02  .53485054E-02
  .51714775E+02  .56576037E-02
  .52052166E+02  .58132210E-02
  .52404896E+02  .58959525E-02
  .52780835E+02  .60166526E-02
  .53183081E+02  .61113323E-02
  .53611769E+02  .61921877E-02
  .54077676E+02  .63650461E-02
  .54586153E+02  .65094930E-02
  .55148954E+02  .67233554E-02
  .55774431E+02  .67201626E-02
  .56488336E+02  .69438577E-02
  .57315871E+02  .73239817E-02
  .58312186E+02  .83276851E-02
  .59557407E+02  .10149252E-01
  .61265689E+02  .11433268E-01
  .61700928E+02  .12070168E-01
  .62187661E+02  .13009320E-01
  .62720348E+02  .13801146E-01
  .63343169E+02  .14539214E-01
  .64061025E+02  .15125140E-01
  .64932357E+02  .17001133E-01
  .66038731E+02  .19807171E-01
  .67573177E+02  .23529517E-01
  .70157933E+02  .31992856E-01
  .72537440E+02  .45443527E-01
  .75631578E+02  .67804847E-01
  .78023192E+02  .89548268E-01
tr2s 3
  .24259012E+02  .34099484E-01
  .25109441E+02  .25105638E-01
  .26312258E+02  .18127142E-01
  .27320026E+02  .14518942E-01
  .28431132E+02  .11835916E-01
  .29139514E+02  .10384788E-01
  .29667534E+02  .91362552E-02
  .30088378E+02  .86185853E-02
  .30448914E+02  .80255797E-02
  .30761196E+02  .74294639E-02
  .31039698E+02  .70639618E-02
  .31290724E+02  .67976100E-02
  .31522496E+02  .65990861E-02
  .32447609E+02  .57689596E-02
  .33157608E+02  .53688997E-02
  .33737290E+02  .51312915E-02
  .34232637E+02  .50566035E-02
  .34670899E+02  .48467207E-02
  .35065734E+02  .44545724E-02
  .35426542E+02  .42877831E-02
  .35756191E+02  .42283005E-02
  .36064554E+02  .40949738E-02
  .36355331E+02  .40186448E-02
  .36627920E+02  .40116112E-02
  .36886090E+02  .38344557E-02
  .37131336E+02  .37714645E-02
  .37364531E+02  .37390505E-02
  .37589354E+02  .36369667E-02
  .37807831E+02  .35624921E-02
  .38015890E+02  .35354218E-02
  .38217359E+02  .34568848E-02
  .38412201E+02  .33869494E-02
  .38602812E+02  .33440442E-02
  .38787573E+02  .32820910E-02
  .38966647E+02  .32423320E-02
  .39141418E+02  .31992486E-02
  .39311224E+02  .32120205E-02
  .39478192E+02  .31682833E-02
  .39641972E+02  .31645913E-02
  .39802387E+02  .31431570E-02
  .39958944E+02  .31430100E-02
  .40113337E+02  .30994206E-02
  .40264070E+02  .30955874E-02
  .40413198E+02  .30627948E-02
  .40559594E+02  .31235374E-02
  .40703539E+02  .30965568E-02
  .40846027E+02  .31183817E-02
  .40987540E+02  .30964485E-02
  .41124890E+02  .31358114E-02
  .41261141E+02  .31211955E-02
  .41395878E+02  .31446210E-02
  .41529288E+02  .31328686E-02
  .41660715E+02  .31520318E-02
  .41791172E+02  .31534131E-02
  .41921074E+02  .31518001E-02
  .42048355E+02  .31372791E-02
  .42174177E+02  .31145347E-02
  .42298502E+02  .30836197E-02
  .42422059E+02  .30686091E-02
  .42544489E+02  .31133197E-02
  .42665753E+02  .30763892E-02
  .42787278E+02  .31334455E-02
  .42906620E+02  .31261108E-02
  .43025730E+02  .31055621E-02
  .43144105E+02  .31313502E-02
  .43260475E+02  .30907403E-02
  .43375604E+02  .31073544E-02
  .43490794E+02  .30995565E-02
  .43604772E+02  .30781982E-02
  .43718331E+02  .30528725E-02
  .43830916E+02  .30167573E-02
  .43943934E+02  .29965147E-02
  .44056052E+02  .30028157E-02
  .44167518E+02  .30445816E-02
  .44278534E+02  .30410164E-02
  .44389569E+02  .30758684E-02
  .44499072E+02  .30692688E-02
  .44609404E+02  .30437428E-02
  .44718763E+02  .29946804E-02
  .44827814E+02  .29645334E-02
  .44936864E+02  .30102224E-02
  .45045033E+02  .30370829E-02
  .45152963E+02  .30537684E-02
  .45259976E+02  .30753165E-02
  .45367509E+02  .31108308E-02
  .45474620E+02  .31721438E-02
  .45581844E+02  .31647215E-02
  .45688380E+02  .31823741E-02
  .45795435E+02  .32253684E-02
  .45901959E+02  .32462513E-02
  .46008106E+02  .32592447E-02
  .46113757E+02  .32229126E-02
  .46219074E+02  .32042608E-02
  .46324090E+02  .31729189E-02
  .46428954E+02  .31537626E-02
  .46534375E+02  .31392177E-02
  .46639610E+02  .31625305E-02
  .46745417E+02  .31549759E-02
  .46850819E+02  .31453206E-02
  .46956310E+02  .31476910E-02
  .47061676E+02  .31408890E-02
  .47167246E+02  .31136756E-02
  .47272438E+02  .31419112E-02
  .47378621E+02  .31421606E-02
  .47484812E+02  .31187028E-02
  .47590415E+02  .31291159E-02
  .47696109E+02  .31410508E-02
  .47801147E+02  .31539580E-02
  .47907708E+02  .31996096E-02
  .48014528E+02  .32146604E-02
  .48121090E+02  .31833644E-02
  .48227434E+02  .31657078E-02
  .48333372E+02  .31704388E-02
  .48439913E+02  .31862462E-02
  .48547336E+02  .31830013E-02
  .48655052E+02  .32630836E-02
  .48762915E+02  .32795237E-02
  .48871422E+02  .32760513E-02
  .48980315E+02  .32870073E-02
  .49089221E+02  .33405285E-02
  .49198730E+02  .33296083E-02
  .49307114E+02  .33809282E-02
  .49417487E+02  .33464098E-02
  .49528248E+02  .33083004E-02
  .49638219E+02  .33181920E-02
  .49749940E+02  .33412902E-02
  .49861424E+02  .33843882E-02
  .49973057E+02  .34152072E-02
  .50085893E+02  .34147030E-02
  .50199515E+02  .33641290E-02
  .50313364E+02  .33467593E-02
  .50428618E+02  .33255789E-02
  .50543829E+02  .33341477E-02
  .50659391E+02  .33898809E-02
  .50775759E+02  .34514217E-02
  .50892998E+02  .34459714E-02
  .51010677E+02  .34871868E-02
  .51128700E+02  .34991194E-02
  .51248505E+02  .35065108E-02
  .51368456E+02  .35385614E-02
  .51490257E+02  .35676130E-02
  .51613045E+02  .35753712E-02
  .51735833E+02  .35904073E-02
  .51859708E+02  .35732575E-02
  .51984455E+02  .36364216E-02
  .52110198E+02  .36614554E-02
  .52237544E+02  .37355678E-02
  .52365331E+02  .37157948E-02
  .52493583E+02  .37563870E-02
  .52623373E+02  .38414998E-02
  .52754631E+02  .39196389E-02
  .52886930E+02  .38914541E-02
  .53020744E+02  .39088639E-02
  .53156769E+02  .38873332E-02
  .53293285E+02  .38880495E-02
  .53431134E+02  .39086752E-02
  .53570818E+02  .39677887E-02
  .53712234E+02  .40107701E-02
  .53854308E+02  .40071503E-02
  .53998414E+02  .40158697E-02
  .54145399E+02  .40252557E-02
  .54293210E+02  .40616513E-02
  .54443186E+02  .40237809E-02
  .54595185E+02  .41064772E-02
  .54750359E+02  .41112006E-02
  .54907009E+02  .41492219E-02
  .55066402E+02  .42118661E-02
  .55229253E+02  .42644691E-02
  .55394483E+02  .42841220E-02
  .55561720E+02  .43616783E-02
  .55732632E+02  .43630352E-02
  .55904612E+02  .44314880E-02
  .56081848E+02  .44299224E-02
  .56260487E+02  .44222417E-02
  .56443357E+02  .44875483E-02
  .56629715E+02  .45273804E-02
  .56819873E+02  .45694355E-02
  .57014768E+02  .46443556E-02
  .57213315E+02  .47357615E-02
  .57417377E+02  .47747406E-02
  .57625938E+02  .49012403E-02
  .57839487E+02  .49986861E-02
  .58061598E+02  .50442545E-02
  .58287327E+02  .50341398E-02
  .58517912E+02  .50448656E-02
  .58757830E+02  .50735398E-02
  .59006313E+02  .50803892E-02
  .59262277E+02  .50379220E-02
  .59526233E+02  .51989878E-02
  .59800643E+02  .51827071E-02
  .60085556E+02  .52897916E-02
  .60383061E+02  .52740980E-02
  .60692148E+02  .52419953E-02
  .61017816E+02  .51866031E-02
  .61356934E+02  .52720975E-02
  .61713734E+02  .55438137E-02
  .62091901E+02  .57031791E-02
  .62493764E+02  .58292775E-02
  .62922066E+02  .58379982E-02
  .63378812E+02  .61250437E-02
  .63876264E+02  .63238532E-02
  .64416012E+02  .65927494E-02
  .65013072E+02  .70492720E-02
  .65678343E+02  .73731703E-02
  .66432333E+02  .75792832E-02
  .67309143E+02  .83263307E-02
  .68363740E+02  .93304906E-02
  .69684575E+02  .10791607E-01
  .71474748E+02  .12722315E-01
  .71934360E+02  .13216857E-01
  .72448734E+02  .14023761E-01
  .73031511E+02  .14474265E-01
  .73700973E+02  .15280815E-01
  .74453902E+02  .16399565E-01
  .75377810E+02  .17509997E-01
  .76525255E+02  .21184801E-01
  .78149287E+02  .25036499E-01
  .80796673E+02  .35311548E-01
  .83381180E+02  .47872020E-01
  .86745799E+02  .72725236E-01
  .89140435E+02  .10092136E+00
