Copyright (C) 1998 James G. MacKinnon, Alfred A. Haug, and Leo Michelis.
 lm0-04-5 2 1
 13.1058 0.020823
 13.6358 0.016558
 14.4056 0.011193
 15.0460 0.009067
 15.7671 0.007084
 16.2255 0.006033
 16.5656 0.005404
 16.8436 0.005145
 17.0786 0.004928
 17.2789 0.004758
 17.4608 0.004534
 17.6235 0.004425
 17.7733 0.004336
 18.3776 0.003824
 18.8425 0.003540
 19.2232 0.003268
 19.5517 0.003199
 19.8384 0.002990
 20.0984 0.002879
 20.3362 0.002765
 20.5557 0.002640
 20.7616 0.002551
 20.9544 0.002412
 21.1358 0.002396
 21.3083 0.002400
 21.4721 0.002418
 21.6285 0.002368
 21.7788 0.002333
 21.9238 0.002294
 22.0651 0.002313
 22.2010 0.002275
 22.3336 0.002303
 22.4614 0.002316
 22.5859 0.002323
 22.7066 0.002303
 22.8245 0.002259
 22.9390 0.002275
 23.0513 0.002291
 23.1619 0.002290
 23.2709 0.002279
 23.3773 0.002290
 23.4827 0.002299
 23.5853 0.002300
 23.6869 0.002269
 23.7868 0.002264
 23.8850 0.002285
 23.9823 0.002235
 24.0765 0.002247
 24.1706 0.002251
 24.2639 0.002257
 24.3562 0.002236
 24.4474 0.002202
 24.5371 0.002167
 24.6263 0.002157
 24.7140 0.002188
 24.8010 0.002199
 24.8871 0.002211
 24.9725 0.002237
 25.0572 0.002245
 25.1420 0.002252
 25.2263 0.002234
 25.3097 0.002258
 25.3928 0.002266
 25.4743 0.002253
 25.5554 0.002258
 25.6361 0.002257
 25.7160 0.002260
 25.7958 0.002239
 25.8750 0.002230
 25.9542 0.002200
 26.0326 0.002187
 26.1105 0.002216
 26.1886 0.002210
 26.2663 0.002231
 26.3432 0.002252
 26.4198 0.002251
 26.4963 0.002271
 26.5731 0.002281
 26.6486 0.002258
 26.7242 0.002259
 26.8001 0.002245
 26.8750 0.002249
 26.9504 0.002246
 27.0252 0.002254
 27.1003 0.002248
 27.1749 0.002266
 27.2496 0.002263
 27.3241 0.002262
 27.3993 0.002230
 27.4733 0.002235
 27.5478 0.002246
 27.6220 0.002277
 27.6961 0.002289
 27.7708 0.002283
 27.8452 0.002282
 27.9190 0.002285
 27.9935 0.002307
 28.0686 0.002312
 28.1427 0.002310
 28.2174 0.002344
 28.2918 0.002354
 28.3669 0.002371
 28.4415 0.002418
 28.5166 0.002435
 28.5909 0.002443
 28.6658 0.002459
 28.7410 0.002450
 28.8160 0.002460
 28.8918 0.002488
 28.9670 0.002491
 29.0430 0.002499
 29.1188 0.002509
 29.1952 0.002536
 29.2709 0.002547
 29.3477 0.002546
 29.4244 0.002537
 29.5008 0.002549
 29.5780 0.002541
 29.6559 0.002534
 29.7339 0.002558
 29.8115 0.002547
 29.8903 0.002528
 29.9684 0.002567
 30.0474 0.002556
 30.1267 0.002555
 30.2068 0.002531
 30.2865 0.002537
 30.3675 0.002539
 30.4483 0.002536
 30.5301 0.002530
 30.6121 0.002537
 30.6943 0.002550
 30.7778 0.002534
 30.8607 0.002539
 30.9446 0.002569
 31.0302 0.002581
 31.1155 0.002599
 31.2009 0.002599
 31.2872 0.002595
 31.3748 0.002620
 31.4628 0.002626
 31.5514 0.002648
 31.6406 0.002664
 31.7305 0.002643
 31.8211 0.002656
 31.9127 0.002651
 32.0047 0.002679
 32.0979 0.002684
 32.1914 0.002666
 32.2863 0.002679
 32.3829 0.002698
 32.4799 0.002695
 32.5777 0.002713
 32.6769 0.002768
 32.7765 0.002769
 32.8781 0.002790
 32.9800 0.002797
 33.0838 0.002840
 33.1892 0.002879
 33.2961 0.002866
 33.4045 0.002939
 33.5133 0.002988
 33.6239 0.002967
 33.7372 0.002957
 33.8514 0.002991
 33.9676 0.002969
 34.0850 0.002996
 34.2039 0.003045
 34.3260 0.003054
 34.4503 0.003103
 34.5767 0.003138
 34.7055 0.003158
 34.8360 0.003215
 34.9702 0.003219
 35.1062 0.003247
 35.2457 0.003286
 35.3877 0.003305
 35.5327 0.003421
 35.6815 0.003462
 35.8351 0.003453
 35.9914 0.003443
 36.1522 0.003429
 36.3195 0.003527
 36.4897 0.003546
 36.6651 0.003663
 36.8462 0.003658
 37.0318 0.003792
 37.2256 0.003854
 37.4265 0.003932
 37.6357 0.004098
 37.8516 0.004042
 38.0762 0.004087
 38.3114 0.004116
 38.5604 0.004290
 38.8196 0.004455
 39.0941 0.004517
 39.3861 0.004607
 39.6933 0.004827
 40.0262 0.004962
 40.3819 0.005171
 40.7679 0.005297
 41.1894 0.005491
 41.6527 0.005799
 42.1689 0.006241
 42.7588 0.006665
 43.4481 0.007157
 44.2772 0.007771
 45.3261 0.009208
 46.7634 0.010499
 47.1293 0.011093
 47.5357 0.011544
 47.9920 0.012430
 48.5138 0.013437
 49.1257 0.014211
 49.8731 0.015895
 50.8251 0.018375
 52.1317 0.023186
 54.3424 0.031570
 56.4735 0.041477
 59.2219 0.064527
 61.3156 0.086008
 lm1-04-5 2 1
 14.9746 0.023827
 15.5742 0.018485
 16.3869 0.013129
 17.0780 0.010196
 17.8205 0.007776
 18.3072 0.006926
 18.6670 0.006352
 18.9604 0.005797
 19.2015 0.005489
 19.4138 0.005134
 19.6035 0.004812
 19.7764 0.004576
 19.9333 0.004292
 20.5696 0.004029
 21.0614 0.003558
 21.4616 0.003343
 21.8058 0.003316
 22.1088 0.003126
 22.3813 0.003090
 22.6311 0.003050
 22.8625 0.002908
 23.0769 0.002844
 23.2777 0.002875
 23.4677 0.002809
 23.6485 0.002778
 23.8204 0.002650
 23.9840 0.002622
 24.1425 0.002589
 24.2946 0.002555
 24.4411 0.002529
 24.5832 0.002488
 24.7206 0.002468
 24.8545 0.002476
 24.9840 0.002458
 25.1113 0.002411
 25.2343 0.002396
 25.3558 0.002379
 25.4740 0.002380
 25.5896 0.002375
 25.7023 0.002333
 25.8136 0.002294
 25.9228 0.002274
 26.0297 0.002259
 26.1350 0.002266
 26.2390 0.002309
 26.3414 0.002294
 26.4418 0.002295
 26.5414 0.002292
 26.6392 0.002232
 26.7358 0.002252
 26.8316 0.002275
 26.9265 0.002295
 27.0203 0.002285
 27.1121 0.002252
 27.2032 0.002235
 27.2943 0.002241
 27.3845 0.002237
 27.4736 0.002253
 27.5623 0.002263
 27.6493 0.002251
 27.7363 0.002277
 27.8228 0.002293
 27.9084 0.002345
 27.9927 0.002367
 28.0779 0.002376
 28.1617 0.002363
 28.2459 0.002364
 28.3290 0.002399
 28.4120 0.002386
 28.4943 0.002394
 28.5754 0.002398
 28.6565 0.002406
 28.7379 0.002413
 28.8179 0.002398
 28.8976 0.002402
 28.9781 0.002402
 29.0582 0.002402
 29.1379 0.002396
 29.2166 0.002368
 29.2961 0.002353
 29.3745 0.002356
 29.4531 0.002389
 29.5313 0.002397
 29.6094 0.002421
 29.6878 0.002413
 29.7656 0.002409
 29.8436 0.002404
 29.9216 0.002410
 29.9992 0.002411
 30.0770 0.002422
 30.1549 0.002438
 30.2327 0.002407
 30.3096 0.002410
 30.3870 0.002406
 30.4640 0.002380
 30.5409 0.002369
 30.6178 0.002410
 30.6950 0.002400
 30.7721 0.002441
 30.8496 0.002428
 30.9270 0.002441
 31.0047 0.002430
 31.0817 0.002440
 31.1590 0.002455
 31.2368 0.002479
 31.3150 0.002488
 31.3926 0.002485
 31.4711 0.002478
 31.5499 0.002523
 31.6279 0.002513
 31.7065 0.002546
 31.7858 0.002574
 31.8638 0.002573
 31.9431 0.002560
 32.0228 0.002575
 32.1025 0.002590
 32.1826 0.002609
 32.2631 0.002595
 32.3431 0.002606
 32.4238 0.002619
 32.5042 0.002624
 32.5861 0.002653
 32.6679 0.002663
 32.7498 0.002685
 32.8324 0.002709
 32.9147 0.002733
 32.9978 0.002728
 33.0819 0.002729
 33.1652 0.002731
 33.2497 0.002743
 33.3349 0.002732
 33.4206 0.002752
 33.5068 0.002724
 33.5934 0.002713
 33.6799 0.002743
 33.7673 0.002782
 33.8553 0.002766
 33.9444 0.002777
 34.0340 0.002799
 34.1239 0.002781
 34.2147 0.002798
 34.3064 0.002805
 34.3989 0.002824
 34.4919 0.002816
 34.5864 0.002807
 34.6810 0.002849
 34.7770 0.002828
 34.8737 0.002819
 34.9709 0.002814
 35.0688 0.002806
 35.1679 0.002799
 35.2687 0.002834
 35.3703 0.002797
 35.4723 0.002836
 35.5768 0.002867
 35.6818 0.002867
 35.7877 0.002857
 35.8946 0.002878
 36.0038 0.002910
 36.1146 0.002931
 36.2271 0.002900
 36.3402 0.002991
 36.4556 0.002990
 36.5709 0.003002
 36.6893 0.003039
 36.8083 0.003060
 36.9296 0.003094
 37.0544 0.003118
 37.1805 0.003121
 37.3094 0.003165
 37.4398 0.003162
 37.5727 0.003154
 37.7088 0.003196
 37.8473 0.003182
 37.9882 0.003195
 38.1324 0.003237
 38.2796 0.003302
 38.4301 0.003375
 38.5842 0.003425
 38.7425 0.003460
 38.9035 0.003532
 39.0696 0.003595
 39.2402 0.003579
 39.4165 0.003684
 39.5974 0.003761
 39.7845 0.003871
 39.9778 0.003949
 40.1765 0.003983
 40.3825 0.004075
 40.5977 0.004200
 40.8210 0.004219
 41.0548 0.004294
 41.2987 0.004437
 41.5546 0.004454
 41.8235 0.004535
 42.1051 0.004685
 42.4053 0.004891
 42.7239 0.004976
 43.0670 0.005265
 43.4329 0.005241
 43.8284 0.005612
 44.2600 0.005816
 44.7369 0.005996
 45.2738 0.006362
 45.8825 0.006675
 46.5918 0.007146
 47.4454 0.008058
 48.5255 0.009216
 50.0063 0.010523
 50.3786 0.011036
 50.7981 0.011612
 51.2625 0.012318
 51.7985 0.013479
 52.4323 0.014659
 53.2011 0.015488
 54.1761 0.018040
 55.5426 0.022024
 57.7911 0.030323
 59.9823 0.043963
 62.8457 0.064228
 64.9002 0.090299
lm1s-04-5 3 1
 15.8292 0.040537
 16.3651 0.031083
 17.1810 0.022888
 17.8737 0.017082
 18.6376 0.012870
 19.1103 0.011360
 19.4666 0.010401
 19.7525 0.009637
 20.0007 0.009222
 20.2185 0.008846
 20.4052 0.008456
 20.5788 0.007949
 20.7374 0.007789
 21.3820 0.006853
 21.8652 0.006396
 22.2678 0.006057
 22.6120 0.005667
 22.9166 0.005555
 23.1884 0.005317
 23.4356 0.005271
 23.6669 0.005074
 23.8818 0.004921
 24.0813 0.004822
 24.2696 0.004642
 24.4503 0.004548
 24.6256 0.004524
 24.7904 0.004478
 24.9469 0.004447
 25.1000 0.004353
 25.2454 0.004257
 25.3892 0.004212
 25.5261 0.004218
 25.6603 0.004151
 25.7898 0.004113
 25.9158 0.004085
 26.0398 0.004035
 26.1592 0.004039
 26.2783 0.004126
 26.3944 0.003997
 26.5084 0.003999
 26.6190 0.004000
 26.7283 0.004019
 26.8340 0.003972
 26.9403 0.003952
 27.0443 0.003971
 27.1474 0.004026
 27.2478 0.003945
 27.3466 0.003916
 27.4443 0.003898
 27.5408 0.003886
 27.6365 0.003909
 27.7309 0.003865
 27.8244 0.003891
 27.9178 0.003930
 28.0087 0.003964
 28.0998 0.003985
 28.1906 0.003960
 28.2793 0.003959
 28.3678 0.003961
 28.4564 0.003982
 28.5434 0.003973
 28.6287 0.003998
 28.7138 0.003995
 28.7990 0.004042
 28.8831 0.004043
 28.9669 0.004015
 29.0499 0.004041
 29.1340 0.004061
 29.2156 0.004057
 29.2978 0.004071
 29.3800 0.004044
 29.4617 0.004039
 29.5428 0.004076
 29.6234 0.004084
 29.7047 0.004115
 29.7840 0.004062
 29.8630 0.004112
 29.9428 0.004139
 30.0215 0.004157
 30.1011 0.004174
 30.1803 0.004186
 30.2588 0.004177
 30.3368 0.004179
 30.4150 0.004175
 30.4935 0.004136
 30.5711 0.004115
 30.6483 0.004120
 30.7256 0.004127
 30.8019 0.004101
 30.8806 0.004116
 30.9582 0.004109
 31.0354 0.004090
 31.1118 0.004139
 31.1892 0.004150
 31.2668 0.004142
 31.3440 0.004146
 31.4211 0.004134
 31.4981 0.004140
 31.5758 0.004156
 31.6531 0.004180
 31.7307 0.004187
 31.8086 0.004225
 31.8860 0.004229
 31.9636 0.004277
 32.0403 0.004299
 32.1169 0.004287
 32.1960 0.004301
 32.2724 0.004327
 32.3513 0.004311
 32.4299 0.004350
 32.5075 0.004373
 32.5854 0.004437
 32.6640 0.004481
 32.7433 0.004455
 32.8230 0.004506
 32.9018 0.004536
 32.9812 0.004520
 33.0605 0.004513
 33.1403 0.004519
 33.2211 0.004578
 33.3045 0.004611
 33.3851 0.004683
 33.4672 0.004686
 33.5495 0.004690
 33.6325 0.004668
 33.7149 0.004679
 33.7981 0.004707
 33.8828 0.004724
 33.9673 0.004756
 34.0517 0.004785
 34.1370 0.004776
 34.2221 0.004769
 34.3088 0.004779
 34.3972 0.004802
 34.4839 0.004803
 34.5713 0.004818
 34.6595 0.004840
 34.7490 0.004777
 34.8393 0.004743
 34.9301 0.004767
 35.0223 0.004777
 35.1126 0.004737
 35.2044 0.004748
 35.2973 0.004759
 35.3904 0.004752
 35.4839 0.004749
 35.5790 0.004788
 35.6758 0.004737
 35.7738 0.004776
 35.8726 0.004771
 35.9719 0.004793
 36.0731 0.004771
 36.1754 0.004797
 36.2782 0.004820
 36.3808 0.004913
 36.4851 0.004896
 36.5914 0.004953
 36.6998 0.005024
 36.8079 0.004987
 36.9182 0.005043
 37.0301 0.005018
 37.1422 0.005074
 37.2564 0.005069
 37.3720 0.005089
 37.4901 0.005172
 37.6113 0.005178
 37.7345 0.005255
 37.8589 0.005226
 37.9842 0.005255
 38.1141 0.005289
 38.2444 0.005315
 38.3777 0.005387
 38.5147 0.005421
 38.6528 0.005465
 38.7926 0.005557
 38.9363 0.005681
 39.0848 0.005701
 39.2347 0.005767
 39.3907 0.005797
 39.5470 0.005955
 39.7086 0.006076
 39.8746 0.006155
 40.0463 0.006227
 40.2198 0.006289
 40.4008 0.006479
 40.5893 0.006639
 40.7818 0.006797
 40.9824 0.006903
 41.1908 0.007012
 41.4063 0.007172
 41.6322 0.007328
 41.8649 0.007403
 42.1097 0.007505
 42.3617 0.007575
 42.6269 0.007671
 42.9078 0.008006
 43.2093 0.008363
 43.5278 0.008663
 43.8673 0.009049
 44.2330 0.009407
 44.6360 0.009717
 45.0707 0.010096
 45.5500 0.010729
 46.0864 0.011047
 46.6991 0.011472
 47.4124 0.012563
 48.2676 0.013927
 49.3409 0.014976
 50.8155 0.018887
 51.1983 0.019736
 51.6234 0.020423
 52.0946 0.021777
 52.6464 0.023327
 53.2830 0.024888
 54.0561 0.027724
 55.0438 0.031803
 56.3965 0.037474
 58.6552 0.053402
 60.8839 0.077347
 63.7192 0.110067
 65.7708 0.151933
 lm2-04-5 3 1
 16.9826 0.044011
 17.5421 0.032236
 18.4278 0.022934
 19.1522 0.017864
 19.9410 0.013606
 20.4474 0.012235
 20.8254 0.011093
 21.1331 0.010373
 21.3905 0.009932
 21.6183 0.009295
 21.8243 0.008737
 22.0022 0.008571
 22.1650 0.008240
 22.8275 0.007551
 23.3417 0.006930
 23.7580 0.006406
 24.1196 0.006041
 24.4348 0.005755
 24.7179 0.005507
 24.9774 0.005358
 25.2174 0.005083
 25.4381 0.004957
 25.6485 0.004986
 25.8460 0.005083
 26.0311 0.004862
 26.2094 0.004856
 26.3795 0.004774
 26.5430 0.004607
 26.7024 0.004653
 26.8556 0.004675
 27.0038 0.004606
 27.1456 0.004612
 27.2845 0.004549
 27.4207 0.004537
 27.5524 0.004559
 27.6808 0.004530
 27.8069 0.004498
 27.9295 0.004459
 28.0491 0.004410
 28.1673 0.004396
 28.2829 0.004411
 28.3960 0.004403
 28.5076 0.004359
 28.6167 0.004375
 28.7246 0.004289
 28.8300 0.004320
 28.9358 0.004339
 29.0392 0.004367
 29.1406 0.004373
 29.2423 0.004360
 29.3412 0.004323
 29.4404 0.004301
 29.5370 0.004313
 29.6332 0.004303
 29.7292 0.004265
 29.8239 0.004245
 29.9171 0.004198
 30.0085 0.004150
 30.1001 0.004181
 30.1914 0.004185
 30.2817 0.004135
 30.3712 0.004134
 30.4599 0.004111
 30.5495 0.004097
 30.6380 0.004091
 30.7261 0.004100
 30.8136 0.004040
 30.9009 0.004092
 30.9863 0.004109
 31.0711 0.004071
 31.1559 0.004045
 31.2410 0.004060
 31.3244 0.004076
 31.4077 0.004069
 31.4912 0.004050
 31.5746 0.004078
 31.6575 0.004087
 31.7406 0.004153
 31.8227 0.004138
 31.9043 0.004134
 31.9860 0.004168
 32.0674 0.004159
 32.1482 0.004229
 32.2297 0.004239
 32.3104 0.004239
 32.3910 0.004278
 32.4722 0.004267
 32.5518 0.004294
 32.6330 0.004286
 32.7124 0.004283
 32.7935 0.004245
 32.8749 0.004244
 32.9546 0.004298
 33.0344 0.004293
 33.1146 0.004307
 33.1947 0.004304
 33.2754 0.004350
 33.3552 0.004370
 33.4349 0.004381
 33.5151 0.004343
 33.5942 0.004339
 33.6737 0.004347
 33.7553 0.004335
 33.8360 0.004361
 33.9163 0.004343
 33.9968 0.004397
 34.0774 0.004404
 34.1578 0.004402
 34.2389 0.004418
 34.3202 0.004436
 34.4026 0.004472
 34.4834 0.004477
 34.5660 0.004474
 34.6478 0.004528
 34.7304 0.004541
 34.8127 0.004525
 34.8949 0.004568
 34.9774 0.004581
 35.0603 0.004602
 35.1436 0.004637
 35.2272 0.004657
 35.3116 0.004662
 35.3958 0.004681
 35.4809 0.004716
 35.5664 0.004704
 35.6523 0.004729
 35.7380 0.004747
 35.8243 0.004767
 35.9113 0.004781
 35.9989 0.004767
 36.0884 0.004748
 36.1776 0.004781
 36.2667 0.004795
 36.3560 0.004781
 36.4452 0.004841
 36.5361 0.004836
 36.6280 0.004854
 36.7195 0.004875
 36.8129 0.004842
 36.9056 0.004862
 36.9997 0.004881
 37.0942 0.004899
 37.1899 0.004976
 37.2849 0.005048
 37.3823 0.005014
 37.4798 0.004999
 37.5788 0.004975
 37.6786 0.004964
 37.7780 0.004970
 37.8791 0.004932
 37.9827 0.004954
 38.0864 0.004993
 38.1912 0.004972
 38.2972 0.004991
 38.4054 0.005035
 38.5128 0.005104
 38.6227 0.005192
 38.7328 0.005237
 38.8448 0.005328
 38.9591 0.005387
 39.0754 0.005428
 39.1934 0.005432
 39.3110 0.005504
 39.4322 0.005554
 39.5529 0.005590
 39.6767 0.005633
 39.8025 0.005660
 39.9305 0.005758
 40.0605 0.005828
 40.1944 0.005847
 40.3302 0.005920
 40.4669 0.005921
 40.6064 0.006000
 40.7486 0.006073
 40.8933 0.006175
 41.0419 0.006207
 41.1941 0.006255
 41.3497 0.006243
 41.5085 0.006288
 41.6707 0.006389
 41.8394 0.006325
 42.0088 0.006342
 42.1839 0.006483
 42.3656 0.006548
 42.5526 0.006631
 42.7425 0.006652
 42.9389 0.006872
 43.1465 0.006913
 43.3598 0.006981
 43.5795 0.006958
 43.8075 0.006921
 44.0506 0.007264
 44.3017 0.007436
 44.5621 0.007763
 44.8370 0.008019
 45.1280 0.008393
 45.4378 0.008616
 45.7682 0.008841
 46.1219 0.009097
 46.4951 0.009250
 46.9006 0.009557
 47.3486 0.010119
 47.8435 0.010556
 48.4005 0.011058
 49.0334 0.011513
 49.7601 0.012591
 50.6389 0.013348
 51.7481 0.015266
 53.2811 0.018262
 53.6741 0.019429
 54.1158 0.021172
 54.6042 0.022802
 55.1498 0.024185
 55.8109 0.026470
 56.5993 0.028981
 57.5997 0.032765
 58.9881 0.039291
 61.3276 0.055209
 63.6149 0.074017
 66.5181 0.111012
 68.8246 0.156354
lm2s-04-5 3 1
 17.8181 0.042598
 18.4085 0.033154
 19.2636 0.023264
 19.9941 0.018161
 20.7796 0.013625
 21.2794 0.012101
 21.6655 0.010925
 21.9590 0.009770
 22.2153 0.009713
 22.4371 0.009316
 22.6348 0.009128
 22.8141 0.008997
 22.9789 0.008809
 23.6515 0.007589
 24.1589 0.006986
 24.5764 0.006461
 24.9343 0.006019
 25.2521 0.005599
 25.5377 0.005386
 25.7946 0.005314
 26.0332 0.005059
 26.2566 0.004904
 26.4640 0.004866
 26.6597 0.004769
 26.8470 0.004716
 27.0250 0.004673
 27.1962 0.004692
 27.3603 0.004650
 27.5190 0.004656
 27.6714 0.004598
 27.8195 0.004551
 27.9608 0.004493
 28.0995 0.004374
 28.2345 0.004345
 28.3659 0.004347
 28.4962 0.004332
 28.6208 0.004359
 28.7432 0.004339
 28.8634 0.004340
 28.9811 0.004369
 29.0964 0.004366
 29.2079 0.004409
 29.3190 0.004419
 29.4278 0.004403
 29.5362 0.004368
 29.6435 0.004334
 29.7479 0.004367
 29.8519 0.004354
 29.9541 0.004337
 30.0536 0.004286
 30.1520 0.004242
 30.2502 0.004205
 30.3468 0.004174
 30.4423 0.004122
 30.5382 0.004126
 30.6323 0.004105
 30.7272 0.004139
 30.8193 0.004127
 30.9124 0.004173
 31.0024 0.004153
 31.0944 0.004122
 31.1829 0.004083
 31.2716 0.004065
 31.3606 0.004110
 31.4481 0.004153
 31.5345 0.004204
 31.6212 0.004237
 31.7060 0.004236
 31.7917 0.004231
 31.8776 0.004202
 31.9625 0.004203
 32.0475 0.004218
 32.1323 0.004272
 32.2163 0.004263
 32.3005 0.004251
 32.3844 0.004249
 32.4666 0.004283
 32.5481 0.004288
 32.6289 0.004268
 32.7112 0.004266
 32.7931 0.004266
 32.8736 0.004281
 32.9543 0.004263
 33.0362 0.004270
 33.1166 0.004317
 33.1971 0.004321
 33.2777 0.004379
 33.3584 0.004392
 33.4392 0.004387
 33.5201 0.004380
 33.5996 0.004351
 33.6793 0.004335
 33.7597 0.004367
 33.8396 0.004365
 33.9201 0.004341
 34.0007 0.004325
 34.0805 0.004336
 34.1614 0.004332
 34.2403 0.004378
 34.3207 0.004398
 34.4020 0.004413
 34.4811 0.004461
 34.5622 0.004453
 34.6419 0.004438
 34.7218 0.004473
 34.8019 0.004432
 34.8808 0.004461
 34.9616 0.004468
 35.0416 0.004451
 35.1233 0.004494
 35.2040 0.004520
 35.2858 0.004485
 35.3672 0.004479
 35.4483 0.004518
 35.5298 0.004487
 35.6123 0.004486
 35.6959 0.004517
 35.7782 0.004528
 35.8609 0.004539
 35.9453 0.004601
 36.0289 0.004590
 36.1124 0.004555
 36.1972 0.004598
 36.2827 0.004578
 36.3690 0.004565
 36.4548 0.004581
 36.5406 0.004623
 36.6263 0.004652
 36.7132 0.004684
 36.8013 0.004693
 36.8880 0.004676
 36.9760 0.004637
 37.0657 0.004700
 37.1558 0.004701
 37.2474 0.004719
 37.3384 0.004717
 37.4305 0.004722
 37.5222 0.004756
 37.6148 0.004696
 37.7078 0.004684
 37.8008 0.004674
 37.8954 0.004707
 37.9902 0.004711
 38.0868 0.004755
 38.1827 0.004776
 38.2794 0.004793
 38.3791 0.004806
 38.4786 0.004821
 38.5796 0.004823
 38.6815 0.004873
 38.7837 0.004926
 38.8883 0.004926
 38.9927 0.004972
 39.0984 0.004967
 39.2036 0.004997
 39.3128 0.005028
 39.4232 0.005100
 39.5320 0.005158
 39.6436 0.005211
 39.7571 0.005283
 39.8724 0.005255
 39.9887 0.005351
 40.1082 0.005407
 40.2296 0.005489
 40.3511 0.005489
 40.4756 0.005565
 40.6022 0.005628
 40.7296 0.005635
 40.8584 0.005678
 40.9912 0.005757
 41.1262 0.005822
 41.2627 0.005844
 41.4028 0.005872
 41.5450 0.005966
 41.6893 0.005980
 41.8375 0.006027
 41.9888 0.006073
 42.1432 0.006180
 42.3019 0.006213
 42.4661 0.006230
 42.6333 0.006356
 42.8036 0.006375
 42.9787 0.006521
 43.1593 0.006584
 43.3451 0.006622
 43.5379 0.006652
 43.7341 0.006664
 43.9376 0.006733
 44.1502 0.006981
 44.3725 0.007001
 44.6000 0.007261
 44.8392 0.007443
 45.0908 0.007775
 45.3515 0.007851
 45.6312 0.007876
 45.9257 0.008049
 46.2361 0.008135
 46.5606 0.008562
 46.9103 0.008885
 47.2879 0.009554
 47.6993 0.009937
 48.1446 0.010350
 48.6411 0.010600
 49.1976 0.010774
 49.8204 0.011600
 50.5485 0.012156
 51.4256 0.013659
 52.5394 0.015141
 54.0684 0.018251
 54.4632 0.019667
 54.9061 0.021234
 55.3841 0.022743
 55.9452 0.024021
 56.6002 0.026779
 57.3899 0.029490
 58.3741 0.033296
 59.7617 0.040231
 62.0559 0.056130
 64.3596 0.076095
 67.2966 0.109995
 69.4761 0.150991
 tr0-04-5 2 1
 33.6005 0.051407
 34.8076 0.040283
 36.6305 0.028726
 38.1560 0.021204
 39.8253 0.016667
 40.8567 0.014996
 41.6402 0.012857
 42.2551 0.011932
 42.7828 0.011177
 43.2381 0.010712
 43.6432 0.010329
 44.0093 0.009874
 44.3369 0.009547
 45.6833 0.008350
 46.7007 0.007382
 47.5308 0.006965
 48.2432 0.006683
 48.8694 0.006284
 49.4307 0.005996
 49.9388 0.005786
 50.4083 0.005522
 50.8447 0.005502
 51.2525 0.005516
 51.6376 0.005481
 51.9986 0.005388
 52.3445 0.005357
 52.6759 0.005339
 52.9919 0.005083
 53.2939 0.005030
 53.5863 0.004977
 53.8671 0.004814
 54.1402 0.004727
 54.4043 0.004691
 54.6595 0.004760
 54.9092 0.004778
 55.1536 0.004725
 55.3896 0.004725
 55.6200 0.004697
 55.8460 0.004646
 56.0689 0.004649
 56.2868 0.004690
 56.4995 0.004664
 56.7091 0.004704
 56.9135 0.004727
 57.1152 0.004702
 57.3141 0.004674
 57.5081 0.004697
 57.7015 0.004700
 57.8913 0.004737
 58.0787 0.004767
 58.2628 0.004712
 58.4467 0.004687
 58.6272 0.004613
 58.8049 0.004562
 58.9801 0.004592
 59.1547 0.004594
 59.3278 0.004596
 59.4986 0.004521
 59.6680 0.004536
 59.8351 0.004530
 60.0022 0.004492
 60.1660 0.004520
 60.3289 0.004529
 60.4895 0.004560
 60.6504 0.004573
 60.8092 0.004531
 60.9675 0.004446
 61.1249 0.004495
 61.2811 0.004484
 61.4357 0.004429
 61.5899 0.004424
 61.7425 0.004394
 61.8956 0.004345
 62.0478 0.004340
 62.1989 0.004364
 62.3487 0.004404
 62.4985 0.004400
 62.6470 0.004404
 62.7937 0.004387
 62.9411 0.004412
 63.0891 0.004457
 63.2353 0.004444
 63.3806 0.004463
 63.5266 0.004442
 63.6704 0.004420
 63.8139 0.004385
 63.9573 0.004358
 64.1021 0.004411
 64.2450 0.004426
 64.3886 0.004436
 64.5306 0.004391
 64.6731 0.004357
 64.8160 0.004397
 64.9581 0.004391
 65.1000 0.004402
 65.2425 0.004374
 65.3840 0.004375
 65.5257 0.004366
 65.6666 0.004336
 65.8088 0.004419
 65.9498 0.004382
 66.0905 0.004383
 66.2319 0.004409
 66.3728 0.004433
 66.5140 0.004416
 66.6550 0.004416
 66.7957 0.004437
 66.9371 0.004442
 67.0785 0.004502
 67.2210 0.004524
 67.3638 0.004524
 67.5063 0.004530
 67.6487 0.004531
 67.7916 0.004554
 67.9360 0.004581
 68.0795 0.004570
 68.2217 0.004595
 68.3653 0.004626
 68.5095 0.004657
 68.6546 0.004684
 68.8001 0.004690
 68.9458 0.004658
 69.0912 0.004706
 69.2374 0.004678
 69.3844 0.004691
 69.5314 0.004707
 69.6788 0.004729
 69.8266 0.004716
 69.9765 0.004770
 70.1263 0.004792
 70.2774 0.004786
 70.4273 0.004756
 70.5795 0.004796
 70.7325 0.004841
 70.8868 0.004854
 71.0411 0.004838
 71.1962 0.004839
 71.3528 0.004787
 71.5110 0.004826
 71.6693 0.004805
 71.8287 0.004798
 71.9892 0.004851
 72.1501 0.004881
 72.3126 0.004916
 72.4771 0.004954
 72.6425 0.004958
 72.8090 0.005033
 72.9770 0.005091
 73.1455 0.005099
 73.3158 0.005148
 73.4885 0.005154
 73.6617 0.005225
 73.8358 0.005201
 74.0130 0.005198
 74.1927 0.005194
 74.3737 0.005217
 74.5561 0.005194
 74.7400 0.005228
 74.9262 0.005240
 75.1161 0.005189
 75.3072 0.005297
 75.4997 0.005248
 75.6963 0.005307
 75.8945 0.005361
 76.0970 0.005434
 76.3003 0.005428
 76.5070 0.005480
 76.7172 0.005535
 76.9305 0.005514
 77.1476 0.005521
 77.3683 0.005543
 77.5923 0.005553
 77.8201 0.005626
 78.0534 0.005719
 78.2901 0.005706
 78.5317 0.005778
 78.7778 0.005826
 79.0322 0.005940
 79.2913 0.006002
 79.5531 0.005985
 79.8213 0.006008
 80.0955 0.006011
 80.3790 0.006090
 80.6726 0.006171
 80.9689 0.006257
 81.2771 0.006316
 81.5944 0.006323
 81.9202 0.006366
 82.2610 0.006467
 82.6102 0.006521
 82.9721 0.006675
 83.3497 0.006843
 83.7455 0.006812
 84.1555 0.007016
 84.5911 0.007116
 85.0466 0.007300
 85.5265 0.007463
 86.0363 0.007785
 86.5794 0.007856
 87.1616 0.008158
 87.7894 0.008477
 88.4734 0.008686
 89.2268 0.008953
 90.0637 0.009329
 91.0121 0.009800
 92.1158 0.010459
 93.4232 0.011849
 95.0640 0.012941
 97.3054 0.016017
 97.8717 0.017030
 98.4952 0.017752
 99.2126 0.018791
100.0159 0.020285
100.9511 0.021511
102.0926 0.022936
103.5120 0.025793
105.4621 0.030428
108.7401 0.041918
111.8911 0.057187
115.8717 0.089003
118.7476 0.117085
 tr1-04-5 2 1
 39.3858 0.057259
 40.6609 0.044253
 42.6515 0.030591
 44.2842 0.022070
 46.0635 0.017624
 47.1704 0.015179
 48.0011 0.013788
 48.6771 0.012664
 49.2431 0.011638
 49.7272 0.011283
 50.1592 0.011153
 50.5479 0.010793
 50.9071 0.010388
 52.3456 0.009075
 53.4347 0.008206
 54.3232 0.007525
 55.0874 0.007130
 55.7543 0.006785
 56.3493 0.006435
 56.8937 0.006188
 57.3941 0.006283
 57.8583 0.006252
 58.2961 0.006039
 58.7042 0.005892
 59.0908 0.005907
 59.4590 0.005730
 59.8100 0.005636
 60.1447 0.005496
 60.4694 0.005418
 60.7790 0.005281
 61.0791 0.005170
 61.3683 0.005202
 61.6510 0.005219
 61.9255 0.005192
 62.1907 0.005137
 62.4484 0.005096
 62.6994 0.004956
 62.9462 0.004917
 63.1883 0.004872
 63.4229 0.004889
 63.6525 0.004820
 63.8787 0.004767
 64.1005 0.004725
 64.3189 0.004748
 64.5334 0.004788
 64.7435 0.004809
 64.9522 0.004800
 65.1548 0.004832
 65.3567 0.004810
 65.5550 0.004859
 65.7509 0.004954
 65.9438 0.004942
 66.1361 0.004905
 66.3232 0.004851
 66.5098 0.004843
 66.6942 0.004796
 66.8769 0.004798
 67.0577 0.004772
 67.2367 0.004805
 67.4137 0.004830
 67.5885 0.004839
 67.7625 0.004825
 67.9349 0.004789
 68.1055 0.004738
 68.2755 0.004781
 68.4436 0.004765
 68.6111 0.004720
 68.7775 0.004712
 68.9423 0.004698
 69.1059 0.004751
 69.2679 0.004727
 69.4291 0.004734
 69.5899 0.004737
 69.7487 0.004672
 69.9082 0.004656
 70.0672 0.004660
 70.2256 0.004623
 70.3824 0.004642
 70.5391 0.004649
 70.6938 0.004641
 70.8492 0.004609
 71.0037 0.004664
 71.1582 0.004657
 71.3116 0.004619
 71.4643 0.004671
 71.6168 0.004706
 71.7681 0.004718
 71.9194 0.004683
 72.0713 0.004674
 72.2209 0.004665
 72.3711 0.004694
 72.5221 0.004677
 72.6724 0.004734
 72.8216 0.004733
 72.9710 0.004751
 73.1203 0.004717
 73.2693 0.004712
 73.4189 0.004727
 73.5681 0.004724
 73.7166 0.004745
 73.8653 0.004783
 74.0144 0.004761
 74.1632 0.004805
 74.3125 0.004834
 74.4612 0.004793
 74.6102 0.004778
 74.7597 0.004779
 74.9080 0.004731
 75.0574 0.004756
 75.2074 0.004745
 75.3575 0.004773
 75.5078 0.004759
 75.6577 0.004714
 75.8092 0.004743
 75.9596 0.004706
 76.1100 0.004654
 76.2620 0.004626
 76.4151 0.004661
 76.5675 0.004648
 76.7205 0.004645
 76.8726 0.004656
 77.0259 0.004661
 77.1795 0.004699
 77.3341 0.004712
 77.4892 0.004716
 77.6443 0.004714
 77.7999 0.004721
 77.9560 0.004736
 78.1137 0.004750
 78.2718 0.004739
 78.4313 0.004810
 78.5896 0.004812
 78.7494 0.004857
 78.9096 0.004866
 79.0716 0.004843
 79.2339 0.004868
 79.3971 0.004871
 79.5611 0.004912
 79.7258 0.004955
 79.8924 0.004984
 80.0601 0.004925
 80.2293 0.004958
 80.3983 0.004968
 80.5689 0.005032
 80.7408 0.004985
 80.9156 0.005040
 81.0899 0.005027
 81.2644 0.005028
 81.4417 0.005044
 81.6211 0.005041
 81.8018 0.005073
 81.9840 0.005044
 82.1685 0.005140
 82.3555 0.005142
 82.5450 0.005229
 82.7351 0.005279
 82.9259 0.005315
 83.1205 0.005368
 83.3153 0.005438
 83.5159 0.005519
 83.7172 0.005625
 83.9205 0.005617
 84.1257 0.005628
 84.3338 0.005654
 84.5464 0.005684
 84.7600 0.005678
 84.9780 0.005703
 85.1993 0.005730
 85.4214 0.005768
 85.6490 0.005765
 85.8803 0.005765
 86.1170 0.005818
 86.3549 0.005837
 86.5976 0.005865
 86.8455 0.005867
 87.0971 0.006009
 87.3537 0.006019
 87.6170 0.006046
 87.8868 0.006044
 88.1618 0.006155
 88.4437 0.006202
 88.7318 0.006325
 89.0290 0.006385
 89.3352 0.006429
 89.6461 0.006449
 89.9691 0.006543
 90.3001 0.006716
 90.6427 0.006828
 90.9962 0.006846
 91.3623 0.006984
 91.7440 0.007041
 92.1408 0.007057
 92.5540 0.007193
 92.9850 0.007291
 93.4365 0.007401
 93.9148 0.007517
 94.4137 0.007779
 94.9490 0.007907
 95.5187 0.008098
 96.1292 0.008381
 96.7832 0.008681
 97.4952 0.009006
 98.2821 0.009547
 99.1610 0.010075
100.1557 0.010513
101.3001 0.011334
102.6669 0.012148
104.3937 0.013749
106.7294 0.016150
107.3180 0.016995
107.9734 0.017675
108.7015 0.018729
109.5496 0.019657
110.5351 0.021589
111.7294 0.024107
113.2125 0.027491
115.2581 0.032448
118.6264 0.043813
121.8760 0.060425
126.0514 0.097643
129.0194 0.133340
tr1s-04-5 2 1
 43.4283 0.058022
 44.7992 0.043258
 46.7545 0.031099
 48.3928 0.023105
 50.1651 0.018133
 51.2766 0.015858
 52.1098 0.013943
 52.7744 0.013106
 53.3299 0.012389
 53.8096 0.011477
 54.2420 0.011421
 54.6340 0.010891
 54.9883 0.010227
 56.4289 0.008709
 57.5082 0.007850
 58.3968 0.007251
 59.1605 0.007039
 59.8188 0.006852
 60.4166 0.006550
 60.9597 0.006264
 61.4586 0.006192
 61.9225 0.006099
 62.3542 0.005952
 62.7636 0.005883
 63.1497 0.005924
 63.5171 0.005864
 63.8680 0.005766
 64.2039 0.005630
 64.5278 0.005566
 64.8365 0.005492
 65.1339 0.005403
 65.4218 0.005323
 65.7037 0.005247
 65.9769 0.005193
 66.2419 0.005107
 66.4983 0.005006
 66.7483 0.005003
 66.9929 0.004999
 67.2326 0.004953
 67.4667 0.004997
 67.6963 0.004983
 67.9201 0.004978
 68.1402 0.005068
 68.3571 0.005042
 68.5714 0.005049
 68.7810 0.005087
 68.9881 0.004979
 69.1919 0.004977
 69.3928 0.004866
 69.5899 0.004893
 69.7844 0.004810
 69.9781 0.004800
 70.1686 0.004775
 70.3575 0.004794
 70.5435 0.004793
 70.7276 0.004824
 70.9085 0.004822
 71.0887 0.004787
 71.2673 0.004782
 71.4423 0.004784
 71.6154 0.004729
 71.7872 0.004704
 71.9594 0.004697
 72.1295 0.004721
 72.2977 0.004686
 72.4652 0.004668
 72.6301 0.004644
 72.7953 0.004601
 72.9586 0.004661
 73.1221 0.004640
 73.2839 0.004670
 73.4444 0.004655
 73.6043 0.004601
 73.7644 0.004524
 73.9226 0.004481
 74.0791 0.004474
 74.2369 0.004502
 74.3927 0.004468
 74.5484 0.004502
 74.7030 0.004525
 74.8575 0.004556
 75.0115 0.004536
 75.1648 0.004480
 75.3179 0.004496
 75.4701 0.004497
 75.6222 0.004529
 75.7735 0.004515
 75.9246 0.004526
 76.0754 0.004529
 76.2253 0.004575
 76.3764 0.004582
 76.5269 0.004553
 76.6758 0.004564
 76.8238 0.004525
 76.9735 0.004557
 77.1232 0.004577
 77.2720 0.004587
 77.4213 0.004589
 77.5704 0.004555
 77.7195 0.004545
 77.8677 0.004547
 78.0171 0.004534
 78.1657 0.004524
 78.3134 0.004560
 78.4619 0.004546
 78.6113 0.004577
 78.7606 0.004575
 78.9093 0.004556
 79.0590 0.004566
 79.2082 0.004604
 79.3569 0.004600
 79.5073 0.004611
 79.6567 0.004619
 79.8059 0.004606
 79.9571 0.004604
 80.1075 0.004638
 80.2578 0.004633
 80.4103 0.004637
 80.5617 0.004645
 80.7140 0.004670
 80.8671 0.004708
 81.0195 0.004724
 81.1717 0.004777
 81.3252 0.004825
 81.4774 0.004833
 81.6324 0.004859
 81.7886 0.004812
 81.9458 0.004860
 82.1025 0.004876
 82.2603 0.004910
 82.4176 0.004911
 82.5766 0.004895
 82.7383 0.004885
 82.8979 0.004855
 83.0586 0.004880
 83.2216 0.004897
 83.3846 0.004918
 83.5496 0.004911
 83.7140 0.004962
 83.8801 0.004985
 84.0460 0.005021
 84.2134 0.005049
 84.3829 0.005102
 84.5530 0.005164
 84.7249 0.005136
 84.8978 0.005197
 85.0718 0.005234
 85.2476 0.005253
 85.4252 0.005269
 85.6038 0.005269
 85.7837 0.005290
 85.9664 0.005227
 86.1500 0.005267
 86.3360 0.005303
 86.5222 0.005333
 86.7124 0.005316
 86.9040 0.005330
 87.1000 0.005363
 87.2968 0.005373
 87.4926 0.005358
 87.6921 0.005393
 87.8935 0.005371
 88.0968 0.005333
 88.3034 0.005388
 88.5146 0.005423
 88.7280 0.005553
 88.9434 0.005633
 89.1619 0.005621
 89.3868 0.005712
 89.6131 0.005735
 89.8428 0.005816
 90.0740 0.005899
 90.3114 0.005812
 90.5550 0.005876
 90.8024 0.005900
 91.0542 0.005987
 91.3107 0.006113
 91.5741 0.006210
 91.8423 0.006284
 92.1181 0.006401
 92.4018 0.006458
 92.6882 0.006536
 92.9807 0.006539
 93.2850 0.006491
 93.5984 0.006599
 93.9196 0.006822
 94.2496 0.006899
 94.5895 0.007065
 94.9429 0.007197
 95.3120 0.007439
 95.6918 0.007362
 96.0848 0.007377
 96.4987 0.007416
 96.9280 0.007542
 97.3809 0.007449
 97.8548 0.007592
 98.3551 0.007898
 98.8835 0.008094
 99.4489 0.008439
100.0600 0.008889
100.7156 0.009320
101.4282 0.009747
102.2139 0.009874
103.0886 0.010125
104.0818 0.010332
105.2308 0.011069
106.6025 0.012022
108.3141 0.013548
110.6568 0.016382
111.2479 0.017190
111.8964 0.018140
112.6301 0.018713
113.4765 0.019136
114.4453 0.021500
115.6212 0.023042
117.1068 0.027239
119.1743 0.032227
122.5599 0.046199
125.8104 0.062544
129.8967 0.095603
132.9053 0.128664
 tr2-04-5 3 1
 45.6773 0.104323
 47.1215 0.078293
 49.1746 0.055800
 50.9442 0.041801
 52.7993 0.032114
 53.9811 0.027684
 54.8542 0.026155
 55.5596 0.023963
 56.1695 0.022099
 56.6881 0.021638
 57.1381 0.020815
 57.5676 0.019780
 57.9456 0.019243
 59.4898 0.017089
 60.6642 0.015654
 61.6049 0.014409
 62.4140 0.013190
 63.1174 0.012421
 63.7503 0.012379
 64.3225 0.012144
 64.8505 0.011658
 65.3470 0.011346
 65.8015 0.011230
 66.2364 0.010958
 66.6474 0.010602
 67.0337 0.010452
 67.3998 0.010203
 67.7556 0.010017
 68.0940 0.010119
 68.4247 0.010084
 68.7414 0.010117
 69.0470 0.010000
 69.3477 0.009922
 69.6375 0.009992
 69.9169 0.009714
 70.1898 0.009637
 70.4569 0.009674
 70.7156 0.009706
 70.9689 0.009636
 71.2171 0.009409
 71.4582 0.009297
 71.6965 0.009342
 71.9295 0.009281
 72.1567 0.009049
 72.3830 0.009041
 72.6050 0.008989
 72.8240 0.008989
 73.0372 0.008992
 73.2521 0.008925
 73.4590 0.008875
 73.6666 0.008884
 73.8718 0.008921
 74.0716 0.008806
 74.2725 0.008783
 74.4718 0.008742
 74.6657 0.008773
 74.8557 0.008742
 75.0437 0.008629
 75.2312 0.008637
 75.4153 0.008551
 75.5995 0.008592
 75.7816 0.008432
 75.9621 0.008441
 76.1392 0.008385
 76.3172 0.008370
 76.4962 0.008465
 76.6734 0.008463
 76.8511 0.008419
 77.0225 0.008544
 77.1958 0.008527
 77.3668 0.008589
 77.5370 0.008570
 77.7052 0.008648
 77.8751 0.008605
 78.0447 0.008620
 78.2105 0.008603
 78.3756 0.008573
 78.5410 0.008538
 78.7055 0.008537
 78.8701 0.008533
 79.0326 0.008444
 79.1959 0.008421
 79.3585 0.008393
 79.5202 0.008404
 79.6829 0.008362
 79.8426 0.008345
 80.0019 0.008363
 80.1610 0.008353
 80.3207 0.008300
 80.4782 0.008289
 80.6392 0.008355
 80.7955 0.008369
 80.9520 0.008429
 81.1101 0.008517
 81.2691 0.008590
 81.4260 0.008599
 81.5812 0.008626
 81.7370 0.008666
 81.8957 0.008648
 82.0527 0.008650
 82.2100 0.008594
 82.3657 0.008576
 82.5232 0.008620
 82.6800 0.008564
 82.8354 0.008608
 82.9924 0.008612
 83.1460 0.008689
 83.3035 0.008693
 83.4612 0.008723
 83.6196 0.008840
 83.7761 0.008763
 83.9330 0.008716
 84.0902 0.008714
 84.2482 0.008741
 84.4054 0.008790
 84.5621 0.008724
 84.7205 0.008728
 84.8791 0.008666
 85.0382 0.008728
 85.1980 0.008785
 85.3560 0.008786
 85.5174 0.008768
 85.6790 0.008736
 85.8395 0.008681
 86.0018 0.008759
 86.1642 0.008695
 86.3274 0.008712
 86.4915 0.008687
 86.6566 0.008787
 86.8212 0.008765
 86.9866 0.008801
 87.1527 0.008820
 87.3219 0.008862
 87.4896 0.008846
 87.6565 0.008808
 87.8260 0.008781
 87.9963 0.008780
 88.1674 0.008843
 88.3412 0.008847
 88.5145 0.008788
 88.6907 0.008831
 88.8681 0.008940
 89.0437 0.008879
 89.2225 0.008870
 89.4007 0.008870
 89.5819 0.009040
 89.7659 0.009074
 89.9496 0.009057
 90.1364 0.008997
 90.3217 0.009071
 90.5122 0.009155
 90.7025 0.009192
 90.8935 0.009169
 91.0860 0.009155
 91.2820 0.009262
 91.4805 0.009323
 91.6823 0.009425
 91.8839 0.009409
 92.0888 0.009415
 92.2986 0.009524
 92.5089 0.009631
 92.7203 0.009811
 92.9371 0.009914
 93.1538 0.009960
 93.3766 0.009850
 93.6008 0.009905
 93.8275 0.010022
 94.0573 0.010108
 94.2932 0.010231
 94.5304 0.010257
 94.7714 0.010374
 95.0162 0.010439
 95.2683 0.010525
 95.5234 0.010665
 95.7841 0.010785
 96.0487 0.010868
 96.3209 0.010960
 96.5970 0.011147
 96.8762 0.011142
 97.1652 0.011119
 97.4624 0.011049
 97.7629 0.011085
 98.0733 0.011251
 98.3936 0.011243
 98.7212 0.011517
 99.0532 0.011666
 99.4041 0.011776
 99.7628 0.011774
100.1308 0.011904
100.5147 0.012132
100.9138 0.012241
101.3240 0.012434
101.7527 0.012661
102.2024 0.012928
102.6741 0.013083
103.1691 0.013362
103.6940 0.013716
104.2464 0.014176
104.8339 0.014494
105.4633 0.015187
106.1549 0.015270
106.9051 0.015598
107.7280 0.016293
108.6485 0.017347
109.6877 0.018063
110.8569 0.019604
112.2809 0.021742
114.0676 0.025170
116.4869 0.030337
117.1117 0.030930
117.7969 0.032095
118.5597 0.033602
119.4123 0.036437
120.4272 0.040104
121.6457 0.043913
123.1924 0.049580
125.3317 0.059300
128.9195 0.082342
132.2679 0.112760
136.5334 0.175627
139.6759 0.234075
tr2s-04-5 3 1
 50.0279 0.100217
 51.4067 0.077913
 53.4836 0.055315
 55.2112 0.041867
 57.0819 0.032801
 58.2472 0.027977
 59.1210 0.026143
 59.8163 0.023958
 60.4235 0.022538
 60.9368 0.021731
 61.4061 0.020516
 61.8224 0.019936
 62.1891 0.018963
 63.6971 0.016348
 64.8449 0.014940
 65.7799 0.013397
 66.5856 0.012669
 67.2850 0.012504
 67.9112 0.012063
 68.4806 0.011864
 69.0078 0.011266
 69.4895 0.010956
 69.9444 0.010927
 70.3735 0.010941
 70.7803 0.010794
 71.1658 0.010596
 71.5365 0.010422
 71.8940 0.010447
 72.2275 0.010402
 72.5493 0.010384
 72.8599 0.010288
 73.1635 0.010313
 73.4548 0.010173
 73.7377 0.010107
 74.0146 0.009942
 74.2853 0.009693
 74.5468 0.009540
 74.8046 0.009521
 75.0566 0.009336
 75.3032 0.009292
 75.5444 0.009348
 75.7792 0.009298
 76.0132 0.009216
 76.2384 0.009140
 76.4624 0.008957
 76.6857 0.008875
 76.9016 0.008851
 77.1140 0.008807
 77.3221 0.008767
 77.5318 0.008817
 77.7384 0.008727
 77.9398 0.008672
 78.1406 0.008685
 78.3386 0.008692
 78.5336 0.008715
 78.7270 0.008716
 78.9163 0.008739
 79.1046 0.008806
 79.2883 0.008777
 79.4721 0.008751
 79.6526 0.008676
 79.8335 0.008584
 80.0136 0.008538
 80.1934 0.008579
 80.3696 0.008495
 80.5468 0.008290
 80.7215 0.008312
 80.8947 0.008336
 81.0683 0.008303
 81.2396 0.008306
 81.4096 0.008401
 81.5800 0.008435
 81.7479 0.008434
 81.9140 0.008441
 82.0821 0.008457
 82.2471 0.008448
 82.4124 0.008608
 82.5757 0.008654
 82.7361 0.008657
 82.8985 0.008618
 83.0593 0.008595
 83.2198 0.008555
 83.3784 0.008549
 83.5396 0.008496
 83.6970 0.008524
 83.8556 0.008552
 84.0147 0.008647
 84.1750 0.008624
 84.3339 0.008669
 84.4909 0.008576
 84.6478 0.008659
 84.8052 0.008613
 84.9598 0.008582
 85.1176 0.008557
 85.2737 0.008586
 85.4297 0.008690
 85.5870 0.008713
 85.7410 0.008740
 85.8964 0.008767
 86.0518 0.008824
 86.2076 0.008895
 86.3639 0.008888
 86.5185 0.008821
 86.6746 0.008864
 86.8304 0.008923
 86.9849 0.008890
 87.1387 0.008906
 87.2930 0.008954
 87.4467 0.008900
 87.6016 0.008905
 87.7585 0.008936
 87.9134 0.008847
 88.0703 0.008825
 88.2281 0.008804
 88.3848 0.008931
 88.5408 0.008896
 88.6985 0.008890
 88.8562 0.008802
 89.0149 0.008841
 89.1722 0.008769
 89.3315 0.008771
 89.4907 0.008922
 89.6498 0.008926
 89.8103 0.008960
 89.9732 0.008994
 90.1336 0.009043
 90.2956 0.008995
 90.4586 0.008924
 90.6225 0.008967
 90.7868 0.008926
 90.9528 0.008948
 91.1184 0.009016
 91.2843 0.009030
 91.4518 0.009064
 91.6196 0.009007
 91.7901 0.009046
 91.9582 0.009108
 92.1300 0.009193
 92.3023 0.009238
 92.4743 0.009263
 92.6494 0.009209
 92.8242 0.009204
 93.0011 0.009264
 93.1793 0.009354
 93.3564 0.009378
 93.5360 0.009409
 93.7166 0.009459
 93.8999 0.009566
 94.0842 0.009584
 94.2706 0.009567
 94.4601 0.009608
 94.6472 0.009611
 94.8407 0.009703
 95.0338 0.009786
 95.2281 0.009745
 95.4268 0.009784
 95.6281 0.009841
 95.8313 0.009905
 96.0340 0.009992
 96.2430 0.010000
 96.4512 0.010092
 96.6624 0.010168
 96.8779 0.010228
 97.0932 0.010136
 97.3110 0.010107
 97.5333 0.010154
 97.7589 0.010255
 97.9884 0.010342
 98.2215 0.010368
 98.4569 0.010462
 98.6952 0.010446
 98.9385 0.010500
 99.1866 0.010357
 99.4411 0.010389
 99.7007 0.010445
 99.9634 0.010542
100.2319 0.010587
100.5058 0.010662
100.7894 0.010948
101.0748 0.010898
101.3694 0.010972
101.6699 0.010933
101.9748 0.011023
102.2908 0.011251
102.6145 0.011086
102.9467 0.011493
103.2935 0.011550
103.6446 0.011773
104.0124 0.012046
104.3954 0.012185
104.7894 0.012309
105.1972 0.012560
105.6246 0.012513
106.0704 0.012903
106.5408 0.013328
107.0338 0.013684
107.5596 0.013686
108.1165 0.014187
108.7091 0.014708
109.3428 0.015031
110.0287 0.015579
110.7847 0.015766
111.6035 0.016214
112.5103 0.017000
113.5303 0.018552
114.7229 0.019994
116.1397 0.021489
117.9239 0.024552
120.3518 0.029030
120.9572 0.030093
121.6257 0.031208
122.3963 0.034209
123.2633 0.035745
124.2877 0.039306
125.5222 0.043844
127.0478 0.050512
129.1902 0.058916
132.6675 0.081770
136.0988 0.109694
140.3841 0.168385
143.6363 0.228796
