Copyright (C) 1998 James G. MacKinnon, Alfred A. Haug, and Leo Michelis.
 lm0-09-7 3 1
 41.1183 0.059173
 41.9371 0.041967
 43.0746 0.031660
 44.0687 0.024405
 45.1372 0.018905
 45.8038 0.016254
 46.3148 0.015049
 46.7156 0.013856
 47.0538 0.012963
 47.3513 0.011957
 47.6146 0.011246
 47.8485 0.010697
 48.0603 0.010136
 48.9314 0.008617
 49.6066 0.008199
 50.1492 0.007847
 50.6135 0.007451
 51.0169 0.007300
 51.3784 0.007028
 51.7133 0.006516
 52.0245 0.006201
 52.3120 0.006075
 52.5785 0.005831
 52.8299 0.005675
 53.0670 0.005568
 53.2940 0.005641
 53.5124 0.005678
 53.7204 0.005648
 53.9199 0.005611
 54.1103 0.005609
 54.2963 0.005557
 54.4764 0.005562
 54.6515 0.005494
 54.8220 0.005481
 54.9890 0.005371
 55.1492 0.005336
 55.3060 0.005215
 55.4595 0.005117
 55.6093 0.005101
 55.7570 0.005068
 55.9006 0.005136
 56.0435 0.005141
 56.1834 0.005187
 56.3194 0.005106
 56.4546 0.005066
 56.5870 0.005132
 56.7154 0.005112
 56.8453 0.005007
 56.9736 0.005023
 57.0987 0.005036
 57.2214 0.005028
 57.3424 0.005038
 57.4642 0.004986
 57.5842 0.004995
 57.7020 0.004943
 57.8207 0.004897
 57.9357 0.004888
 58.0502 0.004855
 58.1636 0.004844
 58.2752 0.004719
 58.3873 0.004733
 58.4981 0.004735
 58.6075 0.004725
 58.7174 0.004725
 58.8281 0.004717
 58.9361 0.004774
 59.0451 0.004705
 59.1506 0.004696
 59.2563 0.004626
 59.3624 0.004600
 59.4673 0.004557
 59.5715 0.004538
 59.6748 0.004513
 59.7783 0.004529
 59.8801 0.004573
 59.9828 0.004610
 60.0829 0.004587
 60.1839 0.004643
 60.2857 0.004595
 60.3850 0.004662
 60.4866 0.004729
 60.5875 0.004707
 60.6863 0.004736
 60.7850 0.004755
 60.8845 0.004818
 60.9837 0.004839
 61.0817 0.004861
 61.1801 0.004822
 61.2789 0.004815
 61.3759 0.004860
 61.4734 0.004886
 61.5706 0.004942
 61.6678 0.004922
 61.7654 0.004913
 61.8628 0.004909
 61.9608 0.004899
 62.0566 0.004945
 62.1552 0.004971
 62.2527 0.004933
 62.3495 0.004867
 62.4474 0.004830
 62.5441 0.004883
 62.6420 0.004933
 62.7396 0.004952
 62.8368 0.005001
 62.9349 0.005035
 63.0328 0.005062
 63.1326 0.005038
 63.2304 0.005021
 63.3284 0.005035
 63.4268 0.005130
 63.5257 0.005075
 63.6259 0.005060
 63.7244 0.005068
 63.8247 0.005118
 63.9239 0.005129
 64.0249 0.005127
 64.1250 0.005104
 64.2257 0.005100
 64.3274 0.005077
 64.4278 0.005133
 64.5307 0.005168
 64.6321 0.005171
 64.7352 0.005152
 64.8379 0.005139
 64.9409 0.005141
 65.0453 0.005110
 65.1497 0.005092
 65.2547 0.005130
 65.3611 0.005171
 65.4670 0.005177
 65.5729 0.005147
 65.6801 0.005096
 65.7870 0.005121
 65.8947 0.005124
 66.0042 0.005141
 66.1137 0.005125
 66.2256 0.005130
 66.3373 0.005179
 66.4497 0.005117
 66.5624 0.005184
 66.6760 0.005289
 66.7890 0.005306
 66.9028 0.005354
 67.0188 0.005411
 67.1354 0.005514
 67.2531 0.005591
 67.3728 0.005668
 67.4946 0.005690
 67.6159 0.005752
 67.7384 0.005769
 67.8614 0.005843
 67.9876 0.005867
 68.1135 0.005890
 68.2413 0.005936
 68.3715 0.005955
 68.5018 0.006000
 68.6354 0.006029
 68.7704 0.006041
 68.9065 0.006163
 69.0417 0.006111
 69.1805 0.006151
 69.3204 0.006178
 69.4646 0.006206
 69.6101 0.006239
 69.7566 0.006314
 69.9070 0.006345
 70.0579 0.006338
 70.2131 0.006401
 70.3707 0.006450
 70.5311 0.006497
 70.6911 0.006585
 70.8581 0.006661
 71.0269 0.006797
 71.1998 0.006833
 71.3752 0.006796
 71.5539 0.006849
 71.7386 0.006941
 71.9263 0.007025
 72.1197 0.007096
 72.3162 0.007168
 72.5178 0.007146
 72.7275 0.007131
 72.9427 0.007218
 73.1626 0.007304
 73.3928 0.007410
 73.6278 0.007657
 73.8690 0.007852
 74.1184 0.007856
 74.3786 0.008072
 74.6489 0.008300
 74.9315 0.008505
 75.2257 0.008661
 75.5301 0.008874
 75.8527 0.009122
 76.1988 0.009433
 76.5615 0.009716
 76.9494 0.009844
 77.3549 0.010118
 77.7968 0.010446
 78.2714 0.011032
 78.7828 0.011341
 79.3586 0.011712
 79.9976 0.012165
 80.7249 0.013320
 81.5754 0.014817
 82.5824 0.016020
 83.8629 0.018123
 85.6049 0.021401
 86.0413 0.022675
 86.5306 0.024092
 87.0816 0.025468
 87.7302 0.027846
 88.4671 0.030795
 89.3564 0.033671
 90.5110 0.036514
 92.1018 0.043778
 94.7977 0.058956
 97.3497 0.079213
100.5872 0.133049
103.2203 0.187648
 lm1-09-7 3 1
 43.5795 0.059252
 44.3180 0.046242
 45.5229 0.031851
 46.5012 0.024785
 47.5961 0.018610
 48.2934 0.016262
 48.8220 0.015639
 49.2525 0.014207
 49.6035 0.013442
 49.9091 0.012910
 50.1797 0.012309
 50.4266 0.011672
 50.6530 0.011222
 51.5356 0.009952
 52.2097 0.008964
 52.7614 0.008080
 53.2288 0.007760
 53.6455 0.007500
 54.0261 0.007142
 54.3676 0.006770
 54.6798 0.006700
 54.9760 0.006460
 55.2495 0.006254
 55.5039 0.006267
 55.7487 0.006095
 55.9810 0.005890
 56.2015 0.005756
 56.4111 0.005752
 56.6165 0.005709
 56.8138 0.005700
 57.0021 0.005643
 57.1869 0.005616
 57.3647 0.005585
 57.5402 0.005533
 57.7091 0.005451
 57.8739 0.005428
 58.0349 0.005357
 58.1917 0.005374
 58.3449 0.005308
 58.4956 0.005340
 58.6426 0.005351
 58.7874 0.005310
 58.9302 0.005230
 59.0716 0.005160
 59.2100 0.005123
 59.3477 0.005123
 59.4812 0.005065
 59.6129 0.005056
 59.7426 0.005063
 59.8703 0.004994
 59.9966 0.004955
 60.1208 0.004894
 60.2440 0.004812
 60.3653 0.004803
 60.4849 0.004754
 60.6045 0.004793
 60.7220 0.004808
 60.8388 0.004816
 60.9550 0.004830
 61.0695 0.004813
 61.1826 0.004755
 61.2953 0.004775
 61.4093 0.004769
 61.5192 0.004768
 61.6291 0.004833
 61.7372 0.004851
 61.8459 0.004887
 61.9543 0.004853
 62.0620 0.004767
 62.1692 0.004725
 62.2743 0.004722
 62.3814 0.004737
 62.4876 0.004787
 62.5926 0.004810
 62.6955 0.004765
 62.7999 0.004813
 62.9010 0.004812
 63.0026 0.004809
 63.1061 0.004802
 63.2085 0.004797
 63.3098 0.004826
 63.4114 0.004842
 63.5126 0.004854
 63.6147 0.004841
 63.7150 0.004851
 63.8168 0.004895
 63.9170 0.004887
 64.0170 0.004910
 64.1177 0.004928
 64.2178 0.004923
 64.3177 0.004972
 64.4184 0.004985
 64.5175 0.005041
 64.6171 0.005031
 64.7172 0.004946
 64.8168 0.004932
 64.9157 0.004969
 65.0155 0.004933
 65.1154 0.004918
 65.2159 0.004908
 65.3155 0.004971
 65.4151 0.004994
 65.5152 0.004967
 65.6146 0.005028
 65.7128 0.005018
 65.8138 0.005038
 65.9148 0.004981
 66.0143 0.004989
 66.1155 0.004962
 66.2152 0.005037
 66.3161 0.005061
 66.4165 0.005145
 66.5169 0.005098
 66.6184 0.005093
 66.7201 0.005137
 66.8208 0.005143
 66.9239 0.005193
 67.0269 0.005205
 67.1282 0.005287
 67.2304 0.005369
 67.3337 0.005382
 67.4375 0.005345
 67.5426 0.005318
 67.6473 0.005343
 67.7508 0.005368
 67.8553 0.005442
 67.9621 0.005487
 68.0673 0.005533
 68.1734 0.005536
 68.2796 0.005510
 68.3880 0.005507
 68.4981 0.005566
 68.6094 0.005594
 68.7183 0.005660
 68.8281 0.005679
 68.9403 0.005591
 69.0525 0.005554
 69.1666 0.005521
 69.2787 0.005516
 69.3929 0.005473
 69.5073 0.005529
 69.6240 0.005526
 69.7404 0.005587
 69.8576 0.005621
 69.9775 0.005646
 70.0963 0.005701
 70.2178 0.005691
 70.3392 0.005748
 70.4606 0.005765
 70.5824 0.005851
 70.7089 0.005843
 70.8359 0.005876
 70.9644 0.005886
 71.0931 0.005909
 71.2241 0.005941
 71.3582 0.005912
 71.4918 0.005951
 71.6258 0.005998
 71.7613 0.006045
 71.8994 0.006113
 72.0407 0.006135
 72.1787 0.006240
 72.3225 0.006278
 72.4688 0.006323
 72.6150 0.006349
 72.7667 0.006405
 72.9201 0.006388
 73.0738 0.006366
 73.2317 0.006445
 73.3944 0.006416
 73.5567 0.006420
 73.7245 0.006546
 73.8925 0.006566
 74.0654 0.006702
 74.2417 0.006735
 74.4199 0.006805
 74.6032 0.006889
 74.7882 0.006789
 74.9788 0.006877
 75.1756 0.006975
 75.3782 0.007186
 75.5843 0.007298
 75.7936 0.007406
 76.0114 0.007608
 76.2341 0.007844
 76.4650 0.007968
 76.7035 0.007953
 76.9518 0.008130
 77.2053 0.008425
 77.4732 0.008519
 77.7470 0.008693
 78.0312 0.008685
 78.3298 0.008953
 78.6405 0.009120
 78.9721 0.009199
 79.3186 0.009494
 79.6818 0.009770
 80.0702 0.009976
 80.4833 0.010207
 80.9314 0.010841
 81.4224 0.011287
 81.9527 0.012006
 82.5341 0.012892
 83.1746 0.013342
 83.9049 0.013974
 84.7604 0.015377
 85.7892 0.016455
 87.0940 0.018973
 88.8620 0.023525
 89.3076 0.024934
 89.8009 0.026131
 90.3623 0.027715
 91.0096 0.028878
 91.7663 0.031904
 92.6714 0.034125
 93.8319 0.037802
 95.4646 0.044404
 98.1335 0.064409
100.7429 0.085754
104.1078 0.132041
106.6431 0.186153
lm1s-09-7 3 1
 44.1925 0.058175
 45.0007 0.047045
 46.2328 0.032679
 47.2450 0.025164
 48.3592 0.018774
 49.0615 0.016321
 49.5965 0.014985
 50.0097 0.014459
 50.3563 0.013582
 50.6625 0.012543
 50.9374 0.011732
 51.1775 0.011272
 51.3981 0.011266
 52.2913 0.009861
 52.9695 0.008692
 53.5225 0.008009
 53.9980 0.007795
 54.4156 0.007479
 54.7881 0.007165
 55.1326 0.007002
 55.4449 0.006846
 55.7367 0.006628
 56.0092 0.006311
 56.2646 0.006110
 56.5110 0.006066
 56.7434 0.005993
 56.9626 0.005781
 57.1756 0.005779
 57.3809 0.005803
 57.5767 0.005728
 57.7664 0.005614
 57.9481 0.005502
 58.1275 0.005484
 58.3019 0.005491
 58.4699 0.005446
 58.6345 0.005400
 58.7956 0.005412
 58.9541 0.005323
 59.1086 0.005304
 59.2590 0.005318
 59.4083 0.005303
 59.5528 0.005231
 59.6946 0.005227
 59.8327 0.005204
 59.9696 0.005159
 60.1027 0.005168
 60.2365 0.005125
 60.3699 0.005037
 60.4992 0.005038
 60.6287 0.005031
 60.7545 0.004981
 60.8797 0.004932
 61.0031 0.004957
 61.1248 0.004883
 61.2436 0.004912
 61.3637 0.004896
 61.4822 0.004871
 61.5994 0.004899
 61.7135 0.004955
 61.8284 0.004922
 61.9425 0.004862
 62.0542 0.004811
 62.1674 0.004808
 62.2790 0.004823
 62.3893 0.004817
 62.4996 0.004794
 62.6087 0.004782
 62.7166 0.004775
 62.8233 0.004799
 62.9303 0.004855
 63.0363 0.004874
 63.1414 0.004865
 63.2463 0.004864
 63.3514 0.004881
 63.4556 0.004833
 63.5597 0.004901
 63.6622 0.004840
 63.7655 0.004868
 63.8689 0.004879
 63.9723 0.004903
 64.0735 0.004864
 64.1749 0.004900
 64.2761 0.004897
 64.3769 0.004971
 64.4776 0.005001
 64.5791 0.005029
 64.6802 0.005061
 64.7808 0.005082
 64.8817 0.005064
 64.9809 0.005093
 65.0827 0.005126
 65.1823 0.005125
 65.2823 0.005113
 65.3816 0.005038
 65.4819 0.005053
 65.5810 0.005039
 65.6809 0.005009
 65.7798 0.005024
 65.8789 0.005025
 65.9771 0.004952
 66.0768 0.004930
 66.1763 0.004936
 66.2760 0.004947
 66.3759 0.004950
 66.4748 0.004951
 66.5759 0.004953
 66.6762 0.004971
 66.7764 0.004975
 66.8765 0.004973
 66.9776 0.005007
 67.0771 0.005103
 67.1791 0.005133
 67.2790 0.005160
 67.3790 0.005199
 67.4792 0.005243
 67.5807 0.005175
 67.6820 0.005196
 67.7853 0.005234
 67.8878 0.005258
 67.9903 0.005297
 68.0945 0.005281
 68.1982 0.005255
 68.3016 0.005256
 68.4070 0.005311
 68.5118 0.005351
 68.6176 0.005395
 68.7237 0.005433
 68.8302 0.005421
 68.9374 0.005450
 69.0447 0.005479
 69.1536 0.005450
 69.2630 0.005470
 69.3717 0.005429
 69.4823 0.005455
 69.5916 0.005565
 69.7024 0.005586
 69.8153 0.005580
 69.9270 0.005634
 70.0405 0.005652
 70.1551 0.005642
 70.2703 0.005628
 70.3853 0.005717
 70.5019 0.005736
 70.6196 0.005736
 70.7392 0.005703
 70.8600 0.005695
 70.9802 0.005726
 71.1016 0.005805
 71.2249 0.005841
 71.3501 0.005881
 71.4742 0.005850
 71.5997 0.005797
 71.7273 0.005841
 71.8558 0.005925
 71.9859 0.005954
 72.1171 0.005995
 72.2490 0.006044
 72.3844 0.006067
 72.5222 0.006031
 72.6601 0.006073
 72.8011 0.006183
 72.9438 0.006196
 73.0863 0.006162
 73.2327 0.006177
 73.3830 0.006253
 73.5335 0.006346
 73.6855 0.006359
 73.8399 0.006306
 73.9981 0.006371
 74.1591 0.006448
 74.3222 0.006520
 74.4875 0.006517
 74.6558 0.006593
 74.8279 0.006642
 75.0008 0.006637
 75.1812 0.006740
 75.3641 0.006926
 75.5514 0.007026
 75.7451 0.007228
 75.9373 0.007452
 76.1381 0.007636
 76.3428 0.007732
 76.5547 0.007663
 76.7709 0.007728
 76.9954 0.007892
 77.2261 0.008028
 77.4674 0.008067
 77.7138 0.008131
 77.9695 0.008265
 78.2301 0.008482
 78.5037 0.008696
 78.7879 0.008747
 79.0858 0.008839
 79.4012 0.009033
 79.7284 0.009266
 80.0705 0.009340
 80.4363 0.009661
 80.8265 0.010050
 81.2443 0.010431
 81.6973 0.010840
 82.1740 0.011472
 82.7015 0.012150
 83.2867 0.012769
 83.9312 0.013590
 84.6673 0.014443
 85.5250 0.015332
 86.5510 0.016953
 87.8431 0.019221
 89.6038 0.023737
 90.0558 0.025079
 90.5580 0.026085
 91.1244 0.027982
 91.7545 0.029342
 92.4964 0.030937
 93.4188 0.033755
 94.5781 0.036671
 96.2162 0.044629
 98.8590 0.061500
101.4315 0.087854
104.9218 0.130524
107.3942 0.178948
 lm2-09-7 3 1
 45.7951 0.062088
 46.6938 0.048479
 47.9648 0.032202
 49.0275 0.025911
 50.1543 0.019550
 50.8554 0.017287
 51.3766 0.015293
 51.8033 0.014054
 52.1608 0.012604
 52.4733 0.012033
 52.7450 0.011186
 52.9942 0.010660
 53.2174 0.010502
 54.1265 0.008999
 54.8215 0.008751
 55.3884 0.008103
 55.8766 0.007897
 56.2993 0.007612
 56.6809 0.006981
 57.0278 0.006707
 57.3442 0.006556
 57.6403 0.006547
 57.9202 0.006365
 58.1846 0.006203
 58.4338 0.006118
 58.6688 0.006076
 58.8922 0.005997
 59.1101 0.005812
 59.3180 0.005824
 59.5181 0.005780
 59.7132 0.005629
 59.9012 0.005567
 60.0840 0.005442
 60.2623 0.005490
 60.4353 0.005509
 60.6047 0.005422
 60.7719 0.005438
 60.9318 0.005478
 61.0885 0.005465
 61.2431 0.005391
 61.3941 0.005335
 61.5435 0.005369
 61.6880 0.005341
 61.8296 0.005178
 61.9699 0.005164
 62.1085 0.005117
 62.2456 0.005079
 62.3807 0.005177
 62.5131 0.005110
 62.6428 0.005191
 62.7701 0.005164
 62.8995 0.005185
 63.0246 0.005108
 63.1496 0.005070
 63.2727 0.005085
 63.3927 0.005066
 63.5140 0.004957
 63.6329 0.004902
 63.7507 0.004915
 63.8684 0.004922
 63.9857 0.004958
 64.1006 0.004917
 64.2137 0.004949
 64.3272 0.004942
 64.4399 0.004905
 64.5519 0.004895
 64.6635 0.004844
 64.7730 0.004792
 64.8820 0.004830
 64.9916 0.004794
 65.1011 0.004764
 65.2087 0.004737
 65.3154 0.004770
 65.4234 0.004811
 65.5292 0.004823
 65.6352 0.004766
 65.7426 0.004727
 65.8487 0.004723
 65.9524 0.004694
 66.0562 0.004648
 66.1600 0.004713
 66.2631 0.004798
 66.3653 0.004809
 66.4681 0.004792
 66.5709 0.004787
 66.6729 0.004755
 66.7754 0.004809
 66.8786 0.004829
 66.9800 0.004765
 67.0823 0.004754
 67.1834 0.004717
 67.2854 0.004724
 67.3866 0.004732
 67.4868 0.004697
 67.5877 0.004700
 67.6879 0.004685
 67.7892 0.004682
 67.8920 0.004706
 67.9943 0.004715
 68.0957 0.004793
 68.1970 0.004847
 68.2975 0.004842
 68.3986 0.004866
 68.4992 0.004816
 68.6010 0.004870
 68.7018 0.004853
 68.8029 0.004926
 68.9058 0.004910
 69.0075 0.004978
 69.1102 0.005004
 69.2122 0.005022
 69.3157 0.005083
 69.4183 0.005121
 69.5219 0.005119
 69.6246 0.005121
 69.7293 0.005177
 69.8335 0.005218
 69.9369 0.005225
 70.0417 0.005240
 70.1461 0.005231
 70.2516 0.005287
 70.3562 0.005293
 70.4611 0.005279
 70.5680 0.005281
 70.6742 0.005308
 70.7814 0.005359
 70.8884 0.005414
 70.9964 0.005529
 71.1063 0.005478
 71.2157 0.005457
 71.3261 0.005498
 71.4362 0.005534
 71.5458 0.005511
 71.6562 0.005525
 71.7690 0.005532
 71.8811 0.005584
 71.9945 0.005622
 72.1073 0.005596
 72.2220 0.005670
 72.3390 0.005687
 72.4551 0.005709
 72.5745 0.005727
 72.6946 0.005737
 72.8150 0.005761
 72.9348 0.005826
 73.0566 0.005877
 73.1781 0.005953
 73.3021 0.006026
 73.4269 0.006023
 73.5539 0.006057
 73.6829 0.006085
 73.8125 0.006128
 73.9437 0.006194
 74.0764 0.006279
 74.2091 0.006252
 74.3433 0.006264
 74.4780 0.006311
 74.6167 0.006380
 74.7558 0.006433
 74.8959 0.006424
 75.0369 0.006522
 75.1814 0.006513
 75.3290 0.006529
 75.4760 0.006506
 75.6235 0.006599
 75.7760 0.006603
 75.9332 0.006658
 76.0896 0.006682
 76.2494 0.006753
 76.4132 0.006825
 76.5773 0.006938
 76.7462 0.007037
 76.9196 0.007072
 77.0949 0.007096
 77.2745 0.007196
 77.4564 0.007316
 77.6417 0.007293
 77.8305 0.007315
 78.0247 0.007338
 78.2248 0.007463
 78.4264 0.007470
 78.6369 0.007607
 78.8492 0.007591
 79.0703 0.007644
 79.2958 0.007868
 79.5303 0.007966
 79.7749 0.008128
 80.0256 0.008225
 80.2803 0.008324
 80.5439 0.008416
 80.8232 0.008462
 81.1142 0.008685
 81.4173 0.008927
 81.7338 0.009156
 82.0628 0.009645
 82.4175 0.009816
 82.7944 0.010234
 83.1919 0.010489
 83.6124 0.010907
 84.0643 0.011333
 84.5536 0.011975
 85.0891 0.012458
 85.6753 0.012920
 86.3298 0.013301
 87.0810 0.014029
 87.9518 0.015400
 88.9974 0.017290
 90.2998 0.019364
 92.1066 0.022803
 92.5693 0.023934
 93.0823 0.025113
 93.6635 0.026015
 94.3058 0.027993
 95.0684 0.030082
 95.9916 0.032682
 97.1805 0.037037
 98.8648 0.045965
101.5725 0.060641
104.1273 0.084012
107.6504 0.131597
110.1061 0.181455
lm2s-09-7 3 1
 46.6293 0.061422
 47.5313 0.048118
 48.7551 0.033992
 49.8042 0.026531
 50.9321 0.019365
 51.6190 0.016831
 52.1483 0.015290
 52.5727 0.014178
 52.9239 0.013077
 53.2294 0.012510
 53.4998 0.011496
 53.7493 0.011151
 53.9723 0.010845
 54.8963 0.009542
 55.5896 0.008632
 56.1602 0.008065
 56.6349 0.007705
 57.0589 0.007448
 57.4411 0.007243
 57.7896 0.007031
 58.1124 0.006704
 58.4115 0.006527
 58.6893 0.006331
 58.9510 0.006124
 59.1991 0.006006
 59.4349 0.006023
 59.6597 0.005967
 59.8781 0.005751
 60.0840 0.005657
 60.2859 0.005543
 60.4828 0.005504
 60.6729 0.005601
 60.8569 0.005524
 61.0340 0.005576
 61.2063 0.005609
 61.3746 0.005467
 61.5399 0.005508
 61.7013 0.005466
 61.8585 0.005361
 62.0109 0.005318
 62.1620 0.005213
 62.3095 0.005149
 62.4559 0.005209
 62.6006 0.005201
 62.7394 0.005174
 62.8777 0.005197
 63.0116 0.005227
 63.1459 0.005203
 63.2784 0.005226
 63.4072 0.005197
 63.5358 0.005140
 63.6623 0.005097
 63.7903 0.005151
 63.9145 0.005054
 64.0368 0.005010
 64.1588 0.005029
 64.2793 0.005101
 64.3978 0.005067
 64.5163 0.005063
 64.6332 0.005014
 64.7489 0.004982
 64.8647 0.004995
 64.9789 0.004892
 65.0945 0.004906
 65.2077 0.004917
 65.3181 0.004909
 65.4303 0.004852
 65.5394 0.004823
 65.6499 0.004804
 65.7605 0.004789
 65.8697 0.004755
 65.9781 0.004765
 66.0855 0.004774
 66.1920 0.004788
 66.2981 0.004802
 66.4040 0.004780
 66.5096 0.004795
 66.6153 0.004785
 66.7189 0.004828
 66.8237 0.004833
 66.9269 0.004832
 67.0302 0.004846
 67.1336 0.004859
 67.2363 0.004838
 67.3384 0.004833
 67.4411 0.004787
 67.5432 0.004760
 67.6453 0.004779
 67.7473 0.004788
 67.8499 0.004772
 67.9520 0.004777
 68.0522 0.004831
 68.1538 0.004807
 68.2555 0.004808
 68.3557 0.004805
 68.4574 0.004832
 68.5584 0.004812
 68.6602 0.004815
 68.7595 0.004806
 68.8612 0.004826
 68.9623 0.004875
 69.0636 0.004888
 69.1654 0.004925
 69.2663 0.004936
 69.3674 0.004936
 69.4689 0.004965
 69.5703 0.004987
 69.6722 0.005002
 69.7752 0.004974
 69.8781 0.005001
 69.9804 0.005029
 70.0825 0.005041
 70.1842 0.005097
 70.2871 0.005104
 70.3896 0.005124
 70.4937 0.005098
 70.5964 0.005082
 70.7009 0.005141
 70.8048 0.005137
 70.9102 0.005193
 71.0156 0.005244
 71.1225 0.005245
 71.2272 0.005209
 71.3333 0.005254
 71.4413 0.005214
 71.5478 0.005257
 71.6557 0.005293
 71.7628 0.005295
 71.8692 0.005350
 71.9794 0.005409
 72.0892 0.005454
 72.1990 0.005458
 72.3101 0.005561
 72.4224 0.005552
 72.5359 0.005606
 72.6500 0.005615
 72.7633 0.005673
 72.8769 0.005663
 72.9924 0.005730
 73.1075 0.005768
 73.2234 0.005828
 73.3409 0.005837
 73.4606 0.005856
 73.5798 0.005877
 73.7021 0.005901
 73.8230 0.005912
 73.9477 0.006000
 74.0719 0.006022
 74.1978 0.006064
 74.3255 0.006076
 74.4514 0.006100
 74.5800 0.006146
 74.7107 0.006131
 74.8419 0.006149
 74.9738 0.006207
 75.1081 0.006208
 75.2432 0.006257
 75.3802 0.006303
 75.5201 0.006341
 75.6599 0.006387
 75.8017 0.006459
 75.9447 0.006464
 76.0915 0.006462
 76.2411 0.006555
 76.3902 0.006660
 76.5428 0.006689
 76.6968 0.006737
 76.8562 0.006844
 77.0170 0.006967
 77.1788 0.007010
 77.3432 0.007086
 77.5129 0.007122
 77.6849 0.007025
 77.8577 0.007054
 78.0367 0.007124
 78.2183 0.007194
 78.4051 0.007297
 78.5966 0.007378
 78.7910 0.007327
 78.9894 0.007356
 79.1930 0.007408
 79.4001 0.007549
 79.6138 0.007673
 79.8339 0.007704
 80.0612 0.007834
 80.2939 0.007914
 80.5357 0.008124
 80.7798 0.008313
 81.0411 0.008323
 81.3138 0.008469
 81.5891 0.008666
 81.8786 0.008926
 82.1843 0.009363
 82.4970 0.009628
 82.8300 0.009849
 83.1813 0.010093
 83.5543 0.010463
 83.9521 0.010637
 84.3729 0.010833
 84.8195 0.011405
 85.3071 0.012012
 85.8479 0.012556
 86.4380 0.012837
 87.0977 0.013555
 87.8469 0.014290
 88.7064 0.015780
 89.7567 0.017187
 91.0674 0.019367
 92.8615 0.022998
 93.3190 0.024013
 93.8281 0.024855
 94.3999 0.026431
 95.0509 0.027766
 95.8211 0.029669
 96.7452 0.033536
 97.9428 0.038484
 99.6113 0.047737
102.3282 0.061638
104.8719 0.084119
108.3973 0.131661
110.9075 0.189399
 tr0-09-7 3 1
204.1631 0.217424
207.4307 0.161084
211.7720 0.110972
215.3307 0.086043
219.2739 0.068237
221.7815 0.059307
223.5996 0.053643
225.1062 0.050573
226.2936 0.048176
227.3441 0.045183
228.2959 0.043126
229.1377 0.041554
229.9218 0.039761
232.9894 0.033280
235.2825 0.030450
237.1225 0.028688
238.6898 0.026864
240.0634 0.025022
241.3008 0.024419
242.4085 0.023333
243.4289 0.022781
244.3734 0.022152
245.2570 0.021370
246.0819 0.020764
246.8637 0.020317
247.6052 0.020031
248.3090 0.019746
248.9834 0.019771
249.6282 0.019473
250.2508 0.019193
250.8524 0.018818
251.4317 0.018519
251.9907 0.018365
252.5342 0.018061
253.0596 0.017998
253.5723 0.017550
254.0732 0.017336
254.5603 0.017168
255.0431 0.016976
255.5090 0.016773
255.9605 0.016762
256.4073 0.016746
256.8431 0.016753
257.2701 0.016523
257.6896 0.016555
258.0989 0.016505
258.5078 0.016120
258.9085 0.016112
259.3034 0.016076
259.6905 0.015757
260.0731 0.015667
260.4514 0.015633
260.8246 0.015309
261.1918 0.015039
261.5560 0.015231
261.9183 0.015071
262.2699 0.015109
262.6188 0.014931
262.9684 0.014698
263.3113 0.014689
263.6502 0.014779
263.9847 0.014962
264.3182 0.014860
264.6444 0.014980
264.9673 0.015068
265.2936 0.014998
265.6143 0.014948
265.9306 0.015016
266.2476 0.014965
266.5639 0.014857
266.8747 0.014703
267.1844 0.014534
267.4926 0.014459
267.7985 0.014411
268.1033 0.014320
268.4062 0.014186
268.7030 0.014105
269.0014 0.014149
269.2976 0.014275
269.5932 0.014234
269.8894 0.014128
270.1837 0.014188
270.4731 0.014114
270.7685 0.014125
271.0570 0.014116
271.3452 0.014022
271.6346 0.014167
271.9190 0.014260
272.2026 0.014266
272.4901 0.014371
272.7732 0.014365
273.0599 0.014282
273.3445 0.014310
273.6275 0.014271
273.9073 0.014444
274.1904 0.014604
274.4723 0.014575
274.7518 0.014563
275.0274 0.014614
275.3055 0.014640
275.5839 0.014761
275.8648 0.014674
276.1428 0.014572
276.4220 0.014463
276.7041 0.014380
276.9834 0.014532
277.2603 0.014634
277.5381 0.014522
277.8184 0.014654
278.0961 0.014731
278.3781 0.014821
278.6535 0.014702
278.9343 0.014725
279.2150 0.014741
279.4993 0.014661
279.7770 0.014637
280.0564 0.014503
280.3355 0.014615
280.6159 0.014620
280.8999 0.014426
281.1857 0.014459
281.4710 0.014444
281.7574 0.014485
282.0402 0.014736
282.3245 0.014791
282.6123 0.014745
282.9004 0.014907
283.1909 0.014944
283.4810 0.014924
283.7721 0.014996
284.0696 0.014903
284.3606 0.015077
284.6569 0.015080
284.9483 0.015028
285.2456 0.014966
285.5477 0.014899
285.8494 0.014862
286.1518 0.014733
286.4504 0.014820
286.7543 0.014807
287.0643 0.014879
287.3737 0.014872
287.6813 0.015106
287.9959 0.015256
288.3096 0.015471
288.6278 0.015643
288.9469 0.015650
289.2707 0.015698
289.5950 0.015757
289.9161 0.015778
290.2447 0.015725
290.5780 0.015586
290.9119 0.015664
291.2505 0.015637
291.5965 0.015637
291.9366 0.015798
292.2832 0.015817
292.6375 0.015967
292.9945 0.015985
293.3516 0.015966
293.7142 0.016112
294.0759 0.016356
294.4456 0.016503
294.8268 0.016761
295.2080 0.016699
295.5925 0.016706
295.9778 0.016856
296.3729 0.017015
296.7790 0.016950
297.1898 0.017080
297.6003 0.017134
298.0266 0.017335
298.4584 0.017371
298.8937 0.017357
299.3396 0.017247
299.7850 0.017501
300.2432 0.017553
300.7083 0.017628
301.1863 0.017648
301.6768 0.018270
302.1766 0.018717
302.6903 0.019198
303.2164 0.019386
303.7556 0.019748
304.3074 0.020033
304.8737 0.020341
305.4672 0.020304
306.0664 0.020676
306.6985 0.021140
307.3472 0.021812
308.0191 0.021537
308.7233 0.021530
309.4402 0.021968
310.1981 0.022233
310.9881 0.022741
311.8191 0.023372
312.7017 0.023818
313.6218 0.023922
314.6036 0.024821
315.6616 0.025735
316.7974 0.026492
318.0409 0.027562
319.3854 0.027930
320.9103 0.030170
322.6053 0.032683
324.5644 0.034721
326.8749 0.036506
329.7625 0.040994
333.7145 0.046442
334.7160 0.048808
335.8325 0.050647
337.0711 0.054082
338.5109 0.058588
340.0975 0.064945
342.0086 0.070798
344.5208 0.080174
347.8991 0.096086
353.2953 0.132125
358.5671 0.166392
365.0506 0.260528
369.3966 0.348400
 tr1-09-7 3 1
219.7018 0.237607
222.9703 0.174511
227.6523 0.113916
231.5230 0.089149
235.5809 0.064839
238.1428 0.058772
240.0014 0.054397
241.4518 0.050381
242.6956 0.046453
243.7685 0.043683
244.7202 0.043278
245.6020 0.039903
246.3948 0.038728
249.5533 0.033751
251.9316 0.030865
253.8515 0.029154
255.4796 0.027281
256.9087 0.026137
258.1769 0.025038
259.3121 0.024696
260.3727 0.023601
261.3444 0.023263
262.2518 0.022759
263.1056 0.022354
263.9042 0.021543
264.6712 0.021257
265.3934 0.020812
266.0914 0.020411
266.7505 0.020212
267.4029 0.019827
268.0178 0.019570
268.6174 0.019576
269.1989 0.019149
269.7534 0.018925
270.3014 0.018856
270.8275 0.018511
271.3387 0.018318
271.8406 0.018433
272.3290 0.018337
272.8126 0.018083
273.2847 0.018169
273.7434 0.018398
274.1911 0.018005
274.6301 0.017915
275.0642 0.017752
275.4842 0.017626
275.9023 0.017447
276.3192 0.017179
276.7294 0.016838
277.1265 0.016660
277.5236 0.016562
277.9138 0.016556
278.2968 0.016409
278.6785 0.016336
279.0494 0.016165
279.4158 0.015835
279.7821 0.015798
280.1439 0.015896
280.4985 0.015746
280.8533 0.015739
281.2005 0.015679
281.5481 0.015612
281.8922 0.015567
282.2331 0.015546
282.5724 0.015346
282.9053 0.015254
283.2334 0.015016
283.5582 0.014838
283.8855 0.014950
284.2101 0.015088
284.5315 0.015060
284.8490 0.015079
285.1653 0.015000
285.4782 0.014916
285.7883 0.014649
286.0976 0.014498
286.4111 0.014456
286.7200 0.014515
287.0255 0.014293
287.3280 0.014193
287.6321 0.014400
287.9371 0.014382
288.2362 0.014393
288.5366 0.014526
288.8355 0.014531
289.1362 0.014386
289.4306 0.014386
289.7256 0.014432
290.0185 0.014562
290.3127 0.014632
290.6071 0.014615
290.9001 0.014484
291.1902 0.014405
291.4813 0.014455
291.7761 0.014395
292.0685 0.014352
292.3555 0.014394
292.6439 0.014317
292.9301 0.014311
293.2186 0.014325
293.5080 0.014287
293.7943 0.014470
294.0842 0.014567
294.3683 0.014663
294.6571 0.014703
294.9415 0.014564
295.2270 0.014383
295.5092 0.014380
295.7988 0.014349
296.0855 0.014580
296.3696 0.014553
296.6538 0.014629
296.9397 0.014530
297.2254 0.014512
297.5148 0.014495
297.8023 0.014515
298.0899 0.014526
298.3789 0.014568
298.6657 0.014470
298.9552 0.014318
299.2475 0.014287
299.5445 0.014342
299.8395 0.014433
300.1312 0.014413
300.4257 0.014440
300.7231 0.014633
301.0177 0.014666
301.3113 0.014971
301.6112 0.015034
301.9110 0.014987
302.2083 0.014960
302.5106 0.014950
302.8148 0.015104
303.1188 0.015065
303.4243 0.015258
303.7345 0.015099
304.0432 0.015211
304.3532 0.015175
304.6699 0.015306
304.9817 0.015454
305.2987 0.015380
305.6106 0.015553
305.9286 0.015764
306.2516 0.015723
306.5755 0.015815
306.9037 0.015955
307.2319 0.016057
307.5633 0.015976
307.8947 0.016023
308.2333 0.015851
308.5730 0.016080
308.9145 0.016190
309.2609 0.016229
309.6122 0.016104
309.9607 0.016175
310.3152 0.016294
310.6727 0.016220
311.0340 0.016375
311.3989 0.016550
311.7707 0.016505
312.1416 0.016429
312.5186 0.016540
312.9053 0.016768
313.2877 0.016710
313.6726 0.017047
314.0679 0.016843
314.4645 0.016891
314.8719 0.017128
315.2870 0.017424
315.7086 0.017452
316.1289 0.017347
316.5624 0.017404
317.0058 0.017360
317.4533 0.017451
317.9088 0.017623
318.3735 0.017459
318.8420 0.017614
319.3271 0.018184
319.8146 0.018240
320.3179 0.018776
320.8326 0.018643
321.3587 0.018899
321.8993 0.019150
322.4484 0.019306
323.0184 0.019528
323.6115 0.019526
324.2078 0.019302
324.8265 0.019529
325.4730 0.019519
326.1400 0.019537
326.8260 0.020324
327.5438 0.020723
328.2857 0.021512
329.0621 0.021831
329.8821 0.022555
330.7311 0.022646
331.6242 0.023570
332.5781 0.024395
333.5952 0.025308
334.6747 0.025986
335.8440 0.026978
337.1078 0.028620
338.5045 0.029692
340.0336 0.030560
341.7715 0.033187
343.7688 0.035048
346.1862 0.037390
349.1569 0.042405
353.2402 0.048950
354.2522 0.051804
355.3605 0.053548
356.6156 0.056135
358.0493 0.060062
359.6998 0.065638
361.7456 0.072680
364.2922 0.083650
367.7414 0.101941
373.5249 0.125380
378.7606 0.175923
385.4296 0.268273
390.5614 0.368634
tr1s-09-7 3 1
228.4237 0.223421
231.8421 0.164054
236.4376 0.117854
240.3468 0.084903
244.4061 0.068095
246.9379 0.058578
248.8118 0.055429
250.3049 0.050189
251.5839 0.047506
252.6820 0.044667
253.6215 0.042745
254.4971 0.039229
255.2776 0.037190
258.4505 0.034289
260.8293 0.030962
262.7733 0.028952
264.4099 0.028649
265.8346 0.026781
267.0953 0.025133
268.2516 0.023876
269.3075 0.022950
270.2873 0.022464
271.1911 0.021739
272.0460 0.021155
272.8528 0.021089
273.6277 0.021005
274.3522 0.020694
275.0513 0.020538
275.7177 0.020111
276.3552 0.019854
276.9715 0.019655
277.5652 0.019283
278.1383 0.018759
278.7035 0.018498
279.2482 0.018529
279.7812 0.018226
280.2997 0.018349
280.8056 0.018240
281.2918 0.018066
281.7747 0.017938
282.2419 0.017829
282.7064 0.017572
283.1618 0.017479
283.6041 0.017363
284.0438 0.017173
284.4679 0.016720
284.8912 0.016494
285.3011 0.016270
285.7048 0.016121
286.1008 0.015920
286.4982 0.015846
286.8876 0.015995
287.2675 0.015920
287.6467 0.015937
288.0227 0.015851
288.3876 0.015699
288.7540 0.015686
289.1126 0.015778
289.4700 0.015611
289.8220 0.015519
290.1736 0.015373
290.5203 0.015246
290.8642 0.015348
291.2036 0.015176
291.5455 0.015341
291.8818 0.015304
292.2149 0.015232
292.5436 0.015274
292.8677 0.015228
293.1966 0.015397
293.5188 0.015355
293.8391 0.015177
294.1595 0.015026
294.4722 0.015009
294.7876 0.014944
295.1022 0.014937
295.4117 0.014702
295.7197 0.014620
296.0230 0.014591
296.3294 0.014541
296.6326 0.014475
296.9333 0.014409
297.2389 0.014243
297.5379 0.014099
297.8385 0.014180
298.1343 0.014259
298.4280 0.014309
298.7236 0.014285
299.0164 0.014262
299.3109 0.014207
299.6014 0.014069
299.8948 0.014060
300.1844 0.014039
300.4768 0.013884
300.7698 0.013855
301.0622 0.014019
301.3476 0.013996
301.6383 0.013859
301.9269 0.013810
302.2146 0.013873
302.5033 0.013907
302.7910 0.013885
303.0782 0.013824
303.3664 0.013917
303.6528 0.013954
303.9348 0.013885
304.2208 0.014057
304.5102 0.014074
304.7989 0.014250
305.0878 0.014170
305.3706 0.014109
305.6573 0.014122
305.9449 0.014164
306.2350 0.014298
306.5211 0.014372
306.8069 0.014537
307.0931 0.014581
307.3834 0.014558
307.6732 0.014701
307.9656 0.014791
308.2584 0.014762
308.5545 0.014757
308.8490 0.014912
309.1438 0.015047
309.4428 0.014988
309.7383 0.015148
310.0362 0.015111
310.3353 0.015153
310.6386 0.015271
310.9396 0.015331
311.2420 0.015405
311.5433 0.015318
311.8452 0.015431
312.1510 0.015515
312.4566 0.015497
312.7658 0.015516
313.0741 0.015335
313.3860 0.015291
313.6977 0.015053
314.0092 0.014967
314.3231 0.015083
314.6412 0.015264
314.9604 0.015266
315.2812 0.015368
315.6058 0.015631
315.9323 0.015693
316.2611 0.015810
316.5886 0.015756
316.9186 0.015746
317.2544 0.015829
317.5967 0.015883
317.9368 0.015885
318.2855 0.015912
318.6364 0.015997
318.9882 0.016056
319.3422 0.016118
319.6948 0.016105
320.0569 0.016421
320.4249 0.016540
320.7961 0.016616
321.1658 0.016566
321.5429 0.016690
321.9239 0.016754
322.3137 0.016649
322.7029 0.016851
323.0969 0.016938
323.5002 0.017094
323.9116 0.017224
324.3243 0.017304
324.7443 0.017507
325.1637 0.017727
325.5992 0.017851
326.0384 0.018039
326.4844 0.018156
326.9401 0.018003
327.4083 0.018059
327.8795 0.018219
328.3608 0.018474
328.8481 0.018483
329.3559 0.018468
329.8756 0.018609
330.3998 0.018936
330.9288 0.019441
331.4915 0.019690
332.0625 0.019922
332.6502 0.019934
333.2427 0.019981
333.8640 0.020069
334.5084 0.020563
335.1660 0.021007
335.8588 0.021336
336.5727 0.021442
337.3276 0.021622
338.1073 0.022576
338.9313 0.023271
339.7844 0.023944
340.6862 0.024601
341.6445 0.025344
342.6639 0.026048
343.7492 0.026913
344.9047 0.027957
346.1589 0.029176
347.5471 0.030128
349.0855 0.031535
350.8249 0.032633
352.8384 0.035215
355.2286 0.037594
358.2886 0.042484
362.3083 0.049675
363.3232 0.051484
364.4168 0.053128
365.6763 0.055495
367.1093 0.057686
368.8155 0.063307
370.8140 0.070516
373.3601 0.083831
376.7900 0.102740
382.4915 0.131554
387.8708 0.183914
394.3522 0.273276
399.1220 0.369204
 tr2-09-7 3 1
236.0241 0.235422
239.2414 0.172068
243.9976 0.114871
247.8847 0.090829
252.1734 0.071728
254.8263 0.063352
256.7742 0.054797
258.3117 0.051036
259.6165 0.046344
260.7268 0.043436
261.7137 0.042397
262.6231 0.039692
263.4467 0.037292
266.7053 0.033422
269.1532 0.030734
271.1390 0.028634
272.8288 0.027424
274.2785 0.026505
275.5820 0.025763
276.7650 0.024510
277.8651 0.023583
278.8613 0.022713
279.7984 0.022320
280.6888 0.021422
281.5241 0.021106
282.3013 0.020496
283.0476 0.020356
283.7670 0.020059
284.4492 0.019870
285.1173 0.019577
285.7546 0.019328
286.3732 0.018737
286.9717 0.018712
287.5468 0.018671
288.1093 0.018490
288.6567 0.018177
289.1807 0.017901
289.6965 0.017898
290.1969 0.017915
290.6879 0.017587
291.1715 0.017506
291.6444 0.017450
292.1050 0.017080
292.5641 0.017348
293.0122 0.017590
293.4507 0.017231
293.8841 0.016970
294.3067 0.016644
294.7216 0.016551
295.1307 0.016280
295.5339 0.016008
295.9319 0.016197
296.3262 0.015984
296.7100 0.015738
297.0954 0.015850
297.4749 0.015867
297.8511 0.015830
298.2138 0.015586
298.5832 0.015683
298.9442 0.015642
299.3006 0.015631
299.6555 0.015477
300.0057 0.015571
300.3529 0.015684
300.7028 0.015803
301.0485 0.015955
301.3902 0.016005
301.7277 0.016056
302.0646 0.016132
302.3933 0.016029
302.7259 0.015910
303.0520 0.015951
303.3737 0.016000
303.6959 0.015942
304.0212 0.015977
304.3425 0.016003
304.6611 0.015861
304.9809 0.015840
305.2929 0.015688
305.6066 0.015526
305.9206 0.015408
306.2311 0.015335
306.5406 0.015351
306.8469 0.015207
307.1549 0.015300
307.4596 0.015373
307.7675 0.015373
308.0737 0.015221
308.3758 0.015153
308.6746 0.015156
308.9707 0.015080
309.2712 0.015133
309.5739 0.015172
309.8740 0.015211
310.1716 0.015252
310.4635 0.015131
310.7575 0.015139
311.0575 0.015146
311.3514 0.015038
311.6437 0.014924
311.9390 0.014958
312.2352 0.014950
312.5272 0.014916
312.8204 0.014982
313.1174 0.015191
313.4129 0.015129
313.7042 0.015043
313.9992 0.014986
314.2958 0.014916
314.5909 0.014811
314.8857 0.014897
315.1784 0.014691
315.4748 0.014874
315.7726 0.014697
316.0717 0.014655
316.3720 0.014718
316.6664 0.014773
316.9627 0.014793
317.2605 0.014821
317.5576 0.014870
317.8567 0.014986
318.1543 0.015172
318.4516 0.015187
318.7523 0.015206
319.0505 0.015195
319.3573 0.015367
319.6614 0.015566
319.9641 0.015738
320.2730 0.015953
320.5787 0.015904
320.8879 0.015928
321.1987 0.015958
321.5096 0.016121
321.8235 0.016056
322.1373 0.016094
322.4504 0.016137
322.7650 0.016124
323.0838 0.016194
323.4044 0.016152
323.7265 0.016082
324.0503 0.016103
324.3748 0.016172
324.7033 0.016334
325.0304 0.016377
325.3587 0.016313
325.6910 0.016318
326.0299 0.016457
326.3664 0.016448
326.7093 0.016525
327.0545 0.016580
327.3997 0.016525
327.7530 0.016534
328.1083 0.016519
328.4660 0.016642
328.8236 0.016654
329.1846 0.016713
329.5513 0.016617
329.9222 0.016679
330.3007 0.017045
330.6817 0.017202
331.0647 0.017356
331.4532 0.017454
331.8413 0.017452
332.2365 0.017288
332.6400 0.017338
333.0480 0.017390
333.4570 0.017403
333.8719 0.017492
334.2993 0.017928
334.7321 0.018105
335.1722 0.018029
335.6205 0.018156
336.0661 0.018289
336.5253 0.018456
336.9984 0.018529
337.4773 0.018754
337.9632 0.018887
338.4551 0.019107
338.9625 0.019590
339.4735 0.019658
339.9911 0.019450
340.5358 0.019840
341.0932 0.019901
341.6618 0.020470
342.2421 0.020447
342.8412 0.020908
343.4597 0.021286
344.0949 0.021317
344.7540 0.021475
345.4411 0.021729
346.1525 0.022267
346.8835 0.022479
347.6422 0.022730
348.4398 0.022850
349.2699 0.023642
350.1438 0.024237
351.0564 0.025031
352.0289 0.026119
353.0724 0.026706
354.1732 0.027050
355.3829 0.027733
356.6915 0.029741
358.1173 0.030672
359.7200 0.031512
361.5253 0.033686
363.5926 0.036269
366.0636 0.039199
369.0674 0.044146
373.2277 0.050599
374.2955 0.053605
375.4281 0.056215
376.7565 0.059413
378.2549 0.063143
379.9497 0.068706
382.0157 0.076787
384.6237 0.084267
388.1608 0.104860
393.9806 0.136468
399.5444 0.181440
406.3459 0.272710
411.3650 0.368401
tr2s-09-7 3 1
244.8109 0.240258
248.2362 0.168604
253.1417 0.116966
256.9847 0.094079
261.1385 0.073029
263.8247 0.059293
265.7725 0.052561
267.3338 0.049214
268.6333 0.044463
269.7623 0.042484
270.7696 0.041044
271.6697 0.039920
272.5082 0.038655
275.7498 0.032387
278.1704 0.032048
280.1617 0.029584
281.8508 0.028093
283.3050 0.026420
284.5984 0.025837
285.7885 0.025160
286.8680 0.024009
287.8595 0.023227
288.8004 0.022380
289.6876 0.021242
290.5242 0.020978
291.3135 0.020883
292.0710 0.020569
292.7947 0.020169
293.4647 0.019803
294.1268 0.019656
294.7623 0.019334
295.3891 0.019221
295.9780 0.019099
296.5604 0.018998
297.1188 0.018912
297.6633 0.018834
298.1962 0.018581
298.7132 0.018051
299.2172 0.017812
299.7089 0.017639
300.1874 0.017165
300.6588 0.017181
301.1198 0.016947
301.5739 0.016924
302.0224 0.016777
302.4552 0.016565
302.8886 0.016443
303.3141 0.016174
303.7386 0.016144
304.1505 0.016004
304.5524 0.015998
304.9501 0.015925
305.3353 0.016101
305.7203 0.015925
306.1075 0.015645
306.4853 0.015545
306.8617 0.015315
307.2287 0.015374
307.5957 0.015191
307.9587 0.015036
308.3164 0.014986
308.6717 0.015175
309.0255 0.015238
309.3731 0.015243
309.7178 0.015233
310.0608 0.015218
310.3989 0.015348
310.7353 0.015507
311.0704 0.015477
311.4023 0.015363
311.7324 0.015328
312.0590 0.015204
312.3842 0.015248
312.7085 0.015226
313.0349 0.015023
313.3519 0.014936
313.6681 0.014881
313.9859 0.015012
314.2959 0.015007
314.6118 0.015081
314.9210 0.014912
315.2341 0.015150
315.5456 0.015131
315.8546 0.015054
316.1611 0.015147
316.4632 0.015117
316.7660 0.015126
317.0666 0.015204
317.3688 0.015121
317.6695 0.015035
317.9698 0.015097
318.2709 0.015105
318.5691 0.015237
318.8685 0.015313
319.1663 0.015193
319.4627 0.015080
319.7624 0.015132
320.0615 0.014986
320.3542 0.014971
320.6467 0.014941
320.9444 0.014827
321.2379 0.014796
321.5347 0.014818
321.8274 0.014896
322.1200 0.015008
322.4113 0.015011
322.7052 0.014956
322.9993 0.014818
323.2920 0.014768
323.5859 0.014897
323.8846 0.014905
324.1790 0.014992
324.4740 0.015031
324.7716 0.015012
325.0659 0.015033
325.3616 0.014981
325.6572 0.015133
325.9582 0.015106
326.2527 0.015169
326.5526 0.015132
326.8520 0.015109
327.1489 0.015105
327.4529 0.015101
327.7550 0.015134
328.0584 0.015065
328.3639 0.015147
328.6679 0.015218
328.9711 0.015234
329.2795 0.015233
329.5895 0.015210
329.8978 0.015190
330.2107 0.015288
330.5231 0.015397
330.8431 0.015627
331.1542 0.015616
331.4653 0.015814
331.7852 0.015669
332.1007 0.015529
332.4146 0.015632
332.7372 0.015610
333.0627 0.015718
333.3875 0.015827
333.7174 0.015897
334.0459 0.015950
334.3757 0.016125
334.7060 0.016319
335.0412 0.016398
335.3836 0.016483
335.7273 0.016582
336.0666 0.016710
336.4115 0.016847
336.7628 0.016957
337.1227 0.017092
337.4772 0.017301
337.8401 0.017172
338.2029 0.017367
338.5694 0.017417
338.9396 0.017322
339.3116 0.017315
339.6807 0.017421
340.0662 0.017523
340.4527 0.017541
340.8439 0.017465
341.2417 0.017585
341.6399 0.017668
342.0492 0.017787
342.4641 0.017967
342.8805 0.018184
343.3070 0.018028
343.7388 0.018372
344.1716 0.018320
344.6176 0.018457
345.0654 0.018553
345.5239 0.018648
345.9932 0.018864
346.4730 0.018926
346.9606 0.019117
347.4515 0.019245
347.9582 0.019385
348.4737 0.019596
348.9994 0.019584
349.5398 0.019714
350.0899 0.019751
350.6540 0.019737
351.2373 0.019792
351.8303 0.020396
352.4499 0.020713
353.0866 0.020710
353.7525 0.020782
354.4360 0.021355
355.1398 0.021731
355.8806 0.021875
356.6414 0.022518
357.4264 0.022807
358.2615 0.023960
359.1358 0.024198
360.0528 0.024723
361.0321 0.025852
362.0714 0.026411
363.1805 0.027091
364.3794 0.027865
365.6741 0.029160
367.1223 0.030367
368.7107 0.031962
370.5021 0.034095
372.5762 0.036650
375.0502 0.037833
378.0816 0.042470
382.2458 0.050850
383.3037 0.052420
384.4630 0.054823
385.7505 0.059021
387.1598 0.063236
388.8857 0.068199
390.9355 0.073218
393.4930 0.086987
397.1046 0.103380
402.9837 0.143972
408.6578 0.182239
415.3654 0.261187
420.2180 0.377250
