Copyright (C) 1998 James G. MacKinnon, Alfred A. Haug, and Leo Michelis.
 lm0-12-2 3 1
 43.3182 0.059042
 44.1278 0.043946
 45.2590 0.032984
 46.2540 0.024475
 47.3128 0.017702
 47.9901 0.015765
 48.4894 0.014260
 48.8843 0.013647
 49.2146 0.013062
 49.5131 0.012709
 49.7736 0.012219
 50.0091 0.011554
 50.2210 0.011050
 51.0925 0.009533
 51.7412 0.008756
 52.2795 0.008057
 52.7317 0.007566
 53.1309 0.007335
 53.4881 0.007177
 53.8167 0.006867
 54.1218 0.006665
 54.4014 0.006459
 54.6651 0.006319
 54.9134 0.006336
 55.1498 0.006234
 55.3733 0.006003
 55.5861 0.006029
 55.7918 0.005845
 55.9893 0.005824
 56.1791 0.005809
 56.3664 0.005764
 56.5443 0.005754
 56.7172 0.005699
 56.8855 0.005611
 57.0490 0.005673
 57.2075 0.005656
 57.3630 0.005583
 57.5177 0.005497
 57.6666 0.005384
 57.8116 0.005241
 57.9555 0.005229
 58.0954 0.005216
 58.2339 0.005266
 58.3705 0.005212
 58.5025 0.005232
 58.6353 0.005206
 58.7640 0.005131
 58.8905 0.005202
 59.0158 0.005153
 59.1391 0.005157
 59.2630 0.005105
 59.3840 0.005077
 59.5047 0.005060
 59.6230 0.005056
 59.7408 0.005035
 59.8560 0.005036
 59.9704 0.005003
 60.0828 0.005031
 60.1935 0.005070
 60.3047 0.005108
 60.4141 0.005073
 60.5236 0.005063
 60.6336 0.005124
 60.7405 0.005118
 60.8481 0.005100
 60.9528 0.005105
 61.0583 0.005166
 61.1634 0.005196
 61.2687 0.005180
 61.3715 0.005150
 61.4746 0.005122
 61.5770 0.005149
 61.6781 0.005164
 61.7796 0.005156
 61.8796 0.005154
 61.9792 0.005097
 62.0795 0.005052
 62.1793 0.005070
 62.2793 0.005061
 62.3775 0.005062
 62.4768 0.004995
 62.5747 0.004981
 62.6713 0.005006
 62.7689 0.005048
 62.8666 0.005073
 62.9639 0.005045
 63.0612 0.005072
 63.1587 0.005071
 63.2559 0.005059
 63.3535 0.005000
 63.4510 0.005007
 63.5469 0.005022
 63.6438 0.005030
 63.7396 0.005019
 63.8359 0.005027
 63.9319 0.004996
 64.0270 0.005035
 64.1234 0.004997
 64.2202 0.004948
 64.3156 0.005011
 64.4119 0.005024
 64.5088 0.005017
 64.6056 0.005040
 64.7028 0.005013
 64.7990 0.005084
 64.8967 0.005096
 64.9927 0.005091
 65.0893 0.005085
 65.1864 0.005017
 65.2839 0.005022
 65.3812 0.005041
 65.4780 0.005087
 65.5763 0.005074
 65.6748 0.005063
 65.7742 0.005095
 65.8739 0.005148
 65.9712 0.005202
 66.0704 0.005222
 66.1696 0.005193
 66.2704 0.005191
 66.3705 0.005201
 66.4706 0.005188
 66.5701 0.005223
 66.6707 0.005212
 66.7737 0.005242
 66.8757 0.005188
 66.9784 0.005218
 67.0813 0.005264
 67.1847 0.005319
 67.2897 0.005320
 67.3942 0.005336
 67.4998 0.005362
 67.6041 0.005428
 67.7112 0.005435
 67.8183 0.005421
 67.9270 0.005429
 68.0349 0.005502
 68.1440 0.005467
 68.2559 0.005546
 68.3650 0.005607
 68.4773 0.005560
 68.5895 0.005599
 68.7028 0.005617
 68.8175 0.005635
 68.9320 0.005685
 69.0465 0.005693
 69.1631 0.005645
 69.2814 0.005730
 69.4010 0.005748
 69.5213 0.005751
 69.6429 0.005839
 69.7641 0.005862
 69.8881 0.005874
 70.0148 0.005854
 70.1396 0.005929
 70.2677 0.006006
 70.3973 0.006046
 70.5287 0.006063
 70.6619 0.006105
 70.7973 0.006061
 70.9319 0.006097
 71.0714 0.006139
 71.2105 0.006209
 71.3519 0.006166
 71.4958 0.006311
 71.6417 0.006274
 71.7906 0.006386
 71.9411 0.006382
 72.0920 0.006397
 72.2461 0.006471
 72.4041 0.006501
 72.5650 0.006622
 72.7283 0.006643
 72.8955 0.006777
 73.0650 0.006886
 73.2407 0.006923
 73.4192 0.006905
 73.6007 0.007034
 73.7867 0.007027
 73.9759 0.007157
 74.1699 0.007179
 74.3681 0.007264
 74.5728 0.007297
 74.7841 0.007381
 74.9981 0.007557
 75.2200 0.007751
 75.4489 0.007919
 75.6866 0.007930
 75.9332 0.008051
 76.1920 0.008255
 76.4608 0.008593
 76.7405 0.008555
 77.0312 0.008797
 77.3362 0.008882
 77.6557 0.009234
 77.9966 0.009334
 78.3522 0.009415
 78.7300 0.009738
 79.1389 0.010123
 79.5700 0.010643
 80.0371 0.011092
 80.5538 0.011239
 81.1225 0.011716
 81.7544 0.012248
 82.4729 0.013195
 83.3054 0.014057
 84.3041 0.015763
 85.5704 0.018099
 87.2986 0.021787
 87.7383 0.023113
 88.2267 0.024490
 88.7666 0.025468
 89.4037 0.027194
 90.1357 0.028931
 91.0119 0.032007
 92.1768 0.035508
 93.7223 0.046055
 96.3606 0.058410
 98.9034 0.080250
102.2085 0.131489
104.7361 0.178989
 lm1-12-2 3 1
 45.9004 0.057608
 46.7667 0.046333
 48.0227 0.030179
 49.0113 0.023365
 50.1014 0.018675
 50.7970 0.016269
 51.2980 0.014220
 51.7002 0.013365
 52.0422 0.012532
 52.3424 0.012061
 52.6057 0.011612
 52.8458 0.011169
 53.0612 0.010505
 53.9347 0.009202
 54.5956 0.008457
 55.1467 0.008208
 55.6103 0.007714
 56.0205 0.007517
 56.3916 0.007225
 56.7291 0.006891
 57.0421 0.006719
 57.3306 0.006619
 57.6013 0.006392
 57.8548 0.006119
 58.0941 0.006015
 58.3231 0.005934
 58.5436 0.005954
 58.7519 0.005908
 58.9546 0.005759
 59.1494 0.005624
 59.3398 0.005547
 59.5217 0.005414
 59.7006 0.005318
 59.8715 0.005276
 60.0387 0.005289
 60.2013 0.005255
 60.3595 0.005297
 60.5164 0.005351
 60.6674 0.005403
 60.8180 0.005402
 60.9630 0.005355
 61.1073 0.005387
 61.2498 0.005372
 61.3884 0.005336
 61.5250 0.005340
 61.6595 0.005325
 61.7911 0.005278
 61.9192 0.005352
 62.0474 0.005342
 62.1720 0.005329
 62.2967 0.005306
 62.4194 0.005198
 62.5399 0.005150
 62.6613 0.005072
 62.7812 0.005119
 62.8982 0.005136
 63.0147 0.005141
 63.1301 0.005052
 63.2439 0.005076
 63.3568 0.005107
 63.4695 0.005118
 63.5807 0.005044
 63.6922 0.005012
 63.8030 0.004992
 63.9119 0.004952
 64.0200 0.004908
 64.1269 0.004933
 64.2346 0.004958
 64.3422 0.004912
 64.4485 0.004882
 64.5525 0.004880
 64.6567 0.004875
 64.7609 0.004867
 64.8642 0.004914
 64.9661 0.004954
 65.0684 0.004954
 65.1699 0.004950
 65.2722 0.004956
 65.3750 0.004929
 65.4763 0.004902
 65.5760 0.004928
 65.6750 0.004910
 65.7757 0.004967
 65.8735 0.005006
 65.9725 0.005036
 66.0729 0.005061
 66.1721 0.005010
 66.2709 0.005018
 66.3694 0.004970
 66.4690 0.004957
 66.5672 0.004950
 66.6661 0.004972
 66.7643 0.004945
 66.8634 0.004947
 66.9607 0.004947
 67.0591 0.004950
 67.1572 0.004993
 67.2559 0.004987
 67.3531 0.005033
 67.4501 0.005060
 67.5491 0.005079
 67.6468 0.005111
 67.7456 0.005138
 67.8436 0.005219
 67.9427 0.005169
 68.0400 0.005139
 68.1388 0.005162
 68.2374 0.005130
 68.3360 0.005147
 68.4340 0.005141
 68.5337 0.005136
 68.6323 0.005129
 68.7319 0.005047
 68.8314 0.005083
 68.9319 0.005122
 69.0321 0.005126
 69.1323 0.005138
 69.2333 0.005102
 69.3338 0.005101
 69.4352 0.005165
 69.5369 0.005177
 69.6385 0.005169
 69.7416 0.005195
 69.8446 0.005182
 69.9485 0.005211
 70.0519 0.005251
 70.1551 0.005259
 70.2603 0.005270
 70.3649 0.005300
 70.4716 0.005295
 70.5783 0.005388
 70.6859 0.005391
 70.7944 0.005349
 70.9040 0.005361
 71.0144 0.005415
 71.1244 0.005460
 71.2350 0.005440
 71.3458 0.005495
 71.4586 0.005568
 71.5716 0.005588
 71.6841 0.005594
 71.7995 0.005654
 71.9147 0.005635
 72.0296 0.005674
 72.1466 0.005723
 72.2648 0.005762
 72.3856 0.005811
 72.5053 0.005807
 72.6261 0.005800
 72.7477 0.005767
 72.8696 0.005879
 72.9933 0.005884
 73.1206 0.005952
 73.2488 0.006028
 73.3769 0.006026
 73.5071 0.006063
 73.6386 0.006079
 73.7714 0.006112
 73.9060 0.006149
 74.0414 0.006161
 74.1792 0.006183
 74.3195 0.006114
 74.4609 0.006108
 74.6044 0.006103
 74.7508 0.006189
 74.9014 0.006326
 75.0501 0.006427
 75.2039 0.006478
 75.3587 0.006657
 75.5159 0.006700
 75.6761 0.006679
 75.8399 0.006759
 76.0044 0.006773
 76.1736 0.006797
 76.3480 0.006847
 76.5227 0.006868
 76.7024 0.006866
 76.8874 0.006986
 77.0767 0.007140
 77.2717 0.007195
 77.4659 0.007221
 77.6715 0.007360
 77.8814 0.007420
 78.0985 0.007461
 78.3183 0.007633
 78.5452 0.007718
 78.7806 0.007888
 79.0250 0.008005
 79.2784 0.008058
 79.5401 0.008272
 79.8101 0.008406
 80.0948 0.008699
 80.3911 0.008961
 80.6998 0.009344
 81.0234 0.009463
 81.3673 0.009817
 81.7318 0.010132
 82.1190 0.010347
 82.5315 0.010702
 82.9757 0.011062
 83.4545 0.011374
 83.9746 0.011893
 84.5403 0.012532
 85.1863 0.013012
 85.9181 0.013829
 86.7723 0.015700
 87.7925 0.016881
 89.0726 0.018603
 90.8123 0.022398
 91.2615 0.023598
 91.7610 0.024451
 92.3175 0.026219
 92.9459 0.027580
 93.6926 0.029962
 94.6287 0.033583
 95.7874 0.038572
 97.3417 0.044814
 99.9482 0.061691
102.4908 0.085810
105.9234 0.135853
108.3603 0.182719
lm1s-12-2 3 1
 46.6174 0.061045
 47.5114 0.047335
 48.7316 0.030151
 49.7146 0.023919
 50.8178 0.018561
 51.4963 0.015972
 52.0003 0.014672
 52.4136 0.013336
 52.7531 0.012684
 53.0490 0.011976
 53.3087 0.011593
 53.5475 0.011192
 53.7684 0.010785
 54.6422 0.009342
 55.3209 0.008333
 55.8669 0.007996
 56.3321 0.007745
 56.7456 0.007339
 57.1183 0.007158
 57.4544 0.006895
 57.7633 0.006768
 58.0510 0.006518
 58.3195 0.006271
 58.5748 0.006220
 58.8148 0.006091
 59.0444 0.005935
 59.2646 0.005774
 59.4764 0.005702
 59.6801 0.005613
 59.8763 0.005427
 60.0641 0.005541
 60.2470 0.005544
 60.4233 0.005430
 60.5950 0.005447
 60.7614 0.005428
 60.9260 0.005438
 61.0836 0.005483
 61.2403 0.005543
 61.3928 0.005496
 61.5426 0.005403
 61.6895 0.005350
 61.8320 0.005376
 61.9733 0.005366
 62.1115 0.005308
 62.2463 0.005258
 62.3797 0.005193
 62.5121 0.005146
 62.6418 0.005148
 62.7699 0.005215
 62.8965 0.005236
 63.0202 0.005200
 63.1433 0.005269
 63.2657 0.005244
 63.3861 0.005251
 63.5066 0.005218
 63.6240 0.005156
 63.7406 0.005057
 63.8562 0.005017
 63.9699 0.004970
 64.0820 0.004972
 64.1957 0.004955
 64.3080 0.004952
 64.4178 0.004951
 64.5268 0.004959
 64.6357 0.004966
 64.7447 0.004987
 64.8520 0.005024
 64.9589 0.005043
 65.0643 0.005036
 65.1696 0.004954
 65.2747 0.004947
 65.3808 0.004947
 65.4863 0.004984
 65.5896 0.004920
 65.6937 0.004888
 65.7972 0.004892
 65.8986 0.004944
 66.0002 0.004938
 66.1023 0.004924
 66.2031 0.004951
 66.3042 0.004979
 66.4038 0.004983
 66.5035 0.004968
 66.6028 0.004971
 66.7035 0.004931
 66.8034 0.004915
 66.9022 0.004948
 67.0011 0.004958
 67.1009 0.005000
 67.1974 0.005018
 67.2957 0.005055
 67.3945 0.005068
 67.4938 0.005102
 67.5931 0.005067
 67.6906 0.005067
 67.7881 0.005130
 67.8868 0.005140
 67.9846 0.005128
 68.0822 0.005105
 68.1799 0.005145
 68.2779 0.005142
 68.3772 0.005133
 68.4749 0.005141
 68.5737 0.005204
 68.6717 0.005193
 68.7704 0.005211
 68.8691 0.005189
 68.9676 0.005164
 69.0661 0.005220
 69.1639 0.005236
 69.2636 0.005239
 69.3627 0.005196
 69.4623 0.005160
 69.5625 0.005136
 69.6610 0.005132
 69.7611 0.005154
 69.8611 0.005168
 69.9611 0.005184
 70.0625 0.005195
 70.1646 0.005235
 70.2652 0.005204
 70.3690 0.005193
 70.4723 0.005141
 70.5753 0.005145
 70.6809 0.005164
 70.7844 0.005180
 70.8888 0.005182
 70.9950 0.005203
 71.1017 0.005237
 71.2071 0.005261
 71.3146 0.005261
 71.4226 0.005280
 71.5301 0.005297
 71.6381 0.005349
 71.7458 0.005380
 71.8569 0.005382
 71.9680 0.005422
 72.0794 0.005458
 72.1914 0.005541
 72.3044 0.005537
 72.4180 0.005578
 72.5317 0.005606
 72.6474 0.005625
 72.7631 0.005663
 72.8806 0.005678
 72.9988 0.005765
 73.1178 0.005845
 73.2392 0.005926
 73.3605 0.005976
 73.4830 0.006029
 73.6065 0.006067
 73.7300 0.006055
 73.8546 0.006130
 73.9818 0.006025
 74.1103 0.006075
 74.2400 0.006076
 74.3715 0.006090
 74.5022 0.006115
 74.6383 0.006054
 74.7743 0.006088
 74.9137 0.006165
 75.0521 0.006217
 75.1929 0.006223
 75.3367 0.006284
 75.4830 0.006290
 75.6315 0.006378
 75.7822 0.006366
 75.9333 0.006399
 76.0880 0.006399
 76.2474 0.006405
 76.4094 0.006373
 76.5727 0.006435
 76.7381 0.006492
 76.9080 0.006497
 77.0828 0.006637
 77.2612 0.006582
 77.4406 0.006723
 77.6245 0.006793
 77.8157 0.006940
 78.0082 0.006942
 78.2072 0.007096
 78.4087 0.007103
 78.6188 0.007332
 78.8344 0.007276
 79.0562 0.007395
 79.2865 0.007392
 79.5228 0.007562
 79.7654 0.007828
 80.0152 0.007971
 80.2744 0.008109
 80.5474 0.008370
 80.8299 0.008494
 81.1284 0.008837
 81.4378 0.009058
 81.7638 0.009351
 82.1059 0.009529
 82.4721 0.009672
 82.8582 0.009998
 83.2711 0.010186
 83.7117 0.010639
 84.1896 0.011257
 84.7045 0.011657
 85.2840 0.012215
 85.9254 0.013075
 86.6552 0.014213
 87.5081 0.015612
 88.5297 0.016838
 89.8168 0.019300
 91.5546 0.022462
 92.0095 0.023485
 92.4948 0.024980
 93.0563 0.026850
 93.7176 0.028805
 94.4699 0.031046
 95.3711 0.035167
 96.5205 0.038764
 98.1063 0.045730
100.6949 0.061159
103.2793 0.087336
106.7458 0.140742
109.1865 0.180647
 lm2-12-2 3 1
 48.4863 0.060452
 49.3630 0.044740
 50.6490 0.032339
 51.7159 0.025507
 52.8506 0.019419
 53.5591 0.016555
 54.0744 0.014684
 54.5012 0.013507
 54.8489 0.012559
 55.1631 0.012067
 55.4315 0.011873
 55.6766 0.011542
 55.8961 0.011102
 56.7943 0.010064
 57.4756 0.009169
 58.0317 0.008599
 58.5011 0.008290
 58.9196 0.007836
 59.2979 0.007503
 59.6423 0.007111
 59.9582 0.006947
 60.2520 0.006673
 60.5259 0.006408
 60.7838 0.006266
 61.0308 0.006178
 61.2669 0.006094
 61.4912 0.006088
 61.7056 0.005962
 61.9125 0.005930
 62.1095 0.005834
 62.3017 0.005816
 62.4881 0.005740
 62.6664 0.005698
 62.8425 0.005627
 63.0121 0.005605
 63.1764 0.005465
 63.3401 0.005428
 63.4978 0.005484
 63.6543 0.005524
 63.8062 0.005427
 63.9561 0.005380
 64.1014 0.005298
 64.2456 0.005294
 64.3874 0.005343
 64.5260 0.005287
 64.6610 0.005241
 64.7944 0.005260
 64.9266 0.005251
 65.0570 0.005276
 65.1851 0.005289
 65.3142 0.005240
 65.4394 0.005262
 65.5634 0.005314
 65.6853 0.005260
 65.8072 0.005196
 65.9287 0.005200
 66.0480 0.005244
 66.1648 0.005165
 66.2818 0.005081
 66.3974 0.005040
 66.5121 0.005069
 66.6257 0.005059
 66.7382 0.005064
 66.8496 0.005103
 66.9623 0.005107
 67.0725 0.005047
 67.1807 0.005086
 67.2910 0.005109
 67.3989 0.005131
 67.5057 0.005153
 67.6134 0.005119
 67.7208 0.005136
 67.8275 0.005144
 67.9331 0.005175
 68.0380 0.005172
 68.1414 0.005213
 68.2460 0.005190
 68.3485 0.005219
 68.4508 0.005219
 68.5549 0.005242
 68.6571 0.005179
 68.7597 0.005167
 68.8615 0.005142
 68.9644 0.005135
 69.0663 0.005102
 69.1672 0.005104
 69.2671 0.005105
 69.3679 0.005094
 69.4692 0.005094
 69.5688 0.005093
 69.6683 0.005136
 69.7694 0.005188
 69.8692 0.005162
 69.9695 0.005142
 70.0693 0.005099
 70.1690 0.005058
 70.2688 0.005045
 70.3678 0.005015
 70.4672 0.005024
 70.5671 0.005021
 70.6679 0.005047
 70.7676 0.005025
 70.8674 0.005067
 70.9684 0.005121
 71.0695 0.005184
 71.1700 0.005165
 71.2707 0.005191
 71.3711 0.005147
 71.4725 0.005162
 71.5726 0.005089
 71.6728 0.005067
 71.7740 0.005058
 71.8760 0.005029
 71.9775 0.005068
 72.0796 0.005046
 72.1825 0.005070
 72.2858 0.005129
 72.3887 0.005136
 72.4918 0.005131
 72.5942 0.005168
 72.7002 0.005185
 72.8036 0.005206
 72.9075 0.005244
 73.0127 0.005305
 73.1167 0.005355
 73.2225 0.005305
 73.3297 0.005342
 73.4365 0.005369
 73.5442 0.005418
 73.6530 0.005492
 73.7625 0.005510
 73.8710 0.005544
 73.9807 0.005521
 74.0910 0.005503
 74.2025 0.005510
 74.3131 0.005465
 74.4250 0.005451
 74.5377 0.005429
 74.6507 0.005466
 74.7666 0.005504
 74.8826 0.005518
 74.9985 0.005497
 75.1152 0.005493
 75.2322 0.005503
 75.3502 0.005529
 75.4692 0.005651
 75.5895 0.005631
 75.7106 0.005613
 75.8334 0.005571
 75.9570 0.005549
 76.0829 0.005592
 76.2104 0.005629
 76.3391 0.005674
 76.4669 0.005740
 76.5972 0.005713
 76.7291 0.005736
 76.8632 0.005800
 76.9987 0.005881
 77.1327 0.005888
 77.2706 0.005956
 77.4121 0.006017
 77.5543 0.006108
 77.6972 0.006097
 77.8434 0.006217
 77.9925 0.006223
 78.1419 0.006279
 78.2925 0.006434
 78.4493 0.006429
 78.6073 0.006450
 78.7701 0.006578
 78.9323 0.006664
 79.0976 0.006749
 79.2678 0.006830
 79.4416 0.006881
 79.6175 0.006903
 79.7964 0.006944
 79.9796 0.006980
 80.1663 0.007020
 80.3569 0.007010
 80.5549 0.007114
 80.7568 0.007221
 80.9634 0.007325
 81.1761 0.007480
 81.3943 0.007602
 81.6191 0.007654
 81.8515 0.007625
 82.0903 0.007865
 82.3345 0.008090
 82.5890 0.008096
 82.8550 0.008162
 83.1311 0.008132
 83.4220 0.008254
 83.7244 0.008490
 84.0384 0.008554
 84.3639 0.008947
 84.7103 0.009186
 85.0825 0.009277
 85.4707 0.009806
 85.8879 0.010091
 86.3443 0.010730
 86.8346 0.011040
 87.3637 0.011575
 87.9503 0.012367
 88.6013 0.012784
 89.3412 0.013417
 90.2090 0.014846
 91.2390 0.016105
 92.5184 0.018455
 94.3166 0.022264
 94.7721 0.023192
 95.2843 0.024213
 95.8489 0.025282
 96.5073 0.027253
 97.2636 0.029390
 98.1670 0.032784
 99.3414 0.036441
100.9703 0.044279
103.6058 0.062592
106.3644 0.085678
109.7198 0.136235
112.2794 0.183429
lm2s-12-2 3 1
 49.1786 0.059797
 50.0240 0.043917
 51.3923 0.031560
 52.4565 0.023636
 53.5715 0.019512
 54.2661 0.016438
 54.7844 0.015274
 55.2189 0.013584
 55.5768 0.012952
 55.8769 0.012471
 56.1522 0.011982
 56.3963 0.011638
 56.6143 0.011025
 57.5175 0.010064
 58.1972 0.009028
 58.7529 0.008634
 59.2266 0.008154
 59.6481 0.007798
 60.0247 0.007594
 60.3678 0.007292
 60.6831 0.007035
 60.9768 0.006708
 61.2559 0.006476
 61.5152 0.006537
 61.7626 0.006487
 61.9972 0.006195
 62.2233 0.006233
 62.4369 0.006070
 62.6376 0.006050
 62.8385 0.006035
 63.0293 0.006034
 63.2166 0.005817
 63.3952 0.005736
 63.5706 0.005655
 63.7442 0.005655
 63.9096 0.005555
 64.0702 0.005617
 64.2293 0.005497
 64.3855 0.005484
 64.5351 0.005471
 64.6828 0.005374
 64.8290 0.005276
 64.9731 0.005239
 65.1151 0.005236
 65.2527 0.005254
 65.3896 0.005247
 65.5259 0.005248
 65.6576 0.005333
 65.7876 0.005297
 65.9176 0.005323
 66.0444 0.005199
 66.1695 0.005201
 66.2955 0.005213
 66.4178 0.005210
 66.5385 0.005230
 66.6600 0.005252
 66.7784 0.005219
 66.8974 0.005257
 67.0149 0.005192
 67.1304 0.005213
 67.2454 0.005288
 67.3595 0.005242
 67.4731 0.005229
 67.5840 0.005266
 67.6952 0.005226
 67.8075 0.005224
 67.9157 0.005213
 68.0243 0.005239
 68.1329 0.005239
 68.2393 0.005202
 68.3470 0.005191
 68.4534 0.005189
 68.5587 0.005156
 68.6641 0.005178
 68.7706 0.005142
 68.8765 0.005092
 68.9791 0.005104
 69.0825 0.005111
 69.1861 0.005097
 69.2888 0.005109
 69.3923 0.005077
 69.4947 0.005141
 69.5970 0.005145
 69.6980 0.005182
 69.7998 0.005137
 69.9002 0.005104
 70.0015 0.005156
 70.1028 0.005132
 70.2033 0.005080
 70.3037 0.005039
 70.4042 0.005048
 70.5040 0.005024
 70.6048 0.005054
 70.7048 0.005078
 70.8050 0.005083
 70.9050 0.005112
 71.0053 0.005142
 71.1039 0.005124
 71.2043 0.005099
 71.3042 0.005124
 71.4046 0.005108
 71.5032 0.005134
 71.6033 0.005178
 71.7042 0.005171
 71.8051 0.005196
 71.9045 0.005186
 72.0044 0.005125
 72.1060 0.005120
 72.2082 0.005104
 72.3098 0.005100
 72.4109 0.005091
 72.5127 0.005124
 72.6136 0.005120
 72.7144 0.005081
 72.8168 0.005121
 72.9192 0.005078
 73.0217 0.005083
 73.1240 0.005139
 73.2275 0.005119
 73.3310 0.005190
 73.4354 0.005221
 73.5393 0.005261
 73.6449 0.005315
 73.7501 0.005276
 73.8570 0.005329
 73.9629 0.005298
 74.0688 0.005309
 74.1758 0.005311
 74.2845 0.005362
 74.3921 0.005375
 74.5007 0.005385
 74.6078 0.005406
 74.7169 0.005423
 74.8276 0.005440
 74.9369 0.005453
 75.0470 0.005412
 75.1592 0.005421
 75.2726 0.005440
 75.3850 0.005537
 75.5010 0.005522
 75.6166 0.005529
 75.7314 0.005490
 75.8467 0.005544
 75.9633 0.005553
 76.0840 0.005526
 76.2044 0.005589
 76.3259 0.005559
 76.4472 0.005640
 76.5719 0.005636
 76.6964 0.005645
 76.8197 0.005711
 76.9466 0.005748
 77.0737 0.005782
 77.2034 0.005758
 77.3334 0.005738
 77.4659 0.005807
 77.6002 0.005901
 77.7325 0.005888
 77.8691 0.005927
 78.0070 0.005940
 78.1486 0.005999
 78.2898 0.006079
 78.4351 0.006055
 78.5806 0.006030
 78.7269 0.006064
 78.8792 0.006149
 79.0324 0.006251
 79.1863 0.006326
 79.3446 0.006417
 79.5032 0.006509
 79.6644 0.006514
 79.8321 0.006543
 80.0031 0.006625
 80.1754 0.006630
 80.3517 0.006696
 80.5326 0.006623
 80.7142 0.006792
 80.9032 0.006962
 81.0952 0.007082
 81.2935 0.007163
 81.4951 0.007217
 81.7003 0.007428
 81.9132 0.007485
 82.1284 0.007584
 82.3527 0.007718
 82.5879 0.007874
 82.8274 0.007970
 83.0727 0.008084
 83.3292 0.008157
 83.5973 0.008320
 83.8723 0.008324
 84.1601 0.008550
 84.4606 0.008788
 84.7748 0.008980
 85.1054 0.009180
 85.4512 0.009332
 85.8205 0.009570
 86.2091 0.010176
 86.6295 0.010444
 87.0823 0.010973
 87.5742 0.011191
 88.1031 0.011374
 88.6853 0.012291
 89.3388 0.013052
 90.0872 0.013651
 90.9522 0.015140
 91.9736 0.016474
 93.2675 0.018377
 95.0648 0.021353
 95.5124 0.022493
 96.0286 0.023554
 96.6043 0.025156
 97.2484 0.026997
 97.9866 0.029574
 98.9066 0.033718
100.0716 0.036833
101.6991 0.045829
104.3441 0.061404
107.0684 0.088010
110.4911 0.134712
113.0191 0.179239
 tr0-12-2 3 1
246.9406 0.239975
250.1883 0.184348
254.6438 0.126695
258.5504 0.094045
262.5828 0.071801
265.0622 0.061366
267.0049 0.058110
268.4744 0.053068
269.7304 0.048628
270.8200 0.046236
271.7831 0.043934
272.6415 0.041946
273.4365 0.040681
276.5743 0.034877
278.9717 0.030952
280.9013 0.029125
282.5009 0.027071
283.9266 0.025505
285.1977 0.025011
286.3399 0.023874
287.3969 0.023596
288.3689 0.022919
289.2682 0.022253
290.1134 0.021841
290.9132 0.021546
291.6824 0.021180
292.4129 0.021026
293.1123 0.020591
293.7843 0.020030
294.4217 0.019715
295.0396 0.019371
295.6395 0.019108
296.2108 0.018950
296.7704 0.018855
297.3165 0.018523
297.8551 0.018368
298.3752 0.018454
298.8796 0.018344
299.3685 0.018186
299.8484 0.017939
300.3174 0.017724
300.7690 0.017489
301.2209 0.017267
301.6651 0.017360
302.0967 0.017325
302.5195 0.017326
302.9352 0.017120
303.3451 0.017060
303.7495 0.016940
304.1488 0.016854
304.5394 0.016869
304.9305 0.016540
305.3088 0.016531
305.6887 0.016475
306.0640 0.016182
306.4375 0.016224
306.8018 0.016377
307.1603 0.016212
307.5172 0.016259
307.8728 0.016217
308.2185 0.016014
308.5650 0.016062
308.9116 0.015883
309.2525 0.015846
309.5850 0.015868
309.9231 0.015780
310.2573 0.015746
310.5853 0.015943
310.9112 0.015830
311.2332 0.015613
311.5496 0.015596
311.8674 0.015569
312.1810 0.015646
312.4959 0.015680
312.8092 0.015673
313.1176 0.015623
313.4266 0.015532
313.7357 0.015411
314.0428 0.015218
314.3495 0.015102
314.6509 0.015209
314.9540 0.015334
315.2523 0.015191
315.5510 0.015160
315.8492 0.015179
316.1455 0.015229
316.4435 0.015076
316.7389 0.015159
317.0365 0.015222
317.3286 0.015249
317.6225 0.015185
317.9131 0.015134
318.2015 0.015158
318.4929 0.015129
318.7809 0.015329
319.0698 0.015354
319.3595 0.015456
319.6509 0.015408
319.9386 0.015317
320.2232 0.015443
320.5102 0.015344
320.8016 0.015355
321.0832 0.015376
321.3726 0.015338
321.6590 0.015255
321.9502 0.015294
322.2382 0.015360
322.5246 0.015434
322.8099 0.015491
323.0990 0.015611
323.3851 0.015652
323.6712 0.015837
323.9574 0.015817
324.2418 0.015774
324.5269 0.015743
324.8148 0.015816
325.1048 0.015907
325.3916 0.015871
325.6814 0.015761
325.9706 0.015770
326.2654 0.015718
326.5567 0.015583
326.8488 0.015465
327.1468 0.015635
327.4430 0.015852
327.7413 0.015918
328.0400 0.015978
328.3341 0.015861
328.6315 0.015977
328.9292 0.016095
329.2240 0.016017
329.5279 0.016075
329.8304 0.016116
330.1328 0.016262
330.4408 0.016244
330.7482 0.016234
331.0565 0.016206
331.3656 0.016113
331.6815 0.016072
331.9940 0.016105
332.3081 0.016215
332.6247 0.016389
332.9429 0.016397
333.2621 0.016408
333.5832 0.016680
333.9074 0.016731
334.2333 0.017010
334.5608 0.016940
334.8943 0.017262
335.2295 0.017174
335.5664 0.017398
335.9039 0.017401
336.2448 0.017548
336.5907 0.017631
336.9403 0.017776
337.2909 0.017645
337.6515 0.017653
338.0109 0.017574
338.3769 0.017512
338.7476 0.017587
339.1216 0.017381
339.4978 0.017724
339.8827 0.017817
340.2715 0.017979
340.6620 0.018091
341.0584 0.018067
341.4628 0.018198
341.8701 0.018235
342.2805 0.018178
342.6984 0.018186
343.1244 0.018221
343.5545 0.018349
343.9957 0.018237
344.4456 0.017972
344.9038 0.018243
345.3669 0.018818
345.8374 0.018843
346.3244 0.019202
346.8140 0.019363
347.3180 0.019652
347.8323 0.020146
348.3551 0.020477
348.8990 0.020297
349.4504 0.020763
350.0152 0.020950
350.6002 0.021334
351.1987 0.021939
351.8140 0.021750
352.4528 0.021471
353.1228 0.021740
353.8142 0.021822
354.5250 0.022422
355.2659 0.022774
356.0449 0.023515
356.8561 0.023581
357.7037 0.024199
358.6067 0.024961
359.5494 0.025842
360.5738 0.026690
361.6476 0.027747
362.8080 0.028524
364.0741 0.029862
365.4744 0.031266
367.0387 0.033412
368.7697 0.035197
370.8141 0.037219
373.1746 0.040365
376.1384 0.045466
380.1830 0.050324
381.2009 0.052837
382.3141 0.054006
383.6109 0.056801
385.0106 0.061135
386.7058 0.065448
388.6919 0.071902
391.2342 0.079196
394.6485 0.092635
400.2490 0.125004
405.6624 0.171578
412.7415 0.276177
417.6499 0.375801
 tr1-12-2 3 1
267.9666 0.247919
271.3155 0.191664
276.4139 0.135412
280.4780 0.097551
284.5892 0.070560
287.1529 0.062128
289.1316 0.056387
290.6605 0.050467
291.9781 0.047531
293.0866 0.045201
294.0895 0.042084
294.9962 0.040947
295.8305 0.039430
299.1013 0.035384
301.5606 0.032466
303.5387 0.029705
305.1815 0.027986
306.6614 0.026112
307.9924 0.024967
309.1786 0.023495
310.2581 0.022952
311.2678 0.021920
312.2196 0.021677
313.0990 0.021402
313.9388 0.021315
314.7288 0.021343
315.4839 0.020597
316.1972 0.020305
316.8840 0.019938
317.5465 0.019949
318.1863 0.019573
318.8013 0.019207
319.3919 0.018836
319.9625 0.018746
320.5251 0.018352
321.0650 0.017911
321.5947 0.017668
322.1199 0.017726
322.6221 0.017739
323.1121 0.017761
323.5945 0.017609
324.0677 0.017632
324.5274 0.017466
324.9834 0.017446
325.4262 0.017150
325.8695 0.017161
326.2987 0.016913
326.7241 0.016842
327.1455 0.016865
327.5549 0.016675
327.9625 0.016824
328.3647 0.017072
328.7608 0.017234
329.1478 0.017162
329.5310 0.017132
329.9150 0.016981
330.2933 0.016923
330.6637 0.016829
331.0295 0.016792
331.3944 0.016732
331.7519 0.016657
332.1117 0.016462
332.4662 0.016294
332.8160 0.016367
333.1629 0.016467
333.5014 0.016373
333.8462 0.016465
334.1851 0.016380
334.5214 0.016493
334.8547 0.016528
335.1883 0.016474
335.5209 0.016366
335.8475 0.016417
336.1742 0.016466
336.4961 0.016288
336.8200 0.016082
337.1380 0.016063
337.4585 0.015970
337.7732 0.015828
338.0886 0.015677
338.4010 0.015488
338.7108 0.015359
339.0212 0.015249
339.3262 0.015363
339.6317 0.015429
339.9407 0.015339
340.2455 0.015273
340.5481 0.015314
340.8531 0.015328
341.1535 0.015345
341.4546 0.015439
341.7548 0.015301
342.0496 0.015251
342.3485 0.015132
342.6480 0.015365
342.9448 0.015541
343.2378 0.015417
343.5346 0.015366
343.8297 0.015412
344.1205 0.015289
344.4137 0.015041
344.7126 0.015114
345.0077 0.015167
345.3031 0.015240
345.5984 0.015155
345.8985 0.015129
346.1929 0.015206
346.4894 0.015081
346.7853 0.015011
347.0827 0.015092
347.3805 0.015123
347.6765 0.015247
347.9719 0.015235
348.2655 0.015303
348.5586 0.015400
348.8546 0.015406
349.1523 0.015415
349.4503 0.015508
349.7475 0.015555
350.0461 0.015551
350.3460 0.015609
350.6479 0.015636
350.9494 0.015534
351.2484 0.015514
351.5535 0.015676
351.8550 0.015790
352.1609 0.015976
352.4667 0.015952
352.7706 0.016093
353.0841 0.016127
353.3929 0.016344
353.7029 0.016375
354.0145 0.016300
354.3289 0.016199
354.6465 0.016052
354.9632 0.016116
355.2822 0.016209
355.6029 0.016222
355.9215 0.016382
356.2465 0.016439
356.5692 0.016296
356.8939 0.016344
357.2205 0.016340
357.5540 0.016496
357.8858 0.016624
358.2188 0.016543
358.5573 0.016373
358.8934 0.016464
359.2334 0.016625
359.5808 0.016433
359.9252 0.016566
360.2758 0.016559
360.6301 0.016741
360.9877 0.017004
361.3477 0.016988
361.7087 0.016859
362.0752 0.017019
362.4488 0.016902
362.8239 0.016933
363.1990 0.016878
363.5812 0.017033
363.9735 0.017029
364.3645 0.017283
364.7639 0.017347
365.1617 0.017424
365.5732 0.017639
365.9854 0.017691
366.4069 0.018010
366.8313 0.018307
367.2631 0.018395
367.6994 0.018522
368.1469 0.018809
368.5973 0.018767
369.0629 0.018954
369.5355 0.019165
370.0052 0.019310
370.4883 0.019446
370.9861 0.019577
371.4971 0.019603
372.0151 0.019562
372.5428 0.019909
373.0794 0.020050
373.6360 0.020573
374.2031 0.020267
374.7851 0.020563
375.3833 0.020488
376.0004 0.020488
376.6278 0.021006
377.2846 0.021648
377.9578 0.022038
378.6662 0.022158
379.3966 0.022566
380.1461 0.022898
380.9463 0.023695
381.7739 0.024215
382.6372 0.024473
383.5684 0.025289
384.5437 0.025952
385.5838 0.026592
386.7006 0.027342
387.8985 0.028544
389.2156 0.028977
390.6450 0.030915
392.2189 0.032761
394.0299 0.035283
396.1044 0.038883
398.5634 0.041528
401.6894 0.045935
405.8328 0.053072
406.8839 0.056230
408.0686 0.058397
409.3703 0.063306
410.8235 0.066170
412.5898 0.070830
414.6164 0.077283
417.2266 0.087421
420.8615 0.099185
426.7045 0.136721
432.1174 0.188187
438.9334 0.261518
443.9932 0.383072
tr1s-12-2 3 1
279.1603 0.266848
282.3515 0.197823
287.2576 0.127925
291.4221 0.096510
295.6092 0.074188
298.3373 0.062998
300.2961 0.055326
301.8774 0.051278
303.2027 0.049641
304.3596 0.045499
305.3518 0.043865
306.2558 0.042081
307.0846 0.040490
310.4030 0.034956
312.8969 0.032698
314.9323 0.030274
316.6319 0.028828
318.1356 0.027311
319.4576 0.025556
320.6560 0.024200
321.7662 0.023570
322.7898 0.023021
323.7362 0.022635
324.6237 0.022214
325.4664 0.022170
326.2677 0.021778
327.0369 0.021285
327.7611 0.020856
328.4586 0.020366
329.1349 0.019825
329.7877 0.019496
330.4045 0.019291
331.0079 0.018915
331.5931 0.018629
332.1547 0.018512
332.7103 0.018560
333.2480 0.018333
333.7713 0.018410
334.2797 0.018416
334.7848 0.018400
335.2813 0.018188
335.7580 0.018019
336.2273 0.018010
336.6901 0.017909
337.1351 0.017984
337.5803 0.018021
338.0229 0.017746
338.4465 0.017481
338.8708 0.017367
339.2934 0.017438
339.7095 0.017158
340.1124 0.017223
340.5120 0.017012
340.9066 0.016793
341.3000 0.016675
341.6898 0.016483
342.0737 0.016335
342.4457 0.016322
342.8122 0.016284
343.1821 0.016115
343.5485 0.016039
343.9135 0.016066
344.2740 0.015947
344.6289 0.016069
344.9791 0.016064
345.3293 0.016182
345.6728 0.016055
346.0154 0.016057
346.3545 0.016016
346.6980 0.016246
347.0334 0.016133
347.3678 0.015996
347.6981 0.016078
348.0282 0.015995
348.3545 0.015926
348.6800 0.015845
349.0040 0.015903
349.3270 0.015889
349.6453 0.015971
349.9588 0.015906
350.2782 0.015820
350.5950 0.015643
350.9050 0.015661
351.2181 0.015584
351.5304 0.015612
351.8422 0.015732
352.1510 0.015806
352.4575 0.015800
352.7652 0.015770
353.0702 0.015714
353.3767 0.015732
353.6787 0.015817
353.9843 0.015934
354.2887 0.015813
354.5943 0.015964
354.8982 0.015709
355.2011 0.015596
355.5006 0.015546
355.8020 0.015761
356.1012 0.015546
356.3984 0.015652
356.6980 0.015839
356.9957 0.015955
357.2939 0.016219
357.5902 0.016197
357.8872 0.016141
358.1873 0.016121
358.4854 0.015956
358.7873 0.016202
359.0857 0.016261
359.3830 0.016196
359.6819 0.016061
359.9887 0.016132
360.2889 0.016155
360.5926 0.016005
360.8906 0.016034
361.1887 0.015994
361.4880 0.015910
361.7895 0.015833
362.0920 0.015890
362.3925 0.015956
362.6972 0.016084
363.0050 0.016242
363.3121 0.016224
363.6161 0.016216
363.9230 0.016270
364.2312 0.016322
364.5407 0.016443
364.8535 0.016499
365.1660 0.016529
365.4789 0.016612
365.7932 0.016549
366.1105 0.016623
366.4244 0.016736
366.7437 0.016877
367.0666 0.016774
367.3871 0.016768
367.7096 0.016651
368.0367 0.016529
368.3640 0.016726
368.6918 0.016698
369.0259 0.016674
369.3587 0.016740
369.6947 0.016861
370.0294 0.016985
370.3650 0.017023
370.7049 0.016904
371.0532 0.016869
371.3983 0.017161
371.7496 0.017301
372.0973 0.017288
372.4500 0.017022
372.8143 0.017082
373.1769 0.017027
373.5408 0.016853
373.9083 0.016857
374.2777 0.017011
374.6514 0.017016
375.0288 0.016938
375.4125 0.016856
375.8021 0.016886
376.1944 0.017266
376.5912 0.017149
376.9944 0.017396
377.4006 0.017503
377.8115 0.017712
378.2254 0.017649
378.6509 0.017724
379.0794 0.017767
379.5152 0.018033
379.9580 0.018307
380.4087 0.018643
380.8627 0.018641
381.3271 0.018655
381.8033 0.018598
382.2840 0.018587
382.7754 0.018777
383.2681 0.018825
383.7813 0.019113
384.3009 0.019218
384.8373 0.019200
385.3822 0.019651
385.9418 0.019855
386.5163 0.019802
387.1036 0.019736
387.7098 0.020318
388.3350 0.020643
388.9795 0.021387
389.6458 0.021857
390.3396 0.022133
391.0509 0.022577
391.7914 0.022828
392.5605 0.023126
393.3688 0.023533
394.2015 0.023999
395.0819 0.024541
396.0246 0.025391
397.0213 0.025961
398.0844 0.026998
399.2051 0.028145
400.4244 0.028997
401.7497 0.030178
403.1952 0.031874
404.7964 0.032650
406.5990 0.034127
408.6886 0.036772
411.1816 0.040830
414.3096 0.045852
418.5392 0.054717
419.5887 0.055770
420.7783 0.057768
422.0871 0.061888
423.5647 0.066462
425.3159 0.070904
427.4101 0.076489
430.0567 0.085514
433.7002 0.102902
439.5868 0.139264
445.1426 0.181647
452.2076 0.275106
457.4720 0.378267
 tr2-12-2 3 1
290.0439 0.246646
293.7258 0.197295
298.8183 0.132658
302.9338 0.101558
307.2478 0.076023
309.9377 0.063148
311.9727 0.055738
313.6089 0.051113
314.9357 0.047803
316.1484 0.047024
317.1773 0.045159
318.0954 0.043201
318.9444 0.041204
322.3376 0.035959
324.8908 0.032003
326.9331 0.029993
328.6788 0.028698
330.1512 0.027244
331.5099 0.026526
332.7285 0.025698
333.8420 0.024965
334.8779 0.024550
335.8488 0.023717
336.7676 0.023081
337.6165 0.022301
338.4434 0.021529
339.2096 0.021264
339.9577 0.020858
340.6719 0.019898
341.3610 0.019732
342.0168 0.019602
342.6631 0.019391
343.2846 0.019248
343.8799 0.019096
344.4656 0.019294
345.0298 0.018826
345.5787 0.018768
346.1165 0.018378
346.6395 0.018560
347.1490 0.018140
347.6494 0.018300
348.1392 0.017932
348.6154 0.017658
349.0814 0.017687
349.5387 0.017745
349.9875 0.017775
350.4341 0.017802
350.8746 0.017252
351.3051 0.017085
351.7272 0.016862
352.1457 0.016899
352.5578 0.016894
352.9629 0.016904
353.3650 0.016720
353.7627 0.016585
354.1577 0.016672
354.5475 0.016728
354.9323 0.016826
355.3096 0.017091
355.6855 0.016997
356.0552 0.016894
356.4263 0.016896
356.7905 0.016838
357.1542 0.016859
357.5170 0.016793
357.8662 0.016900
358.2179 0.016827
358.5668 0.016818
358.9156 0.016692
359.2588 0.016664
359.5997 0.016674
359.9395 0.016702
360.2765 0.016520
360.6075 0.016400
360.9372 0.016544
361.2672 0.016510
361.5970 0.016686
361.9222 0.016407
362.2454 0.016488
362.5707 0.016476
362.8945 0.016442
363.2192 0.016276
363.5410 0.016231
363.8626 0.016256
364.1769 0.015993
364.4933 0.015838
364.8140 0.015818
365.1243 0.015823
365.4353 0.015757
365.7480 0.015835
366.0580 0.015744
366.3713 0.015815
366.6807 0.015693
366.9916 0.015701
367.2967 0.015733
367.6027 0.015823
367.9078 0.015820
368.2126 0.015782
368.5153 0.015832
368.8241 0.015842
369.1300 0.015821
369.4328 0.015827
369.7374 0.015763
370.0388 0.015802
370.3427 0.015797
370.6487 0.015746
370.9563 0.015744
371.2594 0.015843
371.5630 0.015834
371.8666 0.015807
372.1710 0.015760
372.4803 0.015520
372.7816 0.015502
373.0879 0.015511
373.3903 0.015436
373.6995 0.015561
374.0060 0.015440
374.3156 0.015499
374.6270 0.015671
374.9344 0.015581
375.2476 0.015552
375.5582 0.015754
375.8703 0.015576
376.1824 0.015562
376.4934 0.015515
376.8036 0.015583
377.1189 0.015715
377.4298 0.015650
377.7442 0.015816
378.0597 0.015740
378.3787 0.016054
378.7014 0.016295
379.0208 0.016329
379.3430 0.016567
379.6706 0.016602
379.9927 0.016757
380.3211 0.016903
380.6485 0.016982
380.9784 0.016945
381.3090 0.016836
381.6394 0.016622
381.9777 0.016606
382.3195 0.016609
382.6550 0.016597
383.0012 0.016661
383.3491 0.016597
383.6960 0.016600
384.0463 0.016436
384.3964 0.016557
384.7514 0.016877
385.1077 0.016932
385.4691 0.017092
385.8345 0.016951
386.1962 0.016888
386.5643 0.017093
386.9429 0.017052
387.3220 0.017017
387.7045 0.017129
388.0903 0.016999
388.4829 0.017013
388.8719 0.016991
389.2630 0.016958
389.6624 0.017047
390.0714 0.017105
390.4880 0.017176
390.9033 0.017382
391.3262 0.017126
391.7552 0.017307
392.1895 0.017745
392.6347 0.017734
393.0871 0.017883
393.5385 0.017960
394.0046 0.017942
394.4786 0.018054
394.9612 0.018415
395.4512 0.018434
395.9512 0.018388
396.4605 0.019016
396.9776 0.019235
397.5174 0.019245
398.0594 0.019385
398.6078 0.020020
399.1771 0.020361
399.7705 0.020813
400.3627 0.021086
400.9750 0.021029
401.6077 0.020835
402.2603 0.021310
402.9407 0.021530
403.6451 0.021607
404.3723 0.022185
405.1225 0.022750
405.9099 0.023248
406.7191 0.023571
407.5684 0.023870
408.4735 0.024471
409.4153 0.025068
410.4225 0.025810
411.4767 0.026304
412.6311 0.027411
413.8490 0.028036
415.1799 0.029634
416.6589 0.030986
418.3018 0.033037
420.1472 0.035410
422.3010 0.036792
424.8330 0.041658
428.0000 0.047279
432.2239 0.056474
433.3109 0.059706
434.5334 0.062189
435.8626 0.065784
437.3966 0.069298
439.1439 0.073436
441.2847 0.079838
443.9798 0.089407
447.5790 0.102345
453.3269 0.135690
459.0239 0.183595
466.1319 0.264618
471.8071 0.366533
tr2s-12-2 3 1
301.4475 0.259947
305.0453 0.195407
310.2011 0.137902
314.2163 0.101109
318.6553 0.073634
321.4247 0.063062
323.4390 0.057232
325.0885 0.054887
326.4649 0.048891
327.6648 0.046193
328.7128 0.044763
329.6663 0.042272
330.5141 0.041921
333.9068 0.036136
336.4430 0.032977
338.5053 0.031737
340.2512 0.029948
341.7861 0.027964
343.1423 0.026197
344.3774 0.025510
345.5161 0.024917
346.5639 0.024366
347.5371 0.023888
348.4593 0.022663
349.3318 0.022315
350.1548 0.021680
350.9397 0.021135
351.6914 0.020385
352.4099 0.020276
353.1021 0.019886
353.7655 0.019990
354.4076 0.019927
355.0297 0.020040
355.6317 0.019454
356.2191 0.018904
356.7918 0.018668
357.3484 0.018544
357.8880 0.018453
358.4120 0.018444
358.9294 0.018401
359.4385 0.018239
359.9344 0.018302
360.4156 0.018118
360.8895 0.017898
361.3632 0.017965
361.8211 0.017927
362.2643 0.017826
362.7050 0.017857
363.1436 0.017664
363.5674 0.017729
363.9873 0.017598
364.4019 0.017264
364.8112 0.017202
365.2152 0.017010
365.6204 0.016899
366.0177 0.016957
366.4082 0.016958
366.7934 0.017052
367.1777 0.016908
367.5547 0.016768
367.9231 0.016920
368.2921 0.016919
368.6602 0.016997
369.0242 0.017114
369.3857 0.017051
369.7448 0.016919
370.0997 0.016876
370.4557 0.016748
370.8076 0.016697
371.1550 0.016553
371.5020 0.016665
371.8446 0.016654
372.1831 0.016409
372.5214 0.016300
372.8572 0.016294
373.1906 0.016323
373.5251 0.016207
373.8511 0.016187
374.1764 0.016246
374.5034 0.016195
374.8299 0.016197
375.1518 0.016111
375.4687 0.016192
375.7899 0.016179
376.1127 0.015994
376.4330 0.016028
376.7493 0.016249
377.0679 0.016204
377.3809 0.016098
377.6913 0.015901
378.0021 0.015963
378.3183 0.016016
378.6296 0.015907
378.9400 0.016006
379.2495 0.016148
379.5604 0.016112
379.8716 0.016246
380.1808 0.016261
380.4911 0.016304
380.7993 0.016193
381.1089 0.016079
381.4154 0.016139
381.7191 0.016109
382.0283 0.016074
382.3351 0.016151
382.6416 0.016118
382.9472 0.016173
383.2523 0.016104
383.5621 0.015913
383.8721 0.015953
384.1814 0.015845
384.4924 0.015716
384.8029 0.015752
385.1058 0.015667
385.4112 0.015792
385.7172 0.015825
386.0226 0.015911
386.3331 0.015865
386.6403 0.015945
386.9475 0.016045
387.2604 0.016183
387.5746 0.016177
387.8895 0.016075
388.2011 0.016075
388.5155 0.015993
388.8297 0.016063
389.1484 0.015996
389.4687 0.016227
389.7877 0.016230
390.1074 0.016332
390.4276 0.016201
390.7530 0.016272
391.0801 0.016314
391.4127 0.016018
391.7387 0.016243
392.0633 0.016248
392.3914 0.016298
392.7232 0.016260
393.0524 0.016453
393.3897 0.016487
393.7277 0.016705
394.0647 0.016812
394.4022 0.016894
394.7481 0.016898
395.0939 0.016813
395.4376 0.016599
395.7872 0.016801
396.1401 0.017011
396.4927 0.017134
396.8521 0.017456
397.2180 0.017351
397.5785 0.017479
397.9460 0.017598
398.3136 0.017608
398.6866 0.017628
399.0642 0.017595
399.4426 0.017448
399.8242 0.017531
400.2134 0.017373
400.6005 0.017280
400.9980 0.017251
401.3958 0.017410
401.8029 0.017387
402.2107 0.017494
402.6278 0.017420
403.0502 0.017636
403.4766 0.017659
403.9108 0.017785
404.3558 0.017947
404.8073 0.018035
405.2640 0.018354
405.7236 0.018027
406.1927 0.018097
406.6634 0.017977
407.1495 0.018300
407.6445 0.018422
408.1426 0.018455
408.6640 0.018816
409.1894 0.018882
409.7260 0.019076
410.2717 0.019294
410.8275 0.019755
411.4002 0.019795
411.9929 0.019938
412.5890 0.020195
413.2027 0.020616
413.8472 0.020804
414.5100 0.020637
415.1865 0.020949
415.8912 0.021267
416.6154 0.021712
417.3789 0.022361
418.1658 0.022850
418.9932 0.023446
419.8530 0.023774
420.7537 0.024094
421.7041 0.024803
422.7058 0.025527
423.7808 0.025894
424.9310 0.027238
426.1777 0.027625
427.5313 0.029657
428.9900 0.030474
430.6473 0.033067
432.5251 0.035463
434.6882 0.037959
437.2269 0.041453
440.4119 0.047421
444.6802 0.053720
445.7530 0.055742
446.9710 0.060265
448.3289 0.064494
449.8358 0.066402
451.5681 0.070761
453.7735 0.077856
456.4004 0.086701
460.1089 0.104240
465.9379 0.135485
471.6786 0.177386
478.8229 0.267447
484.3238 0.378024
