Copyright (C) 1998 James G. MacKinnon, Alfred A. Haug, and Leo Michelis.
 lm0-07-7 3 1
 31.0819 0.055394
 31.8882 0.043084
 33.0291 0.030182
 33.9141 0.022303
 34.8885 0.016846
 35.5126 0.014843
 35.9747 0.013569
 36.3483 0.011921
 36.6595 0.011175
 36.9330 0.010851
 37.1742 0.010454
 37.3940 0.010033
 37.5940 0.009977
 38.3978 0.008949
 39.0118 0.007910
 39.5111 0.007353
 39.9379 0.006985
 40.3144 0.006812
 40.6516 0.006709
 40.9656 0.006528
 41.2477 0.006252
 41.5137 0.006016
 41.7644 0.005792
 41.9970 0.005724
 42.2189 0.005621
 42.4287 0.005532
 42.6314 0.005477
 42.8239 0.005368
 43.0096 0.005252
 43.1891 0.005229
 43.3628 0.005215
 43.5308 0.005053
 43.6965 0.005078
 43.8547 0.005104
 44.0096 0.005156
 44.1582 0.005086
 44.3039 0.005160
 44.4474 0.005090
 44.5870 0.005032
 44.7245 0.005051
 44.8596 0.005018
 44.9910 0.004932
 45.1210 0.004931
 45.2464 0.004828
 45.3708 0.004803
 45.4944 0.004791
 45.6166 0.004763
 45.7371 0.004832
 45.8559 0.004824
 45.9722 0.004871
 46.0882 0.004821
 46.2018 0.004738
 46.3148 0.004756
 46.4267 0.004653
 46.5372 0.004731
 46.6462 0.004682
 46.7552 0.004629
 46.8617 0.004651
 46.9682 0.004647
 47.0734 0.004633
 47.1778 0.004675
 47.2811 0.004662
 47.3828 0.004648
 47.4851 0.004648
 47.5869 0.004650
 47.6878 0.004663
 47.7878 0.004670
 47.8866 0.004632
 47.9858 0.004635
 48.0835 0.004633
 48.1804 0.004602
 48.2770 0.004574
 48.3735 0.004618
 48.4698 0.004612
 48.5664 0.004619
 48.6621 0.004593
 48.7568 0.004587
 48.8517 0.004553
 48.9450 0.004547
 49.0399 0.004566
 49.1352 0.004590
 49.2282 0.004639
 49.3212 0.004640
 49.4137 0.004627
 49.5062 0.004615
 49.5986 0.004561
 49.6905 0.004541
 49.7836 0.004586
 49.8759 0.004589
 49.9678 0.004597
 50.0600 0.004587
 50.1510 0.004548
 50.2424 0.004522
 50.3343 0.004527
 50.4245 0.004540
 50.5167 0.004534
 50.6086 0.004522
 50.7003 0.004603
 50.7906 0.004644
 50.8819 0.004611
 50.9732 0.004661
 51.0647 0.004675
 51.1552 0.004708
 51.2473 0.004719
 51.3394 0.004760
 51.4309 0.004741
 51.5220 0.004758
 51.6137 0.004803
 51.7047 0.004873
 51.7971 0.004923
 51.8895 0.004918
 51.9818 0.004991
 52.0741 0.005016
 52.1670 0.005071
 52.2603 0.005127
 52.3535 0.005142
 52.4475 0.005128
 52.5419 0.005171
 52.6360 0.005208
 52.7309 0.005250
 52.8258 0.005309
 52.9211 0.005350
 53.0156 0.005377
 53.1121 0.005367
 53.2093 0.005378
 53.3067 0.005451
 53.4043 0.005399
 53.5034 0.005442
 53.6013 0.005486
 53.6998 0.005521
 53.7989 0.005495
 53.9004 0.005480
 54.0007 0.005506
 54.1006 0.005528
 54.2024 0.005520
 54.3040 0.005537
 54.4084 0.005544
 54.5112 0.005539
 54.6157 0.005492
 54.7233 0.005485
 54.8289 0.005511
 54.9363 0.005542
 55.0447 0.005546
 55.1522 0.005584
 55.2612 0.005597
 55.3713 0.005685
 55.4838 0.005739
 55.5963 0.005785
 55.7095 0.005849
 55.8242 0.005932
 55.9413 0.005950
 56.0569 0.005983
 56.1753 0.005995
 56.2954 0.006035
 56.4148 0.006075
 56.5384 0.006113
 56.6612 0.006099
 56.7870 0.006053
 56.9127 0.006062
 57.0405 0.006097
 57.1705 0.006129
 57.3035 0.006150
 57.4354 0.006332
 57.5689 0.006387
 57.7080 0.006358
 57.8468 0.006402
 57.9871 0.006400
 58.1318 0.006388
 58.2772 0.006434
 58.4236 0.006508
 58.5750 0.006465
 58.7273 0.006544
 58.8824 0.006670
 59.0418 0.006712
 59.2055 0.006657
 59.3723 0.006707
 59.5433 0.006717
 59.7159 0.006749
 59.8927 0.006774
 60.0732 0.006872
 60.2601 0.006872
 60.4520 0.006965
 60.6486 0.007020
 60.8489 0.007092
 61.0556 0.007219
 61.2703 0.007318
 61.4918 0.007442
 61.7195 0.007592
 61.9517 0.007756
 62.2001 0.007924
 62.4555 0.008079
 62.7217 0.008231
 62.9987 0.008399
 63.2909 0.008709
 63.5996 0.008871
 63.9229 0.009136
 64.2663 0.009478
 64.6280 0.009831
 65.0141 0.010188
 65.4308 0.010463
 65.8801 0.010852
 66.3723 0.011786
 66.9139 0.012100
 67.5256 0.012898
 68.2091 0.013769
 69.0058 0.014437
 69.9581 0.015881
 71.1851 0.017369
 72.8856 0.019398
 73.3037 0.020422
 73.7841 0.021444
 74.3095 0.022861
 74.9197 0.024066
 75.6377 0.026522
 76.5004 0.029424
 77.5654 0.032463
 79.0908 0.039651
 81.5404 0.054477
 84.0636 0.077861
 86.9803 0.120406
 89.2879 0.170965
 lm1-07-7 3 1
 33.4097 0.054959
 34.2206 0.042643
 35.3211 0.028771
 36.2320 0.022039
 37.2464 0.017264
 37.8856 0.015827
 38.3618 0.014316
 38.7320 0.013281
 39.0647 0.012288
 39.3421 0.011830
 39.5935 0.011103
 39.8261 0.010516
 40.0350 0.010084
 40.8627 0.008686
 41.5009 0.007807
 42.0170 0.007527
 42.4562 0.007314
 42.8406 0.006825
 43.1859 0.006632
 43.5013 0.006464
 43.7944 0.006424
 44.0625 0.006185
 44.3188 0.006131
 44.5577 0.006132
 44.7793 0.005988
 44.9959 0.005833
 45.2042 0.005774
 45.4040 0.005640
 45.5961 0.005585
 45.7829 0.005479
 45.9612 0.005379
 46.1342 0.005270
 46.3010 0.005207
 46.4636 0.005148
 46.6215 0.005035
 46.7766 0.004981
 46.9270 0.004975
 47.0734 0.004964
 47.2160 0.004894
 47.3556 0.004859
 47.4933 0.004812
 47.6290 0.004811
 47.7633 0.004786
 47.8933 0.004719
 48.0216 0.004742
 48.1488 0.004740
 48.2743 0.004731
 48.3959 0.004727
 48.5167 0.004719
 48.6382 0.004691
 48.7564 0.004722
 48.8745 0.004739
 48.9895 0.004754
 49.1039 0.004703
 49.2169 0.004657
 49.3286 0.004621
 49.4394 0.004606
 49.5495 0.004586
 49.6571 0.004662
 49.7640 0.004680
 49.8705 0.004629
 49.9764 0.004621
 50.0826 0.004595
 50.1878 0.004552
 50.2918 0.004564
 50.3946 0.004574
 50.4964 0.004588
 50.5977 0.004556
 50.6998 0.004566
 50.8019 0.004530
 50.9018 0.004551
 51.0013 0.004493
 51.1008 0.004500
 51.1987 0.004519
 51.2963 0.004559
 51.3933 0.004511
 51.4911 0.004517
 51.5875 0.004535
 51.6834 0.004581
 51.7799 0.004626
 51.8755 0.004649
 51.9712 0.004666
 52.0674 0.004685
 52.1617 0.004720
 52.2556 0.004726
 52.3502 0.004772
 52.4446 0.004829
 52.5390 0.004793
 52.6319 0.004835
 52.7262 0.004843
 52.8193 0.004871
 52.9122 0.004876
 53.0078 0.004914
 53.1019 0.004921
 53.1946 0.004942
 53.2885 0.004925
 53.3825 0.004978
 53.4748 0.005027
 53.5687 0.005070
 53.6623 0.005070
 53.7556 0.005096
 53.8492 0.005077
 53.9425 0.005124
 54.0362 0.005139
 54.1297 0.005117
 54.2238 0.005137
 54.3170 0.005118
 54.4120 0.005098
 54.5056 0.005081
 54.6005 0.005097
 54.6951 0.005114
 54.7900 0.005156
 54.8849 0.005202
 54.9807 0.005250
 55.0758 0.005276
 55.1723 0.005323
 55.2681 0.005284
 55.3636 0.005270
 55.4610 0.005276
 55.5575 0.005218
 55.6555 0.005199
 55.7521 0.005258
 55.8500 0.005286
 55.9483 0.005316
 56.0463 0.005312
 56.1462 0.005310
 56.2460 0.005338
 56.3469 0.005350
 56.4475 0.005368
 56.5489 0.005371
 56.6499 0.005332
 56.7511 0.005327
 56.8548 0.005342
 56.9578 0.005354
 57.0615 0.005322
 57.1646 0.005328
 57.2710 0.005332
 57.3762 0.005321
 57.4836 0.005325
 57.5913 0.005377
 57.6997 0.005454
 57.8088 0.005490
 57.9193 0.005569
 58.0308 0.005601
 58.1425 0.005613
 58.2558 0.005698
 58.3692 0.005761
 58.4844 0.005747
 58.6020 0.005746
 58.7210 0.005819
 58.8387 0.005874
 58.9593 0.005956
 59.0805 0.006037
 59.2031 0.006055
 59.3270 0.006135
 59.4507 0.006188
 59.5761 0.006185
 59.7024 0.006268
 59.8310 0.006359
 59.9604 0.006451
 60.0907 0.006455
 60.2245 0.006477
 60.3606 0.006481
 60.4987 0.006492
 60.6386 0.006581
 60.7809 0.006477
 60.9247 0.006467
 61.0697 0.006543
 61.2166 0.006607
 61.3686 0.006698
 61.5236 0.006680
 61.6786 0.006741
 61.8374 0.006777
 61.9999 0.006877
 62.1668 0.006924
 62.3366 0.007005
 62.5082 0.007097
 62.6847 0.007117
 62.8638 0.007044
 63.0488 0.007093
 63.2383 0.007139
 63.4325 0.007311
 63.6324 0.007400
 63.8396 0.007450
 64.0516 0.007620
 64.2691 0.007772
 64.4919 0.007866
 64.7255 0.008015
 64.9683 0.008170
 65.2213 0.008241
 65.4803 0.008421
 65.7526 0.008413
 66.0357 0.008611
 66.3294 0.008919
 66.6393 0.009134
 66.9669 0.009269
 67.3086 0.009632
 67.6846 0.009742
 68.0749 0.010036
 68.5006 0.010545
 68.9590 0.011154
 69.4590 0.011372
 70.0091 0.011985
 70.6211 0.012624
 71.3271 0.013494
 72.1442 0.014129
 73.1241 0.015758
 74.3769 0.017490
 76.0799 0.020884
 76.5123 0.021652
 76.9937 0.022653
 77.5173 0.023648
 78.1339 0.025324
 78.8695 0.028125
 79.7366 0.031681
 80.8466 0.036639
 82.3859 0.043544
 84.9167 0.060003
 87.3743 0.078140
 90.3850 0.115191
 92.6947 0.171900
lm1s-07-7 3 1
 34.2174 0.054337
 34.9510 0.041947
 36.0655 0.028719
 37.0263 0.022484
 38.0309 0.018378
 38.6574 0.016274
 39.1274 0.014518
 39.5187 0.013234
 39.8427 0.012554
 40.1279 0.011732
 40.3843 0.010955
 40.6069 0.010612
 40.8103 0.010187
 41.6461 0.008797
 42.2818 0.008158
 42.7910 0.007643
 43.2288 0.007312
 43.6179 0.007085
 43.9636 0.007032
 44.2818 0.006932
 44.5739 0.006616
 44.8401 0.006491
 45.0926 0.006410
 45.3328 0.006267
 45.5613 0.006087
 45.7778 0.006108
 45.9849 0.005959
 46.1829 0.005830
 46.3731 0.005731
 46.5606 0.005501
 46.7369 0.005450
 46.9095 0.005301
 47.0772 0.005284
 47.2386 0.005219
 47.3942 0.005150
 47.5474 0.005130
 47.6976 0.005151
 47.8446 0.005023
 47.9881 0.005012
 48.1306 0.004965
 48.2689 0.004909
 48.4042 0.004856
 48.5359 0.004837
 48.6659 0.004841
 48.7956 0.004915
 48.9233 0.004869
 49.0487 0.004877
 49.1721 0.004834
 49.2941 0.004812
 49.4140 0.004806
 49.5310 0.004718
 49.6485 0.004730
 49.7634 0.004738
 49.8772 0.004646
 49.9891 0.004565
 50.1007 0.004557
 50.2121 0.004535
 50.3236 0.004555
 50.4310 0.004556
 50.5390 0.004533
 50.6465 0.004535
 50.7516 0.004546
 50.8580 0.004507
 50.9628 0.004523
 51.0679 0.004474
 51.1712 0.004484
 51.2729 0.004494
 51.3746 0.004478
 51.4761 0.004473
 51.5773 0.004482
 51.6756 0.004496
 51.7745 0.004529
 51.8738 0.004516
 51.9713 0.004514
 52.0687 0.004526
 52.1664 0.004545
 52.2633 0.004560
 52.3612 0.004621
 52.4574 0.004665
 52.5536 0.004685
 52.6495 0.004709
 52.7468 0.004697
 52.8420 0.004695
 52.9375 0.004720
 53.0329 0.004765
 53.1268 0.004779
 53.2219 0.004835
 53.3159 0.004822
 53.4098 0.004818
 53.5029 0.004834
 53.5973 0.004866
 53.6898 0.004916
 53.7829 0.004941
 53.8767 0.004938
 53.9695 0.004958
 54.0626 0.004942
 54.1560 0.004997
 54.2489 0.005052
 54.3427 0.005072
 54.4365 0.005106
 54.5305 0.005104
 54.6237 0.005128
 54.7180 0.005166
 54.8114 0.005221
 54.9054 0.005237
 54.9988 0.005225
 55.0930 0.005194
 55.1871 0.005223
 55.2819 0.005232
 55.3751 0.005200
 55.4698 0.005239
 55.5644 0.005271
 55.6584 0.005200
 55.7532 0.005174
 55.8484 0.005168
 55.9427 0.005209
 56.0393 0.005260
 56.1349 0.005251
 56.2313 0.005282
 56.3273 0.005292
 56.4255 0.005307
 56.5244 0.005373
 56.6232 0.005401
 56.7212 0.005352
 56.8193 0.005362
 56.9174 0.005387
 57.0181 0.005382
 57.1190 0.005292
 57.2208 0.005270
 57.3225 0.005292
 57.4235 0.005320
 57.5256 0.005305
 57.6272 0.005327
 57.7321 0.005413
 57.8353 0.005424
 57.9399 0.005399
 58.0460 0.005496
 58.1538 0.005549
 58.2622 0.005584
 58.3700 0.005568
 58.4766 0.005559
 58.5850 0.005618
 58.6953 0.005751
 58.8065 0.005756
 58.9157 0.005863
 59.0281 0.005863
 59.1434 0.005848
 59.2582 0.005837
 59.3745 0.005902
 59.4921 0.005949
 59.6115 0.005904
 59.7305 0.005987
 59.8501 0.006025
 59.9707 0.006132
 60.0934 0.006194
 60.2180 0.006220
 60.3437 0.006213
 60.4733 0.006245
 60.6014 0.006256
 60.7331 0.006266
 60.8653 0.006209
 60.9992 0.006207
 61.1340 0.006268
 61.2696 0.006358
 61.4099 0.006390
 61.5522 0.006430
 61.6956 0.006467
 61.8420 0.006522
 61.9904 0.006594
 62.1414 0.006600
 62.2947 0.006563
 62.4520 0.006637
 62.6113 0.006579
 62.7736 0.006711
 62.9373 0.006690
 63.1066 0.006841
 63.2759 0.006918
 63.4538 0.006993
 63.6364 0.007099
 63.8214 0.007249
 64.0110 0.007311
 64.2082 0.007408
 64.4064 0.007512
 64.6096 0.007578
 64.8208 0.007665
 65.0410 0.007736
 65.2677 0.007930
 65.5009 0.008102
 65.7430 0.008174
 65.9913 0.008256
 66.2475 0.008471
 66.5176 0.008521
 66.8002 0.008538
 67.0982 0.008727
 67.4061 0.008971
 67.7341 0.009307
 68.0816 0.009445
 68.4554 0.009798
 68.8464 0.010160
 69.2722 0.010534
 69.7276 0.010866
 70.2222 0.011282
 70.7662 0.011815
 71.3860 0.012801
 72.0988 0.013572
 72.9208 0.014407
 73.9056 0.015646
 75.1379 0.017249
 76.8414 0.020826
 77.2854 0.021928
 77.7567 0.022608
 78.2963 0.023996
 78.9078 0.025966
 79.6243 0.028198
 80.4996 0.030962
 81.6122 0.036078
 83.1299 0.043145
 85.7418 0.060398
 88.1233 0.076034
 91.1843 0.118401
 93.4834 0.169752
 lm2-07-7 3 1
 35.7621 0.060793
 36.5083 0.044857
 37.6408 0.030433
 38.5756 0.024886
 39.6434 0.018860
 40.3110 0.015734
 40.8006 0.014421
 41.1912 0.013053
 41.5164 0.012165
 41.8066 0.011179
 42.0670 0.010575
 42.2976 0.009989
 42.5085 0.009618
 43.3523 0.008775
 44.0009 0.008216
 44.5240 0.007770
 44.9690 0.007242
 45.3688 0.007133
 45.7273 0.006798
 46.0540 0.006651
 46.3510 0.006364
 46.6288 0.006392
 46.8883 0.006265
 47.1384 0.006090
 47.3738 0.006079
 47.5942 0.006070
 47.8064 0.005879
 48.0107 0.005893
 48.2070 0.005764
 48.3970 0.005656
 48.5783 0.005626
 48.7554 0.005610
 48.9260 0.005576
 49.0925 0.005560
 49.2551 0.005499
 49.4133 0.005481
 49.5664 0.005474
 49.7172 0.005418
 49.8673 0.005373
 50.0118 0.005270
 50.1533 0.005227
 50.2920 0.005131
 50.4283 0.005148
 50.5615 0.005083
 50.6934 0.004983
 50.8245 0.005003
 50.9511 0.005020
 51.0764 0.005002
 51.2017 0.005001
 51.3225 0.004993
 51.4426 0.004954
 51.5613 0.005008
 51.6794 0.004961
 51.7950 0.004935
 51.9101 0.004901
 52.0242 0.004908
 52.1368 0.004983
 52.2503 0.004961
 52.3616 0.004939
 52.4722 0.004926
 52.5808 0.004909
 52.6900 0.004865
 52.7980 0.004849
 52.9043 0.004831
 53.0105 0.004858
 53.1143 0.004909
 53.2182 0.004911
 53.3227 0.004862
 53.4264 0.004870
 53.5285 0.004815
 53.6314 0.004870
 53.7326 0.004869
 53.8318 0.004835
 53.9334 0.004831
 54.0326 0.004852
 54.1332 0.004830
 54.2333 0.004870
 54.3317 0.004879
 54.4311 0.004834
 54.5299 0.004903
 54.6280 0.004920
 54.7248 0.004950
 54.8221 0.004992
 54.9196 0.005022
 55.0167 0.004957
 55.1134 0.004982
 55.2105 0.005000
 55.3068 0.004960
 55.4029 0.004977
 55.4974 0.004911
 55.5944 0.004951
 55.6899 0.004966
 55.7850 0.004907
 55.8806 0.004894
 55.9751 0.004895
 56.0705 0.004882
 56.1649 0.004880
 56.2606 0.004874
 56.3560 0.004857
 56.4517 0.004821
 56.5470 0.004874
 56.6420 0.004877
 56.7377 0.004862
 56.8340 0.004869
 56.9300 0.004858
 57.0244 0.004845
 57.1211 0.004916
 57.2171 0.004904
 57.3126 0.004945
 57.4090 0.004950
 57.5054 0.004994
 57.6015 0.005043
 57.6990 0.005034
 57.7969 0.005082
 57.8946 0.005022
 57.9922 0.005075
 58.0886 0.005112
 58.1880 0.005076
 58.2874 0.005068
 58.3863 0.005111
 58.4860 0.005124
 58.5855 0.005150
 58.6865 0.005155
 58.7871 0.005168
 58.8881 0.005234
 58.9887 0.005263
 59.0916 0.005271
 59.1948 0.005237
 59.2963 0.005319
 59.4008 0.005330
 59.5050 0.005323
 59.6100 0.005359
 59.7151 0.005394
 59.8210 0.005452
 59.9271 0.005506
 60.0328 0.005553
 60.1405 0.005626
 60.2480 0.005684
 60.3572 0.005738
 60.4679 0.005709
 60.5775 0.005643
 60.6891 0.005618
 60.8009 0.005699
 60.9139 0.005734
 61.0297 0.005702
 61.1447 0.005743
 61.2598 0.005705
 61.3761 0.005686
 61.4931 0.005766
 61.6130 0.005765
 61.7326 0.005821
 61.8557 0.005859
 61.9769 0.005881
 62.1009 0.005860
 62.2271 0.005907
 62.3522 0.006023
 62.4795 0.006077
 62.6102 0.006138
 62.7415 0.006162
 62.8740 0.006238
 63.0084 0.006331
 63.1458 0.006390
 63.2842 0.006393
 63.4237 0.006438
 63.5666 0.006384
 63.7120 0.006450
 63.8600 0.006495
 64.0062 0.006546
 64.1585 0.006651
 64.3108 0.006726
 64.4701 0.006859
 64.6292 0.006959
 64.7922 0.007063
 64.9562 0.007116
 65.1256 0.007170
 65.2977 0.007325
 65.4757 0.007464
 65.6555 0.007465
 65.8414 0.007572
 66.0297 0.007639
 66.2239 0.007669
 66.4211 0.007812
 66.6246 0.007917
 66.8330 0.008021
 67.0465 0.008167
 67.2669 0.008291
 67.4974 0.008396
 67.7367 0.008548
 67.9822 0.008619
 68.2380 0.008901
 68.5010 0.009012
 68.7736 0.009219
 69.0643 0.009287
 69.3667 0.009292
 69.6876 0.009517
 70.0226 0.009801
 70.3767 0.010028
 70.7517 0.010449
 71.1575 0.010887
 71.5906 0.011046
 72.0569 0.011411
 72.5725 0.011772
 73.1309 0.012322
 73.7560 0.012805
 74.4783 0.013484
 75.3115 0.014829
 76.3134 0.016454
 77.5827 0.018478
 79.2984 0.022182
 79.7341 0.023288
 80.2240 0.025120
 80.7740 0.026074
 81.4175 0.027945
 82.1613 0.031808
 83.0286 0.035145
 84.1258 0.040707
 85.7008 0.048054
 88.2539 0.059666
 90.7498 0.077348
 93.9446 0.127423
 96.4960 0.175376
lm2s-07-7 3 1
 36.5398 0.058631
 37.3253 0.044442
 38.4201 0.030737
 39.3634 0.024600
 40.4358 0.018372
 41.0919 0.015731
 41.5819 0.013802
 41.9791 0.012901
 42.3205 0.011860
 42.6084 0.011162
 42.8582 0.010396
 43.0869 0.010116
 43.2939 0.009920
 44.1402 0.008920
 44.7805 0.008401
 45.3119 0.007565
 45.7573 0.007335
 46.1535 0.006961
 46.5102 0.006850
 46.8352 0.006821
 47.1372 0.006554
 47.4185 0.006463
 47.6794 0.006336
 47.9249 0.006197
 48.1583 0.006007
 48.3797 0.005838
 48.5923 0.005659
 48.7942 0.005679
 48.9916 0.005616
 49.1806 0.005528
 49.3636 0.005431
 49.5381 0.005328
 49.7103 0.005267
 49.8769 0.005227
 50.0392 0.005235
 50.1974 0.005302
 50.3503 0.005149
 50.5012 0.005122
 50.6501 0.005100
 50.7941 0.005045
 50.9337 0.004943
 51.0717 0.004991
 51.2096 0.004949
 51.3432 0.004900
 51.4737 0.004926
 51.6038 0.004957
 51.7316 0.004992
 51.8569 0.005010
 51.9802 0.004995
 52.1032 0.004921
 52.2244 0.004882
 52.3429 0.004844
 52.4620 0.004892
 52.5777 0.004858
 52.6926 0.004840
 52.8078 0.004851
 52.9205 0.004817
 53.0333 0.004860
 53.1447 0.004920
 53.2537 0.004883
 53.3637 0.004906
 53.4732 0.004876
 53.5800 0.004899
 53.6878 0.004959
 53.7938 0.005010
 53.8976 0.004995
 54.0023 0.004963
 54.1050 0.004958
 54.2086 0.004991
 54.3109 0.005025
 54.4130 0.004956
 54.5148 0.004976
 54.6158 0.004986
 54.7150 0.005020
 54.8146 0.005025
 54.9151 0.005028
 55.0145 0.005066
 55.1132 0.005115
 55.2125 0.005121
 55.3107 0.005065
 55.4091 0.005091
 55.5061 0.005083
 55.6037 0.005084
 55.7013 0.005097
 55.7979 0.005039
 55.8935 0.005012
 55.9895 0.004996
 56.0860 0.004964
 56.1813 0.004921
 56.2776 0.004933
 56.3726 0.004933
 56.4688 0.004928
 56.5648 0.004913
 56.6609 0.004829
 56.7556 0.004778
 56.8519 0.004796
 56.9475 0.004793
 57.0418 0.004744
 57.1364 0.004748
 57.2313 0.004762
 57.3273 0.004776
 57.4224 0.004783
 57.5173 0.004821
 57.6130 0.004845
 57.7092 0.004826
 57.8044 0.004820
 57.9014 0.004867
 57.9976 0.004883
 58.0949 0.004884
 58.1911 0.004919
 58.2871 0.004898
 58.3852 0.004869
 58.4823 0.004887
 58.5785 0.004891
 58.6753 0.004936
 58.7723 0.004971
 58.8701 0.005009
 58.9674 0.005077
 59.0671 0.005099
 59.1666 0.005090
 59.2661 0.005054
 59.3655 0.005085
 59.4668 0.005164
 59.5685 0.005165
 59.6712 0.005199
 59.7718 0.005211
 59.8735 0.005254
 59.9761 0.005317
 60.0786 0.005385
 60.1829 0.005400
 60.2866 0.005408
 60.3899 0.005454
 60.4944 0.005445
 60.6003 0.005435
 60.7071 0.005453
 60.8132 0.005495
 60.9207 0.005502
 61.0292 0.005485
 61.1406 0.005524
 61.2489 0.005586
 61.3580 0.005658
 61.4706 0.005717
 61.5827 0.005744
 61.6960 0.005784
 61.8098 0.005877
 61.9251 0.005811
 62.0422 0.005749
 62.1575 0.005738
 62.2757 0.005791
 62.3924 0.005813
 62.5102 0.005825
 62.6316 0.005902
 62.7529 0.005978
 62.8761 0.006084
 63.0027 0.006161
 63.1306 0.006177
 63.2583 0.006144
 63.3862 0.006202
 63.5178 0.006214
 63.6503 0.006210
 63.7855 0.006277
 63.9219 0.006409
 64.0603 0.006432
 64.2007 0.006430
 64.3423 0.006456
 64.4846 0.006511
 64.6318 0.006556
 64.7828 0.006594
 64.9351 0.006714
 65.0888 0.006813
 65.2450 0.006875
 65.4053 0.006952
 65.5679 0.007090
 65.7327 0.007124
 65.9028 0.007200
 66.0774 0.007278
 66.2535 0.007344
 66.4341 0.007427
 66.6187 0.007495
 66.8067 0.007546
 67.0001 0.007616
 67.1980 0.007749
 67.4010 0.007853
 67.6121 0.007971
 67.8265 0.008135
 68.0491 0.008178
 68.2776 0.008297
 68.5138 0.008438
 68.7587 0.008621
 69.0104 0.008737
 69.2771 0.008936
 69.5564 0.009092
 69.8430 0.009266
 70.1442 0.009387
 70.4573 0.009647
 70.7876 0.009950
 71.1428 0.010324
 71.5213 0.010709
 71.9240 0.010896
 72.3593 0.011222
 72.8240 0.011614
 73.3326 0.011847
 73.8974 0.012282
 74.5399 0.012963
 75.2554 0.013626
 76.0936 0.014861
 77.0883 0.016127
 78.3427 0.018407
 80.0543 0.022665
 80.4930 0.023283
 80.9853 0.024800
 81.5232 0.026547
 82.1591 0.028310
 82.8945 0.030968
 83.7902 0.035443
 84.8863 0.041119
 86.4620 0.048232
 89.0312 0.057856
 91.4791 0.077237
 94.7272 0.132486
 97.2934 0.182890
 tr0-07-7 3 1
127.8186 0.176708
130.3693 0.132273
133.9837 0.092073
136.8855 0.074068
140.0823 0.055388
142.0164 0.047938
143.4800 0.042124
144.6378 0.038701
145.6031 0.035231
146.4510 0.033378
147.2054 0.032035
147.8624 0.031561
148.4961 0.030129
150.9597 0.025797
152.8155 0.023887
154.3379 0.022430
155.6223 0.021648
156.7491 0.020068
157.7463 0.019384
158.6659 0.018299
159.4919 0.017862
160.2611 0.017658
160.9834 0.016817
161.6602 0.016300
162.2991 0.016036
162.9048 0.015706
163.4842 0.015740
164.0429 0.015406
164.5744 0.015439
165.0895 0.015120
165.5846 0.014805
166.0619 0.014363
166.5242 0.014075
166.9719 0.013806
167.4075 0.013860
167.8317 0.013339
168.2444 0.013316
168.6477 0.013237
169.0383 0.012913
169.4209 0.012740
169.7932 0.012619
170.1578 0.012750
170.5164 0.012525
170.8705 0.012414
171.2154 0.012462
171.5530 0.012225
171.8893 0.012272
172.2189 0.012411
172.5491 0.012599
172.8670 0.012535
173.1853 0.012684
173.4997 0.012688
173.8031 0.012734
174.1029 0.012746
174.4008 0.012582
174.6927 0.012515
174.9788 0.012673
175.2718 0.012390
175.5588 0.012493
175.8475 0.012513
176.1277 0.012419
176.4075 0.012141
176.6795 0.012084
176.9523 0.011870
177.2225 0.011780
177.4885 0.011868
177.7538 0.011905
178.0162 0.011736
178.2805 0.011805
178.5400 0.011893
178.7985 0.011856
179.0577 0.011667
179.3153 0.011449
179.5675 0.011546
179.8189 0.011541
180.0695 0.011652
180.3213 0.011831
180.5699 0.011847
180.8136 0.011787
181.0590 0.011886
181.3054 0.011858
181.5451 0.011879
181.7872 0.012076
182.0303 0.012093
182.2708 0.012129
182.5124 0.012008
182.7508 0.011979
182.9893 0.011975
183.2306 0.011937
183.4717 0.012107
183.7103 0.012088
183.9448 0.012008
184.1822 0.012076
184.4171 0.012026
184.6535 0.012092
184.8863 0.012044
185.1208 0.012102
185.3542 0.012238
185.5853 0.012229
185.8165 0.012329
186.0501 0.012227
186.2822 0.012261
186.5147 0.012262
186.7494 0.012096
186.9810 0.012127
187.2124 0.012104
187.4434 0.012200
187.6793 0.012402
187.9117 0.012310
188.1492 0.012403
188.3802 0.012484
188.6123 0.012693
188.8457 0.012728
189.0777 0.012764
189.3142 0.012897
189.5473 0.012911
189.7819 0.012919
190.0168 0.012941
190.2540 0.012958
190.4884 0.012923
190.7265 0.012870
190.9659 0.012889
191.2029 0.012945
191.4417 0.012939
191.6847 0.012813
191.9252 0.013002
192.1679 0.013006
192.4110 0.013018
192.6516 0.013055
192.8928 0.013157
193.1395 0.013195
193.3870 0.013157
193.6333 0.013227
193.8795 0.013221
194.1269 0.013414
194.3767 0.013243
194.6253 0.013320
194.8782 0.013155
195.1314 0.013243
195.3861 0.013354
195.6431 0.013328
195.9010 0.013358
196.1590 0.013511
196.4205 0.013443
196.6898 0.013520
196.9569 0.013609
197.2238 0.013559
197.4940 0.013704
197.7619 0.013759
198.0327 0.013817
198.3062 0.013783
198.5833 0.013871
198.8693 0.014000
199.1522 0.013982
199.4381 0.014152
199.7269 0.014338
200.0191 0.014485
200.3113 0.014473
200.6079 0.014582
200.9074 0.014628
201.2130 0.014657
201.5182 0.014784
201.8350 0.014700
202.1510 0.014715
202.4697 0.014699
202.7909 0.014704
203.1177 0.014933
203.4525 0.015137
203.7936 0.015199
204.1402 0.015322
204.4913 0.015384
204.8442 0.015503
205.2060 0.015394
205.5746 0.015410
205.9433 0.015562
206.3191 0.015591
206.7018 0.015983
207.0986 0.016122
207.5052 0.016321
207.9186 0.016045
208.3449 0.016142
208.7803 0.016302
209.2246 0.016255
209.6830 0.016556
210.1505 0.016869
210.6301 0.016839
211.1297 0.017064
211.6387 0.016961
212.1613 0.016962
212.7013 0.017041
213.2710 0.016931
213.8624 0.017503
214.4738 0.017611
215.1149 0.017671
215.7975 0.018083
216.5012 0.018521
217.2427 0.018742
218.0333 0.019149
218.8717 0.019841
219.7753 0.020009
220.7404 0.020846
221.7860 0.021638
222.9508 0.023043
224.2221 0.022869
225.6503 0.024985
227.3173 0.027060
229.3100 0.030354
231.8143 0.035205
235.1678 0.039291
236.0119 0.041705
236.9327 0.042918
237.9692 0.045581
239.1690 0.048442
240.5718 0.051948
242.2545 0.057779
244.3620 0.069018
247.2792 0.084410
252.2353 0.118890
256.8720 0.160120
262.8409 0.226958
266.9270 0.304108
 tr1-07-7 3 1
139.4702 0.182607
142.0720 0.139888
145.8728 0.092924
148.9848 0.067617
152.2589 0.053892
154.2993 0.049708
155.8129 0.044141
157.0182 0.040481
158.0353 0.038343
158.9334 0.036122
159.7233 0.033798
160.4323 0.032935
161.0467 0.031216
163.6107 0.026916
165.5628 0.024480
167.1345 0.022275
168.4602 0.021581
169.6312 0.021126
170.6679 0.020204
171.6217 0.019573
172.4867 0.019251
173.2916 0.019158
174.0439 0.018496
174.7498 0.018158
175.4117 0.017925
176.0376 0.017658
176.6355 0.017342
177.2036 0.016823
177.7520 0.016926
178.2760 0.016546
178.7817 0.016359
179.2767 0.016000
179.7567 0.015661
180.2176 0.015696
180.6677 0.015420
181.1105 0.015111
181.5366 0.015183
181.9464 0.015204
182.3539 0.014785
182.7469 0.014560
183.1345 0.014402
183.5088 0.014402
183.8829 0.014283
184.2505 0.014230
184.6046 0.014185
184.9626 0.013999
185.3102 0.013863
185.6511 0.013599
185.9863 0.013486
186.3162 0.013300
186.6390 0.013225
186.9600 0.013289
187.2755 0.013313
187.5918 0.013182
187.9045 0.013105
188.2134 0.013075
188.5162 0.013198
188.8170 0.013188
189.1109 0.013010
189.4040 0.013053
189.6938 0.012925
189.9808 0.012899
190.2652 0.012862
190.5499 0.012784
190.8270 0.012790
191.1067 0.012815
191.3805 0.012827
191.6572 0.012905
191.9291 0.012844
192.1956 0.012773
192.4579 0.012825
192.7262 0.012867
192.9893 0.012844
193.2496 0.012813
193.5102 0.012784
193.7697 0.012703
194.0287 0.012656
194.2866 0.012685
194.5393 0.012617
194.7979 0.012456
195.0501 0.012454
195.3019 0.012375
195.5556 0.012349
195.8041 0.012398
196.0518 0.012320
196.2996 0.012230
196.5456 0.012259
196.7922 0.012198
197.0394 0.012239
197.2859 0.012183
197.5309 0.012187
197.7797 0.012304
198.0262 0.012248
198.2706 0.012299
198.5137 0.012419
198.7609 0.012539
199.0014 0.012553
199.2444 0.012575
199.4840 0.012622
199.7266 0.012675
199.9657 0.012688
200.2049 0.012768
200.4449 0.012695
200.6845 0.012689
200.9268 0.012702
201.1694 0.012657
201.4097 0.012663
201.6500 0.012569
201.8926 0.012608
202.1326 0.012620
202.3711 0.012642
202.6138 0.012695
202.8538 0.012704
203.0953 0.012851
203.3375 0.012934
203.5760 0.013036
203.8179 0.013112
204.0617 0.013216
204.3051 0.013212
204.5484 0.013200
204.7962 0.013188
205.0436 0.013171
205.2904 0.013260
205.5345 0.013332
205.7811 0.013325
206.0287 0.013374
206.2793 0.013527
206.5247 0.013565
206.7765 0.013710
207.0292 0.013671
207.2827 0.013611
207.5396 0.013711
207.7931 0.013669
208.0454 0.013607
208.3001 0.013619
208.5585 0.013765
208.8155 0.013708
209.0748 0.013794
209.3374 0.013834
209.5995 0.013924
209.8671 0.013905
210.1285 0.013871
210.3987 0.013795
210.6712 0.013804
210.9437 0.013912
211.2175 0.013802
211.4942 0.013792
211.7698 0.013716
212.0500 0.013960
212.3301 0.013988
212.6129 0.014024
212.8958 0.014085
213.1873 0.014244
213.4826 0.014399
213.7756 0.014461
214.0745 0.014478
214.3741 0.014520
214.6821 0.014770
214.9883 0.014792
215.2996 0.014920
215.6153 0.014798
215.9343 0.014842
216.2615 0.014847
216.5868 0.014946
216.9130 0.015089
217.2522 0.015118
217.5914 0.014959
217.9365 0.015173
218.2832 0.015174
218.6341 0.015316
218.9897 0.015257
219.3545 0.015156
219.7274 0.015384
220.1094 0.015490
220.4969 0.015666
220.8888 0.015794
221.2940 0.015651
221.6997 0.015701
222.1167 0.015999
222.5450 0.016074
222.9794 0.016272
223.4267 0.016528
223.8833 0.016627
224.3494 0.016584
224.8328 0.016926
225.3292 0.017069
225.8380 0.017113
226.3671 0.017410
226.9062 0.017847
227.4663 0.018274
228.0463 0.018566
228.6597 0.018908
229.2867 0.018968
229.9555 0.019293
230.6458 0.019459
231.3645 0.019743
232.1313 0.020604
232.9336 0.021407
233.7995 0.021699
234.7302 0.022583
235.7336 0.023268
236.8089 0.023896
238.0035 0.024882
239.3194 0.025520
240.8055 0.026375
242.5160 0.028659
244.5604 0.031948
247.1233 0.035486
250.5541 0.043918
251.4468 0.046033
252.4028 0.048319
253.4854 0.049783
254.7220 0.052570
256.1604 0.056548
257.9139 0.062338
260.1054 0.070453
263.1133 0.083140
268.0549 0.110224
272.8242 0.153099
278.6504 0.227898
283.2966 0.313452
tr1s-07-7 3 1
146.3803 0.186321
149.2179 0.142306
152.8614 0.094544
155.9582 0.069758
159.2776 0.056942
161.3133 0.048456
162.8268 0.043815
164.0087 0.041131
165.0357 0.038170
165.9319 0.035560
166.7145 0.033194
167.4190 0.030660
168.0568 0.029228
170.6328 0.026870
172.5689 0.025408
174.1193 0.023167
175.4657 0.021926
176.6395 0.021142
177.6717 0.020283
178.6305 0.019333
179.4880 0.018226
180.2911 0.017950
181.0321 0.017735
181.7361 0.017886
182.4013 0.017509
183.0338 0.017194
183.6266 0.016835
184.1982 0.016440
184.7538 0.016218
185.2834 0.015942
185.7942 0.015569
186.2858 0.015418
186.7638 0.015143
187.2254 0.014796
187.6707 0.014657
188.1086 0.014425
188.5325 0.014452
188.9462 0.014187
189.3543 0.013973
189.7518 0.013993
190.1404 0.014043
190.5224 0.013840
190.8919 0.013891
191.2569 0.013977
191.6181 0.014135
191.9692 0.014035
192.3159 0.014009
192.6562 0.014064
192.9921 0.013833
193.3289 0.013707
193.6609 0.013747
193.9795 0.013668
194.2964 0.013682
194.6090 0.013705
194.9156 0.013711
195.2214 0.013705
195.5229 0.013545
195.8201 0.013352
196.1170 0.013323
196.4087 0.013219
196.6974 0.012993
196.9856 0.012941
197.2706 0.012801
197.5502 0.012811
197.8288 0.012688
198.1050 0.012459
198.3821 0.012421
198.6557 0.012489
198.9254 0.012641
199.1955 0.012480
199.4639 0.012445
199.7332 0.012364
199.9964 0.012427
200.2605 0.012394
200.5211 0.012384
200.7813 0.012386
201.0391 0.012387
201.2978 0.012501
201.5539 0.012505
201.8071 0.012431
202.0610 0.012511
202.3108 0.012512
202.5596 0.012571
202.8074 0.012672
203.0608 0.012626
203.3101 0.012705
203.5594 0.012678
203.8070 0.012755
204.0547 0.012700
204.3015 0.012709
204.5452 0.012668
204.7890 0.012675
205.0341 0.012745
205.2794 0.012670
205.5191 0.012611
205.7596 0.012743
206.0030 0.012724
206.2419 0.012803
206.4841 0.012882
206.7260 0.012741
206.9671 0.012659
207.2116 0.012683
207.4536 0.012739
207.6942 0.012798
207.9333 0.013025
208.1755 0.013113
208.4163 0.013126
208.6583 0.013152
208.8989 0.013228
209.1387 0.013202
209.3796 0.013179
209.6215 0.013337
209.8639 0.013357
210.1068 0.013289
210.3489 0.013377
210.5889 0.013424
210.8321 0.013413
211.0734 0.013472
211.3167 0.013553
211.5605 0.013619
211.8060 0.013504
212.0472 0.013509
212.2926 0.013550
212.5378 0.013667
212.7851 0.013664
213.0325 0.013728
213.2790 0.013840
213.5274 0.013911
213.7737 0.013921
214.0264 0.013958
214.2774 0.013951
214.5308 0.014037
214.7864 0.014050
215.0443 0.014184
215.3007 0.014084
215.5580 0.014069
215.8183 0.014106
216.0793 0.014055
216.3381 0.013877
216.5976 0.013750
216.8627 0.013902
217.1277 0.014093
217.3965 0.014101
217.6651 0.014077
217.9384 0.014087
218.2109 0.014094
218.4869 0.014147
218.7645 0.014037
219.0483 0.013975
219.3290 0.014017
219.6115 0.014006
219.9012 0.014025
220.1896 0.014045
220.4837 0.014031
220.7794 0.014073
221.0751 0.014070
221.3761 0.014368
221.6788 0.014431
221.9866 0.014527
222.2989 0.014527
222.6139 0.014795
222.9337 0.014775
223.2562 0.014527
223.5825 0.014610
223.9171 0.014722
224.2542 0.014943
224.5945 0.014796
224.9428 0.014951
225.2892 0.015040
225.6479 0.015199
226.0077 0.015238
226.3736 0.015262
226.7402 0.015255
227.1199 0.015470
227.5034 0.015652
227.8954 0.015561
228.2910 0.015645
228.6971 0.015805
229.1099 0.015824
229.5358 0.015929
229.9707 0.016209
230.4157 0.015983
230.8753 0.016308
231.3467 0.016520
231.8269 0.016509
232.3212 0.016772
232.8354 0.017114
233.3556 0.017478
233.9001 0.018053
234.4670 0.018047
235.0485 0.018684
235.6527 0.019294
236.2806 0.019586
236.9393 0.019745
237.6241 0.019836
238.3531 0.020218
239.1238 0.021188
239.9429 0.022018
240.8042 0.022559
241.7332 0.023064
242.7282 0.023474
243.8055 0.023908
244.9945 0.025052
246.3037 0.025815
247.7892 0.026710
249.4809 0.028862
251.5401 0.030980
254.0690 0.035376
257.5554 0.042825
258.4362 0.044968
259.4230 0.047513
260.4852 0.049528
261.7355 0.052764
263.1541 0.058345
264.9070 0.063628
267.1201 0.072901
270.1001 0.084590
274.8724 0.109993
279.6444 0.151904
285.7827 0.227683
290.2173 0.314633
 tr2-07-7 3 1
151.8005 0.173676
154.4028 0.136178
158.2857 0.101993
161.5021 0.077694
164.9355 0.058791
167.0985 0.047195
168.7025 0.043234
169.9710 0.039946
171.0382 0.036874
171.9777 0.034544
172.7947 0.033780
173.5217 0.032349
174.1773 0.031774
176.7992 0.028149
178.8090 0.026116
180.4310 0.024483
181.8045 0.022786
183.0108 0.021800
184.0773 0.020885
185.0394 0.020215
185.9285 0.019400
186.7658 0.018550
187.5371 0.018251
188.2676 0.018108
188.9546 0.017690
189.6049 0.017751
190.2252 0.017174
190.8197 0.016798
191.3915 0.016375
191.9395 0.016257
192.4704 0.016115
192.9803 0.015811
193.4776 0.015407
193.9490 0.015282
194.4103 0.015050
194.8675 0.015045
195.3117 0.014839
195.7393 0.014768
196.1618 0.014676
196.5714 0.014769
196.9766 0.014630
197.3759 0.014547
197.7630 0.014519
198.1411 0.014463
198.5140 0.014396
198.8800 0.014365
199.2395 0.014421
199.5949 0.014408
199.9458 0.014222
200.2898 0.014149
200.6261 0.013975
200.9575 0.013823
201.2805 0.013851
201.6069 0.013907
201.9230 0.013836
202.2362 0.013877
202.5489 0.013678
202.8584 0.013426
203.1619 0.013415
203.4658 0.013411
203.7622 0.013421
204.0585 0.013416
204.3458 0.013505
204.6395 0.013455
204.9245 0.013362
205.2136 0.013424
205.4976 0.013433
205.7813 0.013273
206.0584 0.013178
206.3369 0.013081
206.6137 0.013125
206.8862 0.013125
207.1592 0.013274
207.4299 0.013141
207.7011 0.013024
207.9710 0.012936
208.2345 0.012941
208.5021 0.012970
208.7661 0.012934
209.0305 0.012911
209.2904 0.012928
209.5511 0.012920
209.8091 0.012828
210.0669 0.012883
210.3242 0.012911
210.5831 0.012995
210.8381 0.013016
211.0910 0.013024
211.3461 0.013104
211.5988 0.013044
211.8500 0.013107
212.1034 0.013211
212.3568 0.013211
212.6081 0.013238
212.8592 0.013170
213.1094 0.013287
213.3592 0.013433
213.6091 0.013372
213.8549 0.013272
214.1027 0.013376
214.3484 0.013419
214.5987 0.013373
214.8475 0.013391
215.0945 0.013550
215.3412 0.013465
215.5854 0.013510
215.8302 0.013396
216.0768 0.013357
216.3285 0.013259
216.5748 0.013377
216.8197 0.013443
217.0669 0.013373
217.3180 0.013353
217.5661 0.013221
217.8169 0.013213
218.0675 0.013260
218.3189 0.013430
218.5699 0.013446
218.8197 0.013420
219.0731 0.013505
219.3247 0.013610
219.5777 0.013693
219.8265 0.013742
220.0821 0.013857
220.3374 0.013952
220.5972 0.013911
220.8537 0.013994
221.1118 0.014076
221.3712 0.013942
221.6303 0.013989
221.8880 0.014063
222.1486 0.013985
222.4107 0.013909
222.6753 0.013930
222.9397 0.013879
223.2038 0.013961
223.4708 0.013985
223.7384 0.014007
224.0124 0.014078
224.2851 0.014089
224.5598 0.014210
224.8316 0.014405
225.1078 0.014401
225.3859 0.014536
225.6660 0.014616
225.9477 0.014767
226.2325 0.014797
226.5223 0.014726
226.8115 0.014759
227.1020 0.014833
227.3939 0.015020
227.6902 0.015110
227.9842 0.015197
228.2828 0.015131
228.5881 0.015215
228.8924 0.015193
229.2031 0.015242
229.5181 0.015479
229.8327 0.015633
230.1516 0.015579
230.4749 0.015422
230.8008 0.015515
231.1339 0.015625
231.4715 0.015546
231.8094 0.015636
232.1530 0.015523
232.5014 0.015627
232.8573 0.015714
233.2154 0.015953
233.5748 0.015963
233.9488 0.016145
234.3251 0.016078
234.7070 0.016165
235.0993 0.016373
235.4886 0.016302
235.8872 0.016275
236.3028 0.016493
236.7186 0.016479
237.1494 0.016608
237.5867 0.016931
238.0383 0.016907
238.4934 0.017261
238.9658 0.017384
239.4442 0.017485
239.9398 0.017731
240.4523 0.017882
240.9794 0.018311
241.5269 0.018492
242.0863 0.018950
242.6647 0.018944
243.2646 0.018919
243.8919 0.019195
244.5343 0.019410
245.2160 0.019530
245.9232 0.019923
246.6681 0.020412
247.4615 0.020546
248.2944 0.021526
249.1843 0.022524
250.1370 0.022964
251.1600 0.024329
252.2626 0.025425
253.5007 0.025684
254.8339 0.026766
256.3613 0.028382
258.1210 0.030289
260.2218 0.031519
262.8582 0.035591
266.4215 0.042690
267.3332 0.044695
268.3147 0.047279
269.4425 0.050325
270.7206 0.052962
272.2043 0.057643
274.0347 0.063714
276.2872 0.073288
279.4824 0.084963
284.5809 0.112234
289.2775 0.151742
294.9085 0.225400
299.4583 0.308981
tr2s-07-7 3 1
158.9857 0.194180
161.4934 0.146231
165.4694 0.101373
168.6360 0.076217
172.1096 0.055535
174.2257 0.045356
175.8289 0.040154
177.0907 0.038400
178.1623 0.036063
179.0678 0.034396
179.8769 0.032849
180.6144 0.032025
181.2652 0.030605
183.8948 0.027637
185.8878 0.025498
187.5019 0.023798
188.8807 0.022323
190.0896 0.021336
191.1655 0.021002
192.1415 0.020712
193.0327 0.020116
193.8587 0.019512
194.6346 0.019017
195.3514 0.018495
196.0376 0.017906
196.6948 0.017715
197.3135 0.017393
197.9075 0.016819
198.4793 0.016756
199.0225 0.016276
199.5410 0.016584
200.0525 0.016394
200.5453 0.016237
201.0277 0.016070
201.4947 0.015705
201.9455 0.015668
202.3884 0.015517
202.8121 0.015253
203.2274 0.015087
203.6355 0.014970
204.0302 0.014878
204.4162 0.014480
204.8026 0.014402
205.1816 0.014211
205.5527 0.014090
205.9142 0.014162
206.2758 0.013920
206.6280 0.013868
206.9744 0.013948
207.3141 0.013760
207.6508 0.013822
207.9831 0.013872
208.3105 0.013935
208.6305 0.013719
208.9489 0.013796
209.2652 0.013937
209.5746 0.013942
209.8820 0.013822
210.1832 0.013841
210.4817 0.013847
210.7813 0.013745
211.0792 0.013716
211.3692 0.013653
211.6601 0.013741
211.9506 0.013584
212.2396 0.013411
212.5222 0.013346
212.8014 0.013425
213.0827 0.013481
213.3585 0.013351
213.6330 0.013335
213.9097 0.013178
214.1805 0.013220
214.4506 0.013251
214.7208 0.013155
214.9889 0.013141
215.2553 0.013182
215.5204 0.013137
215.7851 0.013103
216.0479 0.013150
216.3069 0.013087
216.5680 0.013167
216.8282 0.013078
217.0867 0.013073
217.3439 0.013105
217.5998 0.013179
217.8541 0.013049
218.1060 0.013078
218.3609 0.012922
218.6137 0.013004
218.8648 0.013022
219.1132 0.013085
219.3605 0.012911
219.6093 0.012930
219.8594 0.012836
220.1059 0.012709
220.3556 0.012781
220.6027 0.012851
220.8507 0.012822
221.0972 0.012935
221.3465 0.013030
221.5946 0.013081
221.8416 0.013188
222.0882 0.013192
222.3368 0.013314
222.5832 0.013436
222.8333 0.013369
223.0810 0.013447
223.3278 0.013418
223.5765 0.013316
223.8270 0.013293
224.0740 0.013478
224.3214 0.013400
224.5709 0.013413
224.8202 0.013449
225.0674 0.013537
225.3158 0.013469
225.5673 0.013450
225.8177 0.013392
226.0700 0.013317
226.3185 0.013278
226.5734 0.013263
226.8239 0.013477
227.0764 0.013431
227.3331 0.013497
227.5880 0.013512
227.8489 0.013582
228.1056 0.013491
228.3634 0.013567
228.6176 0.013572
228.8785 0.013609
229.1395 0.013581
229.4014 0.013564
229.6637 0.013696
229.9255 0.013803
230.1897 0.013835
230.4588 0.013789
230.7248 0.013936
230.9943 0.013890
231.2628 0.013912
231.5338 0.013942
231.8059 0.014005
232.0768 0.014046
232.3540 0.014053
232.6323 0.014160
232.9155 0.014161
233.1983 0.014149
233.4875 0.014235
233.7766 0.014488
234.0656 0.014438
234.3582 0.014510
234.6551 0.014632
234.9521 0.014712
235.2488 0.014877
235.5481 0.014820
235.8534 0.015073
236.1619 0.015027
236.4761 0.015036
236.7956 0.015177
237.1135 0.015225
237.4371 0.015209
237.7640 0.015209
238.0943 0.015264
238.4296 0.015490
238.7753 0.015582
239.1211 0.015702
239.4671 0.015782
239.8157 0.015798
240.1711 0.015585
240.5367 0.015476
240.9054 0.015697
241.2799 0.015610
241.6626 0.015815
242.0507 0.016184
242.4462 0.016477
242.8426 0.016527
243.2537 0.016496
243.6761 0.016734
244.1119 0.016915
244.5534 0.017225
244.9997 0.017390
245.4536 0.017580
245.9224 0.017886
246.4027 0.018195
246.8958 0.018242
247.4138 0.018644
247.9462 0.018957
248.4847 0.019075
249.0401 0.019156
249.6239 0.019403
250.2200 0.019435
250.8357 0.019454
251.4782 0.019591
252.1569 0.020019
252.8677 0.020296
253.6084 0.020734
254.3855 0.020965
255.2207 0.021509
256.1152 0.022009
257.0725 0.022500
258.0893 0.023215
259.1985 0.023928
260.4058 0.024898
261.7592 0.025450
263.2803 0.026960
265.0272 0.029374
267.1073 0.032439
269.7642 0.037456
273.3287 0.043839
274.2198 0.045141
275.1877 0.048117
276.2970 0.049969
277.5538 0.051744
279.0142 0.056584
280.8598 0.062719
283.1571 0.072319
286.3216 0.085879
291.4835 0.111978
296.0587 0.154757
302.0466 0.224669
306.1242 0.315647
