Copyright (C) 1998 James G. MacKinnon, Alfred A. Haug, and Leo Michelis.
 lm0-09-4 3 1
 33.9238 0.052343
 34.7246 0.038357
 35.8375 0.028905
 36.7215 0.022693
 37.7056 0.016846
 38.3033 0.014944
 38.7754 0.013522
 39.1525 0.012567
 39.4595 0.011376
 39.7345 0.011022
 39.9809 0.010408
 40.1983 0.009766
 40.3991 0.009234
 41.1968 0.008520
 41.8013 0.007665
 42.2952 0.007336
 42.7185 0.006934
 43.0913 0.006623
 43.4256 0.006334
 43.7351 0.006064
 44.0241 0.005937
 44.2933 0.005761
 44.5409 0.005703
 44.7760 0.005634
 44.9965 0.005678
 45.2053 0.005516
 45.4037 0.005459
 45.5947 0.005422
 45.7818 0.005400
 45.9606 0.005439
 46.1335 0.005456
 46.3017 0.005438
 46.4634 0.005401
 46.6203 0.005318
 46.7752 0.005218
 46.9268 0.005113
 47.0727 0.005094
 47.2156 0.005108
 47.3563 0.005081
 47.4948 0.005104
 47.6288 0.005116
 47.7588 0.005116
 47.8859 0.005066
 48.0137 0.005053
 48.1383 0.005071
 48.2612 0.005017
 48.3823 0.004935
 48.5021 0.004924
 48.6208 0.004866
 48.7381 0.004873
 48.8533 0.004808
 48.9663 0.004778
 49.0772 0.004792
 49.1892 0.004808
 49.2987 0.004750
 49.4079 0.004823
 49.5146 0.004733
 49.6227 0.004748
 49.7291 0.004692
 49.8339 0.004722
 49.9389 0.004711
 50.0429 0.004719
 50.1461 0.004726
 50.2481 0.004686
 50.3496 0.004714
 50.4494 0.004601
 50.5482 0.004619
 50.6465 0.004544
 50.7452 0.004581
 50.8441 0.004568
 50.9419 0.004486
 51.0378 0.004556
 51.1331 0.004524
 51.2288 0.004473
 51.3245 0.004488
 51.4185 0.004484
 51.5136 0.004520
 51.6070 0.004510
 51.7009 0.004505
 51.7930 0.004522
 51.8863 0.004507
 51.9789 0.004486
 52.0707 0.004479
 52.1632 0.004507
 52.2560 0.004496
 52.3493 0.004556
 52.4416 0.004611
 52.5333 0.004599
 52.6242 0.004568
 52.7169 0.004555
 52.8083 0.004567
 52.8996 0.004574
 52.9921 0.004619
 53.0821 0.004643
 53.1744 0.004626
 53.2661 0.004653
 53.3572 0.004719
 53.4487 0.004703
 53.5405 0.004683
 53.6318 0.004679
 53.7232 0.004705
 53.8147 0.004689
 53.9058 0.004671
 53.9985 0.004676
 54.0902 0.004660
 54.1818 0.004690
 54.2729 0.004698
 54.3644 0.004703
 54.4554 0.004780
 54.5473 0.004831
 54.6401 0.004833
 54.7320 0.004792
 54.8247 0.004801
 54.9177 0.004861
 55.0117 0.004935
 55.1049 0.004951
 55.1980 0.004999
 55.2919 0.005035
 55.3862 0.005068
 55.4816 0.005124
 55.5751 0.005143
 55.6705 0.005163
 55.7654 0.005202
 55.8612 0.005199
 55.9579 0.005159
 56.0552 0.005168
 56.1531 0.005168
 56.2516 0.005173
 56.3493 0.005260
 56.4474 0.005281
 56.5467 0.005330
 56.6470 0.005295
 56.7464 0.005306
 56.8473 0.005385
 56.9495 0.005399
 57.0514 0.005415
 57.1537 0.005427
 57.2568 0.005416
 57.3616 0.005454
 57.4671 0.005432
 57.5727 0.005451
 57.6799 0.005443
 57.7888 0.005461
 57.8963 0.005468
 58.0059 0.005532
 58.1163 0.005550
 58.2284 0.005621
 58.3398 0.005623
 58.4523 0.005583
 58.5669 0.005662
 58.6810 0.005676
 58.7979 0.005651
 58.9157 0.005632
 59.0347 0.005632
 59.1551 0.005584
 59.2769 0.005516
 59.4014 0.005574
 59.5243 0.005527
 59.6514 0.005571
 59.7782 0.005623
 59.9069 0.005783
 60.0362 0.005782
 60.1674 0.005760
 60.3028 0.005805
 60.4388 0.005804
 60.5771 0.005939
 60.7177 0.005985
 60.8600 0.005967
 61.0049 0.006052
 61.1509 0.006114
 61.3024 0.006199
 61.4548 0.006254
 61.6119 0.006266
 61.7709 0.006258
 61.9329 0.006391
 62.0996 0.006509
 62.2692 0.006612
 62.4421 0.006631
 62.6206 0.006771
 62.8006 0.006806
 62.9860 0.006881
 63.1787 0.006949
 63.3738 0.006951
 63.5767 0.007069
 63.7867 0.007236
 64.0028 0.007354
 64.2243 0.007567
 64.4520 0.007693
 64.6901 0.007830
 64.9388 0.007998
 65.1950 0.008170
 65.4593 0.008422
 65.7370 0.008660
 66.0306 0.009025
 66.3370 0.009241
 66.6544 0.009333
 66.9954 0.009445
 67.3641 0.009679
 67.7457 0.009972
 68.1654 0.010135
 68.6178 0.010472
 69.1142 0.010798
 69.6573 0.011343
 70.2604 0.012173
 70.9512 0.013106
 71.7515 0.014113
 72.7174 0.016038
 73.9169 0.018599
 75.5890 0.021544
 76.0085 0.022723
 76.4781 0.023489
 76.9938 0.024542
 77.5926 0.025623
 78.3098 0.027247
 79.1533 0.031084
 80.2146 0.035771
 81.7134 0.042607
 84.1698 0.056679
 86.6051 0.078368
 89.7852 0.121189
 92.0561 0.168302
 lm1-09-4 3 1
 36.5278 0.056216
 37.2852 0.042267
 38.3703 0.029025
 39.2590 0.021931
 40.2630 0.016940
 40.8872 0.014950
 41.3506 0.013903
 41.7360 0.012853
 42.0592 0.012015
 42.3465 0.011380
 42.5953 0.010960
 42.8254 0.010627
 43.0338 0.010265
 43.8537 0.008915
 44.4837 0.008376
 44.9986 0.008009
 45.4343 0.007488
 45.8185 0.006892
 46.1686 0.006625
 46.4837 0.006461
 46.7766 0.006322
 47.0462 0.006178
 47.2972 0.006134
 47.5359 0.005964
 47.7624 0.005804
 47.9795 0.005728
 48.1846 0.005686
 48.3807 0.005746
 48.5718 0.005596
 48.7558 0.005479
 48.9309 0.005386
 49.1008 0.005249
 49.2656 0.005263
 49.4285 0.005250
 49.5862 0.005172
 49.7393 0.005120
 49.8907 0.004999
 50.0359 0.005025
 50.1782 0.005021
 50.3182 0.005016
 50.4560 0.004982
 50.5907 0.004994
 50.7237 0.004954
 50.8548 0.004943
 50.9821 0.004959
 51.1070 0.004946
 51.2318 0.004925
 51.3525 0.004883
 51.4723 0.004853
 51.5914 0.004884
 51.7094 0.004890
 51.8276 0.004899
 51.9436 0.004871
 52.0578 0.004853
 52.1722 0.004859
 52.2843 0.004842
 52.3945 0.004795
 52.5035 0.004799
 52.6110 0.004819
 52.7168 0.004829
 52.8221 0.004791
 52.9283 0.004747
 53.0331 0.004683
 53.1371 0.004696
 53.2408 0.004715
 53.3432 0.004712
 53.4452 0.004750
 53.5453 0.004725
 53.6454 0.004727
 53.7463 0.004721
 53.8461 0.004749
 53.9461 0.004741
 54.0443 0.004753
 54.1414 0.004771
 54.2387 0.004741
 54.3354 0.004739
 54.4316 0.004712
 54.5272 0.004713
 54.6232 0.004755
 54.7202 0.004795
 54.8153 0.004798
 54.9099 0.004819
 55.0038 0.004830
 55.0989 0.004781
 55.1942 0.004798
 55.2894 0.004780
 55.3837 0.004757
 55.4777 0.004721
 55.5710 0.004765
 55.6652 0.004762
 55.7583 0.004785
 55.8520 0.004799
 55.9450 0.004844
 56.0375 0.004809
 56.1300 0.004832
 56.2239 0.004889
 56.3179 0.004863
 56.4108 0.004867
 56.5043 0.004883
 56.5980 0.004878
 56.6921 0.004828
 56.7856 0.004849
 56.8783 0.004890
 56.9714 0.004929
 57.0651 0.004933
 57.1580 0.004931
 57.2507 0.004947
 57.3440 0.004951
 57.4371 0.004967
 57.5324 0.005013
 57.6261 0.004997
 57.7216 0.004969
 57.8154 0.004995
 57.9120 0.004972
 58.0075 0.005008
 58.1035 0.005018
 58.1985 0.005022
 58.2953 0.005059
 58.3928 0.005035
 58.4902 0.005046
 58.5877 0.005044
 58.6845 0.005060
 58.7822 0.005093
 58.8793 0.005129
 58.9775 0.005139
 59.0763 0.005150
 59.1765 0.005184
 59.2761 0.005233
 59.3765 0.005218
 59.4779 0.005260
 59.5793 0.005279
 59.6815 0.005231
 59.7839 0.005233
 59.8888 0.005306
 59.9938 0.005326
 60.0984 0.005317
 60.2038 0.005347
 60.3108 0.005265
 60.4178 0.005254
 60.5255 0.005285
 60.6330 0.005315
 60.7412 0.005300
 60.8522 0.005336
 60.9636 0.005357
 61.0754 0.005438
 61.1885 0.005464
 61.3025 0.005483
 61.4166 0.005514
 61.5314 0.005493
 61.6466 0.005539
 61.7645 0.005590
 61.8828 0.005596
 62.0020 0.005613
 62.1236 0.005568
 62.2467 0.005629
 62.3708 0.005679
 62.4971 0.005700
 62.6245 0.005842
 62.7527 0.005882
 62.8840 0.005898
 63.0178 0.005904
 63.1521 0.006015
 63.2867 0.006019
 63.4254 0.006103
 63.5629 0.006077
 63.7047 0.006094
 63.8482 0.006176
 63.9944 0.006266
 64.1424 0.006275
 64.2930 0.006346
 64.4451 0.006350
 64.6032 0.006394
 64.7632 0.006381
 64.9246 0.006465
 65.0892 0.006515
 65.2594 0.006673
 65.4345 0.006694
 65.6099 0.006831
 65.7920 0.006925
 65.9756 0.007029
 66.1657 0.007166
 66.3604 0.007259
 66.5601 0.007334
 66.7664 0.007392
 66.9768 0.007434
 67.1938 0.007490
 67.4180 0.007589
 67.6504 0.007746
 67.8912 0.008041
 68.1426 0.008211
 68.4036 0.008441
 68.6785 0.008699
 68.9612 0.008904
 69.2604 0.009009
 69.5729 0.009188
 69.8999 0.009408
 70.2472 0.009752
 70.6157 0.009920
 71.0052 0.010148
 71.4320 0.010502
 71.8861 0.010950
 72.3886 0.011768
 72.9363 0.012045
 73.5568 0.013049
 74.2643 0.014321
 75.0650 0.014977
 76.0454 0.016113
 77.2923 0.018020
 78.9761 0.021261
 79.4033 0.021852
 79.8702 0.023358
 80.4164 0.024326
 81.0254 0.026527
 81.7394 0.029442
 82.6089 0.033098
 83.6946 0.037193
 85.2107 0.042912
 87.7704 0.058175
 90.2795 0.081795
 93.4934 0.124172
 95.7081 0.161758
lm1s-09-4 3 1
 37.2306 0.055536
 37.9792 0.041246
 39.0867 0.030224
 39.9768 0.022163
 40.9797 0.017416
 41.5996 0.015255
 42.0714 0.013427
 42.4536 0.012480
 42.7921 0.011708
 43.0795 0.011167
 43.3354 0.010823
 43.5599 0.010673
 43.7597 0.010303
 44.5925 0.008956
 45.2195 0.008249
 45.7294 0.007762
 46.1693 0.007338
 46.5607 0.007081
 46.9063 0.006881
 47.2229 0.006594
 47.5144 0.006492
 47.7847 0.006477
 48.0403 0.006361
 48.2768 0.006194
 48.5018 0.006090
 48.7178 0.005872
 48.9245 0.005684
 49.1202 0.005577
 49.3098 0.005472
 49.4927 0.005227
 49.6710 0.005290
 49.8418 0.005270
 50.0080 0.005253
 50.1704 0.005237
 50.3272 0.005131
 50.4807 0.005125
 50.6305 0.005139
 50.7785 0.005094
 50.9220 0.005024
 51.0619 0.005068
 51.1999 0.005033
 51.3342 0.005031
 51.4662 0.005050
 51.5957 0.005052
 51.7241 0.005026
 51.8517 0.004960
 51.9771 0.004924
 52.1005 0.004938
 52.2209 0.004918
 52.3406 0.004861
 52.4586 0.004836
 52.5749 0.004853
 52.6900 0.004868
 52.8034 0.004819
 52.9158 0.004787
 53.0278 0.004793
 53.1368 0.004772
 53.2477 0.004714
 53.3558 0.004740
 53.4637 0.004736
 53.5712 0.004708
 53.6776 0.004691
 53.7819 0.004722
 53.8859 0.004754
 53.9900 0.004775
 54.0922 0.004792
 54.1926 0.004768
 54.2934 0.004758
 54.3922 0.004796
 54.4930 0.004813
 54.5917 0.004769
 54.6912 0.004706
 54.7890 0.004665
 54.8865 0.004690
 54.9845 0.004674
 55.0818 0.004701
 55.1782 0.004751
 55.2744 0.004743
 55.3728 0.004751
 55.4680 0.004762
 55.5632 0.004800
 55.6594 0.004828
 55.7546 0.004893
 55.8485 0.004887
 55.9427 0.004905
 56.0370 0.004864
 56.1313 0.004918
 56.2266 0.004951
 56.3190 0.004924
 56.4132 0.004918
 56.5075 0.004942
 56.6012 0.004946
 56.6942 0.004921
 56.7868 0.004891
 56.8800 0.004914
 56.9736 0.004955
 57.0668 0.004974
 57.1590 0.004979
 57.2516 0.004974
 57.3455 0.004974
 57.4392 0.005011
 57.5329 0.005005
 57.6252 0.005022
 57.7191 0.005045
 57.8123 0.005069
 57.9053 0.005100
 57.9997 0.005154
 58.0949 0.005135
 58.1899 0.005080
 58.2842 0.005095
 58.3783 0.005042
 58.4739 0.005068
 58.5687 0.005103
 58.6645 0.005159
 58.7597 0.005113
 58.8543 0.005163
 58.9496 0.005173
 59.0444 0.005138
 59.1406 0.005097
 59.2370 0.005167
 59.3352 0.005145
 59.4322 0.005143
 59.5311 0.005139
 59.6296 0.005084
 59.7290 0.005103
 59.8291 0.005137
 59.9292 0.005126
 60.0294 0.005129
 60.1293 0.005155
 60.2299 0.005191
 60.3323 0.005205
 60.4352 0.005210
 60.5383 0.005263
 60.6427 0.005238
 60.7469 0.005277
 60.8508 0.005219
 60.9563 0.005214
 61.0635 0.005194
 61.1708 0.005218
 61.2776 0.005215
 61.3871 0.005241
 61.4954 0.005323
 61.6062 0.005343
 61.7163 0.005314
 61.8270 0.005271
 61.9393 0.005274
 62.0517 0.005359
 62.1660 0.005365
 62.2821 0.005429
 62.3986 0.005446
 62.5172 0.005511
 62.6369 0.005583
 62.7584 0.005659
 62.8809 0.005682
 63.0044 0.005774
 63.1282 0.005804
 63.2534 0.005841
 63.3807 0.005851
 63.5088 0.005865
 63.6394 0.005874
 63.7710 0.005878
 63.9043 0.005941
 64.0408 0.005977
 64.1784 0.006150
 64.3165 0.006203
 64.4573 0.006221
 64.5998 0.006245
 64.7462 0.006276
 64.8963 0.006266
 65.0459 0.006245
 65.2010 0.006330
 65.3569 0.006475
 65.5164 0.006439
 65.6783 0.006463
 65.8434 0.006473
 66.0131 0.006701
 66.1851 0.006793
 66.3596 0.006917
 66.5420 0.007007
 66.7264 0.006990
 66.9156 0.007056
 67.1109 0.007088
 67.3126 0.007098
 67.5179 0.007224
 67.7279 0.007418
 67.9468 0.007605
 68.1719 0.007722
 68.4061 0.007962
 68.6510 0.008216
 68.9004 0.008360
 69.1599 0.008528
 69.4334 0.008635
 69.7177 0.008789
 70.0103 0.008906
 70.3238 0.009044
 70.6486 0.009228
 70.9947 0.009499
 71.3670 0.009692
 71.7640 0.010092
 72.1900 0.010696
 72.6492 0.011096
 73.1491 0.011346
 73.6980 0.012068
 74.3173 0.012950
 75.0132 0.013758
 75.8190 0.014688
 76.8032 0.015906
 78.0393 0.017578
 79.7334 0.020595
 80.1604 0.021205
 80.6330 0.022984
 81.1600 0.023842
 81.7797 0.026188
 82.4713 0.029267
 83.3340 0.033105
 84.4393 0.036226
 85.9619 0.044223
 88.4819 0.057071
 90.9397 0.081619
 94.1257 0.124939
 96.6194 0.170912
 lm2-09-4 3 1
 38.9268 0.055633
 39.7223 0.042308
 40.8327 0.030549
 41.7852 0.024886
 42.8472 0.018269
 43.5043 0.015919
 43.9872 0.013867
 44.3762 0.012886
 44.7076 0.011930
 44.9996 0.011440
 45.2597 0.011066
 45.4829 0.010743
 45.6918 0.010427
 46.5349 0.009142
 47.1790 0.008233
 47.7047 0.007832
 48.1557 0.007574
 48.5473 0.007155
 48.9000 0.006902
 49.2204 0.006613
 49.5167 0.006389
 49.7925 0.006178
 50.0474 0.006081
 50.2913 0.005988
 50.5227 0.005954
 50.7447 0.005886
 50.9566 0.005766
 51.1577 0.005705
 51.3547 0.005585
 51.5409 0.005546
 51.7227 0.005500
 51.8979 0.005428
 52.0681 0.005304
 52.2343 0.005271
 52.3954 0.005174
 52.5526 0.005106
 52.7070 0.005094
 52.8585 0.004977
 53.0057 0.004961
 53.1474 0.004907
 53.2884 0.004911
 53.4274 0.004884
 53.5640 0.004837
 53.6957 0.004840
 53.8260 0.004819
 53.9540 0.004803
 54.0817 0.004790
 54.2074 0.004860
 54.3320 0.004845
 54.4545 0.004773
 54.5752 0.004679
 54.6929 0.004696
 54.8132 0.004675
 54.9307 0.004788
 55.0460 0.004821
 55.1589 0.004839
 55.2723 0.004826
 55.3844 0.004892
 55.4942 0.004843
 55.6039 0.004835
 55.7119 0.004811
 55.8205 0.004801
 55.9279 0.004804
 56.0347 0.004745
 56.1407 0.004733
 56.2472 0.004740
 56.3527 0.004763
 56.4552 0.004770
 56.5580 0.004783
 56.6610 0.004846
 56.7624 0.004861
 56.8641 0.004899
 56.9636 0.004872
 57.0647 0.004848
 57.1645 0.004791
 57.2631 0.004789
 57.3625 0.004806
 57.4618 0.004818
 57.5614 0.004835
 57.6590 0.004847
 57.7566 0.004887
 57.8533 0.004900
 57.9487 0.004930
 58.0454 0.004949
 58.1423 0.004830
 58.2389 0.004825
 58.3355 0.004827
 58.4327 0.004788
 58.5279 0.004796
 58.6230 0.004822
 58.7177 0.004783
 58.8120 0.004749
 58.9072 0.004724
 59.0026 0.004707
 59.0970 0.004737
 59.1923 0.004802
 59.2892 0.004790
 59.3846 0.004787
 59.4799 0.004800
 59.5751 0.004819
 59.6697 0.004864
 59.7644 0.004888
 59.8602 0.004936
 59.9564 0.004933
 60.0517 0.004967
 60.1477 0.005000
 60.2433 0.005029
 60.3391 0.005017
 60.4351 0.005083
 60.5301 0.005060
 60.6260 0.005078
 60.7215 0.005093
 60.8197 0.005094
 60.9166 0.005156
 61.0140 0.005159
 61.1126 0.005151
 61.2105 0.005250
 61.3082 0.005268
 61.4066 0.005249
 61.5048 0.005253
 61.6046 0.005241
 61.7027 0.005294
 61.8022 0.005298
 61.9030 0.005268
 62.0025 0.005216
 62.1031 0.005250
 62.2062 0.005293
 62.3082 0.005303
 62.4119 0.005240
 62.5155 0.005282
 62.6192 0.005282
 62.7221 0.005295
 62.8262 0.005327
 62.9306 0.005366
 63.0361 0.005421
 63.1442 0.005446
 63.2504 0.005515
 63.3592 0.005549
 63.4685 0.005578
 63.5783 0.005602
 63.6884 0.005583
 63.7990 0.005569
 63.9103 0.005635
 64.0248 0.005635
 64.1391 0.005650
 64.2544 0.005654
 64.3691 0.005693
 64.4846 0.005774
 64.6021 0.005868
 64.7221 0.005862
 64.8420 0.005870
 64.9640 0.005947
 65.0859 0.006005
 65.2088 0.006078
 65.3333 0.006118
 65.4596 0.006213
 65.5876 0.006271
 65.7171 0.006222
 65.8469 0.006275
 65.9801 0.006344
 66.1147 0.006411
 66.2513 0.006353
 66.3921 0.006323
 66.5322 0.006419
 66.6740 0.006535
 66.8185 0.006591
 66.9660 0.006547
 67.1150 0.006575
 67.2667 0.006577
 67.4212 0.006656
 67.5780 0.006692
 67.7383 0.006734
 67.9012 0.006728
 68.0667 0.006730
 68.2340 0.006733
 68.4068 0.006769
 68.5817 0.006917
 68.7606 0.006957
 68.9461 0.007042
 69.1336 0.007147
 69.3254 0.007255
 69.5225 0.007297
 69.7268 0.007459
 69.9345 0.007573
 70.1499 0.007707
 70.3716 0.007783
 70.6003 0.007874
 70.8385 0.007929
 71.0867 0.008066
 71.3421 0.008252
 71.6072 0.008380
 71.8766 0.008426
 72.1653 0.008749
 72.4678 0.008852
 72.7836 0.009072
 73.1206 0.009352
 73.4743 0.009485
 73.8499 0.009909
 74.2514 0.010124
 74.6838 0.010707
 75.1503 0.011414
 75.6588 0.011973
 76.2261 0.013049
 76.8468 0.013562
 77.5590 0.014435
 78.3847 0.015162
 79.3936 0.016158
 80.6443 0.018553
 82.3556 0.022232
 82.7839 0.023329
 83.2727 0.025233
 83.8106 0.026321
 84.4400 0.027893
 85.1634 0.030311
 86.0499 0.033787
 87.1893 0.038210
 88.7612 0.043880
 91.3684 0.060598
 93.7766 0.083121
 97.0023 0.126999
 99.5838 0.165976
lm2s-09-4 3 1
 39.6690 0.052460
 40.4734 0.043312
 41.5892 0.031626
 42.5377 0.024846
 43.5760 0.017716
 44.2233 0.014942
 44.7200 0.013897
 45.1250 0.013099
 45.4582 0.012527
 45.7424 0.012045
 45.9959 0.011537
 46.2264 0.011013
 46.4378 0.010684
 47.2798 0.008966
 47.9281 0.008355
 48.4500 0.007913
 48.8997 0.007476
 49.2948 0.006938
 49.6465 0.006814
 49.9659 0.006656
 50.2632 0.006476
 50.5407 0.006359
 50.8001 0.006286
 51.0441 0.006188
 51.2764 0.006070
 51.4962 0.005868
 51.7067 0.005751
 51.9097 0.005645
 52.1037 0.005581
 52.2927 0.005453
 52.4755 0.005468
 52.6515 0.005355
 52.8229 0.005267
 52.9891 0.005218
 53.1500 0.005123
 53.3060 0.005021
 53.4583 0.005073
 53.6095 0.004988
 53.7556 0.004925
 53.8988 0.004866
 54.0404 0.004844
 54.1789 0.004865
 54.3148 0.004901
 54.4465 0.004908
 54.5798 0.004856
 54.7096 0.004828
 54.8358 0.004872
 54.9627 0.004918
 55.0860 0.004902
 55.2078 0.004888
 55.3298 0.004935
 55.4485 0.004951
 55.5657 0.004958
 55.6815 0.004915
 55.7964 0.004887
 55.9111 0.004825
 56.0239 0.004805
 56.1342 0.004777
 56.2448 0.004798
 56.3543 0.004836
 56.4624 0.004798
 56.5716 0.004753
 56.6789 0.004764
 56.7858 0.004798
 56.8919 0.004800
 56.9982 0.004766
 57.1026 0.004715
 57.2061 0.004684
 57.3101 0.004720
 57.4138 0.004697
 57.5160 0.004762
 57.6179 0.004764
 57.7188 0.004782
 57.8178 0.004817
 57.9183 0.004842
 58.0181 0.004881
 58.1164 0.004851
 58.2151 0.004835
 58.3147 0.004831
 58.4127 0.004844
 58.5100 0.004800
 58.6069 0.004769
 58.7030 0.004774
 58.7985 0.004731
 58.8949 0.004705
 58.9912 0.004715
 59.0861 0.004708
 59.1827 0.004754
 59.2790 0.004765
 59.3737 0.004774
 59.4682 0.004723
 59.5638 0.004728
 59.6595 0.004816
 59.7559 0.004748
 59.8516 0.004794
 59.9471 0.004808
 60.0427 0.004786
 60.1364 0.004820
 60.2312 0.004826
 60.3280 0.004844
 60.4240 0.004857
 60.5193 0.004829
 60.6148 0.004836
 60.7106 0.004951
 60.8065 0.004887
 60.9015 0.004908
 60.9976 0.004887
 61.0937 0.004883
 61.1898 0.004925
 61.2861 0.004965
 61.3819 0.004990
 61.4793 0.004961
 61.5779 0.004966
 61.6741 0.005010
 61.7702 0.005048
 61.8683 0.005074
 61.9661 0.005108
 62.0630 0.005142
 62.1618 0.005154
 62.2604 0.005154
 62.3583 0.005168
 62.4582 0.005143
 62.5573 0.005209
 62.6580 0.005262
 62.7584 0.005333
 62.8594 0.005247
 62.9615 0.005267
 63.0630 0.005322
 63.1648 0.005389
 63.2678 0.005414
 63.3719 0.005451
 63.4755 0.005410
 63.5803 0.005465
 63.6863 0.005472
 63.7932 0.005553
 63.9002 0.005525
 64.0081 0.005551
 64.1156 0.005586
 64.2235 0.005687
 64.3312 0.005677
 64.4412 0.005751
 64.5538 0.005705
 64.6660 0.005772
 64.7783 0.005805
 64.8928 0.005805
 65.0074 0.005844
 65.1230 0.005930
 65.2379 0.005971
 65.3564 0.006020
 65.4747 0.006114
 65.5952 0.006129
 65.7166 0.006122
 65.8399 0.006129
 65.9629 0.006128
 66.0889 0.006203
 66.2141 0.006277
 66.3423 0.006298
 66.4730 0.006295
 66.6050 0.006351
 66.7385 0.006405
 66.8745 0.006460
 67.0097 0.006425
 67.1472 0.006436
 67.2874 0.006404
 67.4304 0.006478
 67.5748 0.006550
 67.7227 0.006575
 67.8714 0.006640
 68.0224 0.006692
 68.1775 0.006739
 68.3322 0.006689
 68.4905 0.006764
 68.6534 0.006762
 68.8201 0.006829
 68.9896 0.006843
 69.1621 0.006924
 69.3373 0.007002
 69.5179 0.007059
 69.7022 0.007176
 69.8891 0.007114
 70.0815 0.007242
 70.2773 0.007207
 70.4806 0.007441
 70.6905 0.007476
 70.9067 0.007539
 71.1312 0.007632
 71.3596 0.007719
 71.5973 0.007772
 71.8408 0.007801
 72.0932 0.008051
 72.3601 0.008219
 72.6335 0.008480
 72.9213 0.008783
 73.2248 0.008845
 73.5432 0.009073
 73.8777 0.009368
 74.2313 0.009743
 74.6079 0.010051
 75.0092 0.010460
 75.4398 0.010880
 75.9061 0.011535
 76.4165 0.012107
 76.9766 0.012633
 77.6002 0.013491
 78.3105 0.014216
 79.1387 0.015404
 80.1339 0.016250
 81.3757 0.018168
 83.1036 0.022110
 83.5458 0.023296
 84.0207 0.024484
 84.5715 0.025939
 85.2093 0.028336
 85.9207 0.030392
 86.8096 0.033412
 87.9507 0.036657
 89.5039 0.044479
 92.0848 0.062723
 94.5841 0.084147
 97.7750 0.126010
100.1464 0.170104
 tr0-09-4 3 1
160.0676 0.193951
162.6977 0.142048
166.4988 0.106796
169.5428 0.083142
172.9713 0.061825
175.0773 0.053220
176.6433 0.047816
177.8851 0.043214
178.9243 0.039846
179.8598 0.037667
180.6424 0.035008
181.3694 0.033923
182.0288 0.032890
184.6556 0.029604
186.6461 0.026533
188.2462 0.024096
189.6208 0.023394
190.8106 0.022265
191.8784 0.021725
192.8471 0.021056
193.7350 0.020296
194.5560 0.019237
195.3242 0.018595
196.0338 0.018370
196.7216 0.017989
197.3643 0.017183
197.9788 0.016859
198.5716 0.016402
199.1378 0.016009
199.6860 0.016032
200.2172 0.015795
200.7227 0.015591
201.2142 0.015260
201.6889 0.015171
202.1512 0.015065
202.6014 0.015140
203.0381 0.015147
203.4675 0.015035
203.8857 0.015021
204.2892 0.014806
204.6894 0.014951
205.0870 0.014773
205.4670 0.014611
205.8450 0.014552
206.2096 0.014616
206.5683 0.014494
206.9245 0.014357
207.2732 0.014430
207.6167 0.014167
207.9569 0.014169
208.2948 0.013858
208.6254 0.013921
208.9486 0.013915
209.2763 0.013798
209.5948 0.013621
209.9083 0.013586
210.2167 0.013430
210.5245 0.013459
210.8284 0.013314
211.1304 0.013320
211.4226 0.013225
211.7169 0.013401
212.0108 0.013293
212.2974 0.013320
212.5875 0.013278
212.8711 0.013245
213.1530 0.013143
213.4322 0.013116
213.7066 0.013024
213.9820 0.013013
214.2548 0.013104
214.5276 0.013058
214.7965 0.013047
215.0651 0.013135
215.3362 0.013046
215.6004 0.012959
215.8627 0.012924
216.1245 0.012844
216.3853 0.012832
216.6472 0.012795
216.9045 0.012690
217.1612 0.012831
217.4194 0.012886
217.6774 0.012947
217.9331 0.013008
218.1899 0.012918
218.4430 0.012884
218.6972 0.012959
218.9460 0.012839
219.1961 0.012812
219.4513 0.012949
219.6987 0.012981
219.9494 0.012882
220.1981 0.012816
220.4482 0.012974
220.6955 0.013037
220.9384 0.013165
221.1837 0.013173
221.4278 0.013137
221.6755 0.012987
221.9201 0.013060
222.1672 0.013012
222.4133 0.012976
222.6590 0.013040
222.9046 0.013075
223.1501 0.013067
223.3953 0.013125
223.6399 0.013140
223.8829 0.013220
224.1324 0.013264
224.3812 0.013370
224.6282 0.013313
224.8717 0.013249
225.1183 0.013316
225.3651 0.013459
225.6095 0.013408
225.8577 0.013457
226.1051 0.013388
226.3552 0.013381
226.6039 0.013359
226.8509 0.013292
227.1023 0.013576
227.3546 0.013665
227.6083 0.013730
227.8619 0.013717
228.1201 0.013692
228.3756 0.013762
228.6294 0.013786
228.8859 0.013810
229.1443 0.013833
229.4048 0.013695
229.6669 0.013697
229.9248 0.013522
230.1903 0.013510
230.4545 0.013458
230.7205 0.013385
230.9882 0.013307
231.2530 0.013238
231.5210 0.013286
231.7909 0.013347
232.0642 0.013559
232.3376 0.013694
232.6131 0.013849
232.8914 0.013800
233.1713 0.013798
233.4510 0.013972
233.7316 0.014075
234.0130 0.014082
234.3012 0.013927
234.5917 0.014020
234.8832 0.014150
235.1779 0.014452
235.4738 0.014514
235.7747 0.014518
236.0758 0.014691
236.3825 0.014674
236.6912 0.014670
237.0023 0.014704
237.3185 0.014517
237.6349 0.014565
237.9521 0.014493
238.2787 0.014359
238.6034 0.014439
238.9380 0.014571
239.2758 0.014603
239.6171 0.014631
239.9601 0.014701
240.3118 0.014741
240.6665 0.014771
241.0234 0.014955
241.3918 0.015305
241.7676 0.015285
242.1493 0.015252
242.5341 0.015494
242.9274 0.015597
243.3325 0.015788
243.7401 0.015824
244.1532 0.015871
244.5791 0.016066
245.0150 0.016238
245.4640 0.016525
245.9180 0.016810
246.3832 0.016964
246.8607 0.017529
247.3492 0.017667
247.8580 0.017918
248.3783 0.017998
248.9184 0.018462
249.4763 0.018497
250.0488 0.018645
250.6428 0.018687
251.2630 0.019286
251.9220 0.019599
252.5890 0.020202
253.3015 0.020637
254.0413 0.021161
254.8254 0.021713
255.6511 0.022463
256.5402 0.023229
257.4797 0.023659
258.5130 0.024482
259.6219 0.025461
260.8523 0.026519
262.1944 0.028050
263.7081 0.029992
265.4770 0.031756
267.5805 0.035416
270.1915 0.039131
273.6866 0.044067
274.5720 0.046759
275.5634 0.049212
276.6702 0.051331
277.9573 0.055467
279.4200 0.058356
281.1610 0.064604
283.2941 0.074578
286.2865 0.089728
291.3282 0.114757
296.2849 0.163757
302.3265 0.241092
306.3949 0.314240
 tr1-09-4 3 1
175.3849 0.200731
178.2927 0.154802
182.2644 0.103226
185.4767 0.078525
189.0394 0.063454
191.1932 0.052242
192.8260 0.047468
194.1445 0.043723
195.2126 0.040500
196.1507 0.039547
197.0141 0.037929
197.7716 0.036390
198.4508 0.035215
201.1916 0.031662
203.2531 0.027846
204.9317 0.025652
206.3607 0.023968
207.5966 0.022949
208.7081 0.022161
209.7047 0.021699
210.6324 0.020865
211.4877 0.020279
212.2855 0.019909
213.0254 0.019617
213.7254 0.019281
214.3978 0.018618
215.0430 0.017900
215.6542 0.018048
216.2411 0.017940
216.8082 0.017694
217.3538 0.017550
217.8733 0.017250
218.3815 0.017094
218.8682 0.016671
219.3518 0.016566
219.8182 0.016254
220.2732 0.016132
220.7165 0.016041
221.1456 0.015798
221.5663 0.015464
221.9783 0.015521
222.3804 0.015621
222.7733 0.015401
223.1616 0.015186
223.5450 0.015121
223.9210 0.014772
224.2836 0.014726
224.6449 0.014535
225.0002 0.014543
225.3523 0.014547
225.6996 0.014472
226.0428 0.014447
226.3769 0.014195
226.7086 0.014116
227.0383 0.013984
227.3649 0.013869
227.6891 0.013776
228.0082 0.013559
228.3216 0.013365
228.6294 0.013224
228.9389 0.013203
229.2441 0.013327
229.5439 0.013360
229.8438 0.013251
230.1409 0.013341
230.4324 0.013335
230.7223 0.013346
231.0163 0.013349
231.3036 0.013196
231.5894 0.013210
231.8736 0.013244
232.1591 0.013244
232.4417 0.013245
232.7210 0.013241
232.9993 0.013166
233.2730 0.013183
233.5471 0.013107
233.8191 0.012986
234.0908 0.013020
234.3614 0.013031
234.6285 0.013093
234.8977 0.013201
235.1604 0.013116
235.4237 0.013171
235.6890 0.013145
235.9501 0.013150
236.2130 0.013209
236.4742 0.012938
236.7341 0.012972
236.9938 0.012935
237.2551 0.012910
237.5152 0.013025
237.7749 0.013190
238.0326 0.013340
238.2918 0.013355
238.5495 0.013176
238.8082 0.013170
239.0627 0.013144
239.3139 0.013199
239.5685 0.013289
239.8279 0.013301
240.0815 0.013102
240.3378 0.013217
240.5912 0.013326
240.8436 0.013272
241.0989 0.013376
241.3517 0.013384
241.6048 0.013321
241.8585 0.013396
242.1119 0.013606
242.3671 0.013591
242.6222 0.013636
242.8789 0.013866
243.1329 0.013840
243.3908 0.013859
243.6464 0.013784
243.9037 0.013808
244.1601 0.013749
244.4198 0.013769
244.6793 0.013706
244.9420 0.013534
245.2014 0.013418
245.4604 0.013368
245.7209 0.013419
245.9840 0.013462
246.2490 0.013598
246.5103 0.013584
246.7732 0.013509
247.0368 0.013496
247.3019 0.013500
247.5728 0.013417
247.8412 0.013466
248.1117 0.013678
248.3824 0.013850
248.6518 0.013880
248.9254 0.013967
249.2004 0.014014
249.4761 0.014170
249.7530 0.014091
250.0339 0.014268
250.3164 0.014350
250.6022 0.014416
250.8839 0.014526
251.1714 0.014435
251.4585 0.014517
251.7472 0.014376
252.0358 0.014310
252.3338 0.014506
252.6290 0.014483
252.9306 0.014543
253.2305 0.014378
253.5338 0.014661
253.8425 0.014822
254.1524 0.014706
254.4661 0.014801
254.7831 0.014744
255.1035 0.014858
255.4215 0.015147
255.7452 0.015318
256.0732 0.015555
256.4034 0.015618
256.7388 0.015719
257.0809 0.015864
257.4258 0.015898
257.7768 0.015861
258.1291 0.015972
258.4809 0.016248
258.8425 0.016433
259.2130 0.016542
259.5865 0.016695
259.9650 0.016912
260.3525 0.016869
260.7452 0.016773
261.1457 0.016859
261.5483 0.016975
261.9585 0.017167
262.3768 0.017254
262.8085 0.017477
263.2506 0.017600
263.7030 0.017839
264.1645 0.018246
264.6370 0.018310
265.1171 0.018500
265.6112 0.018736
266.1202 0.018655
266.6454 0.018356
267.1895 0.018495
267.7486 0.018552
268.3200 0.018778
268.9174 0.018827
269.5302 0.019172
270.1646 0.019607
270.8307 0.020086
271.5341 0.020454
272.2574 0.021186
273.0253 0.021651
273.8294 0.022435
274.6920 0.022532
275.6140 0.022679
276.5795 0.023702
277.6276 0.024332
278.7702 0.025194
280.0078 0.026477
281.4065 0.028121
282.9947 0.030275
284.8076 0.032305
286.9801 0.034300
289.6614 0.038480
293.2593 0.044880
294.1496 0.047079
295.1384 0.049473
296.2640 0.053221
297.5459 0.055242
299.0558 0.060118
300.8591 0.067450
303.1533 0.078621
306.3391 0.094249
311.5805 0.125004
316.6341 0.161433
322.9919 0.251660
327.3354 0.327705
tr1s-09-4 3 1
183.6698 0.212580
186.6537 0.158851
190.7822 0.105019
194.0593 0.080022
197.5692 0.066174
199.8041 0.054015
201.4328 0.048700
202.7153 0.044181
203.7996 0.041877
204.7720 0.039143
205.6271 0.038166
206.3894 0.036536
207.0838 0.035582
209.8578 0.031296
211.9208 0.028205
213.6264 0.025229
215.0710 0.024468
216.3253 0.023324
217.4529 0.022695
218.4755 0.021708
219.3976 0.020807
220.2618 0.020127
221.0504 0.019351
221.8019 0.018715
222.5154 0.018684
223.1966 0.018495
223.8441 0.018034
224.4601 0.017741
225.0531 0.017173
225.6269 0.016980
226.1787 0.016628
226.7092 0.016396
227.2222 0.016277
227.7208 0.016342
228.2024 0.016150
228.6700 0.016144
229.1248 0.015920
229.5717 0.015663
230.0017 0.015786
230.4277 0.015732
230.8423 0.015641
231.2411 0.015395
231.6418 0.015231
232.0309 0.015164
232.4125 0.015116
232.7933 0.015016
233.1624 0.014982
233.5256 0.014760
233.8914 0.014604
234.2472 0.014433
234.5967 0.014401
234.9443 0.014292
235.2842 0.014317
235.6168 0.014361
235.9468 0.014311
236.2721 0.014431
236.5962 0.014414
236.9148 0.014303
237.2322 0.013925
237.5451 0.013935
237.8509 0.013742
238.1603 0.013624
238.4673 0.013561
238.7669 0.013440
239.0660 0.013364
239.3622 0.013398
239.6590 0.013562
239.9495 0.013320
240.2389 0.013335
240.5295 0.013354
240.8154 0.013268
241.1010 0.013282
241.3828 0.013288
241.6631 0.013277
241.9395 0.013259
242.2127 0.013185
242.4887 0.013317
242.7643 0.013387
243.0347 0.013408
243.3049 0.013350
243.5733 0.013416
243.8428 0.013299
244.1150 0.013246
244.3805 0.013075
244.6468 0.013115
244.9084 0.013032
245.1777 0.013175
245.4440 0.013274
245.7081 0.013323
245.9711 0.013361
246.2328 0.013260
246.4945 0.013300
246.7555 0.013386
247.0128 0.013421
247.2738 0.013407
247.5321 0.013422
247.7893 0.013387
248.0461 0.013424
248.3041 0.013466
248.5611 0.013371
248.8176 0.013449
249.0747 0.013511
249.3279 0.013570
249.5844 0.013629
249.8441 0.013688
250.1052 0.013798
250.3620 0.013652
250.6198 0.013657
250.8758 0.013514
251.1334 0.013568
251.3901 0.013579
251.6474 0.013485
251.9028 0.013437
252.1599 0.013554
252.4196 0.013668
252.6755 0.013598
252.9320 0.013630
253.1893 0.013683
253.4476 0.013742
253.7076 0.013716
253.9693 0.013650
254.2306 0.013577
254.4919 0.013618
254.7529 0.013675
255.0199 0.013469
255.2819 0.013478
255.5488 0.013601
255.8116 0.013561
256.0794 0.013646
256.3497 0.013806
256.6182 0.013690
256.8873 0.013669
257.1587 0.013704
257.4300 0.013466
257.7054 0.013518
257.9781 0.013563
258.2564 0.013740
258.5322 0.013784
258.8135 0.013840
259.0920 0.013912
259.3770 0.014253
259.6616 0.014477
259.9476 0.014496
260.2342 0.014362
260.5233 0.014289
260.8145 0.014365
261.1094 0.014410
261.4052 0.014410
261.7069 0.014611
262.0087 0.014684
262.3144 0.014659
262.6187 0.014689
262.9273 0.014871
263.2394 0.014905
263.5543 0.014836
263.8679 0.014862
264.1834 0.015013
264.5044 0.015105
264.8348 0.015287
265.1673 0.015394
265.5001 0.015470
265.8344 0.015501
266.1755 0.015760
266.5199 0.015970
266.8684 0.015788
267.2231 0.016015
267.5872 0.016199
267.9546 0.016391
268.3259 0.016494
268.6990 0.016529
269.0804 0.016644
269.4673 0.016756
269.8627 0.016710
270.2622 0.016836
270.6698 0.016836
271.0903 0.016975
271.5157 0.017160
271.9493 0.017176
272.3960 0.017404
272.8448 0.017535
273.3097 0.017722
273.7834 0.017626
274.2764 0.017589
274.7713 0.017661
275.2780 0.017788
275.8072 0.017995
276.3467 0.018153
276.9052 0.018576
277.4820 0.018927
278.0753 0.019066
278.6866 0.019448
279.3451 0.020062
280.0122 0.020385
280.7151 0.020832
281.4410 0.021264
282.2206 0.022355
283.0381 0.022380
283.8941 0.022901
284.8019 0.023396
285.7768 0.024007
286.8316 0.025287
287.9919 0.026104
289.2522 0.027576
290.6577 0.028892
292.2360 0.029972
294.0828 0.033132
296.2403 0.035481
298.9470 0.038004
302.5463 0.045473
303.4426 0.047543
304.4461 0.050068
305.5928 0.051427
306.8977 0.055720
308.3933 0.061950
310.2529 0.068968
312.4829 0.077970
315.6398 0.096820
320.9394 0.127072
325.9728 0.175423
332.0839 0.252365
336.5222 0.332982
 tr2-09-4 3 1
191.4953 0.207582
194.3480 0.148510
198.6247 0.105950
202.0327 0.079206
205.6355 0.060077
207.9177 0.052246
209.5808 0.046325
210.9472 0.042755
212.1047 0.040268
213.0971 0.039370
213.9834 0.038091
214.7633 0.037150
215.4728 0.035322
218.3582 0.029719
220.5115 0.027828
222.2386 0.026488
223.7230 0.024242
225.0147 0.023724
226.1534 0.023377
227.1772 0.022512
228.1329 0.021385
229.0196 0.020742
229.8520 0.020018
230.6309 0.019722
231.3737 0.019167
232.0667 0.018499
232.7262 0.017922
233.3570 0.017523
233.9655 0.017175
234.5541 0.016788
235.1138 0.016817
235.6593 0.016576
236.1823 0.016770
236.6960 0.016557
237.1885 0.016091
237.6713 0.015951
238.1400 0.015592
238.5944 0.015537
239.0432 0.015248
239.4871 0.014929
239.9215 0.014922
240.3414 0.014846
240.7452 0.014819
241.1452 0.014825
241.5412 0.014644
241.9239 0.014629
242.3060 0.014433
242.6783 0.014455
243.0448 0.014419
243.4122 0.014397
243.7702 0.014438
244.1226 0.014186
244.4728 0.014128
244.8188 0.014351
245.1555 0.014173
245.4963 0.013995
245.8244 0.014010
246.1598 0.013900
246.4873 0.013815
246.8060 0.013800
247.1250 0.013463
247.4381 0.013382
247.7514 0.013438
248.0579 0.013429
248.3667 0.013487
248.6691 0.013497
248.9699 0.013686
249.2693 0.013511
249.5620 0.013767
249.8578 0.013892
250.1497 0.014101
250.4399 0.014007
250.7299 0.013877
251.0174 0.013944
251.2998 0.014039
251.5883 0.014153
251.8739 0.014188
252.1557 0.014117
252.4344 0.013972
252.7105 0.014164
252.9892 0.014245
253.2653 0.014044
253.5474 0.013940
253.8205 0.013923
254.0911 0.013923
254.3669 0.013958
254.6370 0.013974
254.9046 0.013848
255.1721 0.013890
255.4397 0.013858
255.7070 0.013971
255.9749 0.013990
256.2428 0.013920
256.5082 0.013783
256.7765 0.013865
257.0399 0.013857
257.3083 0.013825
257.5708 0.013753
257.8337 0.013778
258.0991 0.013721
258.3640 0.013691
258.6285 0.013619
258.8916 0.013764
259.1555 0.013816
259.4206 0.013944
259.6868 0.013991
259.9521 0.013991
260.2122 0.013950
260.4762 0.013972
260.7354 0.013956
260.9990 0.014132
261.2620 0.014033
261.5262 0.014175
261.7931 0.014202
262.0598 0.014286
262.3242 0.014216
262.5912 0.014272
262.8578 0.014344
263.1246 0.014231
263.3929 0.014328
263.6590 0.014393
263.9290 0.014472
264.1971 0.014549
264.4662 0.014697
264.7405 0.014706
265.0111 0.014578
265.2849 0.014505
265.5537 0.014642
265.8273 0.014645
266.1018 0.014796
266.3792 0.014734
266.6555 0.014616
266.9327 0.014543
267.2121 0.014597
267.4946 0.014531
267.7797 0.014634
268.0614 0.014638
268.3438 0.014750
268.6263 0.014670
268.9106 0.014756
269.2008 0.014992
269.4925 0.015058
269.7865 0.015171
270.0827 0.015118
270.3782 0.015004
270.6787 0.015181
270.9799 0.015228
271.2857 0.015368
271.5900 0.015473
271.8955 0.015464
272.2124 0.015483
272.5249 0.015597
272.8440 0.015548
273.1598 0.015553
273.4831 0.015496
273.8086 0.015710
274.1374 0.015836
274.4679 0.015792
274.8029 0.015852
275.1404 0.016070
275.4843 0.016063
275.8306 0.016134
276.1811 0.016204
276.5323 0.016259
276.8927 0.016264
277.2586 0.016540
277.6277 0.016620
278.0064 0.016517
278.3879 0.016547
278.7769 0.016750
279.1693 0.016798
279.5624 0.016859
279.9668 0.016943
280.3784 0.016977
280.7972 0.016927
281.2205 0.017125
281.6522 0.016991
282.0978 0.017195
282.5475 0.017107
283.0083 0.017381
283.4879 0.017599
283.9739 0.017750
284.4714 0.018104
284.9770 0.018391
285.5032 0.018788
286.0382 0.019006
286.6002 0.019385
287.1815 0.019574
287.7745 0.020136
288.3919 0.020569
289.0257 0.021485
289.6846 0.022044
290.3694 0.022880
291.0859 0.023222
291.8351 0.023766
292.6350 0.023785
293.4670 0.024236
294.3474 0.024383
295.2806 0.024804
296.2866 0.025806
297.3725 0.026245
298.5580 0.026742
299.8460 0.027350
301.2680 0.028945
302.8928 0.030685
304.7597 0.032350
306.9741 0.034921
309.7293 0.039047
313.4407 0.046313
314.3757 0.049248
315.4320 0.052650
316.6274 0.054528
317.9398 0.057175
319.4721 0.060511
321.3200 0.068867
323.6496 0.076921
326.9683 0.093013
332.3708 0.130090
337.3992 0.175018
343.9809 0.244268
348.0801 0.329010
tr2s-09-4 3 1
200.3169 0.206910
203.1224 0.157886
207.3649 0.109383
210.8212 0.079966
214.4618 0.061053
216.7594 0.053174
218.4745 0.048108
219.8307 0.043963
221.0115 0.040153
222.0115 0.038758
222.8939 0.036873
223.6750 0.035978
224.3795 0.035523
227.2127 0.031401
229.3582 0.028898
231.1155 0.026618
232.5975 0.025115
233.8821 0.024626
235.0282 0.023540
236.0735 0.022141
237.0385 0.021654
237.9303 0.020270
238.7578 0.019448
239.5342 0.018768
240.2744 0.018391
240.9757 0.018185
241.6345 0.017951
242.2757 0.017684
242.8915 0.017460
243.4795 0.017383
244.0453 0.017275
244.5938 0.016735
245.1220 0.016511
245.6316 0.016539
246.1242 0.016351
246.6015 0.016214
247.0785 0.016201
247.5387 0.016225
247.9822 0.016006
248.4187 0.015689
248.8498 0.015412
249.2698 0.015592
249.6804 0.015253
250.0844 0.015179
250.4805 0.014960
250.8647 0.014752
251.2446 0.014621
251.6277 0.014483
251.9990 0.014552
252.3661 0.014506
252.7247 0.014430
253.0750 0.014401
253.4271 0.014400
253.7691 0.014379
254.1078 0.014310
254.4437 0.014165
254.7750 0.014216
255.1082 0.014232
255.4333 0.014190
255.7549 0.013911
256.0746 0.013832
256.3902 0.013834
256.7045 0.013905
257.0122 0.013978
257.3207 0.013843
257.6287 0.013835
257.9325 0.013813
258.2294 0.013818
258.5267 0.013695
258.8222 0.013636
259.1165 0.013639
259.4090 0.013440
259.7011 0.013376
259.9894 0.013406
260.2782 0.013507
260.5642 0.013426
260.8453 0.013440
261.1290 0.013566
261.4106 0.013697
261.6917 0.013602
261.9728 0.013494
262.2529 0.013449
262.5286 0.013269
262.8053 0.013231
263.0796 0.013274
263.3504 0.013408
263.6226 0.013391
263.8941 0.013435
264.1633 0.013403
264.4312 0.013484
264.7004 0.013334
264.9690 0.013533
265.2382 0.013569
265.5095 0.013574
265.7737 0.013580
266.0411 0.013539
266.3076 0.013702
266.5705 0.013688
266.8367 0.013691
267.1010 0.013671
267.3686 0.013635
267.6366 0.013622
267.9041 0.013753
268.1653 0.013882
268.4301 0.013931
268.6938 0.013932
268.9569 0.013872
269.2224 0.013849
269.4874 0.013980
269.7543 0.014069
270.0187 0.013987
270.2806 0.014049
270.5427 0.013963
270.8092 0.013891
271.0766 0.014083
271.3396 0.014188
271.6060 0.014213
271.8745 0.014236
272.1413 0.014315
272.4090 0.014208
272.6767 0.014258
272.9444 0.014211
273.2124 0.014230
273.4870 0.014101
273.7580 0.014046
274.0313 0.014154
274.3035 0.014148
274.5816 0.014174
274.8530 0.014180
275.1233 0.014353
275.4021 0.014328
275.6831 0.014264
275.9616 0.014452
276.2443 0.014385
276.5239 0.014281
276.8080 0.014304
277.0910 0.014302
277.3781 0.014170
277.6683 0.014283
277.9547 0.014371
278.2447 0.014462
278.5357 0.014532
278.8292 0.014523
279.1272 0.014759
279.4270 0.014904
279.7267 0.015091
280.0290 0.015203
280.3315 0.015200
280.6357 0.015272
280.9430 0.015322
281.2510 0.015302
281.5646 0.015220
281.8812 0.015214
282.2012 0.015139
282.5229 0.015066
282.8545 0.015089
283.1815 0.015080
283.5113 0.015100
283.8486 0.015249
284.1920 0.015274
284.5317 0.015270
284.8814 0.015602
285.2310 0.015676
285.5845 0.015828
285.9439 0.015977
286.3096 0.016103
286.6745 0.016300
287.0507 0.016493
287.4316 0.016539
287.8237 0.016615
288.2144 0.016863
288.6160 0.016730
289.0214 0.016832
289.4384 0.017026
289.8595 0.017184
290.2883 0.017517
290.7206 0.017553
291.1648 0.017695
291.6199 0.017890
292.0838 0.018105
292.5627 0.018431
293.0503 0.018590
293.5483 0.018870
294.0598 0.019483
294.5865 0.019576
295.1280 0.019722
295.6864 0.019872
296.2559 0.020275
296.8539 0.020485
297.4714 0.020701
298.1091 0.021124
298.7780 0.021395
299.4692 0.021560
300.1956 0.022251
300.9427 0.022697
301.7296 0.022922
302.5479 0.023476
303.4340 0.024128
304.3741 0.024411
305.3791 0.024828
306.4618 0.025819
307.6355 0.026814
308.9407 0.027925
310.3770 0.028791
312.0056 0.030349
313.8773 0.032381
316.1221 0.035402
318.8761 0.038940
322.5907 0.046969
323.5263 0.048376
324.5796 0.051140
325.7442 0.053120
327.0554 0.057292
328.5980 0.062225
330.4428 0.068055
332.8247 0.077988
336.1130 0.092184
341.4910 0.129837
346.6745 0.174661
353.1787 0.254803
357.5480 0.344772
