Copyright (C) 1998 James G. MacKinnon, Alfred A. Haug, and Leo Michelis.
 lm0-02-0 2 2
 4.00833E-01 1.98976E-03
 4.54523E-01 1.72841E-03
 5.39846E-01 1.44345E-03
 6.19965E-01 1.27749E-03
 7.24207E-01 1.10607E-03
 7.93410E-01 1.04232E-03
 8.50344E-01 1.03074E-03
 8.97931E-01 1.00760E-03
 9.40091E-01 9.54242E-04
 9.77250E-01 9.43062E-04
 1.01155E+00 8.88910E-04
 1.04307E+00 8.74400E-04
 1.07260E+00 8.71124E-04
 1.19939E+00 8.27103E-04
 1.30098E+00 8.32497E-04
 1.38878E+00 8.16914E-04
 1.46706E+00 8.34473E-04
 1.53862E+00 8.47220E-04
 1.60435E+00 8.29108E-04
 1.66535E+00 8.11444E-04
 1.72400E+00 8.01404E-04
 1.77940E+00 7.63712E-04
 1.83231E+00 7.73491E-04
 1.88319E+00 7.70287E-04
 1.93254E+00 7.85442E-04
 1.97978E+00 7.83984E-04
 2.02610E+00 7.74864E-04
 2.07106E+00 7.73854E-04
 2.11454E+00 7.64571E-04
 2.15725E+00 7.53418E-04
 2.19895E+00 7.67739E-04
 2.23937E+00 7.77417E-04
 2.27954E+00 7.78312E-04
 2.31869E+00 7.67837E-04
 2.35770E+00 7.70907E-04
 2.39586E+00 7.70122E-04
 2.43356E+00 7.63444E-04
 2.47056E+00 7.59742E-04
 2.50705E+00 7.66278E-04
 2.54326E+00 7.77890E-04
 2.57900E+00 7.87932E-04
 2.61422E+00 7.99445E-04
 2.64904E+00 8.08308E-04
 2.68375E+00 8.04850E-04
 2.71801E+00 8.15386E-04
 2.75231E+00 8.23385E-04
 2.78606E+00 8.28778E-04
 2.81956E+00 8.29412E-04
 2.85282E+00 8.23893E-04
 2.88588E+00 8.13674E-04
 2.91893E+00 8.15290E-04
 2.95172E+00 8.08943E-04
 2.98446E+00 8.05962E-04
 3.01677E+00 8.12257E-04
 3.04900E+00 8.23107E-04
 3.08101E+00 8.35001E-04
 3.11314E+00 8.24764E-04
 3.14514E+00 8.20520E-04
 3.17689E+00 8.27831E-04
 3.20843E+00 8.28240E-04
 3.23989E+00 8.30119E-04
 3.27140E+00 8.28501E-04
 3.30273E+00 8.27879E-04
 3.33412E+00 8.35645E-04
 3.36558E+00 8.42004E-04
 3.39691E+00 8.54758E-04
 3.42796E+00 8.51222E-04
 3.45923E+00 8.56693E-04
 3.49034E+00 8.60935E-04
 3.52164E+00 8.62657E-04
 3.55277E+00 8.77417E-04
 3.58371E+00 8.81991E-04
 3.61431E+00 8.82434E-04
 3.64541E+00 8.88015E-04
 3.67653E+00 8.86653E-04
 3.70763E+00 8.96403E-04
 3.73882E+00 9.02881E-04
 3.77012E+00 9.08946E-04
 3.80118E+00 9.15899E-04
 3.83240E+00 9.15907E-04
 3.86355E+00 9.23162E-04
 3.89461E+00 9.35535E-04
 3.92609E+00 9.32558E-04
 3.95726E+00 9.29052E-04
 3.98890E+00 9.40370E-04
 4.02018E+00 9.28709E-04
 4.05159E+00 9.26588E-04
 4.08289E+00 9.40624E-04
 4.11457E+00 9.41108E-04
 4.14639E+00 9.50470E-04
 4.17839E+00 9.42614E-04
 4.21016E+00 9.50822E-04
 4.24267E+00 9.59849E-04
 4.27465E+00 9.63495E-04
 4.30662E+00 9.68129E-04
 4.33889E+00 9.86090E-04
 4.37155E+00 9.95546E-04
 4.40390E+00 1.00280E-03
 4.43671E+00 1.01707E-03
 4.46953E+00 1.02582E-03
 4.50261E+00 1.03710E-03
 4.53554E+00 1.04013E-03
 4.56875E+00 1.04770E-03
 4.60196E+00 1.05330E-03
 4.63537E+00 1.06469E-03
 4.66872E+00 1.06586E-03
 4.70246E+00 1.06593E-03
 4.73662E+00 1.06037E-03
 4.77066E+00 1.07831E-03
 4.80509E+00 1.08551E-03
 4.83977E+00 1.08724E-03
 4.87468E+00 1.09590E-03
 4.90943E+00 1.10963E-03
 4.94480E+00 1.11705E-03
 4.98033E+00 1.12273E-03
 5.01621E+00 1.12341E-03
 5.05193E+00 1.12530E-03
 5.08813E+00 1.12571E-03
 5.12439E+00 1.12881E-03
 5.16107E+00 1.13881E-03
 5.19755E+00 1.14147E-03
 5.23444E+00 1.12790E-03
 5.27188E+00 1.12846E-03
 5.30924E+00 1.14006E-03
 5.34702E+00 1.16669E-03
 5.38504E+00 1.17267E-03
 5.42349E+00 1.18819E-03
 5.46211E+00 1.19619E-03
 5.50124E+00 1.20523E-03
 5.54049E+00 1.20783E-03
 5.58038E+00 1.19410E-03
 5.62035E+00 1.21310E-03
 5.66058E+00 1.22012E-03
 5.70142E+00 1.21994E-03
 5.74234E+00 1.23846E-03
 5.78402E+00 1.23383E-03
 5.82581E+00 1.24259E-03
 5.86862E+00 1.27141E-03
 5.91170E+00 1.27256E-03
 5.95497E+00 1.27558E-03
 5.99859E+00 1.28701E-03
 6.04252E+00 1.31172E-03
 6.08736E+00 1.31932E-03
 6.13227E+00 1.31200E-03
 6.17795E+00 1.32269E-03
 6.22414E+00 1.34727E-03
 6.27098E+00 1.34177E-03
 6.31824E+00 1.36209E-03
 6.36603E+00 1.37770E-03
 6.41417E+00 1.37022E-03
 6.46341E+00 1.38855E-03
 6.51297E+00 1.40393E-03
 6.56339E+00 1.40457E-03
 6.61476E+00 1.41518E-03
 6.66680E+00 1.41652E-03
 6.71981E+00 1.43914E-03
 6.77319E+00 1.44899E-03
 6.82723E+00 1.46290E-03
 6.88254E+00 1.46372E-03
 6.93881E+00 1.48399E-03
 6.99556E+00 1.47390E-03
 7.05309E+00 1.48976E-03
 7.11245E+00 1.49358E-03
 7.17236E+00 1.53143E-03
 7.23343E+00 1.54453E-03
 7.29565E+00 1.55298E-03
 7.35904E+00 1.57526E-03
 7.42355E+00 1.59481E-03
 7.48891E+00 1.61646E-03
 7.55617E+00 1.63160E-03
 7.62416E+00 1.66575E-03
 7.69413E+00 1.67629E-03
 7.76557E+00 1.65911E-03
 7.83940E+00 1.69452E-03
 7.91494E+00 1.76660E-03
 7.99228E+00 1.80597E-03
 8.07090E+00 1.81594E-03
 8.15138E+00 1.83706E-03
 8.23487E+00 1.89401E-03
 8.32069E+00 1.90560E-03
 8.40893E+00 1.95607E-03
 8.49931E+00 1.99289E-03
 8.59308E+00 2.03397E-03
 8.69076E+00 2.06817E-03
 8.79101E+00 2.13373E-03
 8.89478E+00 2.17600E-03
 9.00292E+00 2.20403E-03
 9.11449E+00 2.23816E-03
 9.23068E+00 2.26617E-03
 9.35144E+00 2.27651E-03
 9.47825E+00 2.32345E-03
 9.61091E+00 2.34928E-03
 9.75005E+00 2.45863E-03
 9.89608E+00 2.51559E-03
 1.00515E+01 2.64196E-03
 1.02155E+01 2.78435E-03
 1.03917E+01 2.92900E-03
 1.05767E+01 2.97412E-03
 1.07763E+01 3.10115E-03
 1.09923E+01 3.27031E-03
 1.12281E+01 3.39109E-03
 1.14874E+01 3.53830E-03
 1.17775E+01 3.69562E-03
 1.21042E+01 3.83485E-03
 1.24775E+01 4.10875E-03
 1.29200E+01 4.69748E-03
 1.34534E+01 5.22778E-03
 1.41338E+01 6.18528E-03
 1.50830E+01 7.18389E-03
 1.53329E+01 7.37651E-03
 1.56051E+01 8.01897E-03
 1.59126E+01 8.38466E-03
 1.62701E+01 9.06554E-03
 1.66913E+01 1.00343E-02
 1.71996E+01 1.14245E-02
 1.78647E+01 1.29309E-02
 1.87933E+01 1.59410E-02
 2.03536E+01 2.11508E-02
 2.18866E+01 3.00833E-02
 2.39161E+01 4.82175E-02
 2.54251E+01 6.40313E-02
 lm1-02-0 2 1
  1.1174 0.004599
  1.2291 0.003616
  1.4051 0.003037
  1.5617 0.002359
  1.7545 0.002059
  1.8843 0.001867
  1.9851 0.001766
  2.0680 0.001693
  2.1414 0.001574
  2.2064 0.001560
  2.2648 0.001559
  2.3185 0.001494
  2.3674 0.001464
  2.5749 0.001332
  2.7399 0.001275
  2.8807 0.001265
  3.0051 0.001209
  3.1166 0.001205
  3.2195 0.001173
  3.3141 0.001157
  3.4036 0.001142
  3.4875 0.001136
  3.5670 0.001139
  3.6429 0.001129
  3.7154 0.001117
  3.7851 0.001115
  3.8529 0.001139
  3.9185 0.001150
  3.9819 0.001154
  4.0434 0.001161
  4.1034 0.001136
  4.1622 0.001140
  4.2197 0.001132
  4.2755 0.001119
  4.3303 0.001112
  4.3847 0.001092
  4.4380 0.001087
  4.4903 0.001104
  4.5418 0.001102
  4.5924 0.001108
  4.6422 0.001113
  4.6917 0.001107
  4.7402 0.001117
  4.7880 0.001121
  4.8351 0.001115
  4.8818 0.001114
  4.9283 0.001123
  4.9744 0.001106
  5.0200 0.001121
  5.0654 0.001106
  5.1107 0.001102
  5.1556 0.001119
  5.1997 0.001115
  5.2436 0.001108
  5.2870 0.001116
  5.3303 0.001105
  5.3733 0.001111
  5.4161 0.001125
  5.4584 0.001134
  5.5008 0.001135
  5.5428 0.001136
  5.5849 0.001135
  5.6266 0.001137
  5.6682 0.001141
  5.7098 0.001146
  5.7512 0.001138
  5.7924 0.001133
  5.8332 0.001138
  5.8743 0.001148
  5.9151 0.001163
  5.9558 0.001165
  5.9968 0.001183
  6.0373 0.001193
  6.0778 0.001189
  6.1180 0.001193
  6.1579 0.001207
  6.1978 0.001200
  6.2383 0.001182
  6.2784 0.001180
  6.3184 0.001195
  6.3585 0.001189
  6.3985 0.001188
  6.4387 0.001214
  6.4788 0.001217
  6.5191 0.001230
  6.5596 0.001237
  6.6000 0.001248
  6.6402 0.001249
  6.6805 0.001239
  6.7211 0.001241
  6.7614 0.001271
  6.8018 0.001281
  6.8423 0.001282
  6.8830 0.001300
  6.9236 0.001302
  6.9646 0.001309
  7.0058 0.001298
  7.0468 0.001301
  7.0877 0.001293
  7.1291 0.001292
  7.1704 0.001297
  7.2117 0.001312
  7.2535 0.001315
  7.2953 0.001328
  7.3369 0.001333
  7.3786 0.001342
  7.4204 0.001337
  7.4630 0.001342
  7.5054 0.001342
  7.5481 0.001341
  7.5907 0.001348
  7.6337 0.001356
  7.6772 0.001376
  7.7208 0.001391
  7.7643 0.001394
  7.8081 0.001427
  7.8522 0.001422
  7.8967 0.001413
  7.9413 0.001418
  7.9858 0.001428
  8.0307 0.001431
  8.0759 0.001440
  8.1214 0.001435
  8.1670 0.001445
  8.2132 0.001449
  8.2600 0.001461
  8.3068 0.001453
  8.3538 0.001471
  8.4017 0.001480
  8.4491 0.001478
  8.4975 0.001489
  8.5460 0.001489
  8.5951 0.001508
  8.6443 0.001531
  8.6939 0.001545
  8.7441 0.001558
  8.7945 0.001578
  8.8459 0.001570
  8.8974 0.001603
  8.9492 0.001614
  9.0015 0.001620
  9.0544 0.001624
  9.1079 0.001617
  9.1616 0.001632
  9.2165 0.001644
  9.2714 0.001644
  9.3269 0.001653
  9.3832 0.001668
  9.4404 0.001673
  9.4982 0.001675
  9.5567 0.001686
  9.6160 0.001695
  9.6755 0.001694
  9.7362 0.001706
  9.7978 0.001696
  9.8602 0.001737
  9.9235 0.001737
  9.9871 0.001735
 10.0518 0.001726
 10.1177 0.001745
 10.1848 0.001739
 10.2527 0.001775
 10.3217 0.001784
 10.3920 0.001813
 10.4637 0.001805
 10.5369 0.001803
 10.6108 0.001821
 10.6865 0.001825
 10.7633 0.001817
 10.8419 0.001799
 10.9212 0.001817
 11.0022 0.001833
 11.0859 0.001853
 11.1711 0.001866
 11.2583 0.001903
 11.3477 0.001918
 11.4388 0.001949
 11.5328 0.001987
 11.6290 0.002008
 11.7273 0.002025
 11.8285 0.002065
 11.9323 0.002102
 12.0408 0.002186
 12.1516 0.002208
 12.2660 0.002262
 12.3847 0.002332
 12.5077 0.002341
 12.6356 0.002447
 12.7686 0.002541
 12.9067 0.002604
 13.0509 0.002682
 13.2000 0.002687
 13.3566 0.002824
 13.5222 0.002936
 13.6967 0.003032
 13.8796 0.003134
 14.0769 0.003234
 14.2878 0.003386
 14.5121 0.003478
 14.7547 0.003596
 15.0175 0.003763
 15.3082 0.003909
 15.6292 0.004170
 15.9905 0.004368
 16.4048 0.004677
 16.8901 0.005078
 17.4771 0.005788
 18.2308 0.006619
 19.2723 0.008243
 19.5393 0.008760
 19.8374 0.008960
 20.1724 0.009503
 20.5669 0.010305
 21.0194 0.011307
 21.5687 0.012297
 22.2743 0.013905
 23.2737 0.017472
 24.9452 0.024312
 26.6029 0.032101
 28.7611 0.049452
 30.4055 0.067166
lm1s-02-0 2 1
  1.6282 0.005441
  1.7548 0.004252
  1.9686 0.003439
  2.1535 0.002765
  2.3704 0.002239
  2.5158 0.001999
  2.6274 0.001891
  2.7201 0.001793
  2.7995 0.001731
  2.8697 0.001665
  2.9335 0.001614
  2.9915 0.001628
  3.0450 0.001565
  3.2675 0.001351
  3.4428 0.001351
  3.5910 0.001306
  3.7218 0.001316
  3.8391 0.001257
  3.9450 0.001221
  4.0442 0.001221
  4.1366 0.001184
  4.2241 0.001167
  4.3059 0.001165
  4.3848 0.001149
  4.4599 0.001148
  4.5322 0.001124
  4.6023 0.001134
  4.6699 0.001141
  4.7353 0.001131
  4.7990 0.001116
  4.8612 0.001113
  4.9215 0.001093
  4.9806 0.001097
  5.0380 0.001096
  5.0946 0.001087
  5.1506 0.001093
  5.2050 0.001099
  5.2583 0.001110
  5.3107 0.001103
  5.3624 0.001110
  5.4135 0.001109
  5.4636 0.001123
  5.5132 0.001122
  5.5624 0.001121
  5.6112 0.001128
  5.6591 0.001127
  5.7063 0.001134
  5.7533 0.001121
  5.7997 0.001113
  5.8460 0.001107
  5.8915 0.001108
  5.9366 0.001117
  5.9817 0.001123
  6.0264 0.001124
  6.0706 0.001120
  6.1145 0.001127
  6.1581 0.001139
  6.2017 0.001137
  6.2449 0.001149
  6.2881 0.001172
  6.3305 0.001173
  6.3726 0.001176
  6.4150 0.001187
  6.4572 0.001198
  6.4992 0.001197
  6.5410 0.001208
  6.5827 0.001214
  6.6244 0.001220
  6.6659 0.001219
  6.7072 0.001222
  6.7484 0.001214
  6.7896 0.001231
  6.8308 0.001248
  6.8717 0.001266
  6.9124 0.001268
  6.9535 0.001277
  6.9943 0.001271
  7.0355 0.001273
  7.0758 0.001295
  7.1167 0.001281
  7.1576 0.001291
  7.1984 0.001307
  7.2394 0.001311
  7.2800 0.001304
  7.3207 0.001296
  7.3611 0.001306
  7.4019 0.001310
  7.4431 0.001299
  7.4838 0.001300
  7.5251 0.001306
  7.5658 0.001308
  7.6070 0.001309
  7.6482 0.001330
  7.6895 0.001339
  7.7307 0.001345
  7.7718 0.001353
  7.8132 0.001348
  7.8547 0.001341
  7.8965 0.001348
  7.9382 0.001361
  7.9798 0.001364
  8.0219 0.001371
  8.0637 0.001375
  8.1058 0.001385
  8.1480 0.001392
  8.1903 0.001397
  8.2329 0.001393
  8.2759 0.001401
  8.3188 0.001412
  8.3617 0.001397
  8.4051 0.001402
  8.4486 0.001399
  8.4924 0.001404
  8.5366 0.001400
  8.5807 0.001407
  8.6253 0.001419
  8.6698 0.001432
  8.7147 0.001435
  8.7598 0.001458
  8.8048 0.001467
  8.8500 0.001477
  8.8959 0.001481
  8.9421 0.001477
  8.9882 0.001471
  9.0350 0.001487
  9.0816 0.001493
  9.1289 0.001496
  9.1767 0.001510
  9.2247 0.001515
  9.2733 0.001508
  9.3221 0.001515
  9.3712 0.001513
  9.4206 0.001511
  9.4704 0.001511
  9.5205 0.001523
  9.5709 0.001528
  9.6220 0.001520
  9.6736 0.001524
  9.7251 0.001553
  9.7774 0.001568
  9.8302 0.001572
  9.8837 0.001560
  9.9373 0.001588
  9.9916 0.001587
 10.0465 0.001585
 10.1026 0.001602
 10.1587 0.001597
 10.2155 0.001609
 10.2726 0.001628
 10.3307 0.001651
 10.3900 0.001644
 10.4499 0.001634
 10.5104 0.001638
 10.5715 0.001644
 10.6332 0.001662
 10.6962 0.001664
 10.7597 0.001661
 10.8243 0.001682
 10.8901 0.001702
 10.9563 0.001723
 11.0229 0.001725
 11.0912 0.001759
 11.1605 0.001755
 11.2311 0.001781
 11.3032 0.001800
 11.3766 0.001817
 11.4510 0.001860
 11.5274 0.001854
 11.6048 0.001868
 11.6830 0.001860
 11.7639 0.001889
 11.8459 0.001907
 11.9297 0.001944
 12.0154 0.001950
 12.1037 0.001986
 12.1932 0.002025
 12.2846 0.002078
 12.3788 0.002127
 12.4760 0.002190
 12.5753 0.002208
 12.6774 0.002256
 12.7829 0.002278
 12.8922 0.002313
 13.0041 0.002394
 13.1200 0.002429
 13.2383 0.002506
 13.3610 0.002536
 13.4891 0.002603
 13.6222 0.002685
 13.7592 0.002747
 13.9033 0.002856
 14.0549 0.002887
 14.2133 0.002984
 14.3801 0.003047
 14.5549 0.003105
 14.7405 0.003148
 14.9377 0.003204
 15.1490 0.003298
 15.3757 0.003423
 15.6187 0.003564
 15.8854 0.003768
 16.1756 0.003946
 16.4970 0.004132
 16.8611 0.004380
 17.2754 0.004681
 17.7635 0.005186
 18.3535 0.005673
 19.1078 0.006827
 20.1495 0.008233
 20.4182 0.008605
 20.7164 0.008927
 21.0580 0.009624
 21.4428 0.010291
 21.8988 0.011044
 22.4474 0.012175
 23.1595 0.013660
 24.1680 0.017125
 25.8365 0.023917
 27.4932 0.032052
 29.6768 0.047609
 31.2934 0.066334
 lm2-02-0 2 1
  2.0810 0.007108
  2.2567 0.005829
  2.5276 0.004597
  2.7683 0.003888
  3.0534 0.003011
  3.2424 0.002518
  3.3863 0.002337
  3.5052 0.002157
  3.6091 0.002107
  3.7001 0.002096
  3.7816 0.002036
  3.8565 0.001973
  3.9251 0.001952
  4.2078 0.001821
  4.4309 0.001794
  4.6175 0.001685
  4.7795 0.001605
  4.9242 0.001566
  5.0574 0.001522
  5.1797 0.001486
  5.2926 0.001488
  5.3993 0.001519
  5.5007 0.001483
  5.5973 0.001451
  5.6889 0.001399
  5.7774 0.001395
  5.8621 0.001408
  5.9441 0.001396
  6.0238 0.001364
  6.1005 0.001363
  6.1752 0.001353
  6.2483 0.001356
  6.3189 0.001366
  6.3880 0.001347
  6.4553 0.001338
  6.5213 0.001363
  6.5865 0.001376
  6.6499 0.001378
  6.7128 0.001357
  6.7747 0.001367
  6.8354 0.001378
  6.8950 0.001380
  6.9546 0.001392
  7.0131 0.001357
  7.0709 0.001350
  7.1278 0.001328
  7.1837 0.001326
  7.2394 0.001309
  7.2944 0.001316
  7.3489 0.001319
  7.4023 0.001300
  7.4552 0.001302
  7.5079 0.001314
  7.5608 0.001299
  7.6126 0.001285
  7.6643 0.001289
  7.7156 0.001279
  7.7664 0.001280
  7.8172 0.001278
  7.8681 0.001286
  7.9177 0.001285
  7.9673 0.001283
  8.0165 0.001294
  8.0658 0.001301
  8.1149 0.001304
  8.1638 0.001319
  8.2120 0.001324
  8.2605 0.001338
  8.3086 0.001335
  8.3565 0.001330
  8.4046 0.001326
  8.4525 0.001328
  8.4999 0.001329
  8.5476 0.001343
  8.5953 0.001345
  8.6425 0.001350
  8.6898 0.001351
  8.7369 0.001366
  8.7842 0.001381
  8.8312 0.001380
  8.8783 0.001376
  8.9252 0.001364
  8.9724 0.001355
  9.0192 0.001372
  9.0659 0.001380
  9.1126 0.001392
  9.1598 0.001413
  9.2065 0.001426
  9.2535 0.001413
  9.3005 0.001415
  9.3475 0.001413
  9.3943 0.001426
  9.4412 0.001423
  9.4884 0.001425
  9.5355 0.001415
  9.5829 0.001425
  9.6303 0.001438
  9.6777 0.001452
  9.7246 0.001451
  9.7722 0.001451
  9.8199 0.001458
  9.8673 0.001457
  9.9151 0.001448
  9.9629 0.001445
 10.0106 0.001451
 10.0590 0.001459
 10.1072 0.001431
 10.1554 0.001434
 10.2043 0.001444
 10.2532 0.001456
 10.3021 0.001443
 10.3517 0.001463
 10.4012 0.001453
 10.4510 0.001451
 10.5010 0.001442
 10.5509 0.001453
 10.6013 0.001458
 10.6516 0.001458
 10.7025 0.001488
 10.7537 0.001523
 10.8051 0.001528
 10.8570 0.001547
 10.9090 0.001557
 10.9611 0.001562
 11.0133 0.001568
 11.0666 0.001564
 11.1194 0.001570
 11.1733 0.001599
 11.2275 0.001583
 11.2815 0.001582
 11.3359 0.001595
 11.3907 0.001608
 11.4465 0.001600
 11.5019 0.001615
 11.5581 0.001626
 11.6150 0.001646
 11.6720 0.001670
 11.7295 0.001679
 11.7876 0.001721
 11.8463 0.001747
 11.9057 0.001758
 11.9653 0.001776
 12.0255 0.001796
 12.0864 0.001819
 12.1480 0.001799
 12.2100 0.001835
 12.2728 0.001848
 12.3359 0.001849
 12.3998 0.001877
 12.4645 0.001903
 12.5300 0.001944
 12.5965 0.001964
 12.6634 0.001966
 12.7315 0.001987
 12.8002 0.001988
 12.8698 0.001979
 12.9400 0.001987
 13.0113 0.002000
 13.0839 0.001994
 13.1583 0.002013
 13.2331 0.002043
 13.3091 0.002068
 13.3861 0.002072
 13.4645 0.002106
 13.5442 0.002110
 13.6249 0.002126
 13.7076 0.002129
 13.7915 0.002172
 13.8768 0.002199
 13.9638 0.002207
 14.0524 0.002237
 14.1433 0.002251
 14.2359 0.002272
 14.3305 0.002313
 14.4269 0.002321
 14.5252 0.002355
 14.6267 0.002369
 14.7302 0.002393
 14.8361 0.002426
 14.9448 0.002449
 15.0565 0.002449
 15.1714 0.002512
 15.2899 0.002573
 15.4113 0.002566
 15.5381 0.002639
 15.6694 0.002708
 15.8031 0.002711
 15.9440 0.002760
 16.0890 0.002736
 16.2401 0.002792
 16.3983 0.002857
 16.5637 0.002910
 16.7352 0.002944
 16.9174 0.002981
 17.1088 0.003024
 17.3110 0.003122
 17.5236 0.003217
 17.7525 0.003353
 17.9986 0.003513
 18.2646 0.003651
 18.5513 0.003727
 18.8635 0.004020
 19.2089 0.004168
 19.6016 0.004592
 20.0474 0.005100
 20.5667 0.005334
 21.1993 0.006040
 22.0076 0.006919
 23.1252 0.008234
 23.4174 0.008554
 23.7385 0.008858
 24.1044 0.009562
 24.5060 0.010334
 24.9955 0.010866
 25.5806 0.012478
 26.3372 0.014349
 27.3964 0.018004
 29.1560 0.024670
 30.8946 0.032969
 33.1483 0.053234
 34.8594 0.073593
lm2s-02-0 2 1
  2.8392 0.008438
  3.0403 0.006340
  3.3297 0.004778
  3.5870 0.003855
  3.8798 0.002958
  4.0715 0.002599
  4.2174 0.002546
  4.3395 0.002447
  4.4443 0.002351
  4.5374 0.002310
  4.6194 0.002151
  4.6944 0.002031
  4.7623 0.001996
  5.0463 0.001871
  5.2688 0.001787
  5.4537 0.001714
  5.6172 0.001617
  5.7625 0.001621
  5.8948 0.001590
  6.0169 0.001540
  6.1308 0.001499
  6.2368 0.001486
  6.3380 0.001505
  6.4338 0.001498
  6.5254 0.001475
  6.6131 0.001476
  6.6977 0.001433
  6.7797 0.001436
  6.8589 0.001440
  6.9359 0.001435
  7.0104 0.001400
  7.0831 0.001400
  7.1538 0.001400
  7.2229 0.001392
  7.2903 0.001382
  7.3565 0.001381
  7.4214 0.001365
  7.4850 0.001357
  7.5474 0.001364
  7.6089 0.001364
  7.6695 0.001367
  7.7293 0.001369
  7.7884 0.001381
  7.8465 0.001397
  7.9038 0.001373
  7.9603 0.001374
  8.0163 0.001345
  8.0716 0.001336
  8.1264 0.001353
  8.1804 0.001355
  8.2335 0.001350
  8.2858 0.001344
  8.3387 0.001331
  8.3907 0.001337
  8.4426 0.001345
  8.4944 0.001348
  8.5456 0.001340
  8.5970 0.001328
  8.6474 0.001330
  8.6973 0.001346
  8.7475 0.001359
  8.7974 0.001350
  8.8466 0.001348
  8.8959 0.001357
  8.9447 0.001345
  8.9933 0.001345
  9.0417 0.001347
  9.0897 0.001338
  9.1377 0.001349
  9.1852 0.001358
  9.2333 0.001357
  9.2811 0.001349
  9.3287 0.001347
  9.3762 0.001345
  9.4234 0.001351
  9.4705 0.001348
  9.5177 0.001342
  9.5650 0.001329
  9.6121 0.001342
  9.6593 0.001339
  9.7064 0.001342
  9.7529 0.001360
  9.8001 0.001389
  9.8471 0.001400
  9.8939 0.001414
  9.9409 0.001432
  9.9873 0.001454
 10.0342 0.001458
 10.0807 0.001465
 10.1275 0.001453
 10.1745 0.001467
 10.2213 0.001461
 10.2684 0.001440
 10.3152 0.001427
 10.3624 0.001434
 10.4096 0.001453
 10.4566 0.001463
 10.5036 0.001456
 10.5512 0.001454
 10.5988 0.001461
 10.6463 0.001462
 10.6942 0.001448
 10.7420 0.001440
 10.7898 0.001441
 10.8378 0.001454
 10.8861 0.001451
 10.9346 0.001458
 10.9832 0.001471
 11.0318 0.001487
 11.0807 0.001510
 11.1299 0.001511
 11.1791 0.001513
 11.2286 0.001531
 11.2785 0.001509
 11.3285 0.001521
 11.3783 0.001531
 11.4284 0.001537
 11.4792 0.001530
 11.5300 0.001547
 11.5807 0.001550
 11.6323 0.001554
 11.6834 0.001567
 11.7350 0.001595
 11.7873 0.001599
 11.8396 0.001621
 11.8921 0.001628
 11.9454 0.001650
 11.9988 0.001686
 12.0528 0.001696
 12.1071 0.001710
 12.1618 0.001722
 12.2170 0.001723
 12.2724 0.001713
 12.3282 0.001726
 12.3845 0.001734
 12.4409 0.001743
 12.4980 0.001754
 12.5554 0.001767
 12.6136 0.001792
 12.6723 0.001825
 12.7314 0.001850
 12.7912 0.001841
 12.8515 0.001835
 12.9116 0.001841
 12.9731 0.001856
 13.0353 0.001868
 13.0978 0.001868
 13.1614 0.001877
 13.2260 0.001890
 13.2908 0.001905
 13.3559 0.001920
 13.4220 0.001935
 13.4889 0.001954
 13.5564 0.001990
 13.6256 0.001982
 13.6955 0.002017
 13.7665 0.002048
 13.8385 0.002061
 13.9106 0.002082
 13.9841 0.002117
 14.0597 0.002139
 14.1351 0.002180
 14.2125 0.002194
 14.2912 0.002223
 14.3716 0.002224
 14.4527 0.002234
 14.5352 0.002254
 14.6188 0.002252
 14.7040 0.002255
 14.7913 0.002294
 14.8795 0.002325
 14.9700 0.002348
 15.0623 0.002399
 15.1565 0.002437
 15.2531 0.002467
 15.3523 0.002515
 15.4540 0.002528
 15.5579 0.002527
 15.6647 0.002514
 15.7733 0.002531
 15.8855 0.002537
 16.0009 0.002627
 16.1192 0.002620
 16.2410 0.002650
 16.3673 0.002695
 16.4973 0.002741
 16.6317 0.002755
 16.7714 0.002718
 16.9178 0.002767
 17.0704 0.002793
 17.2290 0.002814
 17.3935 0.002880
 17.5652 0.002867
 17.7457 0.002995
 17.9366 0.003031
 18.1398 0.003201
 18.3546 0.003310
 18.5826 0.003381
 18.8274 0.003524
 19.0910 0.003715
 19.3773 0.003882
 19.6918 0.004118
 20.0384 0.004438
 20.4280 0.004603
 20.8769 0.004927
 21.4017 0.005403
 22.0349 0.005934
 22.8425 0.006653
 23.9688 0.007983
 24.2528 0.008549
 24.5790 0.009197
 24.9363 0.009781
 25.3525 0.010367
 25.8374 0.011031
 26.4211 0.012156
 27.1816 0.014130
 28.2319 0.016770
 29.9971 0.024031
 31.7365 0.033887
 34.0138 0.054089
 35.7204 0.075684
 tr0-02-0 2 2
 4.64451E-01 2.44968E-03
 5.23639E-01 2.05326E-03
 6.22997E-01 1.72590E-03
 7.21687E-01 1.50647E-03
 8.41419E-01 1.34048E-03
 9.23981E-01 1.22295E-03
 9.90086E-01 1.17575E-03
 1.04648E+00 1.11379E-03
 1.09509E+00 1.07786E-03
 1.13917E+00 1.05604E-03
 1.17958E+00 1.03988E-03
 1.21654E+00 9.96595E-04
 1.25133E+00 9.98647E-04
 1.39675E+00 1.02558E-03
 1.51518E+00 1.03468E-03
 1.61679E+00 9.74632E-04
 1.70735E+00 9.73828E-04
 1.78948E+00 9.69828E-04
 1.86589E+00 9.46746E-04
 1.93728E+00 9.16224E-04
 2.00465E+00 8.97578E-04
 2.06863E+00 8.91060E-04
 2.12966E+00 9.01357E-04
 2.18824E+00 8.92646E-04
 2.24434E+00 9.00269E-04
 2.29865E+00 8.94724E-04
 2.35163E+00 8.87161E-04
 2.40301E+00 8.72750E-04
 2.45263E+00 8.65968E-04
 2.50128E+00 8.77723E-04
 2.54908E+00 8.81323E-04
 2.59583E+00 8.69421E-04
 2.64126E+00 8.77944E-04
 2.68601E+00 8.87857E-04
 2.72964E+00 8.96984E-04
 2.77275E+00 9.18257E-04
 2.81545E+00 9.05343E-04
 2.85755E+00 9.04532E-04
 2.89916E+00 9.12137E-04
 2.94036E+00 9.01937E-04
 2.98057E+00 8.98816E-04
 3.02056E+00 9.01190E-04
 3.06011E+00 9.07320E-04
 3.09919E+00 9.07525E-04
 3.13838E+00 9.10691E-04
 3.17691E+00 9.15510E-04
 3.21512E+00 9.09350E-04
 3.25272E+00 9.12145E-04
 3.29039E+00 9.21696E-04
 3.32751E+00 9.36110E-04
 3.36489E+00 9.34463E-04
 3.40157E+00 9.46409E-04
 3.43801E+00 9.42662E-04
 3.47446E+00 9.47020E-04
 3.51054E+00 9.51892E-04
 3.54645E+00 9.52616E-04
 3.58244E+00 9.64121E-04
 3.61805E+00 9.75299E-04
 3.65369E+00 9.63909E-04
 3.68946E+00 9.67487E-04
 3.72493E+00 9.63098E-04
 3.76012E+00 9.63362E-04
 3.79523E+00 9.83293E-04
 3.83040E+00 9.83318E-04
 3.86566E+00 9.91752E-04
 3.90082E+00 9.97313E-04
 3.93561E+00 9.89626E-04
 3.97074E+00 9.98350E-04
 4.00531E+00 9.90531E-04
 4.04028E+00 9.83609E-04
 4.07492E+00 9.83826E-04
 4.10939E+00 9.88330E-04
 4.14397E+00 9.90756E-04
 4.17826E+00 1.00285E-03
 4.21303E+00 1.00430E-03
 4.24779E+00 9.98524E-04
 4.28244E+00 1.01102E-03
 4.31697E+00 1.01014E-03
 4.35163E+00 1.01621E-03
 4.38639E+00 1.00726E-03
 4.42101E+00 1.01078E-03
 4.45578E+00 1.01202E-03
 4.49029E+00 1.01028E-03
 4.52499E+00 1.01838E-03
 4.55978E+00 1.02611E-03
 4.59458E+00 1.03853E-03
 4.62980E+00 1.04242E-03
 4.66467E+00 1.04172E-03
 4.69966E+00 1.04485E-03
 4.73458E+00 1.05422E-03
 4.76960E+00 1.06242E-03
 4.80481E+00 1.05696E-03
 4.84003E+00 1.05543E-03
 4.87550E+00 1.06659E-03
 4.91116E+00 1.06845E-03
 4.94668E+00 1.07772E-03
 4.98237E+00 1.08131E-03
 5.01834E+00 1.09367E-03
 5.05426E+00 1.09959E-03
 5.09035E+00 1.08968E-03
 5.12651E+00 1.09322E-03
 5.16289E+00 1.09129E-03
 5.19934E+00 1.09359E-03
 5.23608E+00 1.10755E-03
 5.27298E+00 1.11862E-03
 5.30976E+00 1.11665E-03
 5.34660E+00 1.11528E-03
 5.38372E+00 1.11550E-03
 5.42135E+00 1.11609E-03
 5.45910E+00 1.13285E-03
 5.49725E+00 1.13504E-03
 5.53524E+00 1.14182E-03
 5.57335E+00 1.13509E-03
 5.61192E+00 1.15095E-03
 5.65070E+00 1.16690E-03
 5.68942E+00 1.16346E-03
 5.72848E+00 1.17074E-03
 5.76767E+00 1.17179E-03
 5.80755E+00 1.17604E-03
 5.84740E+00 1.18093E-03
 5.88768E+00 1.19082E-03
 5.92813E+00 1.21521E-03
 5.96895E+00 1.23113E-03
 6.00981E+00 1.22376E-03
 6.05091E+00 1.23879E-03
 6.09259E+00 1.23294E-03
 6.13404E+00 1.24172E-03
 6.17603E+00 1.25509E-03
 6.21820E+00 1.26742E-03
 6.26104E+00 1.27948E-03
 6.30435E+00 1.27625E-03
 6.34810E+00 1.27452E-03
 6.39174E+00 1.29141E-03
 6.43581E+00 1.30443E-03
 6.48025E+00 1.31391E-03
 6.52526E+00 1.31827E-03
 6.57060E+00 1.30052E-03
 6.61653E+00 1.31848E-03
 6.66260E+00 1.33494E-03
 6.70955E+00 1.36560E-03
 6.75695E+00 1.36535E-03
 6.80466E+00 1.37849E-03
 6.85310E+00 1.38523E-03
 6.90192E+00 1.38774E-03
 6.95106E+00 1.39224E-03
 7.00080E+00 1.39738E-03
 7.05121E+00 1.41203E-03
 7.10274E+00 1.44111E-03
 7.15489E+00 1.45409E-03
 7.20692E+00 1.48381E-03
 7.26009E+00 1.51138E-03
 7.31370E+00 1.50995E-03
 7.36734E+00 1.53053E-03
 7.42258E+00 1.54800E-03
 7.47886E+00 1.55048E-03
 7.53563E+00 1.59118E-03
 7.59364E+00 1.59779E-03
 7.65217E+00 1.62069E-03
 7.71127E+00 1.63366E-03
 7.77124E+00 1.66099E-03
 7.83213E+00 1.67773E-03
 7.89399E+00 1.68664E-03
 7.95725E+00 1.68704E-03
 8.02177E+00 1.70661E-03
 8.08737E+00 1.70736E-03
 8.15363E+00 1.68388E-03
 8.22108E+00 1.71869E-03
 8.29023E+00 1.75235E-03
 8.36003E+00 1.77220E-03
 8.43216E+00 1.81660E-03
 8.50548E+00 1.81956E-03
 8.58066E+00 1.86698E-03
 8.65769E+00 1.89745E-03
 8.73665E+00 1.91073E-03
 8.81719E+00 1.95565E-03
 8.89955E+00 1.99781E-03
 8.98404E+00 2.02092E-03
 9.07038E+00 2.02670E-03
 9.15935E+00 2.03638E-03
 9.25128E+00 2.07748E-03
 9.34598E+00 2.11021E-03
 9.44272E+00 2.11053E-03
 9.54325E+00 2.15997E-03
 9.64581E+00 2.18656E-03
 9.75240E+00 2.20430E-03
 9.86162E+00 2.23787E-03
 9.97539E+00 2.31211E-03
 1.00939E+01 2.35708E-03
 1.02173E+01 2.41906E-03
 1.03470E+01 2.47459E-03
 1.04816E+01 2.53028E-03
 1.06207E+01 2.57135E-03
 1.07675E+01 2.66210E-03
 1.09213E+01 2.74253E-03
 1.10851E+01 2.83873E-03
 1.12581E+01 2.97277E-03
 1.14423E+01 3.07273E-03
 1.16376E+01 3.18877E-03
 1.18496E+01 3.28809E-03
 1.20743E+01 3.40891E-03
 1.23220E+01 3.56927E-03
 1.25968E+01 3.71754E-03
 1.29027E+01 4.01659E-03
 1.32430E+01 4.13751E-03
 1.36387E+01 4.45219E-03
 1.40983E+01 4.81189E-03
 1.46569E+01 5.43353E-03
 1.53672E+01 6.06709E-03
 1.63587E+01 7.30259E-03
 1.66162E+01 7.61528E-03
 1.68994E+01 8.17015E-03
 1.72169E+01 9.00168E-03
 1.75842E+01 9.60880E-03
 1.80134E+01 1.11134E-02
 1.85495E+01 1.24004E-02
 1.92289E+01 1.40694E-02
 2.01720E+01 1.66954E-02
 2.17872E+01 2.11861E-02
 2.33623E+01 2.86585E-02
 2.54201E+01 4.79296E-02
 2.69953E+01 6.66946E-02
 tr1-02-0 2 1
  1.3008 0.005551
  1.4349 0.004731
  1.6454 0.003619
  1.8419 0.003203
  2.0786 0.002569
  2.2409 0.002381
  2.3679 0.002209
  2.4734 0.002091
  2.5647 0.002007
  2.6472 0.001906
  2.7217 0.001910
  2.7902 0.001870
  2.8527 0.001811
  3.1180 0.001723
  3.3283 0.001648
  3.5091 0.001548
  3.6680 0.001544
  3.8099 0.001533
  3.9404 0.001524
  4.0612 0.001485
  4.1739 0.001480
  4.2813 0.001423
  4.3834 0.001429
  4.4795 0.001465
  4.5728 0.001442
  4.6627 0.001413
  4.7489 0.001407
  4.8327 0.001408
  4.9139 0.001409
  4.9924 0.001424
  5.0695 0.001404
  5.1450 0.001402
  5.2183 0.001387
  5.2902 0.001399
  5.3602 0.001430
  5.4290 0.001433
  5.4965 0.001409
  5.5626 0.001428
  5.6283 0.001419
  5.6932 0.001407
  5.7562 0.001431
  5.8186 0.001430
  5.8805 0.001423
  5.9413 0.001420
  6.0015 0.001418
  6.0613 0.001416
  6.1205 0.001451
  6.1790 0.001431
  6.2367 0.001427
  6.2939 0.001430
  6.3505 0.001407
  6.4068 0.001411
  6.4627 0.001415
  6.5180 0.001432
  6.5731 0.001437
  6.6278 0.001430
  6.6816 0.001433
  6.7355 0.001427
  6.7895 0.001414
  6.8427 0.001437
  6.8955 0.001440
  6.9481 0.001425
  7.0004 0.001436
  7.0527 0.001448
  7.1050 0.001456
  7.1564 0.001474
  7.2082 0.001498
  7.2596 0.001497
  7.3109 0.001510
  7.3618 0.001530
  7.4125 0.001528
  7.4634 0.001544
  7.5139 0.001536
  7.5648 0.001524
  7.6150 0.001534
  7.6654 0.001527
  7.7154 0.001529
  7.7657 0.001537
  7.8160 0.001537
  7.8660 0.001531
  7.9159 0.001538
  7.9661 0.001547
  8.0159 0.001540
  8.0657 0.001545
  8.1162 0.001544
  8.1662 0.001535
  8.2167 0.001527
  8.2665 0.001530
  8.3164 0.001542
  8.3665 0.001545
  8.4164 0.001564
  8.4669 0.001575
  8.5172 0.001575
  8.5678 0.001579
  8.6184 0.001577
  8.6687 0.001571
  8.7191 0.001564
  8.7698 0.001570
  8.8204 0.001575
  8.8711 0.001587
  8.9216 0.001597
  8.9721 0.001611
  9.0233 0.001605
  9.0748 0.001610
  9.1264 0.001593
  9.1775 0.001601
  9.2289 0.001609
  9.2804 0.001629
  9.3321 0.001650
  9.3842 0.001646
  9.4365 0.001648
  9.4891 0.001641
  9.5417 0.001639
  9.5949 0.001663
  9.6483 0.001664
  9.7018 0.001679
  9.7555 0.001670
  9.8098 0.001660
  9.8638 0.001660
  9.9178 0.001680
  9.9720 0.001685
 10.0268 0.001690
 10.0819 0.001715
 10.1374 0.001758
 10.1936 0.001758
 10.2501 0.001776
 10.3068 0.001781
 10.3631 0.001775
 10.4208 0.001761
 10.4784 0.001763
 10.5366 0.001787
 10.5954 0.001793
 10.6541 0.001810
 10.7126 0.001822
 10.7718 0.001813
 10.8321 0.001793
 10.8927 0.001810
 10.9539 0.001827
 11.0159 0.001838
 11.0780 0.001833
 11.1406 0.001870
 11.2039 0.001884
 11.2678 0.001874
 11.3324 0.001885
 11.3967 0.001916
 11.4623 0.001924
 11.5288 0.001927
 11.5960 0.001933
 11.6639 0.001943
 11.7331 0.001952
 11.8029 0.001980
 11.8728 0.001997
 11.9435 0.001996
 12.0153 0.001997
 12.0886 0.002035
 12.1628 0.002066
 12.2377 0.002076
 12.3136 0.002099
 12.3905 0.002134
 12.4685 0.002152
 12.5474 0.002172
 12.6273 0.002173
 12.7088 0.002180
 12.7917 0.002214
 12.8762 0.002258
 12.9616 0.002239
 13.0476 0.002238
 13.1361 0.002290
 13.2267 0.002305
 13.3179 0.002292
 13.4104 0.002301
 13.5058 0.002319
 13.6035 0.002354
 13.7031 0.002376
 13.8053 0.002393
 13.9094 0.002413
 14.0152 0.002450
 14.1243 0.002432
 14.2356 0.002462
 14.3503 0.002467
 14.4679 0.002513
 14.5880 0.002510
 14.7118 0.002562
 14.8403 0.002570
 14.9721 0.002681
 15.1078 0.002742
 15.2488 0.002721
 15.3957 0.002767
 15.5470 0.002890
 15.7046 0.002908
 15.8683 0.002914
 16.0399 0.002995
 16.2204 0.003093
 16.4093 0.003199
 16.6071 0.003279
 16.8178 0.003415
 17.0414 0.003564
 17.2783 0.003701
 17.5339 0.003805
 17.8078 0.003980
 18.1060 0.004211
 18.4326 0.004476
 18.7913 0.004585
 19.1990 0.004835
 19.6603 0.005205
 20.1984 0.005785
 20.8590 0.006504
 21.6964 0.007341
 22.8435 0.009038
 23.1345 0.009470
 23.4718 0.010101
 23.8406 0.010581
 24.2585 0.011172
 24.7548 0.011924
 25.3475 0.013196
 26.1022 0.014783
 27.1771 0.017374
 28.9978 0.024048
 30.8199 0.033722
 33.1632 0.054233
 34.8770 0.075884
tr1s-02-0 2 1
  2.5383 0.007564
  2.7244 0.006017
  3.0149 0.004731
  3.2809 0.004043
  3.5885 0.003402
  3.7912 0.002991
  3.9449 0.002657
  4.0737 0.002529
  4.1845 0.002418
  4.2820 0.002310
  4.3701 0.002262
  4.4494 0.002192
  4.5232 0.002146
  4.8273 0.001898
  5.0672 0.001754
  5.2696 0.001692
  5.4450 0.001648
  5.6012 0.001645
  5.7438 0.001611
  5.8763 0.001567
  5.9985 0.001537
  6.1139 0.001569
  6.2236 0.001563
  6.3275 0.001570
  6.4268 0.001572
  6.5231 0.001576
  6.6161 0.001575
  6.7045 0.001539
  6.7908 0.001524
  6.8738 0.001503
  6.9541 0.001481
  7.0332 0.001468
  7.1101 0.001491
  7.1851 0.001452
  7.2587 0.001458
  7.3311 0.001454
  7.4020 0.001438
  7.4716 0.001455
  7.5398 0.001421
  7.6064 0.001415
  7.6727 0.001426
  7.7379 0.001443
  7.8018 0.001433
  7.8650 0.001447
  7.9274 0.001454
  7.9889 0.001455
  8.0502 0.001439
  8.1105 0.001450
  8.1702 0.001443
  8.2292 0.001450
  8.2881 0.001466
  8.3462 0.001475
  8.4036 0.001481
  8.4605 0.001505
  8.5178 0.001493
  8.5743 0.001479
  8.6299 0.001471
  8.6856 0.001487
  8.7404 0.001488
  8.7950 0.001490
  8.8496 0.001487
  8.9041 0.001481
  8.9583 0.001480
  9.0120 0.001502
  9.0653 0.001509
  9.1181 0.001501
  9.1710 0.001478
  9.2237 0.001477
  9.2762 0.001483
  9.3284 0.001490
  9.3803 0.001499
  9.4325 0.001498
  9.4835 0.001506
  9.5357 0.001504
  9.5872 0.001500
  9.6385 0.001523
  9.6900 0.001523
  9.7416 0.001533
  9.7928 0.001542
  9.8439 0.001557
  9.8951 0.001570
  9.9461 0.001586
  9.9970 0.001574
 10.0479 0.001564
 10.0987 0.001569
 10.1494 0.001580
 10.2005 0.001593
 10.2514 0.001592
 10.3024 0.001594
 10.3533 0.001584
 10.4044 0.001578
 10.4556 0.001608
 10.5067 0.001606
 10.5579 0.001607
 10.6089 0.001597
 10.6601 0.001613
 10.7116 0.001628
 10.7629 0.001635
 10.8143 0.001620
 10.8659 0.001637
 10.9173 0.001649
 10.9691 0.001649
 11.0211 0.001652
 11.0730 0.001651
 11.1254 0.001638
 11.1775 0.001653
 11.2299 0.001651
 11.2829 0.001675
 11.3359 0.001669
 11.3887 0.001691
 11.4417 0.001704
 11.4949 0.001722
 11.5486 0.001712
 11.6023 0.001707
 11.6564 0.001722
 11.7105 0.001737
 11.7653 0.001755
 11.8197 0.001768
 11.8748 0.001770
 11.9304 0.001768
 11.9863 0.001762
 12.0423 0.001770
 12.0986 0.001767
 12.1549 0.001772
 12.2114 0.001792
 12.2688 0.001805
 12.3259 0.001816
 12.3840 0.001825
 12.4425 0.001838
 12.5014 0.001845
 12.5602 0.001863
 12.6196 0.001862
 12.6795 0.001873
 12.7394 0.001898
 12.8002 0.001901
 12.8610 0.001915
 12.9228 0.001924
 12.9846 0.001941
 13.0473 0.001970
 13.1104 0.001973
 13.1744 0.001971
 13.2393 0.001987
 13.3048 0.001968
 13.3705 0.001963
 13.4368 0.001943
 13.5037 0.001952
 13.5711 0.001956
 13.6398 0.001948
 13.7088 0.001940
 13.7784 0.001971
 13.8494 0.001975
 13.9204 0.001996
 13.9923 0.002001
 14.0652 0.002019
 14.1395 0.002049
 14.2145 0.002077
 14.2906 0.002077
 14.3671 0.002101
 14.4449 0.002132
 14.5248 0.002137
 14.6050 0.002112
 14.6864 0.002123
 14.7694 0.002136
 14.8530 0.002143
 14.9381 0.002143
 15.0245 0.002145
 15.1127 0.002163
 15.2027 0.002182
 15.2943 0.002234
 15.3877 0.002294
 15.4833 0.002316
 15.5803 0.002360
 15.6792 0.002376
 15.7793 0.002425
 15.8816 0.002471
 15.9864 0.002525
 16.0940 0.002599
 16.2055 0.002622
 16.3190 0.002666
 16.4358 0.002673
 16.5545 0.002668
 16.6767 0.002724
 16.8033 0.002760
 16.9331 0.002806
 17.0667 0.002837
 17.2060 0.002891
 17.3490 0.002937
 17.4979 0.002981
 17.6520 0.003015
 17.8132 0.003073
 17.9797 0.003194
 18.1547 0.003298
 18.3385 0.003392
 18.5305 0.003492
 18.7317 0.003589
 18.9452 0.003711
 19.1716 0.003917
 19.4127 0.004054
 19.6711 0.004185
 19.9517 0.004286
 20.2543 0.004413
 20.5872 0.004581
 20.9557 0.004798
 21.3706 0.005178
 21.8469 0.005570
 22.3999 0.006080
 23.0649 0.006673
 23.9076 0.007348
 25.0825 0.008827
 25.3818 0.009120
 25.7124 0.009540
 26.0851 0.010002
 26.5102 0.010853
 27.0127 0.012189
 27.6175 0.013829
 28.3905 0.015246
 29.4841 0.018521
 31.3464 0.025174
 33.1388 0.035658
 35.4673 0.055654
 37.2428 0.073787
 tr2-02-0 2 1
  2.5703 0.009664
  2.8078 0.008657
  3.1981 0.006528
  3.5376 0.005035
  3.9397 0.004327
  4.2059 0.003870
  4.4130 0.003521
  4.5857 0.003352
  4.7342 0.003183
  4.8660 0.003016
  4.9831 0.002963
  5.0892 0.002808
  5.1879 0.002823
  5.5962 0.002689
  5.9184 0.002598
  6.1872 0.002456
  6.4219 0.002314
  6.6319 0.002336
  6.8212 0.002306
  6.9962 0.002273
  7.1596 0.002260
  7.3125 0.002224
  7.4554 0.002165
  7.5918 0.002137
  7.7214 0.002044
  7.8457 0.002038
  7.9649 0.002042
  8.0811 0.002012
  8.1927 0.001980
  8.3006 0.001977
  8.4058 0.001978
  8.5083 0.001966
  8.6079 0.001982
  8.7051 0.001952
  8.7998 0.001911
  8.8927 0.001865
  8.9833 0.001841
  9.0717 0.001829
  9.1586 0.001787
  9.2441 0.001780
  9.3282 0.001789
  9.4107 0.001780
  9.4916 0.001775
  9.5722 0.001767
  9.6509 0.001766
  9.7287 0.001761
  9.8058 0.001747
  9.8816 0.001774
  9.9566 0.001776
 10.0310 0.001772
 10.1044 0.001775
 10.1773 0.001787
 10.2488 0.001785
 10.3195 0.001788
 10.3894 0.001806
 10.4592 0.001813
 10.5289 0.001837
 10.5977 0.001836
 10.6660 0.001827
 10.7341 0.001816
 10.8019 0.001822
 10.8687 0.001821
 10.9359 0.001806
 11.0022 0.001775
 11.0679 0.001765
 11.1331 0.001769
 11.1978 0.001770
 11.2626 0.001778
 11.3266 0.001774
 11.3907 0.001779
 11.4545 0.001752
 11.5179 0.001752
 11.5814 0.001743
 11.6444 0.001748
 11.7073 0.001751
 11.7703 0.001744
 11.8328 0.001745
 11.8948 0.001748
 11.9569 0.001739
 12.0193 0.001733
 12.0815 0.001735
 12.1435 0.001725
 12.2057 0.001720
 12.2678 0.001726
 12.3292 0.001721
 12.3911 0.001735
 12.4528 0.001734
 12.5141 0.001705
 12.5757 0.001708
 12.6368 0.001729
 12.6982 0.001725
 12.7594 0.001730
 12.8204 0.001734
 12.8815 0.001745
 12.9433 0.001748
 13.0048 0.001739
 13.0660 0.001730
 13.1277 0.001741
 13.1890 0.001733
 13.2509 0.001771
 13.3126 0.001789
 13.3744 0.001817
 13.4365 0.001809
 13.4981 0.001797
 13.5602 0.001822
 13.6223 0.001822
 13.6843 0.001832
 13.7461 0.001840
 13.8085 0.001833
 13.8713 0.001853
 13.9343 0.001864
 13.9975 0.001875
 14.0607 0.001876
 14.1241 0.001892
 14.1876 0.001891
 14.2513 0.001896
 14.3153 0.001904
 14.3800 0.001913
 14.4449 0.001940
 14.5101 0.001925
 14.5757 0.001931
 14.6415 0.001938
 14.7078 0.001951
 14.7740 0.001949
 14.8407 0.001953
 14.9076 0.001951
 14.9749 0.001943
 15.0428 0.001946
 15.1116 0.001963
 15.1800 0.001958
 15.2488 0.001965
 15.3183 0.001946
 15.3884 0.001935
 15.4584 0.001945
 15.5292 0.001975
 15.6005 0.002001
 15.6717 0.002007
 15.7434 0.002008
 15.8162 0.002026
 15.8904 0.002049
 15.9645 0.002083
 16.0392 0.002108
 16.1144 0.002121
 16.1907 0.002147
 16.2678 0.002160
 16.3447 0.002190
 16.4227 0.002187
 16.5014 0.002222
 16.5810 0.002237
 16.6613 0.002246
 16.7423 0.002233
 16.8250 0.002277
 16.9075 0.002323
 16.9919 0.002327
 17.0770 0.002365
 17.1628 0.002387
 17.2494 0.002384
 17.3370 0.002407
 17.4268 0.002429
 17.5173 0.002467
 17.6088 0.002482
 17.7019 0.002501
 17.7961 0.002537
 17.8913 0.002551
 17.9886 0.002566
 18.0875 0.002582
 18.1883 0.002618
 18.2908 0.002651
 18.3952 0.002713
 18.5005 0.002735
 18.6076 0.002792
 18.7171 0.002837
 18.8291 0.002864
 18.9428 0.002888
 19.0590 0.002915
 19.1775 0.002896
 19.3002 0.002963
 19.4250 0.003011
 19.5537 0.003034
 19.6846 0.003029
 19.8195 0.003101
 19.9581 0.003084
 20.1006 0.003080
 20.2468 0.003076
 20.3972 0.003096
 20.5534 0.003146
 20.7139 0.003207
 20.8808 0.003245
 21.0533 0.003301
 21.2340 0.003317
 21.4224 0.003354
 21.6178 0.003497
 21.8218 0.003496
 22.0349 0.003444
 22.2597 0.003501
 22.4966 0.003573
 22.7489 0.003735
 23.0145 0.003919
 23.2994 0.004097
 23.6093 0.004339
 23.9445 0.004494
 24.3087 0.004750
 24.7106 0.004971
 25.1637 0.005301
 25.6790 0.005798
 26.2800 0.006228
 27.0078 0.007042
 27.9329 0.007864
 29.1944 0.009925
 29.5183 0.010291
 29.8744 0.010949
 30.2850 0.011833
 30.7456 0.012744
 31.2844 0.013811
 31.9304 0.015235
 32.7758 0.017398
 33.9557 0.020566
 35.9359 0.028222
 37.8103 0.038060
 40.2629 0.056543
 42.1275 0.078799
tr2s-02-0 2 1
  4.6213 0.012175
  4.9073 0.009674
  5.3361 0.007174
  5.7174 0.005596
  6.1485 0.004447
  6.4271 0.003747
  6.6388 0.003368
  6.8178 0.003353
  6.9679 0.003221
  7.0978 0.003074
  7.2164 0.002994
  7.3218 0.002961
  7.4196 0.002897
  7.8220 0.002713
  8.1360 0.002451
  8.3979 0.002300
  8.6246 0.002229
  8.8270 0.002255
  9.0106 0.002160
  9.1811 0.002101
  9.3375 0.002065
  9.4845 0.002058
  9.6230 0.001973
  9.7543 0.001933
  9.8805 0.001925
 10.0001 0.001942
 10.1157 0.001938
 10.2271 0.001965
 10.3345 0.001940
 10.4385 0.001939
 10.5394 0.001924
 10.6366 0.001914
 10.7316 0.001915
 10.8251 0.001880
 10.9161 0.001867
 11.0047 0.001842
 11.0905 0.001810
 11.1758 0.001805
 11.2592 0.001825
 11.3418 0.001793
 11.4233 0.001802
 11.5024 0.001813
 11.5809 0.001821
 11.6583 0.001839
 11.7344 0.001832
 11.8088 0.001838
 11.8828 0.001815
 11.9561 0.001830
 12.0285 0.001838
 12.0999 0.001840
 12.1717 0.001829
 12.2416 0.001807
 12.3110 0.001814
 12.3807 0.001815
 12.4495 0.001820
 12.5172 0.001827
 12.5844 0.001835
 12.6515 0.001822
 12.7178 0.001823
 12.7834 0.001818
 12.8491 0.001794
 12.9146 0.001808
 12.9792 0.001802
 13.0438 0.001808
 13.1072 0.001822
 13.1705 0.001811
 13.2330 0.001813
 13.2957 0.001814
 13.3587 0.001824
 13.4212 0.001820
 13.4826 0.001825
 13.5447 0.001808
 13.6063 0.001838
 13.6679 0.001831
 13.7292 0.001840
 13.7899 0.001842
 13.8508 0.001837
 13.9115 0.001863
 13.9725 0.001851
 14.0331 0.001841
 14.0933 0.001827
 14.1538 0.001840
 14.2142 0.001842
 14.2745 0.001848
 14.3347 0.001857
 14.3948 0.001859
 14.4550 0.001857
 14.5149 0.001873
 14.5747 0.001874
 14.6344 0.001881
 14.6941 0.001879
 14.7542 0.001866
 14.8144 0.001837
 14.8739 0.001846
 14.9341 0.001847
 14.9934 0.001857
 15.0540 0.001874
 15.1140 0.001876
 15.1742 0.001849
 15.2345 0.001849
 15.2951 0.001852
 15.3559 0.001874
 15.4161 0.001885
 15.4766 0.001897
 15.5379 0.001908
 15.5992 0.001932
 15.6599 0.001932
 15.7215 0.001928
 15.7830 0.001935
 15.8445 0.001955
 15.9067 0.001969
 15.9687 0.001980
 16.0311 0.001997
 16.0937 0.001999
 16.1562 0.002007
 16.2193 0.001988
 16.2826 0.002010
 16.3461 0.002011
 16.4097 0.002015
 16.4739 0.002022
 16.5385 0.002047
 16.6034 0.002043
 16.6688 0.002029
 16.7340 0.002042
 16.7997 0.002067
 16.8653 0.002075
 16.9320 0.002082
 16.9987 0.002086
 17.0656 0.002084
 17.1327 0.002101
 17.2009 0.002110
 17.2688 0.002123
 17.3377 0.002138
 17.4072 0.002145
 17.4769 0.002154
 17.5473 0.002162
 17.6182 0.002180
 17.6894 0.002146
 17.7613 0.002137
 17.8341 0.002129
 17.9073 0.002140
 17.9809 0.002140
 18.0555 0.002148
 18.1310 0.002173
 18.2065 0.002218
 18.2834 0.002233
 18.3607 0.002259
 18.4385 0.002284
 18.5173 0.002297
 18.5968 0.002324
 18.6770 0.002353
 18.7585 0.002364
 18.8409 0.002395
 18.9241 0.002436
 19.0084 0.002456
 19.0935 0.002508
 19.1802 0.002535
 19.2683 0.002525
 19.3564 0.002524
 19.4462 0.002549
 19.5371 0.002600
 19.6294 0.002606
 19.7234 0.002630
 19.8189 0.002627
 19.9158 0.002667
 20.0147 0.002714
 20.1150 0.002760
 20.2166 0.002798
 20.3195 0.002794
 20.4253 0.002821
 20.5331 0.002825
 20.6425 0.002808
 20.7541 0.002805
 20.8684 0.002832
 20.9846 0.002868
 21.1043 0.002842
 21.2260 0.002897
 21.3501 0.002972
 21.4771 0.002972
 21.6086 0.002988
 21.7429 0.003046
 21.8808 0.003078
 22.0226 0.003110
 22.1690 0.003126
 22.3190 0.003195
 22.4734 0.003244
 22.6346 0.003254
 22.8021 0.003310
 22.9733 0.003329
 23.1519 0.003407
 23.3383 0.003472
 23.5326 0.003586
 23.7375 0.003687
 23.9498 0.003724
 24.1746 0.003795
 24.4133 0.003868
 24.6642 0.003932
 24.9326 0.004014
 25.2194 0.004128
 25.5269 0.004311
 25.8624 0.004393
 26.2281 0.004494
 26.6323 0.004838
 27.0854 0.005188
 27.6068 0.005508
 28.2126 0.006131
 28.9410 0.007133
 29.8643 0.008086
 31.1323 0.009670
 31.4558 0.010323
 31.8186 0.010873
 32.2267 0.011362
 32.6957 0.012225
 33.2389 0.013099
 33.8882 0.014294
 34.7375 0.016639
 35.9419 0.019874
 37.8899 0.027440
 39.8059 0.037073
 42.2295 0.060335
 44.0124 0.078275
