Copyright (C) 1998 James G. MacKinnon, Alfred A. Haug, and Leo Michelis.
 lm0-09-5 3 1
 36.3067 0.055479
 37.1246 0.042252
 38.2812 0.029680
 39.1920 0.022613
 40.2051 0.018305
 40.8315 0.015725
 41.3014 0.013792
 41.6872 0.012943
 41.9976 0.012159
 42.2779 0.011512
 42.5248 0.010965
 42.7461 0.010370
 42.9501 0.009989
 43.7763 0.008855
 44.4097 0.008128
 44.9232 0.007447
 45.3652 0.007065
 45.7539 0.006841
 46.1032 0.006556
 46.4237 0.006312
 46.7155 0.006210
 46.9871 0.006112
 47.2406 0.006142
 47.4795 0.006193
 47.7086 0.006086
 47.9263 0.006001
 48.1317 0.005862
 48.3290 0.005764
 48.5203 0.005660
 48.7040 0.005643
 48.8827 0.005619
 49.0526 0.005621
 49.2195 0.005627
 49.3818 0.005588
 49.5388 0.005514
 49.6917 0.005408
 49.8426 0.005359
 49.9891 0.005331
 50.1323 0.005289
 50.2739 0.005187
 50.4108 0.005107
 50.5447 0.005078
 50.6764 0.005040
 50.8082 0.005039
 50.9379 0.004978
 51.0640 0.004966
 51.1894 0.005038
 51.3118 0.005031
 51.4326 0.004991
 51.5523 0.004911
 51.6720 0.004872
 51.7879 0.004858
 51.9027 0.004852
 52.0171 0.004819
 52.1288 0.004744
 52.2404 0.004719
 52.3514 0.004661
 52.4626 0.004641
 52.5719 0.004704
 52.6787 0.004727
 52.7848 0.004744
 52.8901 0.004745
 52.9963 0.004726
 53.1006 0.004733
 53.2046 0.004763
 53.3079 0.004705
 53.4095 0.004667
 53.5119 0.004657
 53.6123 0.004681
 53.7137 0.004590
 53.8129 0.004619
 53.9118 0.004581
 54.0099 0.004593
 54.1085 0.004537
 54.2065 0.004570
 54.3048 0.004560
 54.4017 0.004552
 54.4991 0.004552
 54.5947 0.004545
 54.6912 0.004551
 54.7872 0.004563
 54.8827 0.004531
 54.9790 0.004584
 55.0730 0.004628
 55.1674 0.004610
 55.2622 0.004589
 55.3577 0.004563
 55.4511 0.004584
 55.5458 0.004590
 55.6389 0.004597
 55.7323 0.004576
 55.8253 0.004580
 55.9184 0.004531
 56.0112 0.004497
 56.1040 0.004467
 56.1969 0.004482
 56.2902 0.004480
 56.3839 0.004502
 56.4779 0.004529
 56.5723 0.004532
 56.6643 0.004565
 56.7564 0.004568
 56.8494 0.004550
 56.9420 0.004548
 57.0347 0.004573
 57.1291 0.004600
 57.2241 0.004633
 57.3183 0.004660
 57.4120 0.004656
 57.5078 0.004705
 57.6026 0.004683
 57.6966 0.004664
 57.7922 0.004618
 57.8876 0.004627
 57.9828 0.004601
 58.0786 0.004646
 58.1756 0.004580
 58.2725 0.004619
 58.3685 0.004701
 58.4652 0.004673
 58.5621 0.004740
 58.6591 0.004754
 58.7565 0.004726
 58.8560 0.004763
 58.9542 0.004759
 59.0537 0.004764
 59.1534 0.004788
 59.2534 0.004832
 59.3535 0.004834
 59.4554 0.004845
 59.5551 0.004904
 59.6576 0.004954
 59.7597 0.004987
 59.8629 0.005062
 59.9674 0.005136
 60.0719 0.005120
 60.1761 0.005133
 60.2831 0.005139
 60.3888 0.005159
 60.4946 0.005132
 60.6031 0.005170
 60.7109 0.005187
 60.8204 0.005168
 60.9306 0.005192
 61.0414 0.005223
 61.1544 0.005248
 61.2689 0.005273
 61.3826 0.005385
 61.4982 0.005454
 61.6152 0.005447
 61.7330 0.005420
 61.8514 0.005425
 61.9706 0.005452
 62.0921 0.005464
 62.2157 0.005496
 62.3413 0.005500
 62.4670 0.005471
 62.5940 0.005472
 62.7229 0.005465
 62.8540 0.005476
 62.9870 0.005441
 63.1222 0.005444
 63.2587 0.005453
 63.3958 0.005460
 63.5361 0.005537
 63.6766 0.005589
 63.8219 0.005674
 63.9681 0.005831
 64.1155 0.005838
 64.2653 0.005776
 64.4196 0.005898
 64.5759 0.005973
 64.7366 0.006081
 64.8981 0.006106
 65.0636 0.006156
 65.2335 0.006268
 65.4073 0.006489
 65.5823 0.006609
 65.7637 0.006694
 65.9485 0.006806
 66.1374 0.006938
 66.3326 0.007008
 66.5338 0.007060
 66.7395 0.007257
 66.9521 0.007413
 67.1721 0.007563
 67.3970 0.007664
 67.6302 0.007687
 67.8741 0.007931
 68.1272 0.008055
 68.3875 0.008076
 68.6603 0.008197
 68.9443 0.008414
 69.2399 0.008731
 69.5546 0.008767
 69.8797 0.008944
 70.2308 0.009130
 70.5995 0.009316
 70.9963 0.009628
 71.4194 0.010066
 71.8832 0.010476
 72.3888 0.011185
 72.9375 0.011791
 73.5574 0.012538
 74.2681 0.013350
 75.0861 0.014146
 76.0663 0.015803
 77.2872 0.017592
 78.9675 0.020156
 79.3953 0.021565
 79.8847 0.023662
 80.4162 0.025646
 81.0267 0.027458
 81.7481 0.029415
 82.6123 0.032298
 83.7038 0.036994
 85.2192 0.042934
 87.8372 0.059954
 90.3154 0.085576
 93.5091 0.118518
 95.9548 0.170369
 lm1-09-5 3 1
 38.8339 0.056157
 39.6334 0.042112
 40.7980 0.030112
 41.7124 0.022004
 42.7123 0.017071
 43.3692 0.014692
 43.8550 0.013478
 44.2559 0.012425
 44.5894 0.011598
 44.8742 0.011296
 45.1386 0.011027
 45.3686 0.010632
 45.5763 0.010340
 46.4310 0.009147
 47.0703 0.008290
 47.6001 0.007913
 48.0542 0.007431
 48.4497 0.007163
 48.8033 0.006893
 49.1273 0.006733
 49.4250 0.006543
 49.7011 0.006341
 49.9618 0.006161
 50.2119 0.005976
 50.4445 0.005880
 50.6674 0.005760
 50.8785 0.005736
 51.0779 0.005684
 51.2737 0.005634
 51.4629 0.005569
 51.6438 0.005556
 51.8190 0.005473
 51.9904 0.005461
 52.1568 0.005434
 52.3178 0.005354
 52.4749 0.005321
 52.6294 0.005238
 52.7787 0.005335
 52.9268 0.005273
 53.0721 0.005299
 53.2115 0.005306
 53.3487 0.005273
 53.4849 0.005169
 53.6179 0.005111
 53.7499 0.005076
 53.8780 0.005105
 54.0063 0.005089
 54.1302 0.004972
 54.2540 0.004939
 54.3765 0.004903
 54.4966 0.004911
 54.6166 0.004883
 54.7351 0.004874
 54.8503 0.004795
 54.9650 0.004809
 55.0795 0.004812
 55.1917 0.004837
 55.3053 0.004805
 55.4184 0.004770
 55.5274 0.004718
 55.6353 0.004712
 55.7424 0.004663
 55.8486 0.004692
 55.9555 0.004685
 56.0609 0.004722
 56.1674 0.004735
 56.2720 0.004771
 56.3752 0.004774
 56.4791 0.004800
 56.5829 0.004711
 56.6851 0.004711
 56.7866 0.004660
 56.8870 0.004719
 56.9884 0.004718
 57.0886 0.004765
 57.1868 0.004784
 57.2852 0.004791
 57.3839 0.004786
 57.4821 0.004799
 57.5801 0.004747
 57.6789 0.004778
 57.7765 0.004785
 57.8742 0.004736
 57.9714 0.004724
 58.0672 0.004692
 58.1625 0.004714
 58.2586 0.004697
 58.3544 0.004695
 58.4500 0.004728
 58.5460 0.004742
 58.6430 0.004732
 58.7390 0.004738
 58.8337 0.004798
 58.9299 0.004731
 59.0242 0.004752
 59.1211 0.004712
 59.2160 0.004753
 59.3114 0.004679
 59.4064 0.004716
 59.5015 0.004662
 59.5966 0.004648
 59.6923 0.004642
 59.7884 0.004661
 59.8837 0.004640
 59.9792 0.004699
 60.0747 0.004722
 60.1694 0.004716
 60.2652 0.004742
 60.3617 0.004731
 60.4576 0.004760
 60.5547 0.004784
 60.6512 0.004886
 60.7486 0.004807
 60.8443 0.004763
 60.9417 0.004783
 61.0386 0.004837
 61.1366 0.004878
 61.2363 0.004893
 61.3348 0.004832
 61.4331 0.004881
 61.5318 0.004856
 61.6314 0.004875
 61.7313 0.004884
 61.8303 0.004871
 61.9312 0.004921
 62.0323 0.004908
 62.1338 0.004947
 62.2366 0.004951
 62.3403 0.005025
 62.4439 0.005014
 62.5493 0.005015
 62.6537 0.005022
 62.7578 0.005063
 62.8624 0.005084
 62.9696 0.005158
 63.0751 0.005188
 63.1826 0.005205
 63.2919 0.005245
 63.4005 0.005283
 63.5105 0.005276
 63.6220 0.005270
 63.7338 0.005317
 63.8452 0.005354
 63.9590 0.005327
 64.0725 0.005357
 64.1859 0.005380
 64.3032 0.005394
 64.4195 0.005404
 64.5377 0.005492
 64.6561 0.005538
 64.7763 0.005568
 64.8990 0.005588
 65.0229 0.005608
 65.1481 0.005662
 65.2738 0.005653
 65.4000 0.005673
 65.5297 0.005749
 65.6586 0.005807
 65.7920 0.005914
 65.9257 0.006051
 66.0605 0.006011
 66.1950 0.006063
 66.3324 0.006093
 66.4715 0.006155
 66.6145 0.006228
 66.7580 0.006252
 66.9048 0.006299
 67.0537 0.006322
 67.2071 0.006372
 67.3612 0.006413
 67.5174 0.006470
 67.6751 0.006575
 67.8381 0.006674
 68.0043 0.006724
 68.1730 0.006772
 68.3476 0.006838
 68.5226 0.006780
 68.7053 0.006893
 68.8894 0.007014
 69.0794 0.007198
 69.2725 0.007264
 69.4701 0.007358
 69.6744 0.007464
 69.8852 0.007528
 70.1034 0.007592
 70.3281 0.007662
 70.5594 0.007735
 70.7972 0.007834
 71.0422 0.007916
 71.2963 0.007990
 71.5602 0.008222
 71.8397 0.008308
 72.1302 0.008482
 72.4322 0.008740
 72.7462 0.008942
 73.0790 0.009209
 73.4303 0.009514
 73.8033 0.009801
 74.2016 0.010123
 74.6367 0.010774
 75.1036 0.011237
 75.6152 0.011670
 76.1749 0.012387
 76.8053 0.013144
 77.5200 0.014004
 78.3583 0.014853
 79.3568 0.016662
 80.5988 0.018582
 82.3027 0.022041
 82.7483 0.022724
 83.2322 0.024326
 83.7713 0.025890
 84.4011 0.026757
 85.1419 0.028226
 86.0327 0.031240
 87.1476 0.036347
 88.6783 0.042265
 91.3339 0.061608
 93.8301 0.082017
 97.1042 0.128597
 99.6374 0.172065
lm1s-09-5 3 1
 39.5625 0.059192
 40.3601 0.042701
 41.5215 0.029190
 42.4485 0.022600
 43.4505 0.016948
 44.1119 0.014743
 44.6077 0.012831
 44.9986 0.012255
 45.3275 0.011817
 45.6166 0.011178
 45.8714 0.010734
 46.1046 0.010651
 46.3155 0.010311
 47.1683 0.009125
 47.8131 0.008273
 48.3462 0.007744
 48.7954 0.007487
 49.1935 0.007188
 49.5461 0.006836
 49.8692 0.006609
 50.1746 0.006314
 50.4507 0.006243
 50.7122 0.006040
 50.9574 0.005941
 51.1892 0.005802
 51.4106 0.005810
 51.6257 0.005686
 51.8272 0.005647
 52.0243 0.005692
 52.2126 0.005638
 52.3926 0.005608
 52.5701 0.005480
 52.7401 0.005504
 52.9060 0.005422
 53.0700 0.005370
 53.2263 0.005354
 53.3809 0.005303
 53.5299 0.005321
 53.6777 0.005293
 53.8218 0.005351
 53.9631 0.005343
 54.1012 0.005259
 54.2370 0.005228
 54.3718 0.005120
 54.5033 0.005113
 54.6332 0.005101
 54.7590 0.005103
 54.8832 0.005096
 55.0065 0.005023
 55.1274 0.004963
 55.2478 0.004935
 55.3682 0.004867
 55.4859 0.004831
 55.6017 0.004855
 55.7173 0.004861
 55.8310 0.004862
 55.9439 0.004849
 56.0558 0.004866
 56.1670 0.004843
 56.2763 0.004834
 56.3864 0.004810
 56.4935 0.004758
 56.6008 0.004730
 56.7081 0.004781
 56.8132 0.004814
 56.9190 0.004813
 57.0237 0.004740
 57.1275 0.004781
 57.2301 0.004788
 57.3323 0.004799
 57.4331 0.004855
 57.5358 0.004832
 57.6372 0.004861
 57.7370 0.004916
 57.8374 0.004926
 57.9382 0.004889
 58.0366 0.004850
 58.1353 0.004854
 58.2342 0.004802
 58.3334 0.004800
 58.4307 0.004775
 58.5279 0.004766
 58.6252 0.004814
 58.7219 0.004800
 58.8192 0.004765
 58.9149 0.004744
 59.0112 0.004724
 59.1060 0.004779
 59.2017 0.004768
 59.2974 0.004769
 59.3941 0.004752
 59.4891 0.004755
 59.5840 0.004732
 59.6804 0.004743
 59.7765 0.004726
 59.8719 0.004669
 59.9680 0.004739
 60.0617 0.004764
 60.1572 0.004799
 60.2526 0.004758
 60.3485 0.004762
 60.4426 0.004804
 60.5383 0.004791
 60.6340 0.004798
 60.7288 0.004782
 60.8259 0.004775
 60.9208 0.004814
 61.0169 0.004815
 61.1142 0.004839
 61.2114 0.004866
 61.3081 0.004861
 61.4045 0.004874
 61.5015 0.004898
 61.5983 0.004862
 61.6962 0.004844
 61.7945 0.004842
 61.8916 0.004855
 61.9907 0.004826
 62.0884 0.004879
 62.1861 0.004930
 62.2848 0.004964
 62.3843 0.004909
 62.4842 0.004927
 62.5854 0.004891
 62.6874 0.004906
 62.7894 0.004971
 62.8922 0.004970
 62.9953 0.004966
 63.0972 0.005028
 63.2001 0.005063
 63.3052 0.005119
 63.4105 0.005141
 63.5143 0.005158
 63.6199 0.005174
 63.7262 0.005153
 63.8326 0.005186
 63.9404 0.005168
 64.0479 0.005157
 64.1572 0.005210
 64.2669 0.005222
 64.3756 0.005328
 64.4870 0.005311
 64.5983 0.005373
 64.7120 0.005412
 64.8259 0.005427
 64.9412 0.005426
 65.0585 0.005422
 65.1761 0.005370
 65.2957 0.005425
 65.4145 0.005447
 65.5348 0.005490
 65.6565 0.005470
 65.7794 0.005520
 65.9026 0.005650
 66.0291 0.005687
 66.1563 0.005712
 66.2853 0.005771
 66.4143 0.005804
 66.5441 0.005907
 66.6768 0.005979
 66.8136 0.006000
 66.9480 0.006003
 67.0866 0.005996
 67.2273 0.006053
 67.3686 0.006104
 67.5127 0.006149
 67.6604 0.006240
 67.8091 0.006285
 67.9619 0.006362
 68.1143 0.006501
 68.2696 0.006483
 68.4300 0.006477
 68.5947 0.006502
 68.7620 0.006566
 68.9322 0.006636
 69.1055 0.006804
 69.2795 0.006964
 69.4603 0.007000
 69.6450 0.007161
 69.8332 0.007135
 70.0291 0.007253
 70.2302 0.007376
 70.4337 0.007502
 70.6429 0.007511
 70.8585 0.007539
 71.0824 0.007650
 71.3110 0.007696
 71.5481 0.007919
 71.7965 0.008080
 72.0506 0.008115
 72.3166 0.008334
 72.5939 0.008369
 72.8792 0.008696
 73.1832 0.008859
 73.5002 0.009130
 73.8327 0.009470
 74.1846 0.009635
 74.5637 0.009997
 74.9624 0.010388
 75.3970 0.010737
 75.8684 0.011099
 76.3738 0.011736
 76.9341 0.012375
 77.5665 0.012832
 78.2819 0.013757
 79.1198 0.014860
 80.1026 0.016525
 81.3501 0.018047
 83.0703 0.021950
 83.5031 0.022797
 83.9727 0.023926
 84.5223 0.025095
 85.1404 0.026527
 85.8798 0.028453
 86.7721 0.031382
 87.8859 0.035060
 89.4301 0.042048
 92.0377 0.060380
 94.6254 0.082803
 97.8198 0.127485
100.2686 0.171672
 lm2-09-5 3 1
 41.2192 0.057728
 42.0254 0.045344
 43.2584 0.031376
 44.2218 0.023851
 45.2937 0.016650
 45.9643 0.015420
 46.4549 0.014059
 46.8602 0.012906
 47.1976 0.012310
 47.4961 0.011757
 47.7610 0.011287
 47.9982 0.010939
 48.2168 0.010619
 49.0842 0.009606
 49.7401 0.008921
 50.2751 0.008297
 50.7373 0.007738
 51.1465 0.007482
 51.5071 0.007239
 51.8381 0.006886
 52.1456 0.006677
 52.4288 0.006577
 52.6956 0.006439
 52.9461 0.006306
 53.1865 0.006213
 53.4149 0.006072
 53.6317 0.006022
 53.8395 0.005930
 54.0365 0.005801
 54.2299 0.005751
 54.4126 0.005631
 54.5924 0.005527
 54.7654 0.005527
 54.9362 0.005563
 55.1010 0.005494
 55.2627 0.005580
 55.4202 0.005518
 55.5733 0.005579
 55.7223 0.005671
 55.8701 0.005687
 56.0140 0.005680
 56.1547 0.005625
 56.2920 0.005455
 56.4310 0.005358
 56.5645 0.005314
 56.6962 0.005162
 56.8267 0.005108
 56.9555 0.005076
 57.0827 0.005055
 57.2075 0.005044
 57.3301 0.005091
 57.4527 0.005045
 57.5737 0.005024
 57.6927 0.005051
 57.8098 0.005068
 57.9263 0.005032
 58.0419 0.005025
 58.1556 0.005021
 58.2680 0.004956
 58.3815 0.004930
 58.4936 0.004912
 58.6043 0.004901
 58.7139 0.004897
 58.8231 0.004836
 58.9295 0.004826
 59.0376 0.004821
 59.1440 0.004877
 59.2500 0.004868
 59.3547 0.004899
 59.4589 0.004879
 59.5629 0.004936
 59.6657 0.004917
 59.7698 0.004889
 59.8734 0.004915
 59.9751 0.004953
 60.0760 0.004922
 60.1783 0.004893
 60.2788 0.004876
 60.3810 0.004910
 60.4804 0.004970
 60.5798 0.004989
 60.6797 0.005004
 60.7790 0.004940
 60.8773 0.004910
 60.9760 0.004947
 61.0735 0.004953
 61.1708 0.004946
 61.2696 0.004974
 61.3680 0.005005
 61.4661 0.005022
 61.5630 0.005018
 61.6613 0.004979
 61.7591 0.005029
 61.8563 0.005025
 61.9540 0.005017
 62.0511 0.005016
 62.1469 0.005059
 62.2447 0.005083
 62.3423 0.005037
 62.4410 0.005026
 62.5376 0.005034
 62.6351 0.004999
 62.7314 0.005019
 62.8284 0.004971
 62.9249 0.005011
 63.0232 0.004998
 63.1213 0.005010
 63.2185 0.005038
 63.3167 0.005120
 63.4153 0.005093
 63.5126 0.005181
 63.6121 0.005181
 63.7125 0.005204
 63.8111 0.005210
 63.9088 0.005222
 64.0091 0.005225
 64.1094 0.005203
 64.2091 0.005225
 64.3086 0.005223
 64.4075 0.005227
 64.5097 0.005309
 64.6111 0.005283
 64.7134 0.005307
 64.8163 0.005336
 64.9173 0.005351
 65.0206 0.005400
 65.1234 0.005383
 65.2287 0.005448
 65.3339 0.005490
 65.4394 0.005516
 65.5445 0.005550
 65.6498 0.005561
 65.7574 0.005566
 65.8647 0.005577
 65.9720 0.005594
 66.0808 0.005554
 66.1891 0.005543
 66.2994 0.005547
 66.4106 0.005533
 66.5231 0.005607
 66.6344 0.005613
 66.7483 0.005600
 66.8634 0.005675
 66.9794 0.005714
 67.0957 0.005730
 67.2152 0.005757
 67.3343 0.005787
 67.4535 0.005820
 67.5741 0.005821
 67.6955 0.005899
 67.8171 0.005923
 67.9437 0.006015
 68.0687 0.006083
 68.1952 0.006127
 68.3238 0.006082
 68.4533 0.006097
 68.5831 0.006198
 68.7159 0.006160
 68.8499 0.006228
 68.9846 0.006262
 69.1220 0.006345
 69.2601 0.006471
 69.4003 0.006460
 69.5436 0.006542
 69.6884 0.006600
 69.8331 0.006696
 69.9816 0.006806
 70.1343 0.006865
 70.2866 0.006918
 70.4442 0.006950
 70.6025 0.006926
 70.7665 0.006947
 70.9307 0.007015
 71.1006 0.007105
 71.2735 0.007162
 71.4466 0.007245
 71.6281 0.007402
 71.8116 0.007517
 71.9989 0.007630
 72.1921 0.007721
 72.3897 0.007678
 72.5919 0.007774
 72.7986 0.007918
 73.0128 0.007948
 73.2344 0.008074
 73.4623 0.008086
 73.6964 0.008133
 73.9365 0.008203
 74.1852 0.008275
 74.4448 0.008154
 74.7151 0.008308
 74.9954 0.008468
 75.2884 0.008474
 75.5949 0.008806
 75.9199 0.008899
 76.2607 0.009224
 76.6223 0.009765
 77.0025 0.010238
 77.4140 0.011019
 77.8509 0.011441
 78.3282 0.011869
 78.8476 0.012077
 79.4226 0.012899
 80.0576 0.013080
 80.7810 0.013528
 81.6177 0.014744
 82.6186 0.016443
 83.8878 0.018673
 85.6327 0.022148
 86.0694 0.022764
 86.5611 0.023952
 87.1228 0.025362
 87.7560 0.027066
 88.5120 0.029010
 89.4205 0.031905
 90.5711 0.035786
 92.1420 0.042580
 94.7275 0.058431
 97.3776 0.084577
100.6022 0.130896
103.2679 0.175708
lm2s-09-5 3 1
 41.9668 0.058189
 42.8117 0.045060
 43.9670 0.031967
 44.9474 0.023092
 46.0376 0.018086
 46.7100 0.015438
 47.2079 0.014202
 47.6128 0.013292
 47.9573 0.012712
 48.2535 0.011940
 48.5226 0.011836
 48.7567 0.011163
 48.9665 0.010971
 49.8338 0.009915
 50.4938 0.008923
 51.0366 0.008263
 51.4923 0.007928
 51.8971 0.007492
 52.2633 0.007226
 52.5940 0.006993
 52.9014 0.006764
 53.1880 0.006552
 53.4551 0.006380
 53.7059 0.006209
 53.9442 0.006256
 54.1706 0.006125
 54.3869 0.006053
 54.5940 0.005944
 54.7912 0.006010
 54.9823 0.005916
 55.1666 0.005835
 55.3482 0.005832
 55.5225 0.005784
 55.6933 0.005762
 55.8567 0.005792
 56.0175 0.005697
 56.1755 0.005575
 56.3302 0.005638
 56.4799 0.005573
 56.6255 0.005507
 56.7708 0.005502
 56.9110 0.005359
 57.0497 0.005284
 57.1862 0.005231
 57.3200 0.005240
 57.4512 0.005261
 57.5828 0.005234
 57.7114 0.005254
 57.8398 0.005280
 57.9647 0.005233
 58.0880 0.005099
 58.2112 0.005117
 58.3310 0.005087
 58.4500 0.005012
 58.5698 0.004936
 58.6864 0.004920
 58.8029 0.004922
 58.9165 0.004932
 59.0315 0.004963
 59.1449 0.004883
 59.2552 0.004908
 59.3652 0.004903
 59.4749 0.004882
 59.5812 0.004800
 59.6881 0.004849
 59.7970 0.004818
 59.9033 0.004841
 60.0093 0.004858
 60.1146 0.004867
 60.2194 0.004772
 60.3239 0.004839
 60.4270 0.004829
 60.5293 0.004819
 60.6308 0.004847
 60.7326 0.004858
 60.8352 0.004888
 60.9372 0.004885
 61.0375 0.004880
 61.1377 0.004877
 61.2378 0.004924
 61.3375 0.005011
 61.4374 0.005021
 61.5350 0.005046
 61.6333 0.004996
 61.7326 0.005037
 61.8316 0.005018
 61.9289 0.004988
 62.0267 0.004929
 62.1243 0.004937
 62.2227 0.004971
 62.3195 0.004982
 62.4161 0.004991
 62.5143 0.005008
 62.6121 0.005011
 62.7094 0.004988
 62.8056 0.005012
 62.9029 0.004993
 63.0005 0.005016
 63.0973 0.005008
 63.1957 0.005020
 63.2930 0.005041
 63.3905 0.005084
 63.4876 0.005075
 63.5851 0.005124
 63.6837 0.005144
 63.7808 0.005206
 63.8772 0.005239
 63.9749 0.005183
 64.0731 0.005178
 64.1705 0.005188
 64.2685 0.005244
 64.3664 0.005257
 64.4662 0.005323
 64.5642 0.005367
 64.6647 0.005352
 64.7642 0.005350
 64.8645 0.005404
 64.9645 0.005374
 65.0644 0.005400
 65.1655 0.005403
 65.2675 0.005479
 65.3683 0.005446
 65.4704 0.005438
 65.5722 0.005454
 65.6751 0.005457
 65.7785 0.005446
 65.8815 0.005480
 65.9852 0.005512
 66.0891 0.005543
 66.1958 0.005562
 66.3020 0.005515
 66.4077 0.005520
 66.5142 0.005535
 66.6207 0.005518
 66.7290 0.005616
 66.8381 0.005601
 66.9487 0.005683
 67.0601 0.005629
 67.1701 0.005676
 67.2828 0.005708
 67.3940 0.005735
 67.5082 0.005736
 67.6233 0.005761
 67.7391 0.005800
 67.8559 0.005847
 67.9736 0.005855
 68.0929 0.005906
 68.2126 0.005922
 68.3358 0.005917
 68.4572 0.005903
 68.5804 0.005971
 68.7039 0.005965
 68.8296 0.005980
 68.9549 0.005989
 69.0824 0.006020
 69.2115 0.006114
 69.3417 0.006184
 69.4724 0.006276
 69.6067 0.006382
 69.7424 0.006413
 69.8787 0.006514
 70.0163 0.006582
 70.1565 0.006614
 70.2993 0.006627
 70.4435 0.006653
 70.5897 0.006642
 70.7399 0.006651
 70.8914 0.006595
 71.0460 0.006622
 71.2021 0.006779
 71.3610 0.006863
 71.5239 0.006863
 71.6900 0.006939
 71.8619 0.007008
 72.0351 0.007084
 72.2107 0.007215
 72.3881 0.007302
 72.5724 0.007362
 72.7615 0.007481
 72.9513 0.007585
 73.1513 0.007697
 73.3546 0.007796
 73.5647 0.007863
 73.7779 0.007901
 73.9949 0.007845
 74.2223 0.007961
 74.4545 0.007965
 74.6949 0.008032
 74.9462 0.008029
 75.2036 0.008113
 75.4705 0.008189
 75.7500 0.008168
 76.0430 0.008437
 76.3520 0.008663
 76.6743 0.008979
 77.0129 0.009378
 77.3749 0.009875
 77.7587 0.010416
 78.1703 0.010977
 78.6104 0.011334
 79.0864 0.011670
 79.6030 0.012476
 80.1709 0.012698
 80.8091 0.013198
 81.5284 0.014067
 82.3687 0.015049
 83.3779 0.016470
 84.6498 0.018521
 86.3869 0.021558
 86.8378 0.022464
 87.3290 0.023419
 87.8938 0.025154
 88.5322 0.026838
 89.2806 0.028790
 90.1592 0.032368
 91.3129 0.036270
 92.8460 0.043267
 95.5154 0.059996
 98.1331 0.082218
101.3964 0.129114
104.0762 0.183584
 tr0-09-5 3 1
174.5826 0.202139
177.4321 0.154204
181.4860 0.105317
184.8800 0.080155
188.3094 0.063662
190.5333 0.055220
192.2034 0.050179
193.5217 0.045286
194.6252 0.042745
195.5879 0.040564
196.4398 0.037461
197.2021 0.035052
197.8996 0.033525
200.7000 0.029692
202.7754 0.026923
204.4566 0.025224
205.9063 0.024007
207.1698 0.022900
208.2884 0.022399
209.3070 0.021343
210.2355 0.020756
211.0926 0.020197
211.8935 0.019233
212.6475 0.018584
213.3635 0.018001
214.0452 0.018318
214.6912 0.018106
215.3121 0.018088
215.9071 0.017718
216.4702 0.017868
217.0233 0.017675
217.5596 0.017286
218.0760 0.017095
218.5766 0.016740
219.0614 0.016745
219.5384 0.016979
220.0008 0.016722
220.4518 0.016539
220.8839 0.016316
221.3142 0.016159
221.7369 0.016299
222.1455 0.015987
222.5531 0.015721
222.9479 0.015569
223.3363 0.015494
223.7144 0.015204
224.0899 0.015073
224.4556 0.015157
224.8144 0.015112
225.1691 0.015126
225.5220 0.015010
225.8742 0.014784
226.2155 0.014711
226.5494 0.014477
226.8847 0.014208
227.2133 0.014020
227.5398 0.014026
227.8577 0.013829
228.1735 0.013600
228.4877 0.013659
228.7963 0.013745
229.1051 0.013700
229.4091 0.013790
229.7099 0.013882
230.0109 0.013861
230.3107 0.013828
230.6040 0.013885
230.8959 0.013974
231.1883 0.013931
231.4786 0.013894
231.7641 0.013965
232.0514 0.013997
232.3333 0.014064
232.6136 0.014048
232.8897 0.014041
233.1681 0.014021
233.4480 0.014044
233.7234 0.013980
233.9984 0.014049
234.2748 0.014126
234.5458 0.014135
234.8173 0.014013
235.0883 0.013826
235.3579 0.013847
235.6227 0.013792
235.8886 0.013854
236.1541 0.013919
236.4155 0.013799
236.6779 0.013780
236.9442 0.013845
237.2049 0.013793
237.4665 0.013843
237.7233 0.013845
237.9812 0.013717
238.2422 0.013771
238.5028 0.013865
238.7615 0.013842
239.0231 0.013865
239.2828 0.013865
239.5368 0.013832
239.7957 0.013873
240.0530 0.013860
240.3105 0.013847
240.5698 0.013829
240.8297 0.013838
241.0847 0.013775
241.3427 0.013822
241.6027 0.013598
241.8587 0.013739
242.1193 0.013821
242.3796 0.013889
242.6382 0.013890
242.8975 0.013819
243.1575 0.013983
243.4146 0.014048
243.6745 0.014090
243.9351 0.014091
244.1955 0.013997
244.4547 0.014091
244.7157 0.014079
244.9754 0.014134
245.2389 0.014030
245.5023 0.013989
245.7634 0.013977
246.0296 0.014062
246.2937 0.014170
246.5587 0.014221
246.8248 0.014145
247.0946 0.014123
247.3658 0.014144
247.6364 0.014092
247.9067 0.013982
248.1790 0.014020
248.4549 0.013958
248.7283 0.013981
249.0068 0.013821
249.2855 0.014022
249.5616 0.014017
249.8381 0.014163
250.1169 0.014419
250.4037 0.014308
250.6886 0.014359
250.9746 0.014290
251.2661 0.014304
251.5539 0.014353
251.8473 0.014413
252.1427 0.014347
252.4415 0.014498
252.7389 0.014475
253.0450 0.014500
253.3485 0.014588
253.6549 0.014680
253.9615 0.014772
254.2736 0.014766
254.5882 0.014818
254.9071 0.014979
255.2273 0.015019
255.5530 0.014798
255.8795 0.015059
256.2119 0.015395
256.5479 0.015448
256.8864 0.015346
257.2304 0.015489
257.5765 0.015535
257.9295 0.015459
258.2884 0.015612
258.6532 0.015611
259.0200 0.015401
259.3865 0.015506
259.7677 0.015708
260.1515 0.015837
260.5433 0.016042
260.9401 0.015997
261.3390 0.016182
261.7527 0.016468
262.1708 0.016519
262.5977 0.016622
263.0376 0.016831
263.4809 0.017154
263.9341 0.017192
264.3985 0.017368
264.8803 0.017460
265.3744 0.017729
265.8769 0.017775
266.3954 0.018060
266.9207 0.018256
267.4669 0.018654
268.0330 0.019108
268.6092 0.019052
269.2033 0.019185
269.8184 0.019835
270.4640 0.020331
271.1379 0.021007
271.8409 0.021522
272.5793 0.022158
273.3509 0.022854
274.1651 0.023071
275.0367 0.024032
275.9559 0.024657
276.9471 0.025491
278.0125 0.026035
279.1733 0.027224
280.4375 0.028131
281.8558 0.028945
283.4404 0.030101
285.2497 0.033203
287.4164 0.036712
290.1349 0.040690
293.7844 0.045483
294.6886 0.046344
295.7198 0.047749
296.8801 0.049899
298.1798 0.054166
299.6958 0.059543
301.5227 0.064891
303.8250 0.074226
306.9253 0.089404
312.1119 0.122157
317.1358 0.162121
323.4062 0.247699
327.8826 0.343875
 tr1-09-5 3 1
190.1957 0.205221
193.0540 0.155858
197.3775 0.109623
200.8112 0.083326
204.4868 0.064669
206.7882 0.053989
208.4924 0.048910
209.8621 0.045941
210.9900 0.042506
211.9901 0.040400
212.8728 0.038689
213.6547 0.037542
214.3423 0.036431
217.2309 0.030942
219.3744 0.028240
221.1245 0.025389
222.6270 0.024737
223.9232 0.024050
225.0934 0.023466
226.1589 0.022529
227.1296 0.021754
228.0356 0.021537
228.8634 0.020695
229.6560 0.019927
230.4033 0.019936
231.1091 0.019337
231.7795 0.019002
232.4281 0.018732
233.0490 0.018581
233.6391 0.018588
234.2030 0.018197
234.7483 0.018006
235.2743 0.017688
235.7911 0.017612
236.2935 0.017467
236.7820 0.017208
237.2552 0.017118
237.7174 0.017053
238.1678 0.016952
238.6062 0.016818
239.0305 0.016531
239.4514 0.016317
239.8660 0.016410
240.2704 0.016294
240.6773 0.016076
241.0657 0.015845
241.4483 0.015744
241.8279 0.015702
242.1988 0.015563
242.5630 0.015530
242.9258 0.015264
243.2807 0.015148
243.6350 0.015277
243.9849 0.015277
244.3268 0.015192
244.6682 0.015247
245.0049 0.015207
245.3325 0.015156
245.6652 0.015248
245.9945 0.015206
246.3177 0.014948
246.6411 0.014839
246.9566 0.014803
247.2706 0.014605
247.5846 0.014422
247.8923 0.014460
248.1963 0.014498
248.5003 0.014633
248.8036 0.014747
249.1010 0.014867
249.3998 0.014985
249.6983 0.014839
249.9941 0.014844
250.2863 0.014715
250.5752 0.014850
250.8636 0.014727
251.1484 0.014794
251.4314 0.014696
251.7153 0.014638
251.9962 0.014651
252.2779 0.014724
252.5563 0.014670
252.8342 0.014593
253.1124 0.014579
253.3868 0.014492
253.6632 0.014388
253.9350 0.014323
254.2072 0.014318
254.4815 0.014283
254.7504 0.014136
255.0186 0.014086
255.2906 0.013993
255.5582 0.014090
255.8301 0.014052
256.1034 0.014026
256.3757 0.014003
256.6393 0.014047
256.9109 0.014051
257.1772 0.013936
257.4426 0.013970
257.7068 0.013984
257.9754 0.013955
258.2412 0.014001
258.5069 0.014009
258.7740 0.013924
259.0378 0.013898
259.3057 0.013953
259.5731 0.013864
259.8406 0.013893
260.1072 0.013811
260.3723 0.013678
260.6370 0.013686
260.9026 0.013690
261.1688 0.013546
261.4325 0.013556
261.7009 0.013699
261.9703 0.013661
262.2402 0.013724
262.5108 0.013721
262.7796 0.013745
263.0529 0.013814
263.3211 0.013889
263.5901 0.013909
263.8665 0.014044
264.1412 0.014169
264.4139 0.014145
264.6880 0.014096
264.9645 0.014028
265.2393 0.013847
265.5144 0.013799
265.7961 0.014003
266.0736 0.014024
266.3533 0.014085
266.6384 0.014172
266.9216 0.013991
267.2039 0.013964
267.4887 0.013820
267.7753 0.014034
268.0613 0.013969
268.3497 0.013989
268.6419 0.014369
268.9382 0.014355
269.2337 0.014388
269.5298 0.014615
269.8283 0.014505
270.1269 0.014448
270.4305 0.014497
270.7363 0.014423
271.0475 0.014461
271.3604 0.014641
271.6783 0.014583
271.9928 0.014658
272.3118 0.014785
272.6360 0.015036
272.9599 0.015243
273.2899 0.015364
273.6215 0.015413
273.9633 0.015600
274.3048 0.015761
274.6471 0.015698
274.9931 0.015844
275.3445 0.015812
275.7041 0.016130
276.0614 0.016229
276.4240 0.016173
276.7871 0.016231
277.1611 0.016428
277.5409 0.016475
277.9290 0.016645
278.3236 0.016895
278.7233 0.017000
279.1277 0.017041
279.5390 0.017039
279.9499 0.016969
280.3741 0.017154
280.8058 0.017369
281.2482 0.017714
281.6993 0.017848
282.1507 0.017850
282.6173 0.018253
283.0982 0.018393
283.5919 0.018458
284.0955 0.018588
284.6102 0.018592
285.1392 0.018533
285.6888 0.018707
286.2549 0.018750
286.8290 0.018965
287.4253 0.019009
288.0480 0.019214
288.6791 0.019683
289.3404 0.020173
290.0226 0.020505
290.7555 0.020938
291.5184 0.021541
292.3135 0.021904
293.1626 0.022830
294.0552 0.023477
295.0050 0.024117
296.0287 0.024762
297.1102 0.026300
298.3108 0.027270
299.5894 0.028432
301.0204 0.029723
302.6584 0.031604
304.5294 0.033818
306.7827 0.035964
309.6093 0.039122
313.3716 0.045457
314.3003 0.046593
315.3653 0.049818
316.5339 0.053715
317.8529 0.057168
319.4017 0.062078
321.2736 0.069037
323.6514 0.078914
326.8815 0.095566
332.2860 0.127306
337.4558 0.170024
343.8769 0.248820
348.5375 0.324417
tr1s-09-5 3 1
198.4660 0.211259
201.6272 0.156141
206.0260 0.111144
209.5193 0.086145
213.2282 0.067725
215.4746 0.056208
217.1564 0.052143
218.5548 0.048775
219.6931 0.043786
220.6837 0.040908
221.5775 0.038650
222.3666 0.037576
223.1000 0.036838
225.9653 0.031654
228.1420 0.028985
229.9265 0.025965
231.4193 0.023941
232.7332 0.023197
233.9204 0.022326
234.9828 0.021622
235.9518 0.020623
236.8536 0.019968
237.7050 0.019777
238.5042 0.019719
239.2589 0.019634
239.9753 0.019665
240.6509 0.019086
241.2953 0.018742
241.9145 0.018651
242.5124 0.018214
243.0818 0.017920
243.6266 0.017773
244.1594 0.017301
244.6771 0.016995
245.1732 0.016973
245.6695 0.016856
246.1430 0.016810
246.6094 0.016758
247.0573 0.016833
247.5017 0.016705
247.9346 0.016744
248.3604 0.016597
248.7767 0.016764
249.1844 0.016765
249.5866 0.016529
249.9830 0.016153
250.3668 0.015883
250.7423 0.015506
251.1149 0.015447
251.4849 0.015219
251.8477 0.015187
252.2058 0.015167
252.5661 0.015259
252.9171 0.015279
253.2603 0.015131
253.6037 0.015056
253.9412 0.015055
254.2801 0.015214
254.6072 0.015301
254.9335 0.015236
255.2609 0.015222
255.5863 0.015298
255.9047 0.015258
256.2231 0.015240
256.5340 0.015120
256.8456 0.014862
257.1534 0.014935
257.4580 0.014782
257.7588 0.014775
258.0593 0.014782
258.3555 0.014804
258.6558 0.014714
258.9495 0.014569
259.2406 0.014469
259.5303 0.014461
259.8171 0.014601
260.1035 0.014522
260.3887 0.014383
260.6795 0.014641
260.9631 0.014658
261.2464 0.014585
261.5305 0.014572
261.8093 0.014383
262.0861 0.014298
262.3643 0.014288
262.6389 0.014165
262.9153 0.014039
263.1902 0.014013
263.4654 0.013892
263.7407 0.013899
264.0152 0.014046
264.2862 0.013946
264.5614 0.013894
264.8309 0.013805
265.1001 0.013798
265.3681 0.013751
265.6367 0.013680
265.9055 0.013848
266.1712 0.013900
266.4435 0.013772
266.7164 0.013911
266.9800 0.013743
267.2442 0.013520
267.5122 0.013494
267.7766 0.013604
268.0433 0.013721
268.3073 0.013766
268.5736 0.013807
268.8401 0.013818
269.1092 0.013773
269.3774 0.013728
269.6455 0.013579
269.9148 0.013553
270.1812 0.013634
270.4522 0.013659
270.7247 0.013596
270.9904 0.013651
271.2597 0.013529
271.5315 0.013471
271.8007 0.013542
272.0750 0.013600
272.3461 0.013534
272.6169 0.013530
272.8876 0.013529
273.1632 0.013678
273.4374 0.013604
273.7141 0.013730
273.9878 0.013840
274.2656 0.013880
274.5432 0.013867
274.8227 0.014054
275.1019 0.013969
275.3840 0.014005
275.6671 0.014089
275.9515 0.014143
276.2328 0.014183
276.5199 0.014209
276.8083 0.014198
277.0978 0.014246
277.3924 0.014209
277.6847 0.014317
277.9807 0.014324
278.2787 0.014390
278.5774 0.014527
278.8803 0.014509
279.1823 0.014476
279.4913 0.014700
279.8000 0.014704
280.1136 0.014905
280.4294 0.014954
280.7470 0.014885
281.0678 0.014901
281.3862 0.015168
281.7076 0.015302
282.0320 0.015184
282.3626 0.015380
282.6973 0.015567
283.0334 0.015522
283.3759 0.015679
283.7199 0.015668
284.0666 0.015757
284.4236 0.015792
284.7767 0.015943
285.1364 0.016088
285.5001 0.016274
285.8654 0.016275
286.2418 0.016298
286.6249 0.016395
287.0075 0.016636
287.4003 0.016754
287.7976 0.016810
288.2044 0.016928
288.6127 0.017292
289.0352 0.017351
289.4577 0.017462
289.8953 0.017813
290.3369 0.017806
290.7836 0.018056
291.2467 0.018236
291.7188 0.018411
292.2015 0.018159
292.6916 0.018377
293.1987 0.018416
293.7126 0.018757
294.2499 0.018716
294.8010 0.018813
295.3694 0.019321
295.9468 0.019644
296.5458 0.019775
297.1617 0.019906
297.8066 0.020098
298.4692 0.020775
299.1679 0.021264
299.8961 0.021825
300.6534 0.022015
301.4493 0.022244
302.3062 0.022505
303.2002 0.023240
304.1538 0.024127
305.1672 0.025477
306.2658 0.026604
307.4395 0.027687
308.7493 0.028661
310.2028 0.029543
311.8356 0.031186
313.7265 0.033121
315.9573 0.036002
318.7616 0.039971
322.5653 0.047104
323.5138 0.049116
324.5781 0.050464
325.7504 0.052398
327.0837 0.056279
328.6557 0.060855
330.4803 0.067247
332.8816 0.078909
336.1092 0.098183
341.3518 0.135757
346.5935 0.179082
353.1164 0.268472
357.6228 0.336196
 tr2-09-5 3 1
206.3614 0.211148
209.4601 0.157854
213.7528 0.111195
217.2457 0.084302
221.0382 0.063792
223.4913 0.056609
225.2440 0.051577
226.7051 0.046780
227.8916 0.043705
228.9206 0.040886
229.8475 0.038596
230.6587 0.037370
231.4224 0.035675
234.3906 0.029913
236.6277 0.028020
238.4498 0.025454
240.0028 0.024241
241.3676 0.023959
242.5590 0.023398
243.6369 0.022701
244.6429 0.021662
245.5763 0.020829
246.4361 0.020343
247.2467 0.019853
248.0141 0.019253
248.7339 0.018691
249.4326 0.018221
250.0998 0.018083
250.7392 0.017662
251.3513 0.017562
251.9420 0.017644
252.5103 0.017329
253.0572 0.016944
253.5889 0.016718
254.1090 0.016480
254.6118 0.016701
255.1028 0.016560
255.5807 0.016573
256.0491 0.016422
256.5026 0.016249
256.9437 0.016327
257.3833 0.016286
257.8128 0.016417
258.2328 0.016559
258.6431 0.016406
259.0499 0.016446
259.4455 0.016123
259.8378 0.016050
260.2219 0.015864
260.6041 0.015891
260.9796 0.015627
261.3507 0.015603
261.7114 0.015521
262.0744 0.015656
262.4307 0.015583
262.7831 0.015353
263.1271 0.015310
263.4718 0.015311
263.8133 0.015096
264.1459 0.015152
264.4794 0.015096
264.8101 0.015089
265.1309 0.015139
265.4512 0.015097
265.7694 0.015043
266.0886 0.014955
266.4052 0.014972
266.7173 0.014969
267.0298 0.014991
267.3357 0.014982
267.6442 0.015066
267.9484 0.015167
268.2510 0.015206
268.5528 0.015232
268.8474 0.015203
269.1432 0.015315
269.4392 0.015267
269.7328 0.015259
270.0259 0.015293
270.3143 0.015348
270.6060 0.015431
270.8972 0.015291
271.1858 0.014979
271.4745 0.014854
271.7598 0.014900
272.0419 0.014884
272.3270 0.014836
272.6091 0.014940
272.8913 0.014822
273.1736 0.014703
273.4491 0.014590
273.7260 0.014589
274.0038 0.014556
274.2829 0.014710
274.5605 0.014907
274.8360 0.014968
275.1127 0.014932
275.3912 0.014715
275.6671 0.014827
275.9402 0.014823
276.2125 0.014839
276.4862 0.014960
276.7596 0.014821
277.0348 0.014797
277.3066 0.014586
277.5787 0.014676
277.8527 0.014752
278.1274 0.014628
278.4038 0.014629
278.6771 0.014469
278.9511 0.014621
279.2275 0.014709
279.5021 0.014718
279.7792 0.014594
280.0564 0.014833
280.3343 0.014780
280.6136 0.014785
280.8905 0.014685
281.1669 0.014674
281.4443 0.014632
281.7205 0.014561
281.9968 0.014553
282.2781 0.014688
282.5588 0.014699
282.8443 0.014697
283.1307 0.014687
283.4134 0.014765
283.6961 0.014817
283.9770 0.014894
284.2663 0.014870
284.5538 0.014933
284.8423 0.014820
285.1305 0.014772
285.4167 0.014834
285.7073 0.015021
285.9970 0.015077
286.2907 0.014959
286.5856 0.015056
286.8823 0.015030
287.1799 0.014927
287.4802 0.015032
287.7793 0.015044
288.0887 0.015035
288.3968 0.015041
288.7096 0.015283
289.0239 0.015436
289.3360 0.015571
289.6518 0.015382
289.9701 0.015450
290.2935 0.015640
290.6165 0.015677
290.9417 0.015763
291.2708 0.015740
291.6051 0.015805
291.9459 0.015886
292.2814 0.015957
292.6211 0.016110
292.9658 0.016235
293.3137 0.016243
293.6614 0.016349
294.0146 0.016505
294.3719 0.016696
294.7394 0.016926
295.1118 0.017099
295.4858 0.017248
295.8657 0.017014
296.2507 0.017177
296.6362 0.017349
297.0291 0.017315
297.4286 0.017422
297.8379 0.017527
298.2564 0.017432
298.6813 0.017768
299.1140 0.017885
299.5495 0.018045
299.9911 0.018008
300.4460 0.018117
300.9120 0.018444
301.3785 0.018601
301.8616 0.018590
302.3553 0.018537
302.8637 0.018788
303.3824 0.019003
303.9122 0.019104
304.4560 0.019359
305.0138 0.019737
305.5871 0.019771
306.1815 0.020027
306.7985 0.020087
307.4436 0.020848
308.1037 0.021309
308.7924 0.021698
309.5045 0.021795
310.2468 0.022200
311.0199 0.022561
311.8481 0.023001
312.7081 0.023908
313.6199 0.024931
314.6008 0.025460
315.6555 0.026553
316.7874 0.027824
317.9968 0.028930
319.3434 0.029884
320.8257 0.030871
322.5061 0.033324
324.4266 0.035260
326.7325 0.038878
329.5887 0.043096
333.4981 0.049793
334.4600 0.051438
335.5296 0.053801
336.7335 0.054185
338.1031 0.057527
339.6889 0.061451
341.6386 0.068561
344.0859 0.078248
347.5556 0.094188
352.8660 0.131712
358.2581 0.188658
364.6120 0.260011
369.3876 0.361158
tr2s-09-5 3 1
215.4412 0.218111
218.3453 0.169618
222.5381 0.104685
226.1966 0.083887
229.9806 0.063357
232.3522 0.055849
234.1285 0.051486
235.5513 0.047458
236.7729 0.045624
237.8190 0.041530
238.7657 0.039303
239.5913 0.036856
240.3428 0.036318
243.3315 0.030830
245.5883 0.027849
247.4174 0.026099
248.9338 0.025097
250.2991 0.023842
251.4933 0.022702
252.5907 0.022190
253.5978 0.021366
254.5292 0.021088
255.3954 0.020524
256.2086 0.019737
256.9693 0.019268
257.6996 0.019019
258.3921 0.018765
259.0535 0.018732
259.6890 0.018417
260.3128 0.017718
260.8993 0.017189
261.4720 0.017175
262.0227 0.017180
262.5576 0.017039
263.0724 0.017108
263.5729 0.016653
264.0670 0.016548
264.5495 0.016528
265.0137 0.016620
265.4646 0.016509
265.9128 0.016358
266.3539 0.016296
266.7781 0.016275
267.1962 0.016045
267.6138 0.015958
268.0185 0.015913
268.4164 0.015882
268.8074 0.015922
269.1898 0.015941
269.5700 0.016067
269.9461 0.016156
270.3182 0.016160
270.6831 0.016041
271.0437 0.015973
271.3986 0.015915
271.7512 0.015956
272.0982 0.015696
272.4458 0.015468
272.7849 0.015463
273.1222 0.015435
273.4530 0.015296
273.7827 0.015270
274.1132 0.015271
274.4369 0.015265
274.7569 0.015021
275.0749 0.015023
275.3894 0.015018
275.7022 0.015125
276.0183 0.015023
276.3284 0.015014
276.6336 0.014866
276.9355 0.014819
277.2378 0.014976
277.5419 0.014904
277.8406 0.014844
278.1332 0.014733
278.4308 0.014426
278.7262 0.014314
279.0177 0.014384
279.3087 0.014374
279.5945 0.014198
279.8853 0.014014
280.1790 0.013995
280.4665 0.013919
280.7493 0.013756
281.0384 0.013764
281.3220 0.013874
281.6053 0.013949
281.8847 0.013950
282.1639 0.013999
282.4418 0.013831
282.7235 0.013800
283.0014 0.013859
283.2786 0.013902
283.5563 0.013759
283.8348 0.013797
284.1109 0.013878
284.3852 0.013825
284.6591 0.013940
284.9367 0.013955
285.2148 0.014067
285.4903 0.014007
285.7636 0.014044
286.0355 0.014009
286.3110 0.014006
286.5846 0.014054
286.8599 0.014100
287.1355 0.014132
287.4138 0.014045
287.6889 0.014168
287.9645 0.014150
288.2399 0.014352
288.5166 0.014297
288.7893 0.014108
289.0670 0.014177
289.3420 0.014152
289.6219 0.014173
289.9005 0.014220
290.1793 0.014152
290.4599 0.014312
290.7371 0.014399
291.0193 0.014545
291.3000 0.014630
291.5820 0.014627
291.8634 0.014771
292.1428 0.014709
292.4240 0.014755
292.7040 0.014685
292.9905 0.014783
293.2774 0.014823
293.5640 0.014769
293.8535 0.014799
294.1426 0.014966
294.4343 0.015156
294.7274 0.015132
295.0166 0.015108
295.3106 0.015265
295.6071 0.015198
295.9027 0.015012
296.2066 0.014961
296.5105 0.015124
296.8125 0.015156
297.1168 0.015087
297.4229 0.015202
297.7312 0.015398
298.0414 0.015380
298.3527 0.015672
298.6699 0.015497
298.9884 0.015650
299.3102 0.015965
299.6333 0.015931
299.9597 0.016077
300.2921 0.016202
300.6251 0.016349
300.9638 0.016499
301.2993 0.016636
301.6439 0.016440
301.9911 0.016520
302.3362 0.016571
302.6846 0.016704
303.0435 0.016841
303.4092 0.016879
303.7783 0.016818
304.1495 0.016980
304.5263 0.017239
304.9066 0.017167
305.2905 0.017317
305.6757 0.017334
306.0673 0.017480
306.4723 0.017439
306.8865 0.017390
307.3054 0.017362
307.7261 0.017467
308.1584 0.017642
308.5938 0.017789
309.0406 0.017838
309.4957 0.018123
309.9577 0.018413
310.4252 0.018628
310.9103 0.018719
311.3983 0.018679
311.9070 0.018865
312.4289 0.018749
312.9593 0.019206
313.5021 0.019147
314.0636 0.019257
314.6411 0.019367
315.2415 0.019717
315.8476 0.020313
316.4883 0.020637
317.1451 0.020927
317.8328 0.020869
318.5557 0.021685
319.3172 0.021998
320.0962 0.022275
320.9094 0.023304
321.7662 0.024116
322.6809 0.025096
323.6515 0.025766
324.7071 0.026602
325.8358 0.027913
327.0628 0.029200
328.4119 0.030433
329.8841 0.031921
331.5606 0.033290
333.4953 0.035240
335.8126 0.037970
338.6691 0.041592
342.5842 0.047736
343.5523 0.050120
344.6307 0.053616
345.8341 0.055910
347.2098 0.059387
348.7988 0.062660
350.7413 0.071483
353.1832 0.078096
356.5531 0.097199
362.1307 0.133586
367.4876 0.192656
373.8392 0.271251
378.6889 0.349392
