Copyright (C) 1998 James G. MacKinnon, Alfred A. Haug, and Leo Michelis.
 lm0-10-0 3 1
 28.8822 0.047658
 29.5361 0.038144
 30.5091 0.026826
 31.3466 0.021018
 32.2243 0.015053
 32.7862 0.013152
 33.2011 0.012196
 33.5420 0.011060
 33.8331 0.010469
 34.0753 0.010090
 34.2977 0.009766
 34.4979 0.009344
 34.6808 0.009169
 35.4169 0.008081
 35.9723 0.007406
 36.4287 0.006961
 36.8245 0.006421
 37.1743 0.006173
 37.4822 0.005913
 37.7651 0.005688
 38.0255 0.005675
 38.2659 0.005501
 38.4924 0.005352
 38.7092 0.005144
 38.9146 0.004907
 39.1093 0.004862
 39.2948 0.004813
 39.4723 0.004712
 39.6438 0.004663
 39.8086 0.004645
 39.9683 0.004722
 40.1228 0.004719
 40.2726 0.004656
 40.4185 0.004587
 40.5599 0.004524
 40.6985 0.004567
 40.8344 0.004564
 40.9669 0.004514
 41.0956 0.004397
 41.2232 0.004400
 41.3463 0.004359
 41.4692 0.004358
 41.5892 0.004338
 41.7077 0.004294
 41.8229 0.004328
 41.9368 0.004304
 42.0496 0.004313
 42.1601 0.004311
 42.2686 0.004302
 42.3775 0.004298
 42.4841 0.004339
 42.5898 0.004322
 42.6951 0.004327
 42.7983 0.004327
 42.9007 0.004320
 43.0018 0.004239
 43.1023 0.004197
 43.2018 0.004222
 43.2995 0.004208
 43.3971 0.004183
 43.4933 0.004209
 43.5888 0.004249
 43.6840 0.004275
 43.7792 0.004354
 43.8724 0.004329
 43.9659 0.004306
 44.0589 0.004311
 44.1502 0.004292
 44.2411 0.004309
 44.3320 0.004302
 44.4224 0.004357
 44.5108 0.004344
 44.6003 0.004345
 44.6884 0.004354
 44.7771 0.004420
 44.8667 0.004446
 44.9554 0.004441
 45.0434 0.004486
 45.1316 0.004551
 45.2187 0.004527
 45.3056 0.004566
 45.3927 0.004563
 45.4787 0.004528
 45.5653 0.004546
 45.6516 0.004533
 45.7370 0.004520
 45.8217 0.004489
 45.9083 0.004462
 45.9947 0.004491
 46.0802 0.004460
 46.1663 0.004445
 46.2514 0.004389
 46.3351 0.004383
 46.4209 0.004349
 46.5061 0.004348
 46.5912 0.004306
 46.6758 0.004304
 46.7612 0.004304
 46.8470 0.004302
 46.9322 0.004294
 47.0176 0.004221
 47.1030 0.004156
 47.1883 0.004124
 47.2743 0.004089
 47.3599 0.004047
 47.4437 0.004048
 47.5296 0.004047
 47.6151 0.004065
 47.7014 0.004064
 47.7872 0.004066
 47.8729 0.004053
 47.9597 0.004013
 48.0452 0.004062
 48.1297 0.004081
 48.2171 0.004088
 48.3046 0.004104
 48.3928 0.004100
 48.4800 0.004146
 48.5677 0.004191
 48.6569 0.004227
 48.7453 0.004242
 48.8348 0.004265
 48.9241 0.004255
 49.0143 0.004299
 49.1055 0.004318
 49.1955 0.004378
 49.2866 0.004416
 49.3786 0.004375
 49.4709 0.004371
 49.5645 0.004427
 49.6588 0.004412
 49.7522 0.004421
 49.8467 0.004420
 49.9422 0.004410
 50.0355 0.004448
 50.1324 0.004494
 50.2293 0.004557
 50.3254 0.004579
 50.4233 0.004629
 50.5224 0.004696
 50.6208 0.004758
 50.7212 0.004801
 50.8217 0.004835
 50.9239 0.004810
 51.0259 0.004914
 51.1295 0.004935
 51.2330 0.004997
 51.3368 0.005007
 51.4429 0.005112
 51.5504 0.005116
 51.6583 0.005099
 51.7680 0.005108
 51.8789 0.005127
 51.9912 0.005211
 52.1062 0.005190
 52.2200 0.005256
 52.3356 0.005331
 52.4531 0.005398
 52.5725 0.005410
 52.6947 0.005385
 52.8155 0.005374
 52.9372 0.005457
 53.0629 0.005530
 53.1884 0.005541
 53.3170 0.005657
 53.4479 0.005697
 53.5795 0.005730
 53.7133 0.005781
 53.8499 0.005839
 53.9887 0.006014
 54.1302 0.006018
 54.2746 0.006065
 54.4232 0.006184
 54.5742 0.006259
 54.7282 0.006332
 54.8826 0.006426
 55.0417 0.006434
 55.2051 0.006504
 55.3723 0.006519
 55.5431 0.006594
 55.7171 0.006675
 55.8966 0.006760
 56.0784 0.006916
 56.2684 0.006996
 56.4655 0.007048
 56.6664 0.007072
 56.8757 0.007193
 57.0926 0.007396
 57.3189 0.007593
 57.5484 0.007659
 57.7905 0.007743
 58.0428 0.007802
 58.3051 0.007922
 58.5832 0.008022
 58.8766 0.008328
 59.1789 0.008558
 59.4998 0.008689
 59.8449 0.008904
 60.2116 0.008962
 60.6039 0.009390
 61.0364 0.009942
 61.5058 0.010473
 62.0213 0.010812
 62.5936 0.011672
 63.2386 0.012340
 64.0025 0.013348
 64.9208 0.014551
 66.0768 0.016679
 67.6732 0.019814
 68.0822 0.021090
 68.5344 0.021916
 69.0242 0.022454
 69.5888 0.024849
 70.2435 0.026712
 71.0619 0.029777
 72.1451 0.033942
 73.6049 0.040506
 76.0396 0.055852
 78.4754 0.078241
 81.3687 0.115702
 83.2609 0.167530
 lm1-10-0 3 1
 31.5390 0.050448
 32.2254 0.037267
 33.2268 0.026841
 34.0660 0.021088
 34.9915 0.016106
 35.5703 0.013780
 35.9913 0.011919
 36.3427 0.011333
 36.6436 0.010757
 36.9042 0.010181
 37.1311 0.009913
 37.3328 0.009518
 37.5162 0.008846
 38.2786 0.007931
 38.8525 0.007101
 39.3257 0.006871
 39.7304 0.006598
 40.0860 0.006111
 40.4070 0.005742
 40.6986 0.005645
 40.9694 0.005474
 41.2188 0.005499
 41.4541 0.005557
 41.6757 0.005362
 41.8868 0.005282
 42.0882 0.005174
 42.2770 0.005091
 42.4611 0.005034
 42.6364 0.005128
 42.8073 0.005142
 42.9711 0.005044
 43.1303 0.005019
 43.2859 0.005055
 43.4361 0.004890
 43.5821 0.004902
 43.7256 0.004890
 43.8669 0.004845
 44.0024 0.004804
 44.1352 0.004790
 44.2650 0.004741
 44.3915 0.004695
 44.5169 0.004615
 44.6400 0.004637
 44.7608 0.004630
 44.8794 0.004659
 44.9970 0.004611
 45.1136 0.004584
 45.2283 0.004521
 45.3414 0.004540
 45.4512 0.004572
 45.5611 0.004511
 45.6702 0.004487
 45.7780 0.004499
 45.8854 0.004506
 45.9904 0.004580
 46.0936 0.004566
 46.1970 0.004547
 46.2975 0.004536
 46.3977 0.004523
 46.4974 0.004498
 46.5972 0.004495
 46.6945 0.004506
 46.7908 0.004463
 46.8871 0.004451
 46.9828 0.004407
 47.0795 0.004390
 47.1739 0.004347
 47.2680 0.004382
 47.3626 0.004374
 47.4562 0.004313
 47.5496 0.004325
 47.6416 0.004325
 47.7335 0.004367
 47.8252 0.004345
 47.9170 0.004399
 48.0071 0.004392
 48.0965 0.004366
 48.1868 0.004340
 48.2772 0.004323
 48.3670 0.004346
 48.4568 0.004339
 48.5458 0.004355
 48.6349 0.004357
 48.7224 0.004378
 48.8103 0.004401
 48.8988 0.004376
 48.9880 0.004355
 49.0764 0.004401
 49.1643 0.004388
 49.2530 0.004429
 49.3388 0.004433
 49.4260 0.004437
 49.5139 0.004456
 49.6026 0.004397
 49.6902 0.004383
 49.7763 0.004348
 49.8648 0.004360
 49.9523 0.004362
 50.0391 0.004387
 50.1260 0.004424
 50.2132 0.004425
 50.3012 0.004384
 50.3886 0.004410
 50.4760 0.004421
 50.5641 0.004451
 50.6525 0.004457
 50.7401 0.004524
 50.8285 0.004531
 50.9163 0.004538
 51.0048 0.004569
 51.0920 0.004585
 51.1808 0.004646
 51.2702 0.004688
 51.3594 0.004698
 51.4489 0.004677
 51.5384 0.004719
 51.6289 0.004660
 51.7197 0.004696
 51.8105 0.004716
 51.9013 0.004724
 51.9926 0.004693
 52.0830 0.004680
 52.1741 0.004647
 52.2672 0.004669
 52.3609 0.004658
 52.4539 0.004650
 52.5469 0.004667
 52.6427 0.004658
 52.7372 0.004623
 52.8326 0.004694
 52.9276 0.004703
 53.0234 0.004700
 53.1204 0.004766
 53.2171 0.004746
 53.3154 0.004779
 53.4132 0.004851
 53.5128 0.004851
 53.6124 0.004851
 53.7128 0.004861
 53.8139 0.004882
 53.9146 0.004911
 54.0166 0.004971
 54.1189 0.005013
 54.2236 0.005033
 54.3282 0.005064
 54.4343 0.005022
 54.5411 0.005096
 54.6486 0.005152
 54.7580 0.005131
 54.8684 0.005115
 54.9788 0.005173
 55.0919 0.005204
 55.2057 0.005210
 55.3182 0.005279
 55.4334 0.005348
 55.5486 0.005418
 55.6673 0.005493
 55.7879 0.005545
 55.9094 0.005547
 56.0327 0.005530
 56.1560 0.005609
 56.2822 0.005616
 56.4115 0.005706
 56.5406 0.005782
 56.6718 0.005813
 56.8061 0.005884
 56.9432 0.005988
 57.0804 0.005976
 57.2201 0.006031
 57.3625 0.006134
 57.5082 0.006238
 57.6550 0.006272
 57.8052 0.006275
 57.9564 0.006285
 58.1139 0.006350
 58.2748 0.006397
 58.4380 0.006451
 58.6050 0.006505
 58.7744 0.006508
 58.9510 0.006649
 59.1285 0.006698
 59.3127 0.006737
 59.5007 0.006846
 59.6956 0.006993
 59.8969 0.007116
 60.1039 0.007159
 60.3163 0.007356
 60.5377 0.007528
 60.7664 0.007573
 61.0043 0.007692
 61.2532 0.007823
 61.5140 0.008025
 61.7820 0.008178
 62.0610 0.008437
 62.3530 0.008547
 62.6680 0.008755
 62.9961 0.008988
 63.3494 0.009083
 63.7264 0.009560
 64.1297 0.009850
 64.5655 0.009994
 65.0375 0.010776
 65.5606 0.011213
 66.1495 0.012184
 66.8203 0.012903
 67.5969 0.014090
 68.5274 0.015030
 69.6959 0.016728
 71.3126 0.019484
 71.7138 0.020138
 72.1776 0.021426
 72.6892 0.022332
 73.2621 0.023492
 73.9500 0.025819
 74.7958 0.029599
 75.8995 0.035035
 77.3805 0.043047
 79.9089 0.059653
 82.2120 0.080622
 85.3176 0.123015
 87.2888 0.168305
lm1s-10-0 3 1
 32.2099 0.046811
 32.8937 0.038192
 33.8866 0.028146
 34.7585 0.021516
 35.6659 0.016831
 36.2427 0.013990
 36.6776 0.012720
 37.0357 0.011796
 37.3240 0.011128
 37.5775 0.010442
 37.8062 0.009921
 38.0129 0.009597
 38.2004 0.009421
 38.9616 0.008052
 39.5466 0.007348
 40.0207 0.006847
 40.4250 0.006273
 40.7837 0.006030
 41.1059 0.005684
 41.3990 0.005562
 41.6685 0.005436
 41.9187 0.005388
 42.1514 0.005242
 42.3777 0.005186
 42.5891 0.005102
 42.7910 0.005123
 42.9817 0.005072
 43.1645 0.005114
 43.3443 0.004988
 43.5149 0.004892
 43.6794 0.004936
 43.8403 0.004881
 43.9962 0.004906
 44.1463 0.004851
 44.2924 0.004763
 44.4342 0.004677
 44.5735 0.004735
 44.7109 0.004728
 44.8446 0.004735
 44.9750 0.004749
 45.1038 0.004736
 45.2292 0.004689
 45.3516 0.004620
 45.4726 0.004615
 45.5927 0.004561
 45.7096 0.004622
 45.8258 0.004592
 45.9395 0.004576
 46.0520 0.004539
 46.1642 0.004509
 46.2751 0.004536
 46.3829 0.004545
 46.4903 0.004543
 46.5969 0.004543
 46.7013 0.004557
 46.8043 0.004595
 46.9053 0.004581
 47.0083 0.004593
 47.1097 0.004562
 47.2110 0.004471
 47.3107 0.004490
 47.4092 0.004498
 47.5073 0.004465
 47.6044 0.004447
 47.7004 0.004406
 47.7966 0.004412
 47.8922 0.004411
 47.9874 0.004462
 48.0806 0.004457
 48.1736 0.004453
 48.2661 0.004467
 48.3598 0.004430
 48.4528 0.004351
 48.5443 0.004340
 48.6360 0.004314
 48.7269 0.004311
 48.8171 0.004303
 48.9070 0.004275
 48.9973 0.004334
 49.0865 0.004392
 49.1755 0.004407
 49.2652 0.004426
 49.3539 0.004502
 49.4424 0.004520
 49.5313 0.004487
 49.6199 0.004433
 49.7082 0.004392
 49.7979 0.004357
 49.8853 0.004338
 49.9736 0.004342
 50.0608 0.004368
 50.1493 0.004368
 50.2359 0.004370
 50.3224 0.004391
 50.4110 0.004423
 50.4998 0.004391
 50.5877 0.004403
 50.6740 0.004367
 50.7621 0.004377
 50.8495 0.004430
 50.9361 0.004479
 51.0232 0.004519
 51.1102 0.004532
 51.1973 0.004545
 51.2849 0.004567
 51.3727 0.004608
 51.4608 0.004605
 51.5489 0.004610
 51.6380 0.004599
 51.7262 0.004647
 51.8154 0.004686
 51.9047 0.004715
 51.9947 0.004705
 52.0835 0.004681
 52.1730 0.004623
 52.2626 0.004658
 52.3527 0.004660
 52.4428 0.004687
 52.5337 0.004706
 52.6254 0.004689
 52.7174 0.004721
 52.8095 0.004746
 52.9014 0.004739
 52.9939 0.004713
 53.0864 0.004738
 53.1789 0.004748
 53.2730 0.004738
 53.3680 0.004784
 53.4642 0.004815
 53.5593 0.004873
 53.6558 0.004902
 53.7528 0.004837
 53.8491 0.004850
 53.9459 0.004840
 54.0422 0.004802
 54.1414 0.004856
 54.2401 0.004883
 54.3400 0.004891
 54.4406 0.004915
 54.5417 0.004949
 54.6425 0.004975
 54.7453 0.005029
 54.8490 0.004993
 54.9540 0.005065
 55.0587 0.005097
 55.1635 0.005083
 55.2705 0.005114
 55.3782 0.005101
 55.4876 0.005080
 55.5971 0.005134
 55.7096 0.005209
 55.8222 0.005259
 55.9367 0.005236
 56.0530 0.005243
 56.1682 0.005285
 56.2835 0.005405
 56.4044 0.005495
 56.5245 0.005581
 56.6449 0.005583
 56.7680 0.005606
 56.8925 0.005661
 57.0193 0.005707
 57.1466 0.005775
 57.2753 0.005786
 57.4084 0.005860
 57.5399 0.005977
 57.6747 0.005954
 57.8115 0.005995
 57.9517 0.006073
 58.0945 0.006189
 58.2376 0.006179
 58.3850 0.006208
 58.5353 0.006225
 58.6895 0.006307
 58.8451 0.006327
 59.0079 0.006389
 59.1729 0.006406
 59.3398 0.006409
 59.5098 0.006533
 59.6861 0.006654
 59.8634 0.006725
 60.0483 0.006787
 60.2372 0.006897
 60.4305 0.007034
 60.6321 0.007060
 60.8385 0.007190
 61.0531 0.007287
 61.2754 0.007455
 61.5059 0.007555
 61.7426 0.007635
 61.9896 0.007756
 62.2459 0.007916
 62.5157 0.008228
 62.7956 0.008395
 63.0952 0.008619
 63.4083 0.008936
 63.7403 0.009145
 64.0911 0.009223
 64.4647 0.009486
 64.8670 0.009757
 65.2987 0.010144
 65.7765 0.010608
 66.3030 0.011208
 66.8933 0.012118
 67.5677 0.013061
 68.3441 0.013892
 69.2669 0.014948
 70.4346 0.016507
 72.0537 0.019793
 72.4685 0.020713
 72.9290 0.021062
 73.4302 0.022583
 74.0131 0.023605
 74.7055 0.025666
 75.5610 0.029947
 76.6453 0.034557
 78.1276 0.043290
 80.6223 0.058086
 82.9111 0.080946
 86.0219 0.123347
 88.0491 0.163910
 lm2-10-0 3 1
 34.1521 0.053988
 34.8809 0.041250
 35.9083 0.027817
 36.8016 0.020707
 37.7534 0.016447
 38.3393 0.014672
 38.7756 0.013003
 39.1351 0.011937
 39.4404 0.011234
 39.7165 0.010724
 39.9560 0.010505
 40.1666 0.010118
 40.3615 0.009759
 41.1424 0.008263
 41.7375 0.007719
 42.2217 0.007301
 42.6336 0.007127
 43.0027 0.006662
 43.3291 0.006423
 43.6259 0.006233
 43.9061 0.006055
 44.1653 0.006012
 44.4066 0.005919
 44.6340 0.005743
 44.8483 0.005644
 45.0522 0.005642
 45.2476 0.005588
 45.4359 0.005476
 45.6170 0.005356
 45.7908 0.005329
 45.9607 0.005253
 46.1251 0.005177
 46.2833 0.005114
 46.4357 0.005072
 46.5854 0.005020
 46.7318 0.004982
 46.8758 0.004897
 47.0159 0.004931
 47.1529 0.004920
 47.2865 0.004953
 47.4156 0.004928
 47.5453 0.004857
 47.6712 0.004906
 47.7961 0.004841
 47.9181 0.004794
 48.0381 0.004712
 48.1565 0.004658
 48.2759 0.004554
 48.3929 0.004498
 48.5073 0.004476
 48.6200 0.004469
 48.7305 0.004418
 48.8414 0.004391
 48.9500 0.004320
 49.0592 0.004315
 49.1662 0.004328
 49.2709 0.004313
 49.3770 0.004366
 49.4803 0.004408
 49.5826 0.004336
 49.6856 0.004340
 49.7869 0.004311
 49.8873 0.004274
 49.9874 0.004283
 50.0866 0.004299
 50.1847 0.004254
 50.2827 0.004205
 50.3804 0.004169
 50.4762 0.004184
 50.5716 0.004169
 50.6662 0.004162
 50.7602 0.004167
 50.8548 0.004181
 50.9481 0.004177
 51.0416 0.004127
 51.1355 0.004117
 51.2296 0.004155
 51.3221 0.004172
 51.4139 0.004214
 51.5060 0.004209
 51.5971 0.004196
 51.6886 0.004218
 51.7792 0.004288
 51.8691 0.004277
 51.9614 0.004234
 52.0519 0.004260
 52.1424 0.004237
 52.2323 0.004208
 52.3218 0.004185
 52.4125 0.004258
 52.5020 0.004291
 52.5917 0.004325
 52.6812 0.004335
 52.7715 0.004349
 52.8606 0.004391
 52.9501 0.004402
 53.0398 0.004419
 53.1289 0.004463
 53.2185 0.004449
 53.3078 0.004427
 53.3979 0.004389
 53.4867 0.004363
 53.5772 0.004319
 53.6668 0.004331
 53.7571 0.004365
 53.8471 0.004401
 53.9365 0.004406
 54.0271 0.004458
 54.1173 0.004503
 54.2079 0.004504
 54.2982 0.004506
 54.3888 0.004512
 54.4790 0.004559
 54.5707 0.004531
 54.6632 0.004497
 54.7550 0.004511
 54.8468 0.004531
 54.9395 0.004531
 55.0312 0.004563
 55.1248 0.004627
 55.2175 0.004680
 55.3114 0.004659
 55.4054 0.004660
 55.4987 0.004704
 55.5944 0.004725
 55.6889 0.004725
 55.7847 0.004716
 55.8809 0.004726
 55.9778 0.004689
 56.0756 0.004713
 56.1735 0.004786
 56.2720 0.004796
 56.3705 0.004796
 56.4705 0.004819
 56.5702 0.004781
 56.6703 0.004761
 56.7701 0.004867
 56.8724 0.004924
 56.9743 0.004924
 57.0790 0.005004
 57.1840 0.005054
 57.2901 0.005107
 57.3968 0.005159
 57.5039 0.005181
 57.6106 0.005276
 57.7185 0.005302
 57.8276 0.005301
 57.9355 0.005348
 58.0477 0.005351
 58.1598 0.005381
 58.2725 0.005446
 58.3868 0.005502
 58.5024 0.005565
 58.6205 0.005621
 58.7390 0.005675
 58.8577 0.005745
 58.9782 0.005787
 59.1016 0.005871
 59.2257 0.005864
 59.3516 0.005927
 59.4787 0.005995
 59.6086 0.006005
 59.7382 0.006008
 59.8706 0.006024
 60.0030 0.005993
 60.1394 0.006028
 60.2784 0.006118
 60.4187 0.006155
 60.5624 0.006295
 60.7075 0.006325
 60.8563 0.006299
 61.0062 0.006297
 61.1620 0.006261
 61.3182 0.006263
 61.4791 0.006282
 61.6425 0.006367
 61.8101 0.006428
 61.9795 0.006445
 62.1550 0.006447
 62.3363 0.006456
 62.5194 0.006520
 62.7116 0.006566
 62.9067 0.006563
 63.1056 0.006601
 63.3143 0.006843
 63.5259 0.006904
 63.7467 0.007185
 63.9744 0.007326
 64.2051 0.007395
 64.4445 0.007509
 64.6928 0.007632
 64.9553 0.007726
 65.2281 0.007735
 65.5141 0.008093
 65.8139 0.008200
 66.1318 0.008450
 66.4678 0.008622
 66.8255 0.008736
 67.2044 0.009035
 67.6149 0.009537
 68.0683 0.010060
 68.5576 0.010501
 69.0962 0.010838
 69.6881 0.011635
 70.3661 0.012598
 71.1494 0.013338
 72.0985 0.015185
 73.3001 0.017082
 74.9616 0.019931
 75.3791 0.020548
 75.8389 0.022409
 76.3622 0.024231
 76.9568 0.025382
 77.6704 0.027425
 78.5184 0.031198
 79.5741 0.034732
 81.0523 0.042930
 83.5597 0.058802
 85.9871 0.079877
 89.1464 0.125584
 91.3176 0.167792
lm2s-10-0 3 1
 34.7660 0.052929
 35.5663 0.038919
 36.6218 0.027322
 37.4928 0.020881
 38.4448 0.015809
 39.0325 0.013863
 39.4799 0.012055
 39.8470 0.011342
 40.1502 0.010456
 40.4151 0.009830
 40.6493 0.009417
 40.8636 0.009095
 41.0606 0.009156
 41.8444 0.008133
 42.4345 0.007519
 42.9254 0.007412
 43.3419 0.006881
 43.7095 0.006555
 44.0409 0.006250
 44.3439 0.006323
 44.6203 0.006243
 44.8751 0.006023
 45.1185 0.006062
 45.3443 0.005890
 45.5624 0.005765
 45.7703 0.005572
 45.9685 0.005490
 46.1581 0.005531
 46.3389 0.005433
 46.5149 0.005311
 46.6846 0.005336
 46.8487 0.005282
 47.0093 0.005167
 47.1630 0.005171
 47.3122 0.005149
 47.4578 0.005061
 47.6012 0.004998
 47.7390 0.004955
 47.8754 0.004984
 48.0093 0.004970
 48.1395 0.004912
 48.2683 0.004961
 48.3939 0.004891
 48.5192 0.004914
 48.6425 0.004899
 48.7623 0.004859
 48.8828 0.004789
 48.9995 0.004742
 49.1158 0.004697
 49.2297 0.004639
 49.3429 0.004605
 49.4560 0.004582
 49.5654 0.004507
 49.6743 0.004423
 49.7840 0.004415
 49.8908 0.004399
 49.9966 0.004348
 50.1019 0.004296
 50.2076 0.004286
 50.3093 0.004277
 50.4112 0.004270
 50.5117 0.004241
 50.6124 0.004203
 50.7126 0.004170
 50.8110 0.004170
 50.9085 0.004164
 51.0047 0.004118
 51.1021 0.004073
 51.1991 0.004144
 51.2961 0.004220
 51.3927 0.004167
 51.4878 0.004152
 51.5819 0.004193
 51.6763 0.004200
 51.7692 0.004221
 51.8613 0.004265
 51.9543 0.004270
 52.0474 0.004334
 52.1401 0.004264
 52.2326 0.004229
 52.3234 0.004275
 52.4157 0.004296
 52.5087 0.004345
 52.5984 0.004309
 52.6890 0.004298
 52.7794 0.004287
 52.8694 0.004258
 52.9598 0.004210
 53.0505 0.004216
 53.1400 0.004278
 53.2315 0.004232
 53.3213 0.004177
 53.4110 0.004196
 53.5010 0.004211
 53.5909 0.004203
 53.6804 0.004165
 53.7698 0.004174
 53.8589 0.004263
 53.9481 0.004329
 54.0385 0.004393
 54.1276 0.004403
 54.2170 0.004450
 54.3065 0.004428
 54.3966 0.004496
 54.4867 0.004494
 54.5772 0.004487
 54.6674 0.004503
 54.7585 0.004496
 54.8488 0.004455
 54.9396 0.004479
 55.0305 0.004499
 55.1225 0.004465
 55.2139 0.004480
 55.3047 0.004472
 55.3961 0.004486
 55.4881 0.004516
 55.5806 0.004545
 55.6726 0.004540
 55.7653 0.004626
 55.8592 0.004605
 55.9524 0.004598
 56.0468 0.004612
 56.1414 0.004615
 56.2359 0.004677
 56.3309 0.004695
 56.4248 0.004721
 56.5207 0.004716
 56.6164 0.004746
 56.7120 0.004772
 56.8095 0.004812
 56.9077 0.004781
 57.0053 0.004805
 57.1052 0.004903
 57.2045 0.004915
 57.3055 0.004963
 57.4071 0.004969
 57.5069 0.005043
 57.6081 0.005144
 57.7115 0.005162
 57.8145 0.005160
 57.9171 0.005166
 58.0224 0.005201
 58.1280 0.005171
 58.2349 0.005167
 58.3426 0.005188
 58.4514 0.005170
 58.5595 0.005185
 58.6699 0.005255
 58.7816 0.005282
 58.8940 0.005287
 59.0091 0.005344
 59.1229 0.005449
 59.2396 0.005445
 59.3578 0.005468
 59.4766 0.005583
 59.5960 0.005623
 59.7172 0.005657
 59.8397 0.005699
 59.9630 0.005710
 60.0883 0.005744
 60.2164 0.005801
 60.3453 0.005876
 60.4749 0.005906
 60.6076 0.005889
 60.7420 0.005957
 60.8796 0.005986
 61.0168 0.005985
 61.1569 0.005997
 61.2992 0.005959
 61.4477 0.005951
 61.5954 0.005952
 61.7482 0.005955
 61.9033 0.006000
 62.0606 0.006023
 62.2214 0.006080
 62.3829 0.006117
 62.5492 0.006255
 62.7225 0.006351
 62.8985 0.006348
 63.0762 0.006368
 63.2624 0.006454
 63.4513 0.006494
 63.6474 0.006632
 63.8470 0.006668
 64.0516 0.006776
 64.2633 0.007115
 64.4821 0.007138
 64.7086 0.007230
 64.9401 0.007217
 65.1829 0.007424
 65.4336 0.007549
 65.6949 0.007786
 65.9679 0.007859
 66.2556 0.008034
 66.5581 0.008177
 66.8762 0.008297
 67.2118 0.008605
 67.5663 0.008989
 67.9483 0.009506
 68.3626 0.009922
 68.8041 0.010169
 69.2884 0.010365
 69.8266 0.010861
 70.4244 0.011552
 71.1090 0.012252
 71.8964 0.013523
 72.8444 0.014761
 74.0441 0.016455
 75.6912 0.020111
 76.1171 0.020983
 76.5947 0.021467
 77.1222 0.022569
 77.7300 0.024407
 78.4309 0.028080
 79.2733 0.030687
 80.3410 0.035054
 81.8253 0.043348
 84.3278 0.058203
 86.7113 0.080583
 89.8244 0.128270
 91.9306 0.173017
 tr0-10-0 3 1
134.0170 0.167266
136.3466 0.125757
139.6701 0.089149
142.2994 0.068610
145.1535 0.051139
146.9733 0.043820
148.2858 0.039813
149.3448 0.038140
150.2317 0.035552
150.9857 0.033101
151.6681 0.031792
152.2630 0.030611
152.8180 0.029385
155.0654 0.025789
156.7822 0.023281
158.1567 0.022161
159.3165 0.020663
160.3363 0.019015
161.2511 0.018289
162.0809 0.017663
162.8413 0.017676
163.5562 0.016844
164.2178 0.015990
164.8449 0.015640
165.4262 0.015081
165.9876 0.014638
166.5238 0.014616
167.0309 0.014273
167.5134 0.013906
167.9863 0.013870
168.4405 0.013763
168.8741 0.013503
169.2922 0.013478
169.7013 0.013540
170.1030 0.013471
170.4910 0.013264
170.8695 0.013358
171.2341 0.013222
171.5919 0.013147
171.9422 0.013078
172.2834 0.012874
172.6223 0.012859
172.9479 0.012886
173.2730 0.012903
173.5919 0.013008
173.9017 0.012928
174.2095 0.012875
174.5124 0.012761
174.8133 0.012746
175.1037 0.012689
175.3921 0.012637
175.6792 0.012691
175.9609 0.012716
176.2404 0.012617
176.5126 0.012441
176.7838 0.012329
177.0512 0.012222
177.3170 0.012148
177.5782 0.012228
177.8390 0.012011
178.1010 0.011980
178.3550 0.011975
178.6086 0.011923
178.8579 0.011814
179.1057 0.011788
179.3519 0.011811
179.5969 0.011745
179.8410 0.011765
180.0858 0.011732
180.3251 0.011722
180.5621 0.011792
180.7980 0.011721
181.0337 0.011674
181.2678 0.011576
181.5017 0.011640
181.7363 0.011586
181.9669 0.011555
182.1968 0.011609
182.4267 0.011459
182.6516 0.011543
182.8753 0.011473
183.0993 0.011392
183.3242 0.011267
183.5486 0.011254
183.7730 0.011172
183.9939 0.011111
184.2139 0.011016
184.4313 0.011069
184.6530 0.010994
184.8704 0.011001
185.0868 0.011099
185.3027 0.011063
185.5204 0.011000
185.7363 0.011095
185.9519 0.011234
186.1677 0.011144
186.3835 0.011273
186.5991 0.011321
186.8138 0.011297
187.0299 0.011317
187.2430 0.011352
187.4592 0.011399
187.6729 0.011259
187.8877 0.011166
188.1009 0.011131
188.3165 0.011068
188.5316 0.011028
188.7464 0.011051
188.9623 0.011080
189.1762 0.010938
189.3893 0.011032
189.6051 0.011021
189.8195 0.011059
190.0365 0.011051
190.2557 0.011026
190.4719 0.011077
190.6890 0.011007
190.9074 0.010909
191.1254 0.010894
191.3453 0.010910
191.5628 0.010902
191.7823 0.010827
192.0020 0.010823
192.2229 0.010851
192.4452 0.010883
192.6683 0.010859
192.8908 0.010810
193.1164 0.010915
193.3415 0.010928
193.5673 0.010892
193.7911 0.010960
194.0186 0.010965
194.2479 0.011011
194.4774 0.011089
194.7076 0.011191
194.9409 0.011116
195.1730 0.011294
195.4048 0.011289
195.6398 0.011259
195.8751 0.011336
196.1119 0.011319
196.3504 0.011249
196.5918 0.011430
196.8330 0.011434
197.0762 0.011503
197.3248 0.011493
197.5737 0.011506
197.8264 0.011644
198.0783 0.011455
198.3348 0.011600
198.5908 0.011794
198.8460 0.011849
199.1077 0.011856
199.3711 0.011685
199.6329 0.011714
199.9045 0.011849
200.1733 0.011851
200.4467 0.012017
200.7232 0.012062
201.0035 0.012278
201.2844 0.012542
201.5731 0.012458
201.8598 0.012454
202.1522 0.012651
202.4504 0.012728
202.7494 0.012938
203.0526 0.012999
203.3608 0.013183
203.6733 0.013272
203.9921 0.013212
204.3182 0.013118
204.6459 0.013477
204.9786 0.013690
205.3207 0.013666
205.6681 0.013986
206.0184 0.014117
206.3779 0.014278
206.7452 0.014522
207.1218 0.014702
207.5009 0.014893
207.8950 0.015038
208.2973 0.015239
208.7083 0.015554
209.1292 0.015748
209.5625 0.015784
210.0109 0.015731
210.4733 0.015854
210.9459 0.016194
211.4325 0.016694
211.9407 0.016837
212.4699 0.016702
213.0202 0.016926
213.5832 0.017403
214.1715 0.017575
214.7906 0.018111
215.4485 0.018645
216.1411 0.018731
216.8781 0.019260
217.6564 0.019908
218.4799 0.020377
219.3750 0.020558
220.3449 0.021831
221.4273 0.022616
222.6188 0.024784
223.9814 0.027035
225.5544 0.028067
227.4040 0.029772
229.7283 0.033825
232.8680 0.039397
233.6754 0.041632
234.5697 0.043311
235.5762 0.044580
236.7241 0.048678
238.0320 0.054136
239.6079 0.059157
241.6125 0.066024
244.4102 0.078545
248.9314 0.101453
253.2058 0.147534
258.5212 0.223514
262.4400 0.295855
 tr1-10-0 3 1
151.4132 0.172816
153.7828 0.132732
157.2513 0.089396
160.0096 0.069465
163.0146 0.054057
164.8850 0.047517
166.3145 0.042806
167.4450 0.039545
168.4147 0.037191
169.2431 0.035129
169.9661 0.033108
170.6027 0.031364
171.1698 0.029906
173.5350 0.027277
175.3062 0.024447
176.7403 0.022675
177.9628 0.020916
179.0343 0.020013
179.9977 0.019522
180.8695 0.018702
181.6607 0.018242
182.4029 0.017517
183.0985 0.016884
183.7435 0.016279
184.3656 0.015860
184.9445 0.015278
185.4989 0.014888
186.0376 0.014708
186.5474 0.014152
187.0351 0.014431
187.5034 0.014268
187.9608 0.014262
188.4041 0.014082
188.8366 0.013954
189.2557 0.013768
189.6549 0.013550
190.0518 0.013389
190.4367 0.013214
190.8116 0.013287
191.1821 0.013103
191.5402 0.012966
191.8928 0.012698
192.2353 0.012868
192.5721 0.012870
192.9014 0.012691
193.2264 0.012625
193.5457 0.012669
193.8593 0.012613
194.1698 0.012428
194.4752 0.012413
194.7784 0.012272
195.0775 0.012259
195.3719 0.012132
195.6598 0.012087
195.9476 0.012146
196.2337 0.012132
196.5114 0.012241
196.7905 0.012296
197.0682 0.012303
197.3419 0.012158
197.6124 0.012090
197.8780 0.011969
198.1425 0.011849
198.4085 0.011865
198.6714 0.011718
198.9289 0.011582
199.1874 0.011575
199.4405 0.011533
199.6914 0.011585
199.9427 0.011454
200.1897 0.011417
200.4355 0.011279
200.6824 0.011168
200.9273 0.011200
201.1699 0.011081
201.4122 0.011224
201.6519 0.011217
201.8899 0.011247
202.1255 0.011225
202.3584 0.011326
202.5939 0.011309
202.8304 0.011192
203.0634 0.011355
203.2931 0.011467
203.5235 0.011428
203.7519 0.011547
203.9830 0.011599
204.2114 0.011658
204.4407 0.011655
204.6690 0.011778
204.8966 0.011713
205.1244 0.011668
205.3516 0.011546
205.5770 0.011432
205.8021 0.011356
206.0297 0.011372
206.2537 0.011439
206.4750 0.011397
206.6993 0.011438
206.9236 0.011389
207.1502 0.011445
207.3730 0.011408
207.5982 0.011284
207.8217 0.011325
208.0498 0.011359
208.2712 0.011412
208.4964 0.011396
208.7185 0.011283
208.9408 0.011354
209.1654 0.011444
209.3903 0.011391
209.6145 0.011377
209.8360 0.011273
210.0645 0.011307
210.2872 0.011216
210.5109 0.011242
210.7373 0.011253
210.9648 0.011266
211.1887 0.011253
211.4157 0.011328
211.6423 0.011313
211.8702 0.011364
212.0983 0.011322
212.3260 0.011461
212.5547 0.011514
212.7868 0.011583
213.0224 0.011566
213.2543 0.011581
213.4911 0.011663
213.7266 0.011660
213.9624 0.011657
214.1987 0.011793
214.4354 0.011728
214.6758 0.011829
214.9161 0.011782
215.1556 0.011902
215.3964 0.012036
215.6388 0.012079
215.8844 0.012195
216.1328 0.012391
216.3821 0.012484
216.6318 0.012594
216.8809 0.012464
217.1344 0.012625
217.3887 0.012648
217.6467 0.012725
217.9016 0.012678
218.1610 0.012662
218.4247 0.012730
218.6883 0.012839
218.9544 0.012969
219.2236 0.013069
219.4946 0.013193
219.7692 0.013207
220.0491 0.013315
220.3287 0.013519
220.6100 0.013537
220.8875 0.013495
221.1736 0.013410
221.4638 0.013510
221.7605 0.013599
222.0544 0.013558
222.3568 0.013488
222.6597 0.013590
222.9674 0.013540
223.2799 0.013700
223.5950 0.013738
223.9153 0.013703
224.2393 0.013710
224.5715 0.013897
224.9102 0.013937
225.2498 0.014120
225.5997 0.014065
225.9543 0.014099
226.3137 0.014207
226.6785 0.014380
227.0541 0.014256
227.4333 0.014456
227.8259 0.014471
228.2235 0.014525
228.6314 0.014601
229.0461 0.014798
229.4735 0.014937
229.9120 0.015243
230.3713 0.015448
230.8320 0.015710
231.3062 0.016058
231.8026 0.016507
232.3048 0.017101
232.8310 0.017420
233.3745 0.017610
233.9426 0.017739
234.5307 0.018203
235.1464 0.018582
235.7975 0.019093
236.4763 0.019545
237.1925 0.020236
237.9634 0.020617
238.7726 0.021177
239.6443 0.021912
240.5787 0.022658
241.5986 0.023992
242.7149 0.025049
243.9655 0.025999
245.3654 0.027599
246.9675 0.028598
248.8906 0.030934
251.2965 0.034298
254.5612 0.041416
255.3760 0.043450
256.3117 0.046269
257.3454 0.048618
258.5199 0.051336
259.9125 0.055267
261.5301 0.059241
263.6161 0.070135
266.4136 0.082752
271.0519 0.107312
275.6672 0.144822
281.2422 0.220362
284.9998 0.306739
tr1s-10-0 3 1
159.8292 0.181091
162.1273 0.138739
165.8844 0.089640
168.7122 0.073205
171.8135 0.055628
173.7166 0.048674
175.1711 0.044242
176.3213 0.040701
177.2971 0.037623
178.1491 0.035135
178.8781 0.033261
179.5207 0.031654
180.1446 0.031345
182.5580 0.027792
184.3879 0.025256
185.8772 0.023163
187.1338 0.021389
188.2303 0.020292
189.2157 0.019951
190.1128 0.019149
190.9406 0.018727
191.7022 0.017941
192.4191 0.017088
193.0849 0.016714
193.7200 0.016437
194.3211 0.016165
194.8917 0.015474
195.4325 0.015070
195.9535 0.014968
196.4568 0.014834
196.9402 0.014767
197.4025 0.014746
197.8630 0.014574
198.3016 0.014364
198.7285 0.014247
199.1467 0.013986
199.5460 0.013938
199.9387 0.013758
200.3214 0.013799
200.7003 0.013702
201.0676 0.013591
201.4262 0.013589
201.7842 0.013503
202.1329 0.013334
202.4769 0.013122
202.8124 0.012931
203.1440 0.013054
203.4689 0.012924
203.7863 0.012884
204.1015 0.012968
204.4147 0.013122
204.7207 0.013123
205.0238 0.013020
205.3211 0.013051
205.6166 0.013092
205.9095 0.012932
206.1977 0.012862
206.4812 0.012771
206.7648 0.012738
207.0428 0.012607
207.3211 0.012420
207.5967 0.012335
207.8695 0.012385
208.1374 0.012464
208.4058 0.012379
208.6710 0.012345
208.9354 0.012166
209.1973 0.012207
209.4539 0.012192
209.7096 0.012039
209.9675 0.011986
210.2188 0.011907
210.4705 0.011980
210.7224 0.011859
210.9714 0.011841
211.2178 0.011964
211.4638 0.011967
211.7074 0.012029
211.9477 0.012051
212.1912 0.011920
212.4323 0.011902
212.6717 0.011806
212.9104 0.011932
213.1494 0.012028
213.3844 0.012024
213.6212 0.011925
213.8581 0.011933
214.0962 0.012030
214.3304 0.011908
214.5657 0.011928
214.7968 0.011863
215.0284 0.011830
215.2624 0.011889
215.4960 0.011841
215.7297 0.011863
215.9590 0.011743
216.1866 0.011686
216.4157 0.011653
216.6437 0.011775
216.8737 0.011825
217.1026 0.011843
217.3287 0.011975
217.5575 0.011863
217.7853 0.011745
218.0131 0.011791
218.2420 0.011842
218.4721 0.011772
218.7023 0.011839
218.9314 0.011854
219.1617 0.011930
219.3916 0.011950
219.6238 0.011939
219.8510 0.011933
220.0812 0.011953
220.3108 0.012027
220.5409 0.012031
220.7713 0.012020
221.0044 0.012151
221.2381 0.012057
221.4725 0.011908
221.7089 0.011830
221.9385 0.011904
222.1755 0.011948
222.4109 0.012029
222.6424 0.012057
222.8799 0.011975
223.1149 0.012022
223.3543 0.012025
223.5930 0.012067
223.8305 0.012183
224.0716 0.012129
224.3134 0.012174
224.5556 0.012242
224.8009 0.012275
225.0463 0.012301
225.2937 0.012468
225.5459 0.012538
225.7939 0.012391
226.0439 0.012427
226.2962 0.012483
226.5465 0.012583
226.8001 0.012471
227.0567 0.012515
227.3139 0.012670
227.5729 0.012915
227.8327 0.012885
228.0995 0.012809
228.3670 0.012763
228.6387 0.012708
228.9099 0.012823
229.1804 0.012818
229.4557 0.013027
229.7334 0.012958
230.0144 0.013017
230.2989 0.012886
230.5850 0.012957
230.8721 0.012969
231.1640 0.012959
231.4608 0.013006
231.7585 0.012978
232.0606 0.013076
232.3639 0.013273
232.6701 0.013325
232.9793 0.013495
233.2944 0.013458
233.6144 0.013378
233.9386 0.013561
234.2682 0.013654
234.5998 0.013561
234.9387 0.013585
235.2829 0.013878
235.6350 0.013935
235.9860 0.013940
236.3443 0.013987
236.7114 0.013942
237.0854 0.014067
237.4673 0.014283
237.8608 0.014536
238.2576 0.015066
238.6706 0.015194
239.0909 0.015286
239.5147 0.015483
239.9499 0.015708
240.4024 0.016143
240.8643 0.016518
241.3404 0.016729
241.8251 0.016781
242.3258 0.016592
242.8417 0.016766
243.3805 0.017276
243.9443 0.017641
244.5239 0.018047
245.1295 0.018460
245.7590 0.018928
246.4303 0.019163
247.1243 0.019719
247.8645 0.020341
248.6466 0.021238
249.4825 0.022437
250.3688 0.022821
251.3303 0.023708
252.3558 0.024337
253.4754 0.025135
254.7439 0.025997
256.1682 0.027434
257.8403 0.029166
259.8024 0.031223
262.2582 0.035789
265.6004 0.042938
266.4150 0.045238
267.3804 0.047977
268.4550 0.050319
269.6295 0.053661
271.0196 0.057364
272.7008 0.060633
274.8281 0.066588
277.6596 0.078234
282.4379 0.107290
287.1759 0.156573
292.7897 0.227521
296.5590 0.322557
 tr2-10-0 3 1
169.1032 0.174535
171.7178 0.135839
175.4744 0.098819
178.3769 0.075286
181.6307 0.059225
183.6056 0.048913
185.0791 0.043353
186.2629 0.040199
187.2586 0.037287
188.1164 0.035324
188.9046 0.034246
189.5885 0.033083
190.2176 0.031291
192.6950 0.026921
194.5646 0.025309
196.0827 0.023233
197.3890 0.022025
198.5235 0.021225
199.5374 0.019972
200.4540 0.019514
201.2909 0.018625
202.0637 0.017852
202.7796 0.017475
203.4638 0.017032
204.1077 0.016245
204.7195 0.015646
205.3030 0.015469
205.8575 0.015086
206.3947 0.015076
206.9107 0.014913
207.4117 0.014641
207.8861 0.014275
208.3455 0.014234
208.7955 0.014117
209.2282 0.014191
209.6524 0.014099
210.0619 0.014295
210.4591 0.014340
210.8524 0.014074
211.2357 0.013959
211.6138 0.014093
211.9794 0.013910
212.3440 0.013876
212.6966 0.013770
213.0442 0.013409
213.3920 0.013284
213.7285 0.013270
214.0592 0.013059
214.3871 0.013049
214.7094 0.012959
215.0225 0.013009
215.3356 0.012884
215.6477 0.012771
215.9525 0.012828
216.2531 0.012671
216.5487 0.012672
216.8378 0.012513
217.1321 0.012466
217.4205 0.012407
217.7096 0.012414
217.9920 0.012340
218.2737 0.012298
218.5485 0.012208
218.8217 0.012087
219.0900 0.012027
219.3601 0.011983
219.6276 0.011882
219.8930 0.011794
220.1538 0.011837
220.4142 0.011786
220.6767 0.011840
220.9365 0.011748
221.1932 0.011839
221.4458 0.011832
221.6994 0.011824
221.9532 0.011824
222.2044 0.011881
222.4530 0.011830
222.7006 0.011862
222.9456 0.011731
223.1895 0.011642
223.4323 0.011652
223.6767 0.011750
223.9183 0.011731
224.1621 0.011704
224.4034 0.011644
224.6434 0.011721
224.8820 0.011687
225.1207 0.011795
225.3582 0.011866
225.5943 0.011880
225.8331 0.011811
226.0716 0.011856
226.3083 0.011914
226.5469 0.011833
226.7831 0.011650
227.0164 0.011616
227.2511 0.011629
227.4858 0.011668
227.7240 0.011734
227.9547 0.011784
228.1876 0.011683
228.4217 0.011631
228.6515 0.011654
228.8831 0.011702
229.1167 0.011702
229.3510 0.011802
229.5862 0.011749
229.8223 0.011851
230.0546 0.011796
230.2871 0.011883
230.5190 0.012012
230.7551 0.011973
230.9914 0.012037
231.2281 0.012045
231.4658 0.012045
231.6993 0.012113
231.9371 0.012060
232.1754 0.012217
232.4143 0.012125
232.6510 0.012166
232.8921 0.012187
233.1280 0.012219
233.3683 0.012220
233.6084 0.012067
233.8495 0.011972
234.0889 0.011903
234.3319 0.011969
234.5755 0.011949
234.8210 0.012019
235.0698 0.012206
235.3137 0.012170
235.5586 0.012083
235.8079 0.012224
236.0592 0.012349
236.3083 0.012487
236.5621 0.012492
236.8175 0.012561
237.0738 0.012537
237.3295 0.012638
237.5842 0.012586
237.8405 0.012535
238.1008 0.012632
238.3654 0.012715
238.6298 0.012802
238.8936 0.012809
239.1636 0.012693
239.4352 0.012633
239.7097 0.012741
239.9811 0.012817
240.2553 0.012926
240.5336 0.013062
240.8164 0.013048
241.1007 0.013013
241.3858 0.012978
241.6749 0.013115
241.9657 0.013021
242.2658 0.013106
242.5642 0.013200
242.8677 0.013229
243.1707 0.013206
243.4801 0.013370
243.7924 0.013501
244.1106 0.013555
244.4340 0.013659
244.7572 0.013633
245.0865 0.013809
245.4218 0.013839
245.7617 0.013876
246.1064 0.014129
246.4563 0.014189
246.8152 0.014289
247.1770 0.014449
247.5442 0.014613
247.9189 0.014751
248.2988 0.014720
248.6863 0.014758
249.0853 0.014916
249.4905 0.015105
249.9080 0.015367
250.3255 0.015667
250.7622 0.015511
251.2064 0.015972
251.6611 0.016054
252.1288 0.016265
252.6101 0.016569
253.1100 0.016813
253.6217 0.017289
254.1559 0.017682
254.7086 0.017913
255.2790 0.018327
255.8645 0.018604
256.4816 0.019247
257.1276 0.019587
257.8012 0.020019
258.5115 0.020129
259.2555 0.020887
260.0399 0.021763
260.8809 0.022372
261.7890 0.023095
262.7623 0.024052
263.8089 0.025048
264.9723 0.025781
266.2646 0.026445
267.7062 0.027452
269.3765 0.029273
271.3583 0.032465
273.8357 0.037732
277.2496 0.044633
278.1162 0.047199
279.1002 0.049188
280.1776 0.052516
281.3952 0.056156
282.8021 0.060216
284.4987 0.064547
286.6096 0.071451
289.5284 0.084790
294.3567 0.108682
299.0181 0.153037
304.6364 0.222033
309.0467 0.318176
tr2s-10-0 3 1
178.0621 0.186953
180.5235 0.145860
184.5507 0.098858
187.5233 0.075071
190.8265 0.060163
192.8474 0.052489
194.3699 0.045840
195.5895 0.041548
196.6081 0.039210
197.4734 0.036962
198.2499 0.035568
198.9523 0.034336
199.5851 0.033390
202.1150 0.029401
204.0022 0.026112
205.5444 0.024264
206.8626 0.022735
208.0187 0.021819
209.0527 0.020699
209.9800 0.020549
210.8198 0.019622
211.6222 0.019127
212.3626 0.018464
213.0574 0.017363
213.7075 0.017396
214.3287 0.016950
214.9130 0.016775
215.4753 0.015954
216.0212 0.015852
216.5507 0.015523
217.0562 0.015094
217.5412 0.014811
218.0139 0.014692
218.4675 0.014589
218.9145 0.014527
219.3426 0.014505
219.7679 0.014488
220.1720 0.014357
220.5683 0.014515
220.9535 0.014284
221.3322 0.014075
221.7069 0.013726
222.0715 0.013560
222.4362 0.013505
222.7892 0.013256
223.1395 0.013142
223.4786 0.013038
223.8173 0.013173
224.1484 0.013072
224.4749 0.012950
224.7971 0.012809
225.1184 0.012611
225.4315 0.012490
225.7412 0.012473
226.0472 0.012508
226.3502 0.012487
226.6487 0.012475
226.9432 0.012410
227.2324 0.012455
227.5220 0.012454
227.8066 0.012294
228.0924 0.012076
228.3702 0.012015
228.6499 0.012114
228.9255 0.012186
229.1973 0.012111
229.4679 0.011958
229.7362 0.012030
230.0048 0.012132
230.2670 0.012075
230.5328 0.012179
230.7943 0.012006
231.0552 0.011941
231.3134 0.012021
231.5720 0.011980
231.8262 0.012046
232.0819 0.012076
232.3356 0.012074
232.5886 0.012084
232.8405 0.012231
233.0894 0.012199
233.3401 0.012263
233.5856 0.012150
233.8321 0.012131
234.0794 0.012052
234.3211 0.012144
234.5645 0.012151
234.8063 0.012204
235.0490 0.012156
235.2906 0.012091
235.5345 0.012138
235.7740 0.012050
236.0135 0.012180
236.2545 0.012270
236.4959 0.012321
236.7336 0.012217
236.9734 0.012347
237.2108 0.012292
237.4474 0.012408
237.6891 0.012441
237.9264 0.012431
238.1650 0.012400
238.4007 0.012431
238.6357 0.012631
238.8691 0.012449
239.1054 0.012541
239.3399 0.012521
239.5774 0.012566
239.8136 0.012418
240.0521 0.012248
240.2899 0.012205
240.5299 0.012277
240.7699 0.012272
241.0086 0.012281
241.2481 0.012153
241.4857 0.011996
241.7240 0.011907
241.9631 0.012126
242.2068 0.012178
242.4489 0.012095
242.6901 0.012038
242.9287 0.012006
243.1692 0.011965
243.4129 0.012068
243.6553 0.012085
243.8986 0.012188
244.1414 0.012312
244.3883 0.012456
244.6358 0.012440
244.8850 0.012385
245.1348 0.012381
245.3847 0.012172
245.6359 0.012039
245.8893 0.012128
246.1442 0.012343
246.3996 0.012462
246.6538 0.012461
246.9134 0.012488
247.1733 0.012513
247.4301 0.012504
247.6916 0.012709
247.9542 0.012639
248.2183 0.012601
248.4855 0.012635
248.7530 0.012591
249.0249 0.012711
249.2954 0.012753
249.5703 0.012845
249.8486 0.012845
250.1261 0.012973
250.4037 0.013061
250.6857 0.013154
250.9727 0.013179
251.2592 0.013365
251.5480 0.013464
251.8454 0.013685
252.1411 0.013773
252.4417 0.013742
252.7463 0.013734
253.0512 0.013924
253.3599 0.014065
253.6709 0.014339
253.9877 0.014259
254.3083 0.014257
254.6338 0.014327
254.9652 0.014473
255.2980 0.014537
255.6380 0.014619
255.9812 0.014564
256.3254 0.014599
256.6814 0.014797
257.0401 0.014903
257.4071 0.015196
257.7814 0.015353
258.1569 0.015579
258.5461 0.015282
258.9408 0.015324
259.3433 0.015374
259.7486 0.015623
260.1683 0.015657
260.5962 0.015909
261.0336 0.016304
261.4789 0.016316
261.9458 0.016772
262.4250 0.016944
262.9147 0.017061
263.4241 0.017288
263.9444 0.017692
264.4824 0.018034
265.0384 0.018400
265.6122 0.018742
266.2150 0.018904
266.8392 0.018990
267.4919 0.019247
268.1690 0.020062
268.8959 0.020568
269.6520 0.020728
270.4573 0.021367
271.3038 0.022483
272.2130 0.023501
273.1949 0.024287
274.2648 0.025250
275.4419 0.026719
276.7396 0.027897
278.1918 0.029090
279.8906 0.030297
281.9012 0.032888
284.4467 0.037687
287.9000 0.044444
288.7736 0.046853
289.7382 0.049134
290.8214 0.052192
292.0449 0.053515
293.4669 0.056579
295.1368 0.062136
297.3629 0.072713
300.3651 0.087385
305.2124 0.111843
309.9340 0.151978
315.7659 0.221287
320.1046 0.308079
