Copyright (C) 1998 James G. MacKinnon, Alfred A. Haug, and Leo Michelis.
 lm0-06-5 3 1
 22.2080 0.045154
 22.7888 0.035339
 23.7273 0.026294
 24.5169 0.018806
 25.3767 0.015077
 25.9226 0.012792
 26.3216 0.012178
 26.6432 0.011404
 26.9155 0.010417
 27.1529 0.009401
 27.3640 0.008988
 27.5585 0.008457
 27.7356 0.008127
 28.4341 0.007180
 28.9759 0.006457
 29.4174 0.005798
 29.7952 0.005562
 30.1308 0.005353
 30.4268 0.005211
 30.7026 0.005018
 30.9559 0.004992
 31.1888 0.004994
 31.4062 0.004934
 31.6137 0.005034
 31.8126 0.004948
 32.0011 0.004888
 32.1809 0.004814
 32.3536 0.004608
 32.5187 0.004605
 32.6772 0.004543
 32.8299 0.004512
 32.9822 0.004488
 33.1287 0.004409
 33.2710 0.004419
 33.4105 0.004403
 33.5453 0.004377
 33.6756 0.004346
 33.8033 0.004391
 33.9302 0.004402
 34.0533 0.004398
 34.1730 0.004370
 34.2911 0.004318
 34.4060 0.004302
 34.5197 0.004279
 34.6334 0.004256
 34.7454 0.004217
 34.8557 0.004206
 34.9633 0.004255
 35.0686 0.004286
 35.1751 0.004266
 35.2778 0.004283
 35.3824 0.004236
 35.4845 0.004222
 35.5848 0.004215
 35.6836 0.004185
 35.7827 0.004140
 35.8805 0.004138
 35.9760 0.004120
 36.0720 0.004098
 36.1667 0.004132
 36.2607 0.004110
 36.3528 0.004105
 36.4452 0.004121
 36.5373 0.004128
 36.6292 0.004111
 36.7197 0.004094
 36.8108 0.004085
 36.9009 0.004067
 36.9906 0.004053
 37.0786 0.004049
 37.1674 0.004120
 37.2564 0.004133
 37.3443 0.004106
 37.4321 0.004135
 37.5194 0.004151
 37.6058 0.004133
 37.6909 0.004113
 37.7761 0.004146
 37.8611 0.004139
 37.9457 0.004122
 38.0312 0.004123
 38.1151 0.004078
 38.1996 0.004087
 38.2836 0.004064
 38.3683 0.004055
 38.4514 0.004111
 38.5355 0.004117
 38.6194 0.004149
 38.7029 0.004177
 38.7876 0.004146
 38.8697 0.004172
 38.9520 0.004193
 39.0341 0.004222
 39.1181 0.004203
 39.2017 0.004230
 39.2854 0.004259
 39.3684 0.004242
 39.4516 0.004260
 39.5344 0.004258
 39.6169 0.004283
 39.6993 0.004324
 39.7819 0.004362
 39.8647 0.004395
 39.9472 0.004452
 40.0299 0.004426
 40.1135 0.004411
 40.1972 0.004457
 40.2801 0.004462
 40.3634 0.004470
 40.4474 0.004488
 40.5311 0.004532
 40.6148 0.004572
 40.6979 0.004646
 40.7815 0.004627
 40.8664 0.004602
 40.9522 0.004632
 41.0379 0.004651
 41.1240 0.004659
 41.2106 0.004646
 41.2970 0.004619
 41.3837 0.004616
 41.4707 0.004654
 41.5582 0.004686
 41.6455 0.004697
 41.7336 0.004667
 41.8224 0.004697
 41.9117 0.004755
 42.0008 0.004785
 42.0899 0.004776
 42.1798 0.004779
 42.2701 0.004808
 42.3608 0.004841
 42.4527 0.004812
 42.5455 0.004858
 42.6389 0.004878
 42.7311 0.004810
 42.8252 0.004814
 42.9195 0.004856
 43.0162 0.004926
 43.1127 0.004950
 43.2095 0.004908
 43.3072 0.004927
 43.4046 0.004991
 43.5052 0.005025
 43.6065 0.005047
 43.7069 0.005079
 43.8084 0.005092
 43.9106 0.005158
 44.0149 0.005195
 44.1190 0.005198
 44.2252 0.005257
 44.3318 0.005250
 44.4404 0.005241
 44.5488 0.005269
 44.6605 0.005259
 44.7707 0.005231
 44.8828 0.005177
 44.9962 0.005234
 45.1098 0.005293
 45.2276 0.005323
 45.3464 0.005337
 45.4661 0.005425
 45.5887 0.005436
 45.7107 0.005492
 45.8344 0.005563
 45.9628 0.005610
 46.0921 0.005607
 46.2223 0.005693
 46.3555 0.005736
 46.4906 0.005780
 46.6294 0.005740
 46.7700 0.005785
 46.9129 0.005825
 47.0586 0.005858
 47.2084 0.005912
 47.3603 0.005998
 47.5169 0.006004
 47.6759 0.006051
 47.8388 0.006197
 48.0059 0.006326
 48.1769 0.006387
 48.3499 0.006489
 48.5317 0.006618
 48.7180 0.006696
 48.9101 0.006753
 49.1083 0.006827
 49.3116 0.006913
 49.5231 0.007119
 49.7412 0.007261
 49.9681 0.007397
 50.2066 0.007645
 50.4543 0.007878
 50.7125 0.008240
 50.9817 0.008535
 51.2671 0.008713
 51.5673 0.008931
 51.8820 0.009383
 52.2211 0.009726
 52.5820 0.009998
 52.9657 0.010346
 53.3837 0.010770
 53.8423 0.011020
 54.3507 0.011488
 54.9122 0.011996
 55.5532 0.012901
 56.2987 0.013658
 57.1944 0.015213
 58.3397 0.016304
 59.8761 0.019682
 60.2841 0.020625
 60.7181 0.021560
 61.2151 0.022683
 61.7731 0.024365
 62.4418 0.026432
 63.2400 0.029205
 64.2439 0.033406
 65.6590 0.039964
 68.0268 0.055441
 70.2493 0.077615
 73.1734 0.113936
 75.2711 0.157417
 lm1-06-5 3 1
 24.2997 0.049134
 25.0234 0.037785
 25.9638 0.027870
 26.7899 0.020029
 27.7071 0.015222
 28.2598 0.012865
 28.6769 0.011533
 29.0101 0.010984
 29.2868 0.010425
 29.5302 0.009820
 29.7483 0.009524
 29.9454 0.009306
 30.1297 0.008815
 30.8634 0.007519
 31.4214 0.007042
 31.8811 0.006475
 32.2773 0.006127
 32.6221 0.005885
 32.9318 0.005647
 33.2153 0.005347
 33.4817 0.005220
 33.7256 0.005039
 33.9534 0.004931
 34.1675 0.005004
 34.3711 0.004884
 34.5646 0.004928
 34.7493 0.004966
 34.9280 0.004944
 35.1018 0.004814
 35.2656 0.004713
 35.4235 0.004678
 35.5780 0.004654
 35.7286 0.004644
 35.8758 0.004691
 36.0186 0.004659
 36.1571 0.004609
 36.2939 0.004587
 36.4265 0.004522
 36.5559 0.004499
 36.6840 0.004497
 36.8101 0.004575
 36.9325 0.004542
 37.0540 0.004537
 37.1712 0.004509
 37.2875 0.004436
 37.4032 0.004473
 37.5172 0.004489
 37.6283 0.004473
 37.7389 0.004434
 37.8480 0.004400
 37.9542 0.004373
 38.0602 0.004332
 38.1640 0.004260
 38.2671 0.004244
 38.3689 0.004182
 38.4700 0.004200
 38.5699 0.004205
 38.6687 0.004304
 38.7665 0.004229
 38.8642 0.004242
 38.9614 0.004255
 39.0565 0.004260
 39.1524 0.004253
 39.2467 0.004272
 39.3396 0.004297
 39.4332 0.004291
 39.5275 0.004295
 39.6197 0.004341
 39.7115 0.004320
 39.8026 0.004321
 39.8943 0.004288
 39.9852 0.004320
 40.0754 0.004374
 40.1661 0.004348
 40.2544 0.004315
 40.3432 0.004296
 40.4311 0.004293
 40.5187 0.004268
 40.6066 0.004272
 40.6924 0.004285
 40.7797 0.004279
 40.8658 0.004246
 40.9529 0.004267
 41.0397 0.004245
 41.1258 0.004242
 41.2123 0.004229
 41.2985 0.004277
 41.3848 0.004345
 41.4714 0.004374
 41.5563 0.004417
 41.6412 0.004437
 41.7277 0.004400
 41.8128 0.004420
 41.8992 0.004423
 41.9847 0.004425
 42.0701 0.004468
 42.1552 0.004473
 42.2417 0.004462
 42.3271 0.004509
 42.4123 0.004519
 42.4966 0.004554
 42.5827 0.004563
 42.6671 0.004581
 42.7528 0.004601
 42.8392 0.004620
 42.9258 0.004603
 43.0119 0.004600
 43.0985 0.004638
 43.1854 0.004613
 43.2721 0.004665
 43.3585 0.004661
 43.4451 0.004655
 43.5316 0.004622
 43.6183 0.004698
 43.7048 0.004702
 43.7935 0.004765
 43.8811 0.004798
 43.9684 0.004811
 44.0566 0.004826
 44.1455 0.004788
 44.2334 0.004809
 44.3229 0.004796
 44.4116 0.004821
 44.5011 0.004820
 44.5919 0.004874
 44.6829 0.004894
 44.7736 0.004905
 44.8660 0.004936
 44.9577 0.004960
 45.0494 0.004972
 45.1423 0.005006
 45.2368 0.005019
 45.3317 0.005001
 45.4272 0.005003
 45.5230 0.005033
 45.6198 0.005045
 45.7163 0.005088
 45.8142 0.005174
 45.9121 0.005225
 46.0112 0.005259
 46.1104 0.005289
 46.2111 0.005254
 46.3123 0.005266
 46.4155 0.005315
 46.5183 0.005278
 46.6205 0.005319
 46.7239 0.005387
 46.8298 0.005351
 46.9370 0.005300
 47.0438 0.005310
 47.1522 0.005335
 47.2606 0.005314
 47.3718 0.005320
 47.4835 0.005307
 47.5969 0.005322
 47.7111 0.005307
 47.8277 0.005306
 47.9448 0.005324
 48.0645 0.005382
 48.1837 0.005401
 48.3043 0.005403
 48.4273 0.005404
 48.5515 0.005401
 48.6771 0.005436
 48.8044 0.005540
 48.9348 0.005506
 49.0679 0.005588
 49.2044 0.005594
 49.3414 0.005613
 49.4823 0.005634
 49.6228 0.005786
 49.7660 0.005824
 49.9137 0.005908
 50.0634 0.006026
 50.2176 0.006048
 50.3744 0.006039
 50.5349 0.006104
 50.6986 0.006136
 50.8658 0.006275
 51.0391 0.006266
 51.2123 0.006311
 51.3934 0.006400
 51.5787 0.006515
 51.7709 0.006613
 51.9682 0.006800
 52.1721 0.006952
 52.3810 0.007150
 52.5960 0.007420
 52.8186 0.007490
 53.0518 0.007730
 53.2917 0.007794
 53.5458 0.008129
 53.8103 0.008259
 54.0863 0.008458
 54.3726 0.008574
 54.6794 0.008816
 55.0038 0.009145
 55.3504 0.009434
 55.7235 0.009530
 56.1193 0.009986
 56.5458 0.010304
 57.0183 0.010430
 57.5362 0.010907
 58.1191 0.011502
 58.7701 0.012390
 59.5320 0.013393
 60.4388 0.014953
 61.5884 0.016739
 63.1756 0.020359
 63.5826 0.021167
 64.0370 0.022079
 64.5527 0.023265
 65.1249 0.024694
 65.8028 0.026245
 66.6061 0.029931
 67.6734 0.034101
 69.1152 0.039611
 71.4913 0.057616
 73.8153 0.075726
 76.8608 0.117701
 78.9198 0.164863
lm1s-06-5 3 1
 25.0692 0.049977
 25.7700 0.038226
 26.7739 0.027100
 27.5755 0.020860
 28.4470 0.015551
 29.0201 0.013420
 29.4385 0.012494
 29.7689 0.011628
 30.0492 0.010729
 30.2928 0.009976
 30.5096 0.009316
 30.7088 0.008961
 30.8908 0.008764
 31.6232 0.007897
 32.1863 0.007306
 32.6516 0.006824
 33.0451 0.006325
 33.3931 0.005951
 33.7034 0.005654
 33.9890 0.005309
 34.2484 0.005217
 34.4930 0.005077
 34.7198 0.004996
 34.9348 0.004984
 35.1398 0.004874
 35.3344 0.004879
 35.5191 0.004785
 35.6962 0.004854
 35.8675 0.004915
 36.0333 0.004924
 36.1943 0.004875
 36.3503 0.004825
 36.5007 0.004731
 36.6457 0.004716
 36.7886 0.004715
 36.9263 0.004748
 37.0630 0.004671
 37.1956 0.004644
 37.3256 0.004547
 37.4533 0.004621
 37.5793 0.004642
 37.7016 0.004667
 37.8218 0.004645
 37.9408 0.004572
 38.0566 0.004590
 38.1715 0.004467
 38.2837 0.004460
 38.3950 0.004388
 38.5045 0.004356
 38.6126 0.004367
 38.7199 0.004392
 38.8269 0.004374
 38.9319 0.004370
 39.0347 0.004382
 39.1368 0.004338
 39.2388 0.004319
 39.3387 0.004286
 39.4378 0.004316
 39.5363 0.004312
 39.6340 0.004332
 39.7310 0.004325
 39.8265 0.004326
 39.9228 0.004284
 40.0187 0.004305
 40.1127 0.004291
 40.2065 0.004256
 40.3001 0.004294
 40.3935 0.004348
 40.4849 0.004341
 40.5744 0.004359
 40.6633 0.004359
 40.7535 0.004332
 40.8433 0.004282
 40.9329 0.004303
 41.0224 0.004310
 41.1119 0.004309
 41.2001 0.004289
 41.2889 0.004315
 41.3766 0.004303
 41.4644 0.004385
 41.5518 0.004394
 41.6402 0.004400
 41.7259 0.004427
 41.8131 0.004412
 41.8990 0.004419
 41.9855 0.004466
 42.0710 0.004470
 42.1570 0.004449
 42.2432 0.004491
 42.3287 0.004478
 42.4143 0.004450
 42.4996 0.004491
 42.5857 0.004510
 42.6703 0.004492
 42.7559 0.004546
 42.8410 0.004535
 42.9262 0.004509
 43.0109 0.004517
 43.0976 0.004528
 43.1831 0.004573
 43.2700 0.004578
 43.3557 0.004606
 43.4418 0.004588
 43.5273 0.004554
 43.6114 0.004553
 43.6975 0.004569
 43.7834 0.004631
 43.8690 0.004655
 43.9549 0.004698
 44.0411 0.004689
 44.1281 0.004720
 44.2144 0.004688
 44.3003 0.004682
 44.3877 0.004692
 44.4749 0.004662
 44.5636 0.004660
 44.6515 0.004652
 44.7392 0.004722
 44.8272 0.004769
 44.9161 0.004805
 45.0051 0.004777
 45.0937 0.004821
 45.1832 0.004801
 45.2724 0.004810
 45.3624 0.004846
 45.4531 0.004822
 45.5444 0.004857
 45.6379 0.004935
 45.7289 0.004960
 45.8207 0.004960
 45.9155 0.005030
 46.0104 0.005088
 46.1052 0.005114
 46.2006 0.005124
 46.2959 0.005130
 46.3924 0.005150
 46.4891 0.005198
 46.5864 0.005164
 46.6846 0.005119
 46.7827 0.005151
 46.8822 0.005154
 46.9821 0.005154
 47.0831 0.005155
 47.1846 0.005201
 47.2881 0.005196
 47.3933 0.005215
 47.4977 0.005142
 47.6023 0.005179
 47.7089 0.005193
 47.8161 0.005210
 47.9257 0.005236
 48.0354 0.005280
 48.1460 0.005293
 48.2584 0.005347
 48.3721 0.005395
 48.4861 0.005407
 48.6016 0.005437
 48.7176 0.005365
 48.8364 0.005344
 48.9545 0.005369
 49.0756 0.005368
 49.1994 0.005406
 49.3244 0.005486
 49.4503 0.005497
 49.5790 0.005554
 49.7089 0.005605
 49.8411 0.005686
 49.9757 0.005776
 50.1126 0.005824
 50.2536 0.005790
 50.3952 0.005815
 50.5407 0.005855
 50.6889 0.005816
 50.8385 0.005927
 50.9908 0.005993
 51.1473 0.006035
 51.3068 0.006068
 51.4701 0.006116
 51.6378 0.006152
 51.8109 0.006290
 51.9865 0.006458
 52.1687 0.006596
 52.3538 0.006637
 52.5428 0.006853
 52.7406 0.007032
 52.9417 0.007213
 53.1515 0.007307
 53.3670 0.007401
 53.5901 0.007562
 53.8219 0.007663
 54.0628 0.007826
 54.3173 0.007954
 54.5779 0.008154
 54.8526 0.008206
 55.1452 0.008583
 55.4533 0.008870
 55.7804 0.009001
 56.1260 0.009258
 56.4935 0.009507
 56.8856 0.009794
 57.3157 0.010179
 57.7806 0.010564
 58.2968 0.011086
 58.8780 0.011561
 59.5377 0.012501
 60.2918 0.013396
 61.1972 0.014794
 62.3568 0.016908
 63.9383 0.019547
 64.3502 0.020447
 64.8029 0.021825
 65.3050 0.022584
 65.8688 0.024610
 66.5493 0.026947
 67.3622 0.030707
 68.4346 0.033540
 69.8800 0.040320
 72.2529 0.058818
 74.5755 0.077354
 77.5530 0.119568
 79.6298 0.164108
 lm2-06-5 3 1
 26.5787 0.051379
 27.2847 0.038732
 28.3007 0.026842
 29.1125 0.019865
 30.0413 0.014669
 30.6108 0.013123
 31.0404 0.011925
 31.3922 0.011173
 31.6833 0.010522
 31.9442 0.009734
 32.1698 0.009356
 32.3796 0.009084
 32.5622 0.008782
 33.3218 0.007963
 33.9053 0.007239
 34.3801 0.006828
 34.7860 0.006529
 35.1378 0.006280
 35.4561 0.006101
 35.7490 0.005966
 36.0171 0.005921
 36.2698 0.005645
 36.5056 0.005589
 36.7306 0.005492
 36.9435 0.005272
 37.1432 0.005172
 37.3346 0.005111
 37.5192 0.005132
 37.6949 0.005112
 37.8643 0.005067
 38.0317 0.005038
 38.1908 0.005008
 38.3437 0.004873
 38.4926 0.004792
 38.6418 0.004837
 38.7847 0.004788
 38.9227 0.004795
 39.0595 0.004779
 39.1923 0.004740
 39.3232 0.004736
 39.4524 0.004806
 39.5789 0.004847
 39.7025 0.004852
 39.8252 0.004827
 39.9438 0.004781
 40.0614 0.004722
 40.1774 0.004698
 40.2913 0.004650
 40.4047 0.004616
 40.5169 0.004571
 40.6269 0.004501
 40.7358 0.004550
 40.8428 0.004540
 40.9498 0.004555
 41.0549 0.004511
 41.1586 0.004533
 41.2624 0.004503
 41.3647 0.004509
 41.4668 0.004548
 41.5675 0.004531
 41.6663 0.004529
 41.7651 0.004503
 41.8644 0.004489
 41.9623 0.004490
 42.0603 0.004533
 42.1557 0.004520
 42.2512 0.004565
 42.3453 0.004591
 42.4396 0.004603
 42.5327 0.004557
 42.6249 0.004550
 42.7164 0.004570
 42.8089 0.004546
 42.9007 0.004549
 42.9922 0.004534
 43.0830 0.004486
 43.1738 0.004476
 43.2645 0.004527
 43.3551 0.004536
 43.4449 0.004491
 43.5343 0.004543
 43.6237 0.004575
 43.7126 0.004527
 43.8009 0.004532
 43.8902 0.004512
 43.9784 0.004518
 44.0669 0.004450
 44.1541 0.004437
 44.2430 0.004428
 44.3308 0.004453
 44.4184 0.004419
 44.5074 0.004417
 44.5954 0.004432
 44.6831 0.004427
 44.7711 0.004481
 44.8591 0.004489
 44.9475 0.004498
 45.0346 0.004532
 45.1222 0.004507
 45.2113 0.004554
 45.2999 0.004561
 45.3881 0.004539
 45.4774 0.004531
 45.5649 0.004532
 45.6528 0.004524
 45.7404 0.004535
 45.8274 0.004523
 45.9155 0.004570
 46.0044 0.004543
 46.0936 0.004529
 46.1838 0.004569
 46.2729 0.004608
 46.3629 0.004608
 46.4524 0.004607
 46.5419 0.004516
 46.6325 0.004535
 46.7226 0.004613
 46.8131 0.004673
 46.9033 0.004666
 46.9943 0.004609
 47.0857 0.004619
 47.1770 0.004624
 47.2693 0.004607
 47.3622 0.004638
 47.4568 0.004640
 47.5500 0.004636
 47.6431 0.004633
 47.7378 0.004662
 47.8332 0.004630
 47.9282 0.004644
 48.0228 0.004700
 48.1186 0.004771
 48.2148 0.004774
 48.3126 0.004749
 48.4105 0.004810
 48.5095 0.004808
 48.6088 0.004821
 48.7102 0.004856
 48.8097 0.004914
 48.9111 0.005023
 49.0136 0.005037
 49.1166 0.005012
 49.2199 0.005048
 49.3243 0.005081
 49.4306 0.005045
 49.5362 0.005099
 49.6439 0.005130
 49.7517 0.005138
 49.8605 0.005188
 49.9713 0.005239
 50.0830 0.005266
 50.1963 0.005311
 50.3092 0.005271
 50.4236 0.005268
 50.5396 0.005262
 50.6575 0.005344
 50.7765 0.005330
 50.8962 0.005330
 51.0173 0.005357
 51.1404 0.005373
 51.2651 0.005390
 51.3891 0.005392
 51.5168 0.005433
 51.6455 0.005533
 51.7772 0.005518
 51.9107 0.005575
 52.0474 0.005649
 52.1859 0.005721
 52.3272 0.005767
 52.4720 0.005776
 52.6155 0.005960
 52.7649 0.006079
 52.9174 0.006106
 53.0708 0.006164
 53.2287 0.006268
 53.3889 0.006359
 53.5509 0.006333
 53.7214 0.006396
 53.8927 0.006622
 54.0688 0.006676
 54.2500 0.006789
 54.4348 0.006885
 54.6249 0.006995
 54.8211 0.007092
 55.0218 0.007282
 55.2314 0.007329
 55.4464 0.007462
 55.6661 0.007625
 55.8957 0.007683
 56.1344 0.007639
 56.3828 0.007828
 56.6400 0.007978
 56.9089 0.007945
 57.1917 0.008080
 57.4869 0.008189
 57.8012 0.008457
 58.1336 0.008615
 58.4828 0.009044
 58.8584 0.009384
 59.2672 0.009693
 59.6996 0.010308
 60.1814 0.010622
 60.7054 0.011281
 61.2883 0.011781
 61.9570 0.012653
 62.7342 0.013525
 63.6674 0.014771
 64.8700 0.016157
 66.4828 0.018847
 66.9060 0.020127
 67.3635 0.021284
 67.8764 0.022263
 68.4717 0.024501
 69.1545 0.027088
 69.9962 0.031410
 71.0621 0.035860
 72.5024 0.044175
 74.9319 0.061784
 77.2928 0.080433
 80.2743 0.126422
 82.4768 0.173143
lm2s-06-5 3 1
 27.3158 0.052954
 28.0527 0.040006
 29.0480 0.026381
 29.9180 0.019578
 30.8350 0.015675
 31.3975 0.013915
 31.8218 0.012172
 32.1740 0.011260
 32.4703 0.010694
 32.7241 0.010236
 32.9499 0.009737
 33.1597 0.009519
 33.3506 0.009254
 34.1065 0.007928
 34.6856 0.007231
 35.1530 0.006936
 35.5601 0.006662
 35.9156 0.006303
 36.2375 0.006113
 36.5291 0.005914
 36.8013 0.005659
 37.0552 0.005513
 37.2904 0.005300
 37.5088 0.005340
 37.7209 0.005292
 37.9210 0.005335
 38.1130 0.005295
 38.2973 0.005154
 38.4719 0.005092
 38.6438 0.004949
 38.8096 0.005016
 38.9687 0.004941
 39.1223 0.004954
 39.2723 0.004926
 39.4187 0.004914
 39.5619 0.004895
 39.7016 0.004836
 39.8371 0.004838
 39.9702 0.004792
 40.1004 0.004739
 40.2288 0.004678
 40.3556 0.004670
 40.4792 0.004641
 40.6026 0.004595
 40.7216 0.004533
 40.8402 0.004544
 40.9558 0.004525
 41.0707 0.004482
 41.1839 0.004492
 41.2955 0.004493
 41.4057 0.004506
 41.5144 0.004497
 41.6221 0.004544
 41.7279 0.004538
 41.8340 0.004508
 41.9382 0.004511
 42.0422 0.004511
 42.1438 0.004521
 42.2456 0.004537
 42.3462 0.004519
 42.4464 0.004503
 42.5449 0.004507
 42.6430 0.004484
 42.7402 0.004510
 42.8354 0.004538
 42.9317 0.004527
 43.0270 0.004499
 43.1230 0.004485
 43.2167 0.004447
 43.3117 0.004413
 43.4045 0.004462
 43.4976 0.004533
 43.5896 0.004547
 43.6822 0.004519
 43.7737 0.004540
 43.8646 0.004525
 43.9565 0.004526
 44.0472 0.004504
 44.1374 0.004509
 44.2259 0.004502
 44.3141 0.004566
 44.4017 0.004530
 44.4911 0.004524
 44.5803 0.004564
 44.6682 0.004540
 44.7560 0.004529
 44.8453 0.004526
 44.9347 0.004528
 45.0236 0.004523
 45.1121 0.004544
 45.1999 0.004511
 45.2877 0.004515
 45.3765 0.004554
 45.4644 0.004592
 45.5524 0.004616
 45.6399 0.004640
 45.7277 0.004642
 45.8153 0.004624
 45.9037 0.004628
 45.9909 0.004634
 46.0794 0.004593
 46.1662 0.004568
 46.2540 0.004554
 46.3428 0.004601
 46.4307 0.004609
 46.5194 0.004663
 46.6076 0.004628
 46.6957 0.004630
 46.7841 0.004640
 46.8730 0.004686
 46.9628 0.004639
 47.0510 0.004648
 47.1393 0.004612
 47.2284 0.004641
 47.3184 0.004599
 47.4104 0.004553
 47.5018 0.004541
 47.5926 0.004566
 47.6824 0.004589
 47.7744 0.004589
 47.8659 0.004574
 47.9577 0.004606
 48.0493 0.004655
 48.1427 0.004680
 48.2353 0.004665
 48.3290 0.004660
 48.4222 0.004697
 48.5167 0.004759
 48.6115 0.004778
 48.7069 0.004806
 48.8031 0.004812
 48.8995 0.004814
 48.9957 0.004852
 49.0926 0.004930
 49.1904 0.004909
 49.2886 0.004936
 49.3877 0.004890
 49.4889 0.004896
 49.5901 0.004902
 49.6909 0.004945
 49.7934 0.004962
 49.8953 0.005005
 49.9990 0.005009
 50.1040 0.005111
 50.2101 0.005164
 50.3187 0.005120
 50.4243 0.005104
 50.5320 0.005168
 50.6409 0.005243
 50.7517 0.005240
 50.8624 0.005192
 50.9742 0.005209
 51.0878 0.005234
 51.2025 0.005232
 51.3183 0.005244
 51.4350 0.005283
 51.5530 0.005307
 51.6719 0.005371
 51.7936 0.005392
 51.9171 0.005462
 52.0427 0.005445
 52.1684 0.005444
 52.2961 0.005463
 52.4267 0.005463
 52.5582 0.005500
 52.6928 0.005604
 52.8288 0.005683
 52.9660 0.005802
 53.1067 0.005927
 53.2486 0.006050
 53.3926 0.006051
 53.5420 0.006071
 53.6925 0.006104
 53.8481 0.006199
 54.0046 0.006324
 54.1639 0.006397
 54.3293 0.006489
 54.4953 0.006549
 54.6668 0.006655
 54.8430 0.006682
 55.0234 0.006721
 55.2100 0.006838
 55.3991 0.006925
 55.5942 0.007088
 55.7932 0.007109
 56.0008 0.007141
 56.2180 0.007217
 56.4415 0.007227
 56.6685 0.007387
 56.9067 0.007316
 57.1532 0.007593
 57.4114 0.007748
 57.6790 0.007983
 57.9636 0.008119
 58.2605 0.008300
 58.5737 0.008447
 58.9063 0.008802
 59.2579 0.009085
 59.6300 0.009497
 60.0316 0.009864
 60.4715 0.010187
 60.9486 0.010673
 61.4724 0.011088
 62.0549 0.011834
 62.7268 0.012737
 63.5022 0.013473
 64.4533 0.014563
 65.6326 0.016171
 67.2585 0.019318
 67.6666 0.019845
 68.1242 0.021392
 68.6494 0.022185
 69.2490 0.024522
 69.9340 0.027340
 70.7809 0.030744
 71.8336 0.035917
 73.2936 0.044161
 75.7288 0.059900
 78.1239 0.082420
 81.1084 0.128249
 83.3029 0.170760
 tr0-06-5 2 1
 77.7056 0.081806
 79.5913 0.061972
 82.2481 0.042566
 84.4708 0.032416
 86.9434 0.024464
 88.4557 0.021233
 89.5942 0.019973
 90.5160 0.017819
 91.2777 0.016576
 91.9441 0.015091
 92.5381 0.014229
 93.0580 0.013903
 93.5295 0.013438
 95.4615 0.011684
 96.9150 0.010707
 98.0961 0.010345
 99.0994 0.010122
 99.9808 0.009456
100.7794 0.009043
101.4987 0.008825
102.1566 0.008468
102.7677 0.008272
103.3367 0.008085
103.8769 0.007833
104.3819 0.007741
104.8630 0.007552
105.3241 0.007180
105.7640 0.007051
106.1882 0.006990
106.5935 0.006816
106.9860 0.006732
107.3657 0.006741
107.7332 0.006678
108.0878 0.006585
108.4353 0.006547
108.7714 0.006341
109.1022 0.006353
109.4233 0.006322
109.7361 0.006485
110.0421 0.006349
110.3398 0.006239
110.6330 0.006236
110.9205 0.006213
111.2038 0.006150
111.4834 0.006190
111.7578 0.006068
112.0258 0.005939
112.2910 0.005989
112.5507 0.005992
112.8076 0.005989
113.0617 0.005988
113.3097 0.005866
113.5567 0.005899
113.8000 0.005868
114.0401 0.005804
114.2785 0.005747
114.5129 0.005733
114.7436 0.005687
114.9745 0.005657
115.2029 0.005569
115.4289 0.005552
115.6522 0.005646
115.8739 0.005526
116.0932 0.005631
116.3100 0.005630
116.5255 0.005602
116.7415 0.005684
116.9561 0.005708
117.1694 0.005680
117.3785 0.005646
117.5885 0.005668
117.7934 0.005690
117.9994 0.005756
118.2043 0.005751
118.4087 0.005792
118.6120 0.005740
118.8124 0.005785
119.0135 0.005821
119.2130 0.005863
119.4112 0.005872
119.6093 0.005900
119.8063 0.005877
120.0028 0.005919
120.1986 0.005986
120.3933 0.005993
120.5875 0.005984
120.7817 0.005924
120.9747 0.005930
121.1673 0.006003
121.3602 0.006002
121.5524 0.005991
121.7447 0.005954
121.9368 0.005988
122.1291 0.005987
122.3202 0.005963
122.5101 0.005984
122.6994 0.005969
122.8893 0.005963
123.0794 0.005981
123.2691 0.006006
123.4594 0.005939
123.6488 0.005977
123.8373 0.005910
124.0256 0.005911
124.2152 0.005934
124.4046 0.005952
124.5932 0.005910
124.7814 0.005837
124.9703 0.005822
125.1601 0.005725
125.3499 0.005653
125.5399 0.005692
125.7302 0.005737
125.9210 0.005722
126.1122 0.005730
126.3043 0.005693
126.4946 0.005743
126.6861 0.005645
126.8783 0.005673
127.0711 0.005596
127.2641 0.005620
127.4581 0.005621
127.6526 0.005660
127.8473 0.005738
128.0431 0.005786
128.2376 0.005818
128.4349 0.005798
128.6327 0.005847
128.8310 0.005941
129.0307 0.005969
129.2304 0.006029
129.4305 0.006008
129.6308 0.006013
129.8337 0.005977
130.0371 0.005958
130.2405 0.006000
130.4449 0.006038
130.6511 0.006033
130.8560 0.005985
131.0643 0.006008
131.2741 0.006044
131.4867 0.006077
131.7006 0.006063
131.9148 0.006057
132.1319 0.006089
132.3509 0.006049
132.5681 0.006061
132.7881 0.006075
133.0118 0.006112
133.2359 0.006173
133.4625 0.006264
133.6902 0.006290
133.9200 0.006334
134.1527 0.006259
134.3843 0.006418
134.6238 0.006417
134.8639 0.006397
135.1053 0.006461
135.3511 0.006477
135.5970 0.006500
135.8476 0.006492
136.1016 0.006529
136.3597 0.006584
136.6187 0.006676
136.8812 0.006749
137.1478 0.006756
137.4177 0.006776
137.6904 0.006868
137.9683 0.006952
138.2509 0.007135
138.5361 0.007106
138.8299 0.007185
139.1248 0.007283
139.4265 0.007358
139.7355 0.007366
140.0498 0.007418
140.3693 0.007454
140.6977 0.007580
141.0314 0.007602
141.3734 0.007631
141.7223 0.007750
142.0802 0.007898
142.4431 0.007968
142.8188 0.008058
143.2040 0.008285
143.6023 0.008336
144.0121 0.008399
144.4324 0.008569
144.8687 0.008707
145.3234 0.008950
145.7922 0.009029
146.2819 0.009310
146.7917 0.009448
147.3209 0.009579
147.8815 0.009754
148.4686 0.010010
149.0853 0.010282
149.7452 0.010576
150.4429 0.010758
151.1896 0.010990
151.9974 0.011329
152.8685 0.011861
153.8358 0.012244
154.9075 0.012710
156.1200 0.013282
157.5120 0.014364
159.1816 0.016102
161.2637 0.017552
164.0745 0.020335
164.7849 0.021258
165.5752 0.022514
166.4588 0.023930
167.4881 0.025753
168.6709 0.027139
170.1121 0.030142
171.9249 0.034720
174.4304 0.040774
178.4907 0.055979
182.3186 0.075015
187.3129 0.114069
190.8644 0.149852
 tr1-06-5 3 1
 87.2891 0.144041
 89.2880 0.111964
 92.1560 0.078597
 94.5846 0.059994
 97.1345 0.046073
 98.7382 0.037893
 99.9416 0.034489
100.8834 0.031190
101.6960 0.028455
102.3657 0.027340
102.9715 0.026150
103.5368 0.025158
104.0390 0.024081
106.0743 0.021469
107.5979 0.019772
108.8423 0.017834
109.8973 0.017156
110.8294 0.016002
111.6644 0.015165
112.4271 0.014541
113.1153 0.014174
113.7521 0.013800
114.3507 0.013177
114.9073 0.013061
115.4411 0.012850
115.9519 0.012639
116.4359 0.012361
116.8981 0.012478
117.3485 0.012548
117.7731 0.012371
118.1805 0.012240
118.5818 0.012194
118.9595 0.012237
119.3331 0.012172
119.6961 0.011999
120.0484 0.011681
120.3904 0.011603
120.7268 0.011626
121.0521 0.011660
121.3724 0.011496
121.6883 0.011581
121.9911 0.011436
122.2912 0.011360
122.5858 0.011366
122.8754 0.011158
123.1656 0.011117
123.4476 0.011035
123.7259 0.010833
123.9955 0.010758
124.2649 0.010707
124.5284 0.010618
124.7906 0.010636
125.0453 0.010576
125.3008 0.010489
125.5543 0.010406
125.8004 0.010468
126.0475 0.010407
126.2920 0.010530
126.5326 0.010515
126.7736 0.010628
127.0077 0.010582
127.2391 0.010472
127.4686 0.010439
127.6979 0.010426
127.9262 0.010413
128.1480 0.010471
128.3690 0.010475
128.5918 0.010504
128.8156 0.010415
129.0335 0.010404
129.2541 0.010335
129.4736 0.010368
129.6900 0.010363
129.9028 0.010409
130.1150 0.010406
130.3272 0.010416
130.5393 0.010378
130.7490 0.010330
130.9567 0.010408
131.1646 0.010306
131.3715 0.010342
131.5783 0.010376
131.7823 0.010436
131.9859 0.010390
132.1901 0.010359
132.3942 0.010340
132.5952 0.010351
132.7942 0.010357
132.9948 0.010474
133.1956 0.010545
133.3957 0.010392
133.5929 0.010332
133.7925 0.010296
133.9886 0.010350
134.1876 0.010414
134.3853 0.010401
134.5817 0.010389
134.7788 0.010497
134.9792 0.010499
135.1779 0.010423
135.3769 0.010461
135.5734 0.010571
135.7690 0.010616
135.9644 0.010649
136.1605 0.010672
136.3592 0.010624
136.5566 0.010591
136.7568 0.010568
136.9519 0.010505
137.1502 0.010503
137.3485 0.010514
137.5469 0.010523
137.7456 0.010487
137.9440 0.010485
138.1432 0.010546
138.3429 0.010603
138.5434 0.010546
138.7437 0.010451
138.9434 0.010566
139.1446 0.010596
139.3455 0.010575
139.5481 0.010746
139.7499 0.010797
139.9550 0.010761
140.1572 0.010800
140.3635 0.010923
140.5702 0.011028
140.7763 0.010895
140.9833 0.010859
141.1888 0.010787
141.3988 0.010851
141.6075 0.010854
141.8177 0.010808
142.0299 0.010857
142.2393 0.010837
142.4553 0.010842
142.6680 0.010901
142.8798 0.010949
143.0968 0.010894
143.3133 0.010795
143.5322 0.010850
143.7511 0.011035
143.9713 0.011093
144.1954 0.011091
144.4186 0.011180
144.6434 0.011030
144.8723 0.011039
145.1030 0.011092
145.3371 0.011067
145.5698 0.011066
145.8016 0.011035
146.0385 0.011091
146.2776 0.011232
146.5210 0.011269
146.7651 0.011348
147.0145 0.011300
147.2639 0.011434
147.5150 0.011447
147.7705 0.011414
148.0263 0.011490
148.2882 0.011575
148.5514 0.011778
148.8178 0.011955
149.0869 0.012137
149.3618 0.012114
149.6401 0.012263
149.9224 0.012339
150.2079 0.012334
150.4956 0.012351
150.7887 0.012445
151.0913 0.012643
151.3937 0.012551
151.7018 0.012821
152.0191 0.012844
152.3400 0.012938
152.6677 0.013062
153.0012 0.013128
153.3382 0.013475
153.6821 0.013465
154.0363 0.013788
154.4030 0.014037
154.7771 0.013943
155.1560 0.014319
155.5479 0.014503
155.9521 0.014574
156.3680 0.014561
156.7951 0.014609
157.2326 0.014896
157.6810 0.015098
158.1453 0.015358
158.6332 0.015427
159.1389 0.016118
159.6637 0.016267
160.2201 0.016643
160.7945 0.017069
161.3938 0.017428
162.0405 0.018048
162.7201 0.018429
163.4502 0.019031
164.2280 0.019913
165.0640 0.020285
165.9685 0.021122
166.9712 0.022014
168.0778 0.022517
169.3425 0.023717
170.7880 0.025193
172.4972 0.027608
174.6589 0.030788
177.6046 0.037040
178.3546 0.038880
179.2024 0.039774
180.1165 0.042272
181.1741 0.047039
182.4110 0.052349
183.8845 0.055214
185.7472 0.059028
188.2768 0.067215
192.5488 0.092607
196.6226 0.128171
201.7396 0.202110
205.4352 0.261154
tr1s-06-5 3 1
 93.0326 0.145303
 95.0548 0.111645
 97.9508 0.076974
100.3941 0.061509
103.0374 0.045040
104.6460 0.038763
105.8363 0.035248
106.7974 0.031763
107.6006 0.028800
108.2931 0.027674
108.9136 0.026667
109.4645 0.025678
109.9660 0.024383
111.9793 0.021145
113.5164 0.019524
114.7863 0.018650
115.8514 0.016878
116.7847 0.016709
117.6116 0.015801
118.3641 0.015050
119.0568 0.014361
119.7032 0.013858
120.3033 0.013509
120.8767 0.013072
121.4047 0.012974
121.9140 0.012741
122.3993 0.012406
122.8662 0.012287
123.3123 0.012451
123.7415 0.012386
124.1520 0.012322
124.5460 0.012310
124.9296 0.012349
125.3029 0.012338
125.6643 0.012114
126.0213 0.011619
126.3657 0.011620
126.7052 0.011568
127.0365 0.011519
127.3584 0.011188
127.6707 0.010960
127.9788 0.010902
128.2817 0.011062
128.5760 0.010991
128.8655 0.011154
129.1527 0.011185
129.4336 0.011106
129.7077 0.011050
129.9801 0.010879
130.2482 0.010852
130.5142 0.010905
130.7719 0.010781
131.0324 0.010622
131.2860 0.010637
131.5382 0.010507
131.7862 0.010487
132.0324 0.010365
132.2751 0.010325
132.5192 0.010248
132.7575 0.010211
132.9930 0.010204
133.2292 0.010150
133.4602 0.010072
133.6914 0.010049
133.9204 0.010045
134.1450 0.010114
134.3691 0.010097
134.5899 0.010165
134.8122 0.010156
135.0307 0.010225
135.2468 0.010317
135.4638 0.010232
135.6820 0.010249
135.8957 0.010350
136.1093 0.010393
136.3218 0.010499
136.5330 0.010513
136.7430 0.010511
136.9532 0.010535
137.1603 0.010670
137.3657 0.010802
137.5706 0.010732
137.7751 0.010618
137.9791 0.010456
138.1849 0.010436
138.3856 0.010280
138.5890 0.010288
138.7887 0.010313
138.9909 0.010297
139.1932 0.010371
139.3930 0.010426
139.5896 0.010351
139.7873 0.010339
139.9896 0.010318
140.1881 0.010336
140.3874 0.010351
140.5850 0.010292
140.7844 0.010265
140.9801 0.010175
141.1766 0.010286
141.3737 0.010348
141.5694 0.010385
141.7674 0.010396
141.9676 0.010455
142.1658 0.010587
142.3615 0.010528
142.5612 0.010442
142.7579 0.010438
142.9586 0.010524
143.1571 0.010467
143.3581 0.010521
143.5562 0.010601
143.7536 0.010601
143.9545 0.010539
144.1520 0.010497
144.3497 0.010449
144.5488 0.010389
144.7478 0.010390
144.9509 0.010390
145.1524 0.010442
145.3546 0.010453
145.5574 0.010457
145.7598 0.010559
145.9626 0.010617
146.1656 0.010549
146.3673 0.010579
146.5724 0.010601
146.7786 0.010542
146.9861 0.010637
147.1953 0.010830
147.4041 0.010849
147.6151 0.010882
147.8227 0.010964
148.0334 0.010892
148.2445 0.010802
148.4584 0.010882
148.6714 0.010885
148.8862 0.010839
149.1041 0.010889
149.3207 0.010902
149.5395 0.010967
149.7621 0.010897
149.9846 0.010942
150.2059 0.011132
150.4325 0.011108
150.6604 0.011190
150.8910 0.011234
151.1206 0.011279
151.3548 0.011363
151.5872 0.011377
151.8238 0.011321
152.0627 0.011245
152.3004 0.011205
152.5406 0.011351
152.7840 0.011472
153.0295 0.011450
153.2826 0.011392
153.5340 0.011551
153.7895 0.011518
154.0492 0.011614
154.3101 0.011799
154.5746 0.011887
154.8447 0.011854
155.1143 0.011998
155.3894 0.012050
155.6662 0.012304
155.9456 0.012340
156.2305 0.012621
156.5180 0.012745
156.8125 0.012842
157.1118 0.012923
157.4152 0.012934
157.7233 0.013017
158.0356 0.013183
158.3572 0.013277
158.6848 0.013376
159.0164 0.013490
159.3593 0.013739
159.7063 0.013781
160.0654 0.013767
160.4282 0.013954
160.8000 0.013871
161.1796 0.014012
161.5713 0.014070
161.9711 0.014223
162.3801 0.014638
162.8107 0.014944
163.2436 0.015218
163.6976 0.015265
164.1668 0.015755
164.6531 0.016165
165.1614 0.016486
165.6885 0.016777
166.2405 0.017245
166.8159 0.017836
167.4294 0.018201
168.0745 0.018461
168.7562 0.019138
169.4735 0.019591
170.2481 0.019653
171.0842 0.019957
171.9892 0.020647
172.9855 0.021829
174.0944 0.022449
175.3401 0.023881
176.7890 0.025976
178.5167 0.028260
180.6644 0.031934
183.6400 0.037934
184.3693 0.038633
185.1863 0.039988
186.0921 0.042559
187.1500 0.046039
188.3940 0.049780
189.8714 0.052948
191.7159 0.060244
194.3563 0.072138
198.5569 0.097782
202.6659 0.130870
207.8485 0.191169
211.5393 0.267036
 tr2-06-5 3 1
 97.3115 0.156250
 99.5132 0.121695
102.5562 0.079098
105.0266 0.061049
107.7314 0.047243
109.4464 0.039615
110.7312 0.035034
111.7308 0.032991
112.5521 0.029897
113.2957 0.028601
113.9577 0.027209
114.5411 0.026176
115.0587 0.025501
117.2001 0.022933
118.8008 0.021309
120.1064 0.019233
121.2095 0.018470
122.1812 0.017861
123.0444 0.016889
123.8384 0.016228
124.5625 0.015657
125.2323 0.015155
125.8571 0.014788
126.4513 0.014577
127.0104 0.014295
127.5368 0.013745
128.0468 0.013499
128.5244 0.013282
128.9892 0.013009
129.4308 0.012782
129.8591 0.012637
130.2659 0.012426
130.6662 0.012185
131.0590 0.011979
131.4368 0.011771
131.8071 0.011871
132.1702 0.012167
132.5182 0.011963
132.8630 0.011936
133.1995 0.011743
133.5282 0.011448
133.8501 0.011391
134.1637 0.011242
134.4768 0.011185
134.7828 0.010895
135.0796 0.010953
135.3717 0.010893
135.6570 0.010886
135.9424 0.010773
136.2252 0.010805
136.4991 0.010748
136.7734 0.010683
137.0412 0.010669
137.3067 0.010521
137.5642 0.010607
137.8237 0.010583
138.0776 0.010502
138.3296 0.010531
138.5804 0.010667
138.8271 0.010741
139.0754 0.010742
139.3208 0.010825
139.5640 0.010925
139.8032 0.010782
140.0408 0.010793
140.2750 0.010806
140.5099 0.010639
140.7425 0.010606
140.9738 0.010625
141.2017 0.010577
141.4293 0.010461
141.6547 0.010490
141.8776 0.010427
142.0980 0.010399
142.3178 0.010431
142.5380 0.010539
142.7569 0.010576
142.9738 0.010602
143.1908 0.010429
143.4074 0.010449
143.6229 0.010494
143.8388 0.010439
144.0495 0.010472
144.2615 0.010402
144.4709 0.010472
144.6823 0.010572
144.8945 0.010659
145.1048 0.010654
145.3146 0.010639
145.5240 0.010591
145.7324 0.010521
145.9380 0.010569
146.1427 0.010518
146.3481 0.010502
146.5530 0.010518
146.7598 0.010577
146.9690 0.010607
147.1749 0.010555
147.3782 0.010576
147.5846 0.010678
147.7911 0.010649
147.9912 0.010607
148.1981 0.010657
148.4014 0.010581
148.6079 0.010669
148.8113 0.010684
149.0145 0.010676
149.2203 0.010767
149.4254 0.010874
149.6282 0.010834
149.8331 0.010772
150.0399 0.010872
150.2467 0.010772
150.4515 0.010719
150.6585 0.010733
150.8657 0.010819
151.0743 0.010784
151.2809 0.010763
151.4862 0.010780
151.6924 0.010773
151.9029 0.010805
152.1124 0.010745
152.3232 0.010662
152.5352 0.010683
152.7445 0.010557
152.9560 0.010593
153.1671 0.010668
153.3827 0.010717
153.5981 0.010692
153.8144 0.010805
154.0279 0.010794
154.2443 0.010877
154.4624 0.010877
154.6836 0.011019
154.9076 0.010907
155.1305 0.010890
155.3527 0.010899
155.5780 0.011006
155.8016 0.011113
156.0315 0.011083
156.2622 0.011114
156.4918 0.011191
156.7211 0.011127
156.9541 0.011030
157.1904 0.010959
157.4242 0.011096
157.6607 0.011212
157.8980 0.011027
158.1396 0.011081
158.3845 0.011200
158.6307 0.011360
158.8776 0.011333
159.1270 0.011416
159.3771 0.011642
159.6307 0.011645
159.8877 0.011624
160.1500 0.011637
160.4110 0.011780
160.6719 0.011781
160.9414 0.011844
161.2127 0.011965
161.4882 0.012045
161.7676 0.012133
162.0471 0.012161
162.3292 0.012140
162.6199 0.012160
162.9097 0.012217
163.2076 0.012267
163.5099 0.012331
163.8142 0.012316
164.1249 0.012373
164.4405 0.012637
164.7615 0.012753
165.0896 0.012843
165.4240 0.012959
165.7602 0.013215
166.1053 0.013576
166.4572 0.013599
166.8139 0.013706
167.1822 0.014041
167.5541 0.014111
167.9405 0.014325
168.3303 0.014602
168.7361 0.014639
169.1516 0.014755
169.5819 0.014922
170.0226 0.015153
170.4773 0.015440
170.9515 0.015432
171.4386 0.015647
171.9461 0.016032
172.4716 0.016513
173.0235 0.016592
173.5879 0.016962
174.1834 0.017232
174.8171 0.017525
175.4810 0.017533
176.1855 0.018140
176.9386 0.018670
177.7367 0.019443
178.5900 0.020011
179.5291 0.020407
180.5687 0.021697
181.7114 0.022591
183.0129 0.023650
184.5181 0.026068
186.2896 0.028708
188.5187 0.032534
191.5460 0.038308
192.3181 0.039798
193.1672 0.041759
194.1127 0.043415
195.2013 0.045454
196.4962 0.048048
198.0078 0.052410
199.9434 0.059645
202.6005 0.068736
206.9481 0.097523
211.1139 0.132477
216.4516 0.201386
220.2129 0.265319
tr2s-06-5 3 1
103.5416 0.162979
105.6152 0.125580
108.6818 0.084271
111.1088 0.061553
113.8410 0.045643
115.5432 0.039461
116.7971 0.036774
117.8186 0.033475
118.6687 0.030995
119.4082 0.031054
120.0654 0.029006
120.6298 0.027610
121.1675 0.026375
123.3050 0.023155
124.8993 0.021033
126.1917 0.019725
127.2888 0.018274
128.2546 0.017222
129.1255 0.016313
129.9203 0.015627
130.6357 0.015013
131.3033 0.014594
131.9310 0.014189
132.5165 0.014034
133.0673 0.013924
133.5953 0.013839
134.0984 0.013238
134.5793 0.012968
135.0393 0.012636
135.4802 0.012166
135.9086 0.012089
136.3236 0.011888
136.7211 0.011779
137.1061 0.011858
137.4912 0.011762
137.8573 0.011681
138.2154 0.011381
138.5646 0.011455
138.9078 0.011379
139.2403 0.011300
139.5628 0.011406
139.8830 0.011399
140.1979 0.011226
140.5073 0.011126
140.8072 0.011141
141.1024 0.011067
141.3975 0.010946
141.6878 0.010996
141.9700 0.010977
142.2497 0.011058
142.5250 0.010866
142.7973 0.010852
143.0645 0.010761
143.3289 0.010810
143.5902 0.010668
143.8457 0.010761
144.1005 0.010636
144.3508 0.010525
144.6004 0.010526
144.8499 0.010442
145.0929 0.010385
145.3361 0.010476
145.5788 0.010572
145.8152 0.010592
146.0541 0.010579
146.2905 0.010579
146.5250 0.010574
146.7551 0.010562
146.9862 0.010558
147.2125 0.010541
147.4383 0.010506
147.6620 0.010508
147.8877 0.010403
148.1104 0.010419
148.3342 0.010568
148.5540 0.010602
148.7709 0.010626
148.9912 0.010656
149.2069 0.010647
149.4207 0.010593
149.6349 0.010506
149.8498 0.010568
150.0647 0.010615
150.2761 0.010698
150.4878 0.010612
150.6988 0.010662
150.9064 0.010733
151.1142 0.010690
151.3243 0.010654
151.5344 0.010590
151.7399 0.010696
151.9460 0.010751
152.1524 0.010869
152.3586 0.010941
152.5640 0.011025
152.7739 0.010958
152.9786 0.010967
153.1833 0.010927
153.3875 0.010873
153.5921 0.010837
153.7972 0.010862
153.9994 0.010769
154.2012 0.010750
154.4078 0.010791
154.6121 0.010836
154.8167 0.010928
155.0213 0.010987
155.2257 0.011084
155.4305 0.011023
155.6346 0.011003
155.8371 0.011020
156.0426 0.010977
156.2499 0.010971
156.4542 0.010878
156.6602 0.010942
156.8664 0.010770
157.0710 0.010829
157.2804 0.010931
157.4855 0.010858
157.6939 0.010813
157.9039 0.010812
158.1125 0.010934
158.3227 0.010872
158.5343 0.010942
158.7443 0.010852
158.9580 0.010857
159.1683 0.010948
159.3795 0.011058
159.5960 0.010914
159.8106 0.010966
160.0252 0.010949
160.2431 0.011067
160.4579 0.011176
160.6751 0.011068
160.8965 0.010969
161.1169 0.011049
161.3414 0.010995
161.5667 0.011041
161.7929 0.011095
162.0161 0.011054
162.2439 0.011254
162.4718 0.011299
162.7009 0.011369
162.9328 0.011441
163.1660 0.011489
163.4036 0.011532
163.6410 0.011687
163.8797 0.011753
164.1176 0.011780
164.3594 0.011634
164.6065 0.011565
164.8533 0.011401
165.1005 0.011395
165.3520 0.011499
165.6060 0.011605
165.8622 0.011565
166.1213 0.011641
166.3823 0.011630
166.6449 0.011655
166.9132 0.011731
167.1827 0.011857
167.4565 0.012031
167.7372 0.011975
168.0176 0.012126
168.2952 0.012248
168.5814 0.012450
168.8718 0.012597
169.1694 0.012988
169.4694 0.013046
169.7744 0.013170
170.0834 0.013201
170.3950 0.013285
170.7151 0.013387
171.0433 0.013335
171.3780 0.013395
171.7137 0.013589
172.0568 0.013574
172.4074 0.013619
172.7621 0.013533
173.1312 0.013540
173.5051 0.013658
173.8907 0.013808
174.2845 0.014135
174.6900 0.014028
175.1041 0.014313
175.5297 0.014638
175.9744 0.015003
176.4254 0.015408
176.8973 0.015738
177.3864 0.015943
177.8938 0.016303
178.4204 0.016546
178.9665 0.017056
179.5436 0.017020
180.1358 0.017132
180.7621 0.017633
181.4181 0.018128
182.1220 0.018891
182.8654 0.019457
183.6701 0.019523
184.5267 0.020065
185.4681 0.021535
186.4982 0.021477
187.6526 0.022214
188.9407 0.024531
190.4303 0.026319
192.2189 0.028821
194.4468 0.033269
197.4780 0.038027
198.2364 0.039129
199.0886 0.040986
200.0590 0.043528
201.1232 0.046247
202.4071 0.049366
203.9277 0.053977
205.9132 0.060518
208.6379 0.072803
212.9998 0.100360
216.9733 0.133404
222.2206 0.197555
225.9872 0.270114
