Copyright (C) 1998 James G. MacKinnon, Alfred A. Haug, and Leo Michelis.
 lm0-08-7 3 1
 36.1991 0.052521
 36.9228 0.041153
 38.0182 0.030058
 38.9676 0.023814
 39.9704 0.019079
 40.6285 0.016288
 41.1147 0.014784
 41.5095 0.013642
 41.8324 0.012937
 42.1140 0.011986
 42.3692 0.011489
 42.5980 0.011171
 42.8057 0.010579
 43.6359 0.009288
 44.2839 0.008396
 44.8085 0.008027
 45.2593 0.007758
 45.6555 0.007428
 46.0105 0.007162
 46.3321 0.006913
 46.6254 0.006564
 46.9032 0.006553
 47.1591 0.006310
 47.4023 0.006117
 47.6341 0.005989
 47.8558 0.005922
 48.0668 0.005857
 48.2660 0.005848
 48.4600 0.005744
 48.6465 0.005665
 48.8254 0.005616
 48.9973 0.005533
 49.1655 0.005412
 49.3299 0.005483
 49.4908 0.005439
 49.6474 0.005367
 49.8010 0.005328
 49.9494 0.005335
 50.0939 0.005242
 50.2370 0.005167
 50.3769 0.005139
 50.5141 0.005128
 50.6494 0.005093
 50.7828 0.005102
 50.9133 0.005082
 51.0409 0.005056
 51.1682 0.005006
 51.2931 0.005021
 51.4186 0.005032
 51.5407 0.004985
 51.6596 0.004993
 51.7782 0.004942
 51.8943 0.004855
 52.0099 0.004799
 52.1230 0.004759
 52.2385 0.004751
 52.3506 0.004724
 52.4612 0.004693
 52.5710 0.004702
 52.6800 0.004688
 52.7879 0.004681
 52.8951 0.004685
 53.0029 0.004652
 53.1075 0.004645
 53.2122 0.004605
 53.3166 0.004591
 53.4202 0.004596
 53.5245 0.004581
 53.6260 0.004590
 53.7279 0.004584
 53.8294 0.004620
 53.9294 0.004626
 54.0295 0.004640
 54.1294 0.004592
 54.2275 0.004585
 54.3257 0.004583
 54.4232 0.004581
 54.5212 0.004595
 54.6185 0.004595
 54.7146 0.004567
 54.8120 0.004538
 54.9099 0.004544
 55.0050 0.004503
 55.1002 0.004529
 55.1970 0.004512
 55.2932 0.004525
 55.3884 0.004536
 55.4837 0.004519
 55.5790 0.004512
 55.6753 0.004536
 55.7706 0.004560
 55.8663 0.004578
 55.9602 0.004596
 56.0534 0.004611
 56.1475 0.004636
 56.2415 0.004640
 56.3365 0.004637
 56.4301 0.004654
 56.5242 0.004665
 56.6182 0.004674
 56.7116 0.004705
 56.8065 0.004648
 56.9012 0.004656
 56.9963 0.004632
 57.0912 0.004645
 57.1870 0.004640
 57.2808 0.004640
 57.3753 0.004598
 57.4708 0.004617
 57.5651 0.004569
 57.6603 0.004545
 57.7575 0.004525
 57.8532 0.004604
 57.9499 0.004572
 58.0473 0.004589
 58.1427 0.004611
 58.2387 0.004655
 58.3358 0.004692
 58.4338 0.004624
 58.5326 0.004643
 58.6303 0.004649
 58.7300 0.004720
 58.8296 0.004661
 58.9295 0.004668
 59.0293 0.004778
 59.1295 0.004840
 59.2302 0.004923
 59.3310 0.004975
 59.4336 0.004933
 59.5362 0.004930
 59.6392 0.004962
 59.7417 0.004998
 59.8474 0.005043
 59.9516 0.005081
 60.0573 0.005072
 60.1624 0.005071
 60.2692 0.005100
 60.3754 0.005198
 60.4828 0.005228
 60.5915 0.005169
 60.7007 0.005194
 60.8107 0.005197
 60.9230 0.005202
 61.0358 0.005181
 61.1486 0.005220
 61.2621 0.005230
 61.3765 0.005210
 61.4922 0.005274
 61.6097 0.005309
 61.7266 0.005328
 61.8468 0.005377
 61.9670 0.005388
 62.0905 0.005437
 62.2132 0.005489
 62.3380 0.005465
 62.4643 0.005555
 62.5916 0.005573
 62.7215 0.005596
 62.8502 0.005614
 62.9821 0.005727
 63.1171 0.005803
 63.2543 0.005860
 63.3921 0.005931
 63.5303 0.006024
 63.6723 0.006033
 63.8139 0.006062
 63.9573 0.006163
 64.1055 0.006177
 64.2560 0.006302
 64.4067 0.006380
 64.5624 0.006567
 64.7207 0.006619
 64.8828 0.006736
 65.0460 0.006914
 65.2137 0.006978
 65.3842 0.006982
 65.5570 0.007019
 65.7385 0.007021
 65.9230 0.007129
 66.1125 0.007263
 66.3070 0.007347
 66.5034 0.007473
 66.7031 0.007487
 66.9078 0.007604
 67.1188 0.007773
 67.3381 0.007866
 67.5653 0.007946
 67.7993 0.008199
 68.0426 0.008310
 68.2946 0.008421
 68.5572 0.008661
 68.8315 0.008708
 69.1198 0.008905
 69.4168 0.009085
 69.7323 0.009134
 70.0647 0.009165
 70.4196 0.009393
 70.7899 0.009745
 71.1893 0.010153
 71.6142 0.010495
 72.0769 0.010784
 72.5730 0.011171
 73.1287 0.011766
 73.7469 0.012100
 74.4479 0.013298
 75.2687 0.014534
 76.2549 0.016394
 77.4819 0.018826
 79.2063 0.022573
 79.6408 0.023626
 80.1196 0.024288
 80.6589 0.025874
 81.2828 0.028210
 82.0225 0.030347
 82.9100 0.034035
 83.9850 0.037526
 85.5263 0.043373
 88.1013 0.059556
 90.5690 0.081929
 93.7877 0.124405
 96.2944 0.166533
 lm1-08-7 3 1
 38.4823 0.056214
 39.2492 0.044587
 40.3909 0.032870
 41.3545 0.024130
 42.4340 0.018990
 43.0899 0.015635
 43.5927 0.014000
 43.9955 0.012869
 44.3294 0.011971
 44.6219 0.011321
 44.8852 0.010712
 45.1125 0.010299
 45.3305 0.009945
 46.1865 0.008833
 46.8384 0.008236
 47.3749 0.007595
 47.8419 0.007054
 48.2461 0.006895
 48.6062 0.006682
 48.9383 0.006561
 49.2389 0.006432
 49.5238 0.006334
 49.7882 0.006271
 50.0358 0.006063
 50.2733 0.006042
 50.4984 0.005991
 50.7136 0.005893
 50.9197 0.005776
 51.1150 0.005843
 51.3050 0.005728
 51.4883 0.005601
 51.6685 0.005526
 51.8411 0.005492
 52.0073 0.005385
 52.1693 0.005386
 52.3289 0.005389
 52.4844 0.005407
 52.6373 0.005268
 52.7844 0.005268
 52.9301 0.005290
 53.0727 0.005192
 53.2128 0.005161
 53.3503 0.005162
 53.4853 0.005193
 53.6185 0.005091
 53.7520 0.005077
 53.8801 0.005169
 54.0075 0.005106
 54.1352 0.005086
 54.2587 0.005066
 54.3815 0.004969
 54.5026 0.005043
 54.6210 0.004989
 54.7396 0.004967
 54.8573 0.004890
 54.9728 0.004831
 55.0878 0.004847
 55.2019 0.004813
 55.3141 0.004799
 55.4256 0.004823
 55.5347 0.004831
 55.6449 0.004836
 55.7522 0.004891
 55.8607 0.004936
 55.9681 0.004900
 56.0751 0.004867
 56.1805 0.004909
 56.2860 0.004891
 56.3902 0.004904
 56.4935 0.004844
 56.5971 0.004849
 56.7004 0.004822
 56.8021 0.004866
 56.9050 0.004883
 57.0070 0.004832
 57.1075 0.004843
 57.2073 0.004895
 57.3089 0.004893
 57.4080 0.004876
 57.5070 0.004827
 57.6065 0.004804
 57.7048 0.004774
 57.8037 0.004715
 57.9006 0.004662
 57.9992 0.004636
 58.0969 0.004635
 58.1951 0.004601
 58.2929 0.004615
 58.3908 0.004610
 58.4868 0.004610
 58.5837 0.004570
 58.6799 0.004542
 58.7781 0.004512
 58.8744 0.004514
 58.9711 0.004453
 59.0676 0.004426
 59.1626 0.004498
 59.2581 0.004498
 59.3539 0.004490
 59.4496 0.004494
 59.5458 0.004493
 59.6418 0.004523
 59.7384 0.004526
 59.8341 0.004526
 59.9294 0.004525
 60.0268 0.004530
 60.1238 0.004557
 60.2211 0.004553
 60.3191 0.004516
 60.4168 0.004544
 60.5141 0.004574
 60.6116 0.004563
 60.7098 0.004560
 60.8086 0.004578
 60.9069 0.004611
 61.0069 0.004608
 61.1058 0.004625
 61.2043 0.004664
 61.3036 0.004655
 61.4033 0.004688
 61.5022 0.004730
 61.6036 0.004728
 61.7046 0.004725
 61.8064 0.004798
 61.9079 0.004748
 62.0106 0.004781
 62.1144 0.004798
 62.2173 0.004869
 62.3218 0.004873
 62.4254 0.004872
 62.5300 0.004887
 62.6374 0.004905
 62.7422 0.004889
 62.8497 0.004968
 62.9565 0.004956
 63.0649 0.004981
 63.1731 0.005033
 63.2831 0.005109
 63.3937 0.005168
 63.5044 0.005154
 63.6162 0.005193
 63.7294 0.005241
 63.8434 0.005335
 63.9567 0.005430
 64.0719 0.005527
 64.1886 0.005532
 64.3063 0.005530
 64.4236 0.005571
 64.5423 0.005629
 64.6631 0.005634
 64.7854 0.005751
 64.9075 0.005856
 65.0328 0.005885
 65.1595 0.005938
 65.2866 0.005940
 65.4131 0.005963
 65.5436 0.006019
 65.6751 0.005957
 65.8083 0.006012
 65.9438 0.006005
 66.0805 0.006024
 66.2175 0.006137
 66.3571 0.006211
 66.4983 0.006182
 66.6427 0.006235
 66.7871 0.006277
 66.9350 0.006288
 67.0861 0.006214
 67.2383 0.006187
 67.3916 0.006260
 67.5499 0.006234
 67.7121 0.006228
 67.8757 0.006356
 68.0445 0.006507
 68.2152 0.006618
 68.3885 0.006715
 68.5671 0.006864
 68.7490 0.006871
 68.9322 0.006850
 69.1229 0.006971
 69.3181 0.006998
 69.5196 0.007143
 69.7235 0.007292
 69.9327 0.007399
 70.1505 0.007559
 70.3736 0.007651
 70.6085 0.007797
 70.8508 0.007729
 71.1001 0.007819
 71.3566 0.008044
 71.6208 0.008165
 71.8992 0.008475
 72.1893 0.008527
 72.4934 0.008728
 72.8175 0.008752
 73.1551 0.009116
 73.5159 0.009371
 73.8972 0.009746
 74.3027 0.009951
 74.7360 0.010652
 75.2069 0.011168
 75.7192 0.011705
 76.2831 0.012270
 76.9187 0.013274
 77.6410 0.014299
 78.4725 0.015706
 79.4692 0.016831
 80.7344 0.019117
 82.4612 0.023208
 82.9075 0.024261
 83.3951 0.025538
 83.9520 0.026694
 84.6021 0.027856
 85.3337 0.030252
 86.2069 0.032351
 87.3660 0.037523
 88.9317 0.044004
 91.4934 0.060800
 94.0359 0.086204
 97.4450 0.132602
 99.8202 0.176733
lm1s-08-7 3 1
 39.2011 0.058407
 39.9517 0.046473
 41.1401 0.031104
 42.1419 0.024771
 43.1851 0.018867
 43.8575 0.015693
 44.3473 0.014016
 44.7479 0.012898
 45.0842 0.011941
 45.3743 0.011464
 45.6374 0.010761
 45.8759 0.010392
 46.0914 0.010057
 46.9528 0.009149
 47.6098 0.008074
 48.1542 0.007324
 48.6134 0.007095
 49.0145 0.007165
 49.3744 0.006904
 49.7038 0.006776
 50.0077 0.006701
 50.2875 0.006548
 50.5515 0.006285
 50.7992 0.006242
 51.0360 0.006147
 51.2591 0.006085
 51.4736 0.005975
 51.6817 0.005885
 51.8785 0.005771
 52.0691 0.005730
 52.2510 0.005701
 52.4300 0.005634
 52.6028 0.005569
 52.7710 0.005509
 52.9321 0.005406
 53.0924 0.005407
 53.2487 0.005374
 53.4010 0.005355
 53.5503 0.005316
 53.6955 0.005235
 53.8385 0.005282
 53.9788 0.005219
 54.1184 0.005163
 54.2550 0.005094
 54.3878 0.005170
 54.5192 0.005182
 54.6492 0.005144
 54.7775 0.005145
 54.9033 0.005061
 55.0288 0.004933
 55.1509 0.004872
 55.2725 0.004889
 55.3932 0.004874
 55.5116 0.004858
 55.6286 0.004836
 55.7439 0.004807
 55.8589 0.004807
 55.9715 0.004864
 56.0841 0.004836
 56.1955 0.004823
 56.3056 0.004809
 56.4146 0.004864
 56.5240 0.004799
 56.6328 0.004846
 56.7390 0.004799
 56.8451 0.004838
 56.9504 0.004831
 57.0554 0.004800
 57.1584 0.004818
 57.2607 0.004822
 57.3650 0.004809
 57.4674 0.004828
 57.5703 0.004874
 57.6704 0.004865
 57.7710 0.004853
 57.8709 0.004842
 57.9727 0.004870
 58.0736 0.004837
 58.1734 0.004830
 58.2723 0.004846
 58.3720 0.004828
 58.4710 0.004837
 58.5698 0.004793
 58.6684 0.004784
 58.7664 0.004773
 58.8631 0.004730
 58.9609 0.004691
 59.0577 0.004691
 59.1548 0.004701
 59.2521 0.004630
 59.3489 0.004690
 59.4467 0.004692
 59.5422 0.004746
 59.6386 0.004731
 59.7343 0.004749
 59.8305 0.004738
 59.9266 0.004635
 60.0215 0.004621
 60.1176 0.004594
 60.2145 0.004606
 60.3098 0.004551
 60.4058 0.004591
 60.5027 0.004582
 60.5988 0.004574
 60.6964 0.004543
 60.7947 0.004547
 60.8909 0.004560
 60.9876 0.004580
 61.0845 0.004610
 61.1812 0.004644
 61.2797 0.004672
 61.3764 0.004689
 61.4751 0.004681
 61.5739 0.004695
 61.6714 0.004700
 61.7708 0.004761
 61.8699 0.004735
 61.9691 0.004709
 62.0684 0.004745
 62.1680 0.004733
 62.2692 0.004671
 62.3695 0.004679
 62.4704 0.004706
 62.5721 0.004725
 62.6745 0.004728
 62.7758 0.004738
 62.8795 0.004784
 62.9822 0.004835
 63.0864 0.004854
 63.1919 0.004897
 63.2980 0.004864
 63.4041 0.004899
 63.5102 0.004936
 63.6158 0.004971
 63.7245 0.005033
 63.8336 0.005028
 63.9418 0.005103
 64.0508 0.005120
 64.1616 0.005191
 64.2722 0.005268
 64.3857 0.005325
 64.4974 0.005325
 64.6105 0.005323
 64.7249 0.005366
 64.8392 0.005416
 64.9555 0.005536
 65.0725 0.005614
 65.1879 0.005651
 65.3063 0.005729
 65.4270 0.005752
 65.5481 0.005759
 65.6716 0.005760
 65.7979 0.005727
 65.9243 0.005707
 66.0513 0.005789
 66.1808 0.005853
 66.3115 0.005903
 66.4416 0.005847
 66.5723 0.005849
 66.7066 0.005891
 66.8424 0.005877
 66.9811 0.005978
 67.1197 0.005982
 67.2615 0.006069
 67.4042 0.006156
 67.5498 0.006119
 67.6967 0.006180
 67.8469 0.006262
 68.0006 0.006322
 68.1576 0.006345
 68.3165 0.006450
 68.4781 0.006542
 68.6434 0.006624
 68.8088 0.006671
 68.9802 0.006665
 69.1532 0.006711
 69.3318 0.006757
 69.5126 0.006809
 69.6996 0.006970
 69.8896 0.007058
 70.0840 0.007278
 70.2850 0.007411
 70.4910 0.007464
 70.7007 0.007541
 70.9183 0.007505
 71.1433 0.007561
 71.3760 0.007648
 71.6158 0.007745
 71.8638 0.007966
 72.1210 0.008103
 72.3899 0.008199
 72.6714 0.008491
 72.9621 0.008700
 73.2617 0.008950
 73.5823 0.009220
 73.9184 0.009556
 74.2793 0.009608
 74.6579 0.009733
 75.0630 0.010095
 75.4957 0.010431
 75.9691 0.011075
 76.4836 0.011490
 77.0520 0.012292
 77.6842 0.013310
 78.3971 0.014314
 79.2258 0.015542
 80.2254 0.016725
 81.4875 0.018867
 83.2309 0.022749
 83.6678 0.023483
 84.1576 0.025204
 84.7135 0.026137
 85.3385 0.028068
 86.0777 0.029955
 86.9644 0.032710
 88.1064 0.037801
 89.6455 0.045028
 92.2336 0.062491
 94.7795 0.087776
 98.1815 0.129961
100.6322 0.179550
 lm2-08-7 3 1
 40.8132 0.060175
 41.6166 0.046653
 42.8042 0.031721
 43.8164 0.024221
 44.8903 0.017865
 45.5717 0.015343
 46.0853 0.014209
 46.4955 0.013255
 46.8414 0.012722
 47.1391 0.012324
 47.4088 0.011639
 47.6498 0.011413
 47.8737 0.011108
 48.7586 0.009691
 49.4235 0.008613
 49.9676 0.008321
 50.4350 0.007771
 50.8477 0.007389
 51.2191 0.007215
 51.5569 0.006933
 51.8644 0.006955
 52.1522 0.006681
 52.4242 0.006619
 52.6798 0.006486
 52.9210 0.006503
 53.1470 0.006357
 53.3661 0.006202
 53.5742 0.006122
 53.7771 0.005977
 53.9714 0.005965
 54.1606 0.005863
 54.3444 0.005846
 54.5219 0.005750
 54.6934 0.005657
 54.8591 0.005575
 55.0213 0.005615
 55.1816 0.005449
 55.3371 0.005373
 55.4891 0.005374
 55.6389 0.005247
 55.7872 0.005343
 55.9310 0.005307
 56.0718 0.005295
 56.2095 0.005237
 56.3445 0.005188
 56.4774 0.005173
 56.6103 0.005124
 56.7398 0.005070
 56.8687 0.005085
 56.9963 0.005048
 57.1219 0.005068
 57.2450 0.005095
 57.3669 0.005094
 57.4875 0.005071
 57.6068 0.005003
 57.7249 0.004973
 57.8414 0.004959
 57.9574 0.004883
 58.0731 0.004879
 58.1878 0.004873
 58.3002 0.004904
 58.4128 0.004840
 58.5230 0.004852
 58.6325 0.004827
 58.7409 0.004824
 58.8495 0.004789
 58.9566 0.004797
 59.0628 0.004801
 59.1685 0.004776
 59.2747 0.004742
 59.3793 0.004778
 59.4845 0.004769
 59.5904 0.004806
 59.6930 0.004749
 59.7963 0.004760
 59.8979 0.004753
 59.9997 0.004716
 60.1012 0.004697
 60.2031 0.004691
 60.3044 0.004692
 60.4060 0.004639
 60.5074 0.004682
 60.6072 0.004646
 60.7077 0.004645
 60.8072 0.004621
 60.9075 0.004615
 61.0080 0.004631
 61.1057 0.004687
 61.2035 0.004729
 61.3014 0.004783
 61.3998 0.004804
 61.4986 0.004802
 61.5975 0.004808
 61.6960 0.004813
 61.7948 0.004815
 61.8938 0.004841
 61.9933 0.004825
 62.0917 0.004837
 62.1893 0.004874
 62.2875 0.004874
 62.3844 0.004913
 62.4840 0.004976
 62.5834 0.004958
 62.6810 0.004971
 62.7796 0.004944
 62.8785 0.004954
 62.9767 0.004988
 63.0764 0.004984
 63.1742 0.005008
 63.2751 0.005021
 63.3755 0.005061
 63.4758 0.005108
 63.5753 0.005156
 63.6761 0.005171
 63.7754 0.005201
 63.8759 0.005207
 63.9786 0.005256
 64.0803 0.005216
 64.1826 0.005202
 64.2854 0.005154
 64.3881 0.005164
 64.4908 0.005184
 64.5936 0.005203
 64.6972 0.005187
 64.8005 0.005198
 64.9062 0.005254
 65.0106 0.005225
 65.1160 0.005254
 65.2210 0.005316
 65.3287 0.005380
 65.4334 0.005372
 65.5402 0.005421
 65.6490 0.005393
 65.7578 0.005427
 65.8671 0.005425
 65.9768 0.005470
 66.0867 0.005423
 66.1995 0.005394
 66.3125 0.005403
 66.4262 0.005428
 66.5377 0.005433
 66.6527 0.005498
 66.7682 0.005529
 66.8849 0.005563
 67.0016 0.005638
 67.1208 0.005715
 67.2404 0.005765
 67.3615 0.005807
 67.4839 0.005858
 67.6079 0.005840
 67.7297 0.005808
 67.8553 0.005805
 67.9819 0.005907
 68.1094 0.005948
 68.2389 0.005918
 68.3693 0.005930
 68.5019 0.005934
 68.6342 0.005941
 68.7693 0.005919
 68.9083 0.005967
 69.0469 0.005950
 69.1866 0.005975
 69.3291 0.006024
 69.4726 0.006122
 69.6180 0.006211
 69.7677 0.006211
 69.9179 0.006268
 70.0702 0.006338
 70.2244 0.006430
 70.3833 0.006472
 70.5434 0.006539
 70.7090 0.006540
 70.8766 0.006589
 71.0485 0.006595
 71.2224 0.006646
 71.4018 0.006776
 71.5809 0.006807
 71.7638 0.006951
 71.9508 0.007032
 72.1443 0.007103
 72.3396 0.007211
 72.5428 0.007351
 72.7509 0.007460
 72.9640 0.007578
 73.1853 0.007731
 73.4134 0.007755
 73.6491 0.007914
 73.8924 0.008060
 74.1441 0.008046
 74.4046 0.008077
 74.6742 0.008346
 74.9572 0.008498
 75.2533 0.008864
 75.5648 0.009189
 75.8895 0.009505
 76.2316 0.009848
 76.5953 0.009963
 76.9857 0.010404
 77.4020 0.010579
 77.8441 0.010985
 78.3153 0.011581
 78.8339 0.012209
 79.4117 0.012484
 80.0524 0.013041
 80.7846 0.014056
 81.6229 0.015400
 82.6529 0.016490
 83.9514 0.017894
 85.6880 0.021513
 86.1434 0.023369
 86.6361 0.024824
 87.2109 0.026518
 87.8604 0.028515
 88.5930 0.031127
 89.4942 0.033919
 90.6228 0.038033
 92.2071 0.044277
 94.9417 0.059969
 97.5368 0.085109
100.8892 0.128527
103.0605 0.174760
lm2s-08-7 3 1
 41.5654 0.060695
 42.3558 0.046075
 43.5956 0.033674
 44.5861 0.025969
 45.6768 0.018318
 46.3589 0.016445
 46.8562 0.014934
 47.2615 0.013356
 47.6138 0.012739
 47.9212 0.012318
 48.1913 0.011616
 48.4322 0.011135
 48.6511 0.010996
 49.5284 0.009369
 50.2012 0.008703
 50.7490 0.008068
 51.2130 0.007460
 51.6239 0.007340
 51.9948 0.007176
 52.3291 0.006889
 52.6419 0.006726
 52.9309 0.006619
 53.2009 0.006583
 53.4548 0.006481
 53.6959 0.006395
 53.9239 0.006247
 54.1408 0.006213
 54.3530 0.006040
 54.5555 0.006015
 54.7510 0.005899
 54.9375 0.005748
 55.1194 0.005782
 55.2976 0.005686
 55.4684 0.005648
 55.6347 0.005616
 55.8005 0.005529
 55.9603 0.005444
 56.1154 0.005453
 56.2675 0.005307
 56.4147 0.005218
 56.5614 0.005245
 56.7030 0.005246
 56.8439 0.005248
 56.9819 0.005285
 57.1172 0.005224
 57.2512 0.005204
 57.3822 0.005125
 57.5123 0.005119
 57.6423 0.005051
 57.7680 0.005032
 57.8947 0.005060
 58.0169 0.005061
 58.1402 0.005055
 58.2609 0.005047
 58.3802 0.005024
 58.4995 0.005039
 58.6156 0.004958
 58.7313 0.004899
 58.8454 0.004854
 58.9581 0.004899
 59.0710 0.004955
 59.1834 0.004935
 59.2930 0.004868
 59.4042 0.004862
 59.5138 0.004856
 59.6231 0.004835
 59.7302 0.004822
 59.8371 0.004735
 59.9434 0.004645
 60.0482 0.004626
 60.1524 0.004640
 60.2562 0.004562
 60.3615 0.004564
 60.4647 0.004565
 60.5678 0.004568
 60.6700 0.004623
 60.7726 0.004525
 60.8744 0.004589
 60.9765 0.004591
 61.0780 0.004649
 61.1799 0.004634
 61.2795 0.004678
 61.3793 0.004672
 61.4780 0.004668
 61.5777 0.004685
 61.6771 0.004687
 61.7770 0.004740
 61.8759 0.004789
 61.9767 0.004756
 62.0754 0.004754
 62.1735 0.004789
 62.2716 0.004683
 62.3701 0.004692
 62.4693 0.004720
 62.5673 0.004734
 62.6662 0.004816
 62.7645 0.004824
 62.8629 0.004836
 62.9605 0.004792
 63.0589 0.004767
 63.1568 0.004774
 63.2561 0.004770
 63.3546 0.004793
 63.4526 0.004848
 63.5516 0.004928
 63.6510 0.004939
 63.7493 0.005008
 63.8488 0.005071
 63.9470 0.005050
 64.0468 0.005046
 64.1471 0.005033
 64.2452 0.004999
 64.3449 0.004973
 64.4449 0.004973
 64.5457 0.004978
 64.6453 0.004993
 64.7466 0.004974
 64.8498 0.004975
 64.9513 0.005036
 65.0541 0.005050
 65.1558 0.005043
 65.2589 0.005082
 65.3625 0.005086
 65.4652 0.005157
 65.5693 0.005153
 65.6733 0.005182
 65.7777 0.005176
 65.8836 0.005207
 65.9907 0.005228
 66.0969 0.005197
 66.2049 0.005262
 66.3127 0.005270
 66.4212 0.005245
 66.5301 0.005221
 66.6396 0.005241
 66.7492 0.005289
 66.8595 0.005388
 66.9709 0.005413
 67.0823 0.005489
 67.1954 0.005513
 67.3102 0.005529
 67.4250 0.005529
 67.5402 0.005642
 67.6555 0.005648
 67.7728 0.005740
 67.8932 0.005783
 68.0121 0.005761
 68.1328 0.005760
 68.2553 0.005769
 68.3788 0.005769
 68.5030 0.005823
 68.6260 0.005835
 68.7524 0.005887
 68.8813 0.005899
 69.0110 0.005925
 69.1409 0.005957
 69.2718 0.006055
 69.4048 0.006106
 69.5384 0.006091
 69.6753 0.006144
 69.8146 0.006150
 69.9542 0.006271
 70.0971 0.006325
 70.2409 0.006327
 70.3872 0.006280
 70.5353 0.006388
 70.6865 0.006440
 70.8395 0.006430
 70.9979 0.006496
 71.1549 0.006592
 71.3162 0.006546
 71.4804 0.006626
 71.6453 0.006715
 71.8156 0.006774
 71.9873 0.006838
 72.1644 0.006921
 72.3439 0.006987
 72.5286 0.007143
 72.7168 0.007260
 72.9085 0.007276
 73.1043 0.007378
 73.3068 0.007479
 73.5169 0.007531
 73.7326 0.007618
 73.9517 0.007708
 74.1789 0.007671
 74.4135 0.007786
 74.6565 0.007755
 74.9072 0.007923
 75.1711 0.008054
 75.4416 0.008263
 75.7263 0.008593
 76.0225 0.008779
 76.3291 0.009143
 76.6533 0.009270
 77.0001 0.009683
 77.3609 0.010099
 77.7464 0.010447
 78.1591 0.010709
 78.5992 0.011077
 79.0818 0.011495
 79.6008 0.012173
 80.1779 0.012697
 80.8206 0.013407
 81.5452 0.014384
 82.3966 0.015766
 83.4177 0.016469
 84.7072 0.017855
 86.4626 0.021829
 86.9206 0.022826
 87.4137 0.024550
 87.9964 0.025911
 88.6233 0.027922
 89.3535 0.030225
 90.2566 0.033930
 91.3888 0.037035
 92.9489 0.045287
 95.6501 0.057817
 98.3019 0.084259
101.5577 0.128598
103.8692 0.170239
 tr0-08-7 3 1
163.8596 0.197941
166.7218 0.145874
170.7155 0.101946
174.0064 0.081792
177.6024 0.063027
179.7954 0.054763
181.4341 0.046128
182.7846 0.044061
183.8624 0.040995
184.8253 0.037963
185.6511 0.036368
186.4184 0.035343
187.1253 0.033912
189.8975 0.029872
191.9886 0.027639
193.6851 0.025480
195.1140 0.024447
196.3605 0.023531
197.4819 0.022405
198.4852 0.021626
199.4101 0.020940
200.2664 0.021001
201.0784 0.019888
201.8381 0.019592
202.5541 0.019505
203.2362 0.018976
203.8789 0.018537
204.4949 0.018100
205.0861 0.018016
205.6531 0.017405
206.1968 0.016887
206.7299 0.016722
207.2404 0.016492
207.7339 0.016369
208.2185 0.016309
208.6855 0.015973
209.1338 0.015783
209.5772 0.015717
210.0114 0.015809
210.4375 0.015689
210.8503 0.015750
211.2560 0.015692
211.6534 0.015712
212.0439 0.015457
212.4221 0.015156
212.7972 0.015139
213.1734 0.014829
213.5401 0.014506
213.9024 0.014538
214.2592 0.014325
214.6064 0.014295
214.9503 0.014239
215.2890 0.014119
215.6239 0.014010
215.9510 0.013825
216.2806 0.013680
216.6003 0.013829
216.9205 0.013775
217.2357 0.013588
217.5490 0.013508
217.8608 0.013554
218.1682 0.013455
218.4717 0.013525
218.7723 0.013510
219.0677 0.013350
219.3634 0.013248
219.6557 0.013285
219.9459 0.013067
220.2329 0.013094
220.5231 0.013044
220.8063 0.013195
221.0910 0.013121
221.3748 0.013212
221.6516 0.013263
221.9308 0.013268
222.2088 0.013137
222.4835 0.013032
222.7607 0.013135
223.0356 0.013097
223.3066 0.013061
223.5728 0.013010
223.8425 0.013052
224.1110 0.013239
224.3788 0.013197
224.6433 0.013083
224.9069 0.013089
225.1741 0.013050
225.4355 0.013042
225.6981 0.013001
225.9589 0.012826
226.2198 0.012787
226.4796 0.012826
226.7387 0.012857
226.9962 0.012832
227.2537 0.012881
227.5123 0.012941
227.7686 0.012897
228.0284 0.012838
228.2843 0.012905
228.5418 0.012975
228.7993 0.012914
229.0557 0.013021
229.3151 0.013032
229.5727 0.013061
229.8267 0.013039
230.0803 0.013064
230.3375 0.013051
230.5928 0.013254
230.8543 0.013293
231.1083 0.013330
231.3637 0.013390
231.6212 0.013311
231.8784 0.013249
232.1360 0.013241
232.3946 0.013271
232.6497 0.013284
232.9066 0.013307
233.1646 0.013320
233.4219 0.013481
233.6839 0.013568
233.9442 0.013634
234.2065 0.013544
234.4676 0.013458
234.7307 0.013484
234.9926 0.013501
235.2536 0.013571
235.5176 0.013641
235.7835 0.013521
236.0518 0.013584
236.3188 0.013519
236.5861 0.013559
236.8534 0.013578
237.1266 0.013636
237.3988 0.013417
237.6706 0.013504
237.9418 0.013652
238.2161 0.013758
238.4933 0.013644
238.7716 0.013819
239.0503 0.013960
239.3330 0.014026
239.6147 0.014013
239.8998 0.014139
240.1886 0.014303
240.4802 0.014334
240.7678 0.014381
241.0607 0.014226
241.3560 0.014319
241.6536 0.014307
241.9509 0.014417
242.2554 0.014491
242.5598 0.014609
242.8658 0.014624
243.1756 0.014540
243.4885 0.014622
243.8032 0.014687
244.1226 0.014711
244.4464 0.014875
244.7702 0.015001
245.1000 0.014963
245.4303 0.015336
245.7682 0.015501
246.1117 0.015733
246.4594 0.015786
246.8105 0.015973
247.1691 0.015967
247.5265 0.016047
247.8909 0.016144
248.2611 0.016310
248.6373 0.016413
249.0148 0.016602
249.4022 0.016898
249.7988 0.016976
250.2009 0.017095
250.6143 0.017080
251.0248 0.017401
251.4551 0.017479
251.8885 0.017680
252.3348 0.017798
252.7834 0.017557
253.2475 0.017462
253.7174 0.017520
254.2031 0.017894
254.6960 0.018051
255.2150 0.018236
255.7413 0.018360
256.2750 0.018697
256.8316 0.018583
257.4033 0.018820
258.0092 0.018926
258.6385 0.019358
259.2861 0.020056
259.9535 0.020217
260.6464 0.020625
261.3796 0.020850
262.1504 0.021228
262.9634 0.021975
263.8192 0.022385
264.7303 0.023126
265.7173 0.023845
266.7557 0.024445
267.8992 0.025656
269.1579 0.027098
270.5719 0.028185
272.1335 0.030592
273.9600 0.033449
276.1451 0.036597
278.8519 0.040495
282.5084 0.049343
283.4320 0.052160
284.4654 0.053222
285.6123 0.056659
286.9190 0.060336
288.4223 0.064539
290.2125 0.069300
292.4701 0.077754
295.5553 0.091975
300.7094 0.120543
305.6366 0.167051
311.9778 0.250361
316.4575 0.342995
 tr1-08-7 3 1
177.5542 0.212217
180.4134 0.156906
184.6535 0.108249
188.1138 0.082202
191.8383 0.063837
194.1586 0.054158
195.8255 0.048014
197.1951 0.043192
198.3318 0.040522
199.3407 0.038935
200.2229 0.036789
200.9791 0.035882
201.6723 0.034393
204.5545 0.030500
206.6874 0.027466
208.4243 0.025828
209.8920 0.024991
211.1918 0.023182
212.3601 0.022595
213.4244 0.021240
214.3769 0.020455
215.2745 0.020095
216.1122 0.019623
216.8882 0.019258
217.6173 0.019489
218.3180 0.018636
218.9887 0.018519
219.6281 0.018267
220.2366 0.018016
220.8299 0.017656
221.3915 0.017385
221.9349 0.017029
222.4646 0.017094
222.9811 0.016758
223.4796 0.016561
223.9646 0.016316
224.4330 0.016277
224.8874 0.016284
225.3419 0.016190
225.7792 0.015973
226.2009 0.015903
226.6165 0.015777
227.0302 0.015746
227.4356 0.015772
227.8313 0.015545
228.2167 0.015332
228.6070 0.015150
228.9828 0.015177
229.3513 0.014890
229.7180 0.014961
230.0744 0.015096
230.4280 0.015030
230.7738 0.014873
231.1179 0.014717
231.4600 0.014710
231.8035 0.014601
232.1392 0.014491
232.4719 0.014368
232.7968 0.014175
233.1209 0.014104
233.4454 0.014139
233.7634 0.014072
234.0764 0.014112
234.3875 0.014159
234.6940 0.014200
234.9964 0.014113
235.2971 0.014176
235.5972 0.014216
235.8937 0.014353
236.1925 0.014118
236.4870 0.014108
236.7789 0.014112
237.0705 0.014113
237.3576 0.014027
237.6505 0.013992
237.9379 0.013935
238.2213 0.013815
238.5017 0.013622
238.7810 0.013612
239.0566 0.013486
239.3364 0.013488
239.6163 0.013583
239.8915 0.013495
240.1636 0.013501
240.4410 0.013308
240.7129 0.013274
240.9834 0.013251
241.2520 0.013313
241.5228 0.013350
241.7885 0.013135
242.0624 0.013247
242.3307 0.013322
242.5962 0.013390
242.8648 0.013453
243.1300 0.013378
243.3958 0.013405
243.6596 0.013436
243.9227 0.013476
244.1856 0.013230
244.4524 0.013177
244.7140 0.013145
244.9795 0.013064
245.2415 0.013158
245.5048 0.013311
245.7664 0.013335
246.0292 0.013230
246.2940 0.013252
246.5588 0.013232
246.8244 0.013263
247.0901 0.013148
247.3528 0.013035
247.6173 0.013133
247.8827 0.013143
248.1468 0.013183
248.4144 0.013180
248.6818 0.013335
248.9477 0.013374
249.2161 0.013425
249.4816 0.013541
249.7492 0.013441
250.0158 0.013502
250.2796 0.013614
250.5523 0.013694
250.8223 0.013765
251.0934 0.013791
251.3648 0.013776
251.6400 0.013910
251.9132 0.014050
252.1860 0.014087
252.4652 0.014003
252.7388 0.014113
253.0182 0.014059
253.2976 0.014020
253.5758 0.014077
253.8614 0.014145
254.1449 0.014088
254.4265 0.014294
254.7135 0.014247
254.9999 0.014386
255.2909 0.014419
255.5805 0.014485
255.8705 0.014477
256.1627 0.014671
256.4570 0.014702
256.7554 0.014840
257.0577 0.014766
257.3603 0.014751
257.6641 0.014938
257.9684 0.015000
258.2762 0.015182
258.5902 0.015225
258.9053 0.015207
259.2173 0.015225
259.5382 0.015317
259.8611 0.015395
260.1874 0.015364
260.5202 0.015483
260.8536 0.015514
261.1860 0.015612
261.5235 0.015514
261.8681 0.015693
262.2145 0.015863
262.5677 0.016148
262.9226 0.016222
263.2839 0.016330
263.6493 0.016479
264.0246 0.016489
264.3953 0.016599
264.7790 0.016626
265.1675 0.016804
265.5617 0.017153
265.9621 0.017156
266.3712 0.017225
266.7827 0.017237
267.2067 0.017208
267.6307 0.017334
268.0631 0.017287
268.5111 0.017220
268.9667 0.017466
269.4332 0.017562
269.9094 0.017477
270.3962 0.017612
270.8943 0.017756
271.4037 0.017778
271.9326 0.017953
272.4712 0.018281
273.0221 0.018727
273.5949 0.019041
274.1919 0.019467
274.8039 0.019633
275.4399 0.019838
276.0983 0.020565
276.7859 0.021249
277.5049 0.021519
278.2512 0.022410
279.0465 0.022966
279.8871 0.024022
280.7761 0.024779
281.7251 0.025543
282.7378 0.026269
283.8024 0.027700
284.9768 0.028920
286.2719 0.029855
287.7003 0.031055
289.3387 0.032266
291.2064 0.034641
293.4222 0.037764
296.1641 0.042312
299.9577 0.047315
300.9221 0.048624
301.9784 0.050766
303.0865 0.053296
304.4695 0.057776
306.0109 0.060892
307.8705 0.068278
310.2041 0.077160
313.4305 0.092619
318.7286 0.124315
323.7837 0.160656
330.5375 0.248789
335.3081 0.334745
tr1s-08-7 3 1
185.2516 0.212461
188.2953 0.156869
192.5378 0.106131
195.9743 0.079934
199.7513 0.063923
202.0695 0.055929
203.7794 0.048530
205.1193 0.042841
206.2808 0.041527
207.2741 0.040104
208.1538 0.038564
208.9413 0.036594
209.6568 0.035042
212.5054 0.030296
214.6396 0.028325
216.3712 0.026255
217.8509 0.024566
219.1497 0.022777
220.3141 0.022150
221.3733 0.021290
222.3379 0.020682
223.2219 0.020575
224.0542 0.020045
224.8550 0.019561
225.5873 0.019380
226.2917 0.019219
226.9612 0.018924
227.6047 0.018865
228.2154 0.018389
228.8033 0.017916
229.3647 0.017323
229.9104 0.017047
230.4325 0.016716
230.9503 0.016571
231.4482 0.016511
231.9342 0.016401
232.4025 0.016053
232.8613 0.015727
233.3100 0.015573
233.7423 0.015453
234.1762 0.015389
234.5981 0.015396
235.0119 0.015199
235.4193 0.015282
235.8132 0.015302
236.2031 0.015227
236.5881 0.014988
236.9678 0.014680
237.3400 0.014726
237.7057 0.014789
238.0623 0.014771
238.4224 0.014929
238.7757 0.014737
239.1208 0.014694
239.4631 0.014488
239.8024 0.014284
240.1397 0.014165
240.4725 0.014249
240.7995 0.014119
241.1242 0.013987
241.4441 0.013921
241.7610 0.013918
242.0754 0.013797
242.3890 0.013780
242.6924 0.013797
242.9959 0.013858
243.2968 0.013876
243.5949 0.014080
243.8969 0.013923
244.1918 0.013866
244.4852 0.013928
244.7791 0.013813
245.0698 0.013614
245.3564 0.013683
245.6413 0.013659
245.9267 0.013605
246.2111 0.013688
246.4917 0.013621
246.7743 0.013499
247.0542 0.013508
247.3316 0.013639
247.6065 0.013492
247.8823 0.013491
248.1588 0.013378
248.4312 0.013438
248.7025 0.013341
248.9750 0.013337
249.2458 0.013267
249.5170 0.013174
249.7882 0.013062
250.0594 0.013017
250.3280 0.013017
250.5968 0.012851
250.8630 0.012720
251.1294 0.012933
251.3939 0.012840
251.6569 0.012746
251.9213 0.013031
252.1849 0.013172
252.4513 0.013291
252.7135 0.013244
252.9790 0.013310
253.2463 0.013323
253.5069 0.013336
253.7766 0.013348
254.0406 0.013269
254.3049 0.013296
254.5672 0.013316
254.8298 0.013330
255.0932 0.013279
255.3577 0.013276
255.6226 0.013476
255.8858 0.013469
256.1505 0.013454
256.4146 0.013560
256.6791 0.013577
256.9487 0.013749
257.2134 0.013785
257.4819 0.013617
257.7499 0.013774
258.0185 0.013733
258.2877 0.013793
258.5569 0.013799
258.8324 0.013661
259.1058 0.013718
259.3798 0.013805
259.6504 0.013908
259.9250 0.014057
260.1957 0.014209
260.4724 0.014230
260.7482 0.014113
261.0241 0.014199
261.3018 0.014144
261.5846 0.014274
261.8689 0.014357
262.1484 0.014463
262.4332 0.014291
262.7177 0.014503
263.0046 0.014633
263.2947 0.014766
263.5859 0.014895
263.8751 0.014985
264.1681 0.014880
264.4680 0.014771
264.7674 0.014806
265.0689 0.014801
265.3688 0.014955
265.6698 0.015038
265.9794 0.015141
266.2862 0.015228
266.5986 0.015219
266.9093 0.015358
267.2257 0.015314
267.5439 0.015435
267.8639 0.015437
268.1900 0.015481
268.5203 0.015533
268.8528 0.015600
269.1851 0.015758
269.5280 0.015905
269.8723 0.016037
270.2196 0.016184
270.5757 0.016070
270.9353 0.016063
271.2992 0.016382
271.6671 0.016322
272.0373 0.016364
272.4116 0.016648
272.7893 0.016794
273.1812 0.016984
273.5761 0.017118
273.9769 0.017219
274.3864 0.017220
274.7952 0.017271
275.2165 0.017426
275.6399 0.017487
276.0763 0.017530
276.5205 0.017784
276.9747 0.017929
277.4376 0.017915
277.9160 0.018157
278.4036 0.018128
278.9009 0.018558
279.4142 0.018916
279.9388 0.018788
280.4800 0.019230
281.0368 0.019749
281.6151 0.020202
282.2109 0.020376
282.8282 0.020253
283.4667 0.020655
284.1279 0.021125
284.8095 0.021766
285.5322 0.021693
286.2935 0.021999
287.0763 0.023132
287.9018 0.023608
288.7773 0.024540
289.7219 0.025541
290.7390 0.026491
291.8354 0.027291
293.0005 0.028174
294.2940 0.029192
295.7286 0.031169
297.3445 0.033687
299.2198 0.035155
301.4625 0.038068
304.2639 0.041447
307.9780 0.048394
308.8946 0.050538
309.9554 0.054236
311.1232 0.056349
312.4542 0.058849
314.0121 0.063068
315.8617 0.071769
318.1897 0.079201
321.3572 0.093700
326.7066 0.121441
331.9283 0.164451
338.3051 0.238165
343.1200 0.340286
 tr2-08-7 3 1
191.6278 0.217480
194.9770 0.157615
199.1335 0.111521
202.7350 0.083035
206.6165 0.058957
208.9849 0.054630
210.7417 0.049050
212.1350 0.043887
213.3257 0.042970
214.3274 0.040199
215.2373 0.037361
216.0461 0.035061
216.7631 0.033605
219.7266 0.029269
221.9155 0.026503
223.7268 0.025345
225.2686 0.024358
226.6021 0.023724
227.7923 0.022837
228.8789 0.021531
229.8770 0.021340
230.7961 0.020801
231.6499 0.019901
232.4599 0.019695
233.2181 0.019214
233.9408 0.018764
234.6322 0.018427
235.2897 0.017902
235.9169 0.018044
236.5276 0.017669
237.1104 0.017672
237.6726 0.017324
238.2118 0.017260
238.7427 0.016941
239.2546 0.016933
239.7561 0.016893
240.2320 0.016525
240.7067 0.016394
241.1731 0.016213
241.6254 0.016237
242.0658 0.016011
242.4961 0.015951
242.9217 0.016005
243.3370 0.015962
243.7437 0.015915
244.1433 0.015909
244.5417 0.015602
244.9355 0.015494
245.3186 0.015420
245.6911 0.015416
246.0570 0.015345
246.4248 0.015107
246.7855 0.014891
247.1399 0.014775
247.4909 0.014756
247.8384 0.014563
248.1846 0.014485
248.5220 0.014366
248.8594 0.014368
249.1921 0.014307
249.5191 0.014368
249.8439 0.014490
250.1673 0.014301
250.4850 0.014205
250.8001 0.014365
251.1158 0.014260
251.4255 0.014213
251.7346 0.014252
252.0422 0.013971
252.3493 0.013766
252.6542 0.013790
252.9604 0.013744
253.2594 0.013647
253.5592 0.013641
253.8595 0.013790
254.1543 0.013757
254.4415 0.013774
254.7310 0.013687
255.0180 0.013783
255.3088 0.013750
255.5954 0.013757
255.8858 0.013643
256.1714 0.013827
256.4526 0.013833
256.7382 0.013743
257.0159 0.013696
257.2987 0.013675
257.5760 0.013916
257.8515 0.013699
258.1301 0.013674
258.4073 0.013624
258.6819 0.013761
258.9602 0.013689
259.2328 0.013700
259.5095 0.013714
259.7849 0.013693
260.0589 0.013713
260.3319 0.013813
260.6052 0.013902
260.8788 0.013926
261.1525 0.013918
261.4259 0.013868
261.6991 0.013933
261.9717 0.013906
262.2420 0.013843
262.5098 0.013837
262.7771 0.013817
263.0478 0.013837
263.3199 0.013802
263.5919 0.013818
263.8657 0.013855
264.1389 0.013817
264.4164 0.013986
264.6883 0.014294
264.9593 0.014367
265.2348 0.014508
265.5064 0.014338
265.7750 0.014403
266.0482 0.014425
266.3270 0.014431
266.6007 0.014326
266.8771 0.014323
267.1491 0.014357
267.4294 0.014299
267.7066 0.014285
267.9851 0.014160
268.2661 0.014354
268.5446 0.014222
268.8263 0.014203
269.1083 0.014224
269.3948 0.014228
269.6787 0.014125
269.9645 0.014339
270.2519 0.014162
270.5412 0.014124
270.8326 0.014144
271.1273 0.014040
271.4203 0.014113
271.7139 0.014151
272.0103 0.014232
272.3099 0.014477
272.6100 0.014559
272.9146 0.014736
273.2210 0.014747
273.5280 0.014935
273.8366 0.014970
274.1501 0.014976
274.4645 0.015031
274.7804 0.014990
275.0986 0.015021
275.4131 0.015075
275.7364 0.015210
276.0612 0.015344
276.3884 0.015264
276.7185 0.015369
277.0500 0.015382
277.3906 0.015438
277.7286 0.015593
278.0742 0.015574
278.4247 0.015691
278.7776 0.015573
279.1347 0.015811
279.5023 0.015989
279.8695 0.016248
280.2382 0.016476
280.6191 0.016672
281.0020 0.016870
281.3895 0.017033
281.7855 0.017013
282.1787 0.017161
282.5822 0.017386
282.9973 0.017399
283.4143 0.017595
283.8360 0.017740
284.2643 0.017967
284.7082 0.018425
285.1538 0.018550
285.6093 0.018661
286.0723 0.018790
286.5508 0.019048
287.0380 0.019045
287.5372 0.019057
288.0436 0.019108
288.5711 0.019275
289.1081 0.019628
289.6655 0.020053
290.2342 0.020092
290.8218 0.020458
291.4336 0.020752
292.0698 0.021010
292.7224 0.021366
293.4011 0.021903
294.1127 0.022235
294.8491 0.022944
295.6188 0.023375
296.4286 0.023309
297.2881 0.024299
298.1836 0.025114
299.1425 0.026179
300.1623 0.026607
301.2756 0.027183
302.4881 0.027565
303.8206 0.028903
305.3025 0.030393
306.9617 0.032383
308.9066 0.034633
311.1840 0.038261
314.0293 0.041615
317.8332 0.048832
318.7736 0.051030
319.8426 0.054499
321.0529 0.056251
322.4228 0.059756
324.0335 0.064173
325.9968 0.070625
328.4554 0.079632
331.8319 0.097217
337.3190 0.124909
342.5369 0.163181
349.2271 0.238264
354.0642 0.314558
tr2s-08-7 3 1
199.5658 0.220000
202.7629 0.160223
207.2620 0.105027
210.8044 0.079748
214.6740 0.060459
217.0389 0.054831
218.8247 0.048329
220.2194 0.044521
221.3792 0.041571
222.4081 0.040821
223.3008 0.038269
224.0856 0.036238
224.8314 0.034474
227.7459 0.030874
229.9791 0.029213
231.7907 0.026397
233.3177 0.024764
234.6554 0.023258
235.8317 0.022437
236.9118 0.021637
237.9132 0.021597
238.8291 0.020569
239.6814 0.019768
240.4835 0.019795
241.2522 0.019460
241.9831 0.018947
242.6698 0.018462
243.3282 0.018114
243.9514 0.017880
244.5637 0.017776
245.1447 0.017463
245.7104 0.017285
246.2595 0.017145
246.7891 0.017014
247.2998 0.016927
247.7950 0.016582
248.2737 0.016590
248.7435 0.016537
249.2073 0.016335
249.6527 0.016380
250.0980 0.016277
250.5265 0.016215
250.9506 0.016114
251.3619 0.015512
251.7717 0.015607
252.1727 0.015482
252.5620 0.015114
252.9487 0.014946
253.3375 0.014779
253.7104 0.014492
254.0785 0.014432
254.4419 0.014363
254.7997 0.014130
255.1518 0.014305
255.5059 0.014165
255.8564 0.014311
256.2000 0.014303
256.5434 0.014272
256.8777 0.014147
257.2098 0.013996
257.5430 0.013811
257.8722 0.013693
258.1938 0.013713
258.5120 0.013831
258.8297 0.014016
259.1446 0.014007
259.4568 0.014103
259.7666 0.014061
260.0735 0.014190
260.3789 0.014231
260.6832 0.014279
260.9806 0.014055
261.2760 0.014196
261.5725 0.014185
261.8644 0.014178
262.1590 0.014121
262.4518 0.014001
262.7395 0.013972
263.0275 0.014020
263.3146 0.013978
263.6004 0.013915
263.8907 0.013824
264.1735 0.013840
264.4581 0.013721
264.7393 0.013701
265.0203 0.013734
265.3031 0.013867
265.5828 0.014059
265.8602 0.014090
266.1364 0.014011
266.4115 0.014026
266.6906 0.013882
266.9631 0.013910
267.2371 0.014076
267.5110 0.013966
267.7841 0.013901
268.0587 0.013787
268.3314 0.013915
268.6034 0.013943
268.8754 0.013987
269.1426 0.013951
269.4139 0.014140
269.6851 0.014160
269.9576 0.014125
270.2293 0.014250
270.5027 0.014206
270.7733 0.014030
271.0442 0.013954
271.3149 0.014060
271.5888 0.014127
271.8566 0.014160
272.1287 0.014147
272.3986 0.014074
272.6688 0.013984
272.9373 0.013872
273.2149 0.013988
273.4882 0.013840
273.7620 0.013838
274.0387 0.013784
274.3116 0.013732
274.5860 0.013808
274.8645 0.013764
275.1448 0.013686
275.4225 0.013752
275.7011 0.013800
275.9814 0.013928
276.2613 0.013822
276.5409 0.013840
276.8239 0.013936
277.1091 0.013943
277.3924 0.013914
277.6747 0.013997
277.9612 0.014086
278.2513 0.014239
278.5416 0.014408
278.8305 0.014347
279.1220 0.014330
279.4146 0.014379
279.7108 0.014429
280.0044 0.014501
280.2997 0.014628
280.5984 0.014668
280.8994 0.014724
281.1983 0.014988
281.5061 0.015046
281.8159 0.015125
282.1228 0.015202
282.4343 0.015078
282.7429 0.015189
283.0635 0.015251
283.3893 0.015138
283.7130 0.015005
284.0433 0.015005
284.3682 0.015161
284.6989 0.015228
285.0350 0.015314
285.3781 0.015293
285.7202 0.015282
286.0684 0.015402
286.4124 0.015600
286.7667 0.015832
287.1211 0.015905
287.4811 0.016184
287.8442 0.016482
288.2150 0.016671
288.5903 0.016875
288.9694 0.017128
289.3556 0.017196
289.7519 0.017277
290.1511 0.017553
290.5539 0.017559
290.9651 0.017754
291.3842 0.017863
291.8079 0.017875
292.2374 0.018044
292.6740 0.018246
293.1199 0.018010
293.5734 0.018115
294.0407 0.018292
294.5180 0.018438
295.0001 0.018384
295.4985 0.018527
296.0060 0.019087
296.5334 0.019162
297.0689 0.019514
297.6245 0.019663
298.1971 0.020107
298.7873 0.020313
299.3925 0.020269
300.0177 0.020587
300.6725 0.021251
301.3575 0.021685
302.0611 0.022343
302.8042 0.022984
303.5741 0.023752
304.3812 0.023999
305.2400 0.024320
306.1521 0.024912
307.1104 0.025946
308.1299 0.026435
309.2380 0.027410
310.4523 0.028690
311.7785 0.029658
313.2511 0.030644
314.9038 0.032190
316.8381 0.034977
319.0828 0.037747
321.9367 0.042829
325.7623 0.048223
326.7321 0.051486
327.7517 0.055147
328.9814 0.057878
330.3748 0.061674
331.9933 0.066055
333.9261 0.069853
336.3076 0.082608
339.6292 0.097155
345.1580 0.132719
350.5300 0.165044
357.2247 0.231867
361.9318 0.320028
