Copyright (C) 1998 James G. MacKinnon, Alfred A. Haug, and Leo Michelis.
 lm0-10-1 3 1
 31.4260 0.052285
 32.0864 0.037862
 33.1130 0.027566
 33.9681 0.020757
 34.8834 0.015361
 35.4622 0.013653
 35.9114 0.012647
 36.2516 0.011619
 36.5433 0.010942
 36.8064 0.010454
 37.0313 0.010064
 37.2393 0.009613
 37.4304 0.009291
 38.1939 0.008411
 38.7640 0.007625
 39.2347 0.007064
 39.6428 0.006707
 39.9958 0.006548
 40.3198 0.006275
 40.6113 0.006205
 40.8813 0.006086
 41.1372 0.005821
 41.3740 0.005700
 41.5927 0.005600
 41.8045 0.005413
 42.0062 0.005348
 42.1987 0.005163
 42.3814 0.005016
 42.5579 0.004927
 42.7307 0.004811
 42.8964 0.004693
 43.0540 0.004663
 43.2099 0.004582
 43.3595 0.004576
 43.5085 0.004528
 43.6508 0.004502
 43.7900 0.004410
 43.9269 0.004479
 44.0611 0.004440
 44.1922 0.004418
 44.3208 0.004413
 44.4481 0.004384
 44.5706 0.004345
 44.6910 0.004365
 44.8100 0.004333
 44.9277 0.004373
 45.0442 0.004392
 45.1582 0.004331
 45.2711 0.004355
 45.3813 0.004404
 45.4919 0.004375
 45.6017 0.004383
 45.7104 0.004349
 45.8178 0.004346
 45.9237 0.004349
 46.0281 0.004296
 46.1314 0.004284
 46.2343 0.004279
 46.3351 0.004262
 46.4352 0.004270
 46.5349 0.004300
 46.6335 0.004350
 46.7320 0.004331
 46.8291 0.004341
 46.9265 0.004315
 47.0231 0.004276
 47.1185 0.004237
 47.2133 0.004241
 47.3085 0.004238
 47.4021 0.004257
 47.4953 0.004241
 47.5886 0.004228
 47.6799 0.004212
 47.7726 0.004165
 47.8647 0.004161
 47.9563 0.004153
 48.0464 0.004128
 48.1363 0.004145
 48.2270 0.004192
 48.3168 0.004189
 48.4070 0.004148
 48.4962 0.004233
 48.5849 0.004247
 48.6722 0.004253
 48.7602 0.004285
 48.8475 0.004313
 48.9347 0.004310
 49.0229 0.004372
 49.1107 0.004386
 49.1988 0.004411
 49.2878 0.004379
 49.3767 0.004421
 49.4649 0.004427
 49.5521 0.004430
 49.6407 0.004445
 49.7295 0.004405
 49.8174 0.004408
 49.9051 0.004441
 49.9921 0.004411
 50.0799 0.004424
 50.1680 0.004416
 50.2558 0.004404
 50.3440 0.004405
 50.4321 0.004346
 50.5201 0.004394
 50.6077 0.004404
 50.6954 0.004442
 50.7842 0.004462
 50.8727 0.004517
 50.9608 0.004536
 51.0501 0.004523
 51.1391 0.004534
 51.2286 0.004571
 51.3172 0.004589
 51.4067 0.004582
 51.4966 0.004612
 51.5866 0.004661
 51.6769 0.004712
 51.7679 0.004755
 51.8591 0.004808
 51.9491 0.004754
 52.0416 0.004757
 52.1340 0.004780
 52.2280 0.004786
 52.3217 0.004805
 52.4158 0.004842
 52.5104 0.004883
 52.6053 0.004884
 52.7009 0.004882
 52.7969 0.004891
 52.8923 0.004962
 52.9884 0.005000
 53.0861 0.005061
 53.1829 0.005092
 53.2809 0.005053
 53.3795 0.005054
 53.4782 0.005057
 53.5773 0.005055
 53.6788 0.005029
 53.7801 0.005074
 53.8818 0.005117
 53.9826 0.005128
 54.0850 0.005223
 54.1902 0.005283
 54.2945 0.005355
 54.3999 0.005389
 54.5054 0.005461
 54.6128 0.005529
 54.7220 0.005602
 54.8331 0.005586
 54.9449 0.005673
 55.0581 0.005599
 55.1708 0.005708
 55.2842 0.005767
 55.3995 0.005784
 55.5180 0.005747
 55.6361 0.005822
 55.7562 0.005832
 55.8769 0.005824
 55.9999 0.005904
 56.1231 0.005909
 56.2487 0.005900
 56.3761 0.005857
 56.5064 0.005898
 56.6375 0.005924
 56.7706 0.005888
 56.9073 0.006021
 57.0454 0.006149
 57.1871 0.006228
 57.3302 0.006277
 57.4741 0.006330
 57.6213 0.006375
 57.7746 0.006422
 57.9271 0.006446
 58.0853 0.006532
 58.2438 0.006558
 58.4075 0.006554
 58.5745 0.006544
 58.7456 0.006676
 58.9219 0.006837
 59.0990 0.006945
 59.2835 0.007018
 59.4745 0.007066
 59.6688 0.007271
 59.8695 0.007460
 60.0773 0.007468
 60.2910 0.007604
 60.5129 0.007655
 60.7438 0.007848
 60.9819 0.007945
 61.2307 0.008234
 61.4888 0.008407
 61.7572 0.008567
 62.0402 0.008767
 62.3322 0.008944
 62.6440 0.009189
 62.9754 0.009489
 63.3194 0.009782
 63.6942 0.010222
 64.0990 0.010598
 64.5324 0.010995
 65.0151 0.011142
 65.5387 0.011703
 66.1363 0.012116
 66.7994 0.013100
 67.5722 0.014055
 68.5212 0.014704
 69.6935 0.017378
 71.3030 0.020584
 71.7076 0.021559
 72.1712 0.022453
 72.6947 0.023716
 73.2790 0.024767
 73.9603 0.027250
 74.7994 0.030222
 75.8715 0.034099
 77.3745 0.040810
 79.8407 0.057566
 82.2455 0.076241
 85.2006 0.120619
 87.3880 0.167684
 lm1-10-1 3 1
 33.9744 0.051806
 34.7292 0.041874
 35.7674 0.027890
 36.6503 0.020371
 37.5888 0.016756
 38.1935 0.014247
 38.6369 0.012924
 38.9953 0.011779
 39.3008 0.011099
 39.5737 0.010592
 39.8075 0.009747
 40.0166 0.009399
 40.2097 0.009031
 40.9866 0.008464
 41.5851 0.007535
 42.0801 0.007143
 42.5007 0.006725
 42.8711 0.006329
 43.2058 0.006118
 43.5058 0.005872
 43.7831 0.005637
 44.0421 0.005496
 44.2866 0.005524
 44.5147 0.005384
 44.7298 0.005388
 44.9344 0.005252
 45.1314 0.005308
 45.3215 0.005318
 45.5043 0.005239
 45.6803 0.005086
 45.8512 0.004947
 46.0131 0.004945
 46.1703 0.004896
 46.3240 0.004838
 46.4748 0.004894
 46.6221 0.004940
 46.7665 0.005009
 46.9072 0.004977
 47.0434 0.004893
 47.1779 0.004864
 47.3092 0.004868
 47.4372 0.004852
 47.5646 0.004725
 47.6887 0.004699
 47.8129 0.004624
 47.9346 0.004510
 48.0543 0.004523
 48.1725 0.004458
 48.2892 0.004453
 48.4042 0.004466
 48.5181 0.004392
 48.6300 0.004410
 48.7386 0.004435
 48.8483 0.004406
 48.9556 0.004413
 49.0616 0.004385
 49.1678 0.004421
 49.2722 0.004452
 49.3758 0.004474
 49.4782 0.004549
 49.5802 0.004497
 49.6823 0.004510
 49.7843 0.004470
 49.8851 0.004495
 49.9834 0.004454
 50.0815 0.004506
 50.1800 0.004529
 50.2765 0.004481
 50.3734 0.004493
 50.4708 0.004520
 50.5662 0.004550
 50.6610 0.004541
 50.7552 0.004574
 50.8487 0.004568
 50.9423 0.004577
 51.0363 0.004597
 51.1298 0.004594
 51.2229 0.004616
 51.3155 0.004608
 51.4079 0.004565
 51.5008 0.004538
 51.5932 0.004553
 51.6842 0.004604
 51.7754 0.004648
 51.8662 0.004623
 51.9568 0.004616
 52.0476 0.004663
 52.1377 0.004599
 52.2282 0.004612
 52.3179 0.004635
 52.4087 0.004598
 52.4985 0.004585
 52.5892 0.004566
 52.6785 0.004556
 52.7690 0.004631
 52.8590 0.004699
 52.9476 0.004697
 53.0379 0.004690
 53.1273 0.004679
 53.2167 0.004676
 53.3070 0.004658
 53.3988 0.004682
 53.4881 0.004694
 53.5781 0.004760
 53.6693 0.004767
 53.7592 0.004766
 53.8494 0.004777
 53.9397 0.004757
 54.0310 0.004746
 54.1212 0.004738
 54.2125 0.004741
 54.3028 0.004744
 54.3947 0.004773
 54.4869 0.004730
 54.5777 0.004703
 54.6701 0.004764
 54.7620 0.004829
 54.8538 0.004865
 54.9465 0.004866
 55.0404 0.004852
 55.1336 0.004904
 55.2263 0.004938
 55.3220 0.004944
 55.4162 0.004967
 55.5116 0.005030
 55.6058 0.005068
 55.7011 0.005069
 55.7976 0.005080
 55.8936 0.005103
 55.9910 0.005178
 56.0882 0.005158
 56.1866 0.005166
 56.2860 0.005210
 56.3853 0.005200
 56.4836 0.005177
 56.5838 0.005224
 56.6841 0.005250
 56.7856 0.005300
 56.8894 0.005319
 56.9931 0.005341
 57.0968 0.005383
 57.2025 0.005426
 57.3075 0.005446
 57.4156 0.005421
 57.5226 0.005426
 57.6304 0.005448
 57.7383 0.005447
 57.8511 0.005428
 57.9624 0.005470
 58.0750 0.005490
 58.1877 0.005442
 58.3024 0.005406
 58.4191 0.005466
 58.5376 0.005539
 58.6576 0.005576
 58.7764 0.005597
 58.8975 0.005618
 59.0185 0.005640
 59.1419 0.005616
 59.2678 0.005619
 59.3959 0.005738
 59.5261 0.005858
 59.6561 0.005930
 59.7893 0.006002
 59.9249 0.006096
 60.0613 0.006237
 60.2000 0.006234
 60.3424 0.006175
 60.4860 0.006281
 60.6316 0.006348
 60.7809 0.006342
 60.9315 0.006454
 61.0854 0.006521
 61.2428 0.006650
 61.4030 0.006692
 61.5675 0.006723
 61.7352 0.006854
 61.9048 0.006968
 62.0783 0.007041
 62.2581 0.007158
 62.4433 0.007195
 62.6346 0.007403
 62.8291 0.007483
 63.0266 0.007515
 63.2305 0.007574
 63.4424 0.007537
 63.6587 0.007677
 63.8857 0.007731
 64.1180 0.007846
 64.3591 0.007956
 64.6138 0.008136
 64.8757 0.008316
 65.1502 0.008476
 65.4370 0.008588
 65.7387 0.008943
 66.0567 0.009173
 66.3921 0.009408
 66.7510 0.009800
 67.1312 0.010101
 67.5456 0.010472
 67.9916 0.010744
 68.4785 0.011285
 69.0133 0.011697
 69.6132 0.012317
 70.2810 0.013035
 71.0760 0.013899
 72.0285 0.015686
 73.2255 0.017094
 74.8815 0.019443
 75.2958 0.020873
 75.7683 0.022370
 76.2909 0.023141
 76.8999 0.024881
 77.5939 0.026508
 78.4492 0.029721
 79.5493 0.034100
 81.0693 0.042849
 83.5404 0.056613
 86.0400 0.077539
 89.1103 0.122311
 91.3269 0.168333
lm1s-10-1 3 1
 34.6779 0.054161
 35.4117 0.040108
 36.4577 0.028473
 37.3450 0.021171
 38.2778 0.016215
 38.8790 0.014217
 39.3311 0.012659
 39.6882 0.011742
 40.0015 0.011100
 40.2683 0.010491
 40.4949 0.010300
 40.7053 0.009736
 40.9003 0.009466
 41.6889 0.008099
 42.2917 0.007467
 42.7866 0.006966
 43.2124 0.006595
 43.5808 0.006126
 43.9156 0.005918
 44.2140 0.005942
 44.4915 0.005784
 44.7536 0.005593
 44.9954 0.005569
 45.2234 0.005433
 45.4422 0.005437
 45.6485 0.005289
 45.8474 0.005175
 46.0371 0.005131
 46.2194 0.005066
 46.3935 0.005064
 46.5622 0.005037
 46.7282 0.004986
 46.8864 0.005023
 47.0415 0.005014
 47.1921 0.005049
 47.3398 0.005043
 47.4832 0.004991
 47.6239 0.004898
 47.7601 0.004753
 47.8939 0.004662
 48.0266 0.004587
 48.1572 0.004555
 48.2856 0.004511
 48.4130 0.004467
 48.5371 0.004389
 48.6586 0.004407
 48.7758 0.004373
 48.8937 0.004416
 49.0094 0.004414
 49.1233 0.004463
 49.2352 0.004461
 49.3469 0.004435
 49.4568 0.004506
 49.5662 0.004473
 49.6734 0.004515
 49.7806 0.004532
 49.8877 0.004534
 49.9924 0.004590
 50.0969 0.004545
 50.2004 0.004595
 50.3035 0.004612
 50.4058 0.004614
 50.5062 0.004580
 50.6070 0.004510
 50.7079 0.004547
 50.8063 0.004560
 50.9033 0.004574
 51.0004 0.004611
 51.0979 0.004594
 51.1943 0.004568
 51.2920 0.004563
 51.3871 0.004618
 51.4805 0.004645
 51.5761 0.004672
 51.6703 0.004678
 51.7633 0.004678
 51.8566 0.004689
 51.9492 0.004714
 52.0413 0.004693
 52.1333 0.004659
 52.2257 0.004601
 52.3169 0.004549
 52.4099 0.004563
 52.5012 0.004534
 52.5935 0.004536
 52.6843 0.004541
 52.7753 0.004561
 52.8663 0.004632
 52.9561 0.004605
 53.0459 0.004655
 53.1367 0.004663
 53.2265 0.004665
 53.3169 0.004708
 53.4084 0.004684
 53.4970 0.004661
 53.5876 0.004681
 53.6775 0.004740
 53.7677 0.004715
 53.8589 0.004746
 53.9487 0.004743
 54.0377 0.004731
 54.1273 0.004732
 54.2183 0.004751
 54.3076 0.004809
 54.3973 0.004794
 54.4878 0.004744
 54.5792 0.004739
 54.6693 0.004793
 54.7609 0.004797
 54.8518 0.004816
 54.9434 0.004817
 55.0335 0.004838
 55.1259 0.004882
 55.2178 0.004863
 55.3093 0.004833
 55.4020 0.004797
 55.4942 0.004812
 55.5861 0.004813
 55.6800 0.004855
 55.7733 0.004895
 55.8663 0.004864
 55.9604 0.004915
 56.0546 0.004974
 56.1496 0.005015
 56.2440 0.005063
 56.3400 0.005064
 56.4346 0.005068
 56.5313 0.005113
 56.6272 0.005100
 56.7238 0.005157
 56.8210 0.005130
 56.9194 0.005115
 57.0188 0.005190
 57.1189 0.005235
 57.2203 0.005240
 57.3205 0.005328
 57.4222 0.005308
 57.5244 0.005355
 57.6263 0.005418
 57.7293 0.005446
 57.8343 0.005460
 57.9396 0.005419
 58.0454 0.005431
 58.1502 0.005454
 58.2588 0.005417
 58.3674 0.005491
 58.4776 0.005515
 58.5892 0.005579
 58.6989 0.005588
 58.8113 0.005570
 58.9255 0.005572
 59.0393 0.005590
 59.1556 0.005579
 59.2721 0.005565
 59.3909 0.005595
 59.5104 0.005665
 59.6316 0.005703
 59.7548 0.005785
 59.8786 0.005811
 60.0029 0.005793
 60.1304 0.005932
 60.2616 0.005952
 60.3930 0.006006
 60.5245 0.006062
 60.6587 0.006051
 60.7948 0.006083
 60.9349 0.006185
 61.0761 0.006179
 61.2193 0.006247
 61.3660 0.006350
 61.5158 0.006378
 61.6686 0.006434
 61.8224 0.006510
 61.9788 0.006534
 62.1416 0.006667
 62.3043 0.006730
 62.4724 0.006859
 62.6434 0.006992
 62.8187 0.007009
 62.9969 0.007158
 63.1805 0.007268
 63.3679 0.007386
 63.5598 0.007491
 63.7587 0.007595
 63.9670 0.007591
 64.1787 0.007680
 64.3967 0.007716
 64.6220 0.007912
 64.8543 0.007998
 65.0989 0.008173
 65.3506 0.008215
 65.6106 0.008392
 65.8879 0.008522
 66.1773 0.008684
 66.4798 0.008884
 66.7994 0.009153
 67.1335 0.009423
 67.4921 0.009775
 67.8762 0.010297
 68.2892 0.010505
 68.7334 0.010965
 69.2153 0.011415
 69.7528 0.011915
 70.3488 0.012498
 71.0305 0.013359
 71.8294 0.014593
 72.7754 0.016159
 73.9796 0.016956
 75.6406 0.019977
 76.0563 0.020746
 76.5278 0.021516
 77.0589 0.022131
 77.6562 0.024567
 78.3654 0.026222
 79.2213 0.030159
 80.2999 0.033913
 81.7935 0.042069
 84.2636 0.055949
 86.7500 0.078378
 89.8624 0.123047
 92.1360 0.169403
 lm2-10-1 3 1
 36.5504 0.053924
 37.2970 0.042842
 38.4079 0.029321
 39.2995 0.022824
 40.2899 0.018216
 40.9110 0.015508
 41.3802 0.013595
 41.7488 0.012890
 42.0677 0.011904
 42.3408 0.011364
 42.5821 0.010854
 42.7977 0.010381
 42.9967 0.009997
 43.8025 0.008722
 44.4282 0.007819
 44.9384 0.007118
 45.3693 0.006896
 45.7457 0.006614
 46.0828 0.006399
 46.3897 0.006435
 46.6745 0.006199
 46.9348 0.006091
 47.1851 0.006011
 47.4177 0.005982
 47.6391 0.005855
 47.8496 0.005851
 48.0525 0.005771
 48.2439 0.005675
 48.4289 0.005495
 48.6096 0.005371
 48.7845 0.005297
 48.9532 0.005297
 49.1169 0.005176
 49.2765 0.005125
 49.4315 0.005083
 49.5834 0.005077
 49.7321 0.005066
 49.8777 0.005019
 50.0191 0.004976
 50.1581 0.004934
 50.2933 0.004981
 50.4264 0.004886
 50.5557 0.004960
 50.6834 0.004927
 50.8096 0.004939
 50.9343 0.004872
 51.0569 0.004807
 51.1770 0.004730
 51.2953 0.004726
 51.4133 0.004711
 51.5286 0.004715
 51.6426 0.004701
 51.7563 0.004702
 51.8675 0.004720
 51.9782 0.004716
 52.0868 0.004699
 52.1940 0.004679
 52.3027 0.004590
 52.4088 0.004598
 52.5149 0.004593
 52.6200 0.004566
 52.7235 0.004626
 52.8258 0.004641
 52.9284 0.004647
 53.0302 0.004680
 53.1310 0.004668
 53.2320 0.004676
 53.3318 0.004620
 53.4317 0.004684
 53.5305 0.004633
 53.6285 0.004681
 53.7272 0.004645
 53.8250 0.004638
 53.9208 0.004723
 54.0170 0.004692
 54.1126 0.004670
 54.2087 0.004701
 54.3045 0.004739
 54.3989 0.004671
 54.4924 0.004670
 54.5865 0.004706
 54.6799 0.004709
 54.7746 0.004710
 54.8677 0.004614
 54.9615 0.004660
 55.0547 0.004669
 55.1479 0.004686
 55.2403 0.004687
 55.3319 0.004664
 55.4254 0.004711
 55.5175 0.004757
 55.6097 0.004713
 55.7015 0.004698
 55.7940 0.004699
 55.8853 0.004675
 55.9773 0.004727
 56.0675 0.004718
 56.1599 0.004759
 56.2518 0.004755
 56.3443 0.004789
 56.4364 0.004818
 56.5279 0.004724
 56.6194 0.004743
 56.7116 0.004793
 56.8039 0.004776
 56.8954 0.004744
 56.9873 0.004736
 57.0797 0.004779
 57.1727 0.004776
 57.2661 0.004765
 57.3585 0.004726
 57.4521 0.004760
 57.5460 0.004693
 57.6394 0.004726
 57.7331 0.004753
 57.8273 0.004777
 57.9224 0.004740
 58.0170 0.004741
 58.1113 0.004691
 58.2067 0.004753
 58.3032 0.004791
 58.3990 0.004807
 58.4971 0.004827
 58.5934 0.004846
 58.6898 0.004897
 58.7875 0.004944
 58.8847 0.005001
 58.9838 0.005057
 59.0823 0.005116
 59.1820 0.005207
 59.2825 0.005196
 59.3830 0.005209
 59.4848 0.005187
 59.5851 0.005259
 59.6886 0.005289
 59.7914 0.005301
 59.8959 0.005330
 59.9998 0.005395
 60.1045 0.005469
 60.2105 0.005450
 60.3172 0.005478
 60.4253 0.005491
 60.5333 0.005582
 60.6422 0.005583
 60.7515 0.005607
 60.8616 0.005619
 60.9738 0.005659
 61.0860 0.005684
 61.1994 0.005716
 61.3146 0.005727
 61.4300 0.005749
 61.5465 0.005842
 61.6642 0.005882
 61.7846 0.005937
 61.9068 0.005945
 62.0284 0.005977
 62.1518 0.006026
 62.2774 0.006062
 62.4040 0.006039
 62.5338 0.006100
 62.6643 0.006141
 62.7967 0.006227
 62.9298 0.006211
 63.0663 0.006226
 63.2052 0.006218
 63.3457 0.006209
 63.4887 0.006269
 63.6324 0.006301
 63.7784 0.006329
 63.9256 0.006306
 64.0775 0.006282
 64.2311 0.006299
 64.3893 0.006384
 64.5496 0.006396
 64.7123 0.006499
 64.8800 0.006619
 65.0490 0.006685
 65.2243 0.006844
 65.4018 0.006933
 65.5853 0.007020
 65.7721 0.007017
 65.9648 0.007143
 66.1606 0.007224
 66.3645 0.007256
 66.5751 0.007209
 66.7901 0.007197
 67.0146 0.007265
 67.2426 0.007478
 67.4832 0.007586
 67.7315 0.007715
 67.9880 0.007826
 68.2565 0.008014
 68.5377 0.008026
 68.8302 0.008198
 69.1419 0.008592
 69.4656 0.008726
 69.8083 0.008676
 70.1727 0.009260
 70.5628 0.009570
 70.9767 0.009795
 71.4289 0.010242
 71.9262 0.010743
 72.4712 0.010939
 73.0810 0.011898
 73.7756 0.012763
 74.5897 0.014010
 75.5590 0.015348
 76.7805 0.017689
 78.4546 0.019775
 78.8746 0.020409
 79.3545 0.022197
 79.8910 0.022697
 80.5050 0.024468
 81.2124 0.026846
 82.0676 0.029934
 83.1718 0.034496
 84.6987 0.040634
 87.2250 0.059158
 89.7616 0.082066
 92.8636 0.121839
 95.2975 0.167658
lm2s-10-1 3 1
 37.2582 0.053211
 38.0110 0.042610
 39.1136 0.030402
 40.0256 0.023162
 40.9889 0.017632
 41.6250 0.015096
 42.0824 0.013911
 42.4494 0.012789
 42.7617 0.012204
 43.0408 0.012083
 43.2834 0.011397
 43.5042 0.010882
 43.7038 0.010218
 44.5339 0.008686
 45.1531 0.007983
 45.6541 0.007158
 46.0876 0.006886
 46.4697 0.006683
 46.8099 0.006531
 47.1188 0.006533
 47.4016 0.006437
 47.6653 0.006332
 47.9139 0.006098
 48.1459 0.006080
 48.3683 0.005958
 48.5789 0.005925
 48.7809 0.005866
 48.9758 0.005608
 49.1608 0.005543
 49.3420 0.005448
 49.5140 0.005327
 49.6831 0.005295
 49.8466 0.005296
 50.0081 0.005166
 50.1649 0.005062
 50.3170 0.005046
 50.4649 0.005001
 50.6077 0.004908
 50.7479 0.004863
 50.8859 0.004812
 51.0226 0.004817
 51.1552 0.004820
 51.2852 0.004803
 51.4137 0.004780
 51.5386 0.004704
 51.6632 0.004678
 51.7861 0.004630
 51.9083 0.004692
 52.0249 0.004612
 52.1413 0.004608
 52.2578 0.004565
 52.3718 0.004550
 52.4850 0.004535
 52.5973 0.004516
 52.7080 0.004546
 52.8180 0.004533
 52.9269 0.004581
 53.0343 0.004610
 53.1407 0.004669
 53.2464 0.004717
 53.3508 0.004706
 53.4554 0.004640
 53.5586 0.004636
 53.6627 0.004643
 53.7646 0.004654
 53.8652 0.004701
 53.9668 0.004684
 54.0661 0.004661
 54.1658 0.004675
 54.2654 0.004655
 54.3637 0.004647
 54.4615 0.004582
 54.5586 0.004541
 54.6546 0.004505
 54.7503 0.004487
 54.8471 0.004451
 54.9430 0.004434
 55.0386 0.004477
 55.1341 0.004524
 55.2284 0.004557
 55.3216 0.004482
 55.4160 0.004516
 55.5105 0.004541
 55.6038 0.004565
 55.6971 0.004575
 55.7912 0.004635
 55.8840 0.004610
 55.9760 0.004644
 56.0684 0.004639
 56.1614 0.004706
 56.2527 0.004699
 56.3440 0.004690
 56.4362 0.004725
 56.5280 0.004763
 56.6204 0.004780
 56.7130 0.004809
 56.8055 0.004822
 56.8961 0.004792
 56.9878 0.004782
 57.0803 0.004732
 57.1710 0.004680
 57.2632 0.004685
 57.3560 0.004673
 57.4483 0.004671
 57.5405 0.004680
 57.6326 0.004706
 57.7241 0.004724
 57.8164 0.004744
 57.9080 0.004696
 58.0004 0.004740
 58.0931 0.004746
 58.1866 0.004725
 58.2796 0.004737
 58.3737 0.004704
 58.4675 0.004723
 58.5631 0.004737
 58.6590 0.004728
 58.7532 0.004751
 58.8470 0.004841
 58.9421 0.004861
 59.0376 0.004928
 59.1343 0.005012
 59.2316 0.005056
 59.3288 0.005061
 59.4270 0.005076
 59.5255 0.005051
 59.6230 0.005080
 59.7220 0.005088
 59.8208 0.005144
 59.9200 0.005226
 60.0206 0.005238
 60.1217 0.005273
 60.2242 0.005271
 60.3267 0.005306
 60.4300 0.005350
 60.5318 0.005382
 60.6340 0.005413
 60.7384 0.005459
 60.8441 0.005512
 60.9496 0.005557
 61.0543 0.005569
 61.1625 0.005601
 61.2717 0.005581
 61.3816 0.005597
 61.4916 0.005621
 61.6015 0.005681
 61.7121 0.005731
 61.8250 0.005765
 61.9384 0.005707
 62.0536 0.005762
 62.1694 0.005790
 62.2867 0.005796
 62.4037 0.005831
 62.5232 0.005865
 62.6435 0.005892
 62.7652 0.005966
 62.8891 0.006009
 63.0172 0.006073
 63.1456 0.006147
 63.2751 0.006188
 63.4042 0.006206
 63.5363 0.006208
 63.6686 0.006179
 63.8053 0.006192
 63.9432 0.006219
 64.0822 0.006267
 64.2240 0.006293
 64.3691 0.006376
 64.5181 0.006353
 64.6661 0.006388
 64.8172 0.006404
 64.9719 0.006492
 65.1285 0.006524
 65.2892 0.006600
 65.4533 0.006731
 65.6219 0.006787
 65.7909 0.006847
 65.9660 0.006823
 66.1459 0.006920
 66.3287 0.006864
 66.5180 0.006943
 66.7114 0.006986
 66.9076 0.006936
 67.1105 0.006978
 67.3193 0.007077
 67.5354 0.007213
 67.7603 0.007319
 67.9876 0.007468
 68.2248 0.007635
 68.4735 0.007807
 68.7291 0.007897
 68.9990 0.007962
 69.2799 0.008069
 69.5750 0.008247
 69.8825 0.008397
 70.2067 0.008585
 70.5520 0.008857
 70.9099 0.009158
 71.2964 0.009399
 71.7156 0.009849
 72.1692 0.010232
 72.6627 0.010607
 73.2127 0.011287
 73.8277 0.011828
 74.5225 0.012541
 75.3296 0.014005
 76.3059 0.015381
 77.5199 0.017418
 79.1962 0.020276
 79.6239 0.020721
 80.1025 0.022091
 80.6423 0.023224
 81.2561 0.024661
 81.9585 0.026703
 82.8334 0.030487
 83.9233 0.034374
 85.4254 0.042378
 87.9494 0.059266
 90.5233 0.080341
 93.7266 0.123687
 96.0996 0.161378
 tr0-10-1 3 1
149.6557 0.173460
152.2174 0.136370
155.7872 0.100742
158.7166 0.074238
161.7929 0.053200
163.6762 0.046543
165.1260 0.042226
166.2673 0.040041
167.2241 0.038238
168.0752 0.036015
168.8047 0.034587
169.4904 0.034013
170.0894 0.031574
172.5375 0.026948
174.3696 0.024929
175.8644 0.022569
177.1418 0.020707
178.2460 0.019500
179.2255 0.018866
180.1193 0.018775
180.9339 0.017876
181.7086 0.017395
182.4142 0.017425
183.0866 0.017145
183.7170 0.016892
184.3167 0.016561
184.8885 0.016323
185.4303 0.016027
185.9585 0.015600
186.4631 0.015321
186.9469 0.015100
187.4104 0.014876
187.8588 0.014698
188.2966 0.014507
188.7259 0.014466
189.1402 0.014194
189.5414 0.014121
189.9404 0.014037
190.3264 0.013978
190.7044 0.013874
191.0702 0.013781
191.4264 0.013537
191.7857 0.013373
192.1325 0.013470
192.4728 0.013315
192.8083 0.013265
193.1385 0.013423
193.4601 0.013532
193.7800 0.013341
194.0975 0.013227
194.4069 0.013124
194.7137 0.013218
195.0148 0.013229
195.3158 0.013113
195.6126 0.013047
195.9052 0.012852
196.1925 0.012842
196.4751 0.012659
196.7560 0.012595
197.0318 0.012608
197.3085 0.012637
197.5840 0.012520
197.8555 0.012549
198.1227 0.012567
198.3910 0.012636
198.6578 0.012432
198.9212 0.012473
199.1801 0.012583
199.4392 0.012415
199.6950 0.012369
199.9468 0.012295
200.2000 0.012317
200.4483 0.012185
200.6969 0.012089
200.9463 0.012120
201.1922 0.012160
201.4397 0.012204
201.6854 0.012162
201.9273 0.012068
202.1706 0.012089
202.4117 0.012018
202.6500 0.011958
202.8893 0.011881
203.1262 0.011924
203.3620 0.011926
203.6009 0.011807
203.8381 0.011815
204.0760 0.011862
204.3135 0.011995
204.5462 0.012036
204.7806 0.011911
205.0111 0.011813
205.2423 0.011815
205.4755 0.011759
205.7067 0.011752
205.9394 0.011631
206.1722 0.011586
206.4051 0.011583
206.6338 0.011496
206.8632 0.011494
207.0936 0.011564
207.3235 0.011669
207.5548 0.011743
207.7844 0.011725
208.0139 0.011727
208.2431 0.011810
208.4743 0.011801
208.7043 0.011732
208.9346 0.011690
209.1635 0.011649
209.3954 0.011676
209.6247 0.011530
209.8525 0.011448
210.0814 0.011553
210.3155 0.011712
210.5455 0.011742
210.7768 0.011792
211.0088 0.011748
211.2387 0.011613
211.4728 0.011778
211.7076 0.011816
211.9389 0.011836
212.1776 0.011914
212.4127 0.011952
212.6493 0.011868
212.8857 0.011925
213.1223 0.011990
213.3591 0.011968
213.5989 0.011932
213.8358 0.012097
214.0755 0.012160
214.3191 0.012120
214.5618 0.011998
214.8052 0.012054
215.0470 0.012058
215.2942 0.012095
215.5423 0.012194
215.7915 0.012233
216.0428 0.012302
216.2918 0.012316
216.5445 0.012233
216.7998 0.012262
217.0593 0.012340
217.3169 0.012461
217.5760 0.012554
217.8350 0.012543
218.0953 0.012747
218.3631 0.012725
218.6332 0.012764
218.9041 0.012741
219.1783 0.012975
219.4513 0.013109
219.7304 0.013257
220.0100 0.013246
220.2950 0.013372
220.5796 0.013225
220.8646 0.013467
221.1578 0.013650
221.4559 0.013582
221.7563 0.013597
222.0528 0.013547
222.3554 0.013662
222.6658 0.013903
222.9735 0.013987
223.2865 0.014024
223.6058 0.014298
223.9316 0.014458
224.2583 0.014464
224.5956 0.014553
224.9383 0.014780
225.2795 0.014973
225.6306 0.015122
225.9880 0.015207
226.3543 0.015369
226.7293 0.015213
227.1040 0.015415
227.4888 0.015333
227.8792 0.015378
228.2821 0.015286
228.6892 0.015452
229.1083 0.015814
229.5342 0.015867
229.9699 0.015926
230.4134 0.015896
230.8726 0.015655
231.3463 0.015880
231.8372 0.016071
232.3383 0.016485
232.8541 0.016713
233.3978 0.017118
233.9637 0.017552
234.5432 0.018116
235.1580 0.018778
235.7922 0.019240
236.4551 0.019282
237.1472 0.019881
237.8774 0.020104
238.6604 0.020594
239.4900 0.021213
240.3785 0.022590
241.3151 0.023603
242.3442 0.024279
243.4797 0.024521
244.7380 0.025677
246.1626 0.027303
247.8292 0.028930
249.7505 0.032206
252.2419 0.037637
255.6073 0.043687
256.4373 0.044593
257.3538 0.047210
258.3940 0.049379
259.5834 0.053906
260.9949 0.058607
262.6026 0.061668
264.7739 0.070519
267.6933 0.085120
272.3488 0.116072
276.8565 0.154756
282.6986 0.227808
286.5521 0.294994
 tr1-10-1 3 1
167.0627 0.190843
169.7063 0.142384
173.4153 0.096646
176.4596 0.073201
179.7261 0.057895
181.8031 0.052551
183.2833 0.047115
184.5076 0.044301
185.5003 0.040918
186.3784 0.037409
187.1666 0.035983
187.8528 0.035048
188.4922 0.033247
191.0044 0.027438
192.9014 0.025188
194.4500 0.022850
195.7784 0.021691
196.9429 0.020718
197.9786 0.019915
198.9129 0.018797
199.7695 0.018189
200.5573 0.017706
201.2967 0.017277
202.0014 0.016344
202.6576 0.016198
203.2849 0.016141
203.8832 0.015699
204.4482 0.015888
204.9937 0.015806
205.5176 0.015562
206.0240 0.015452
206.5091 0.015491
206.9785 0.015415
207.4320 0.015245
207.8753 0.015048
208.3111 0.014756
208.7353 0.014616
209.1461 0.014277
209.5514 0.013985
209.9463 0.013850
210.3268 0.013748
210.7037 0.013638
211.0720 0.013490
211.4309 0.013602
211.7897 0.013485
212.1403 0.013522
212.4810 0.013455
212.8196 0.013549
213.1535 0.013366
213.4839 0.013330
213.8018 0.013170
214.1241 0.013094
214.4389 0.012909
214.7511 0.012759
215.0572 0.012803
215.3550 0.012838
215.6559 0.012601
215.9523 0.012540
216.2442 0.012477
216.5330 0.012404
216.8194 0.012425
217.1057 0.012368
217.3896 0.012267
217.6676 0.012331
217.9461 0.012280
218.2197 0.012395
218.4914 0.012413
218.7617 0.012351
219.0330 0.012410
219.2984 0.012357
219.5653 0.012334
219.8277 0.012370
220.0908 0.012503
220.3480 0.012567
220.6082 0.012433
220.8671 0.012614
221.1249 0.012608
221.3801 0.012671
221.6334 0.012546
221.8861 0.012455
222.1380 0.012295
222.3911 0.012280
222.6402 0.012198
222.8848 0.012317
223.1281 0.012245
223.3726 0.012246
223.6192 0.012219
223.8649 0.012285
224.1098 0.012380
224.3557 0.012253
224.5982 0.012293
224.8397 0.012282
225.0822 0.012092
225.3234 0.012231
225.5641 0.012276
225.8027 0.012307
226.0432 0.012344
226.2848 0.012302
226.5225 0.012409
226.7615 0.012431
226.9954 0.012413
227.2340 0.012613
227.4725 0.012557
227.7125 0.012409
227.9537 0.012434
228.1927 0.012488
228.4317 0.012502
228.6701 0.012591
228.9069 0.012483
229.1454 0.012380
229.3807 0.012427
229.6205 0.012422
229.8605 0.012372
230.0993 0.012540
230.3388 0.012598
230.5790 0.012722
230.8190 0.012584
231.0574 0.012475
231.2949 0.012428
231.5353 0.012411
231.7810 0.012488
232.0261 0.012440
232.2712 0.012440
232.5165 0.012339
232.7602 0.012454
233.0065 0.012480
233.2537 0.012435
233.5013 0.012450
233.7505 0.012507
234.0008 0.012538
234.2490 0.012558
234.5024 0.012756
234.7566 0.012745
235.0083 0.012735
235.2631 0.012852
235.5171 0.012920
235.7746 0.012856
236.0352 0.013004
236.2927 0.013171
236.5537 0.013139
236.8162 0.013219
237.0806 0.013171
237.3481 0.013206
237.6150 0.013405
237.8830 0.013460
238.1529 0.013349
238.4264 0.013364
238.7030 0.013347
238.9827 0.013352
239.2641 0.013600
239.5471 0.013671
239.8317 0.013703
240.1192 0.013709
240.4089 0.013823
240.7016 0.013934
240.9980 0.014087
241.2959 0.014167
241.5993 0.014215
241.9060 0.014318
242.2183 0.014298
242.5265 0.014390
242.8429 0.014660
243.1616 0.014742
243.4808 0.014710
243.8071 0.014657
244.1402 0.014848
244.4763 0.014701
244.8210 0.014703
245.1657 0.014853
245.5199 0.015003
245.8751 0.015065
246.2356 0.014947
246.6050 0.014963
246.9766 0.015321
247.3540 0.015348
247.7450 0.015513
248.1404 0.015554
248.5477 0.015582
248.9604 0.015752
249.3870 0.015860
249.8202 0.015950
250.2665 0.016130
250.7189 0.016501
251.1855 0.016938
251.6634 0.017128
252.1538 0.017174
252.6655 0.017479
253.1856 0.017824
253.7218 0.018028
254.2772 0.018258
254.8595 0.018518
255.4664 0.019085
256.0901 0.019567
256.7496 0.019728
257.4406 0.020218
258.1545 0.020839
258.9129 0.021458
259.7319 0.021754
260.5907 0.022692
261.5005 0.023040
262.4875 0.023865
263.5547 0.025139
264.7336 0.026388
266.0369 0.027767
267.5201 0.028656
269.2447 0.030253
271.2936 0.034064
273.8252 0.037620
277.2605 0.042392
278.1125 0.045160
279.0464 0.048191
280.1598 0.050130
281.4006 0.053663
282.8343 0.057206
284.5874 0.064757
286.7422 0.071697
289.7721 0.090100
294.5104 0.116654
299.1112 0.157456
304.9593 0.218681
309.1617 0.298266
tr1s-10-1 3 1
175.8050 0.193516
178.5102 0.145137
182.3267 0.103108
185.3106 0.076981
188.7309 0.060793
190.7948 0.053124
192.3324 0.046910
193.5462 0.042795
194.6134 0.039229
195.5080 0.037022
196.3164 0.036118
197.0245 0.034393
197.6535 0.033368
200.2399 0.029627
202.1956 0.026587
203.7934 0.024401
205.1449 0.022184
206.3028 0.021229
207.3475 0.020131
208.2976 0.019512
209.1793 0.018496
210.0019 0.018103
210.7614 0.017550
211.4712 0.017500
212.1445 0.017266
212.7890 0.017077
213.3951 0.016947
213.9650 0.016898
214.5157 0.016852
215.0512 0.016356
215.5675 0.016127
216.0727 0.015926
216.5559 0.015965
217.0271 0.015591
217.4789 0.015438
217.9229 0.015131
218.3541 0.015084
218.7741 0.014866
219.1811 0.014650
219.5818 0.014680
219.9780 0.014380
220.3666 0.014159
220.7442 0.013962
221.1148 0.013864
221.4740 0.014105
221.8296 0.013913
222.1762 0.014059
222.5225 0.013849
222.8597 0.013687
223.1932 0.013466
223.5202 0.013361
223.8405 0.013400
224.1637 0.013325
224.4829 0.013136
224.7912 0.013040
225.1023 0.012943
225.4056 0.012876
225.7107 0.012916
226.0070 0.012860
226.3040 0.012659
226.5953 0.012839
226.8856 0.012796
227.1748 0.012767
227.4580 0.012665
227.7398 0.012587
228.0201 0.012650
228.2991 0.012597
228.5758 0.012597
228.8483 0.012618
229.1213 0.012584
229.3915 0.012563
229.6616 0.012618
229.9260 0.012484
230.1945 0.012492
230.4570 0.012498
230.7191 0.012594
230.9770 0.012587
231.2365 0.012637
231.4917 0.012599
231.7495 0.012646
232.0055 0.012709
232.2610 0.012618
232.5116 0.012711
232.7676 0.012623
233.0191 0.012493
233.2688 0.012225
233.5196 0.012181
233.7693 0.012237
234.0145 0.012246
234.2620 0.012377
234.5106 0.012421
234.7579 0.012317
235.0016 0.012264
235.2466 0.012270
235.4941 0.012177
235.7390 0.012216
235.9832 0.012298
236.2283 0.012248
236.4697 0.012234
236.7143 0.012345
236.9555 0.012299
237.1983 0.012356
237.4416 0.012461
237.6856 0.012417
237.9280 0.012453
238.1724 0.012530
238.4164 0.012530
238.6603 0.012514
238.9024 0.012521
239.1421 0.012542
239.3860 0.012538
239.6293 0.012579
239.8723 0.012567
240.1163 0.012553
240.3615 0.012576
240.6040 0.012645
240.8503 0.012836
241.0967 0.012836
241.3438 0.012851
241.5887 0.012793
241.8342 0.012752
242.0854 0.012789
242.3303 0.012867
242.5788 0.013026
242.8308 0.012939
243.0817 0.013019
243.3284 0.013095
243.5789 0.013145
243.8301 0.013171
244.0841 0.013265
244.3385 0.013339
244.5945 0.013368
244.8526 0.013362
245.1131 0.013570
245.3721 0.013625
245.6298 0.013771
245.8902 0.013813
246.1552 0.013851
246.4179 0.013837
246.6849 0.013841
246.9550 0.013677
247.2266 0.013590
247.4989 0.013754
247.7690 0.013788
248.0460 0.013816
248.3231 0.013888
248.6037 0.014035
248.8830 0.014070
249.1637 0.014125
249.4493 0.014421
249.7343 0.014380
250.0230 0.014336
250.3158 0.014410
250.6126 0.014496
250.9089 0.014272
251.2098 0.014178
251.5130 0.014212
251.8234 0.014259
252.1343 0.014249
252.4470 0.014421
252.7649 0.014609
253.0875 0.014568
253.4099 0.014691
253.7373 0.014761
254.0682 0.015052
254.4069 0.014997
254.7471 0.014775
255.0922 0.014820
255.4452 0.014750
255.8029 0.014837
256.1672 0.014945
256.5388 0.015113
256.9144 0.015240
257.2982 0.015616
257.6845 0.015721
258.0815 0.015925
258.4841 0.015944
258.8921 0.015975
259.3154 0.016251
259.7476 0.016359
260.1875 0.016545
260.6358 0.016591
261.0957 0.016850
261.5715 0.017147
262.0560 0.017419
262.5570 0.017695
263.0698 0.018216
263.6023 0.018417
264.1478 0.018649
264.7070 0.018682
265.2981 0.019144
265.9110 0.019202
266.5542 0.019532
267.2147 0.019808
267.9131 0.020236
268.6443 0.021067
269.4245 0.021455
270.2398 0.021643
271.1018 0.022259
272.0464 0.023083
273.0460 0.023609
274.1418 0.024593
275.3310 0.025384
276.6740 0.027304
278.1855 0.028549
279.9251 0.030466
281.9951 0.033832
284.5738 0.038692
288.0206 0.044752
288.9044 0.047361
289.8797 0.049775
291.0065 0.052481
292.2615 0.056107
293.6850 0.059779
295.4519 0.064129
297.6655 0.071707
300.6977 0.082573
305.5205 0.126916
310.2137 0.157148
316.1399 0.243808
320.2524 0.321662
 tr2-10-1 3 1
185.2299 0.194839
187.7699 0.152535
191.7728 0.102688
194.9514 0.078308
198.3978 0.059524
200.5548 0.051790
202.0839 0.046362
203.3649 0.042949
204.4371 0.038645
205.3283 0.037056
206.1335 0.036587
206.8594 0.034378
207.5326 0.033345
210.1989 0.029574
212.2013 0.027463
213.8309 0.025888
215.2246 0.023691
216.4317 0.021939
217.4997 0.021159
218.4859 0.020683
219.3767 0.019841
220.2024 0.018850
220.9761 0.017990
221.6937 0.017512
222.3822 0.016995
223.0336 0.017016
223.6455 0.016797
224.2326 0.016450
224.8046 0.016320
225.3506 0.016146
225.8797 0.015811
226.3805 0.015644
226.8782 0.015316
227.3527 0.014937
227.8136 0.014608
228.2675 0.014213
228.7080 0.014040
229.1353 0.013884
229.5548 0.013837
229.9681 0.013816
230.3731 0.013590
230.7696 0.013396
231.1569 0.013330
231.5333 0.013249
231.9026 0.013272
232.2663 0.013102
232.6219 0.013037
232.9741 0.013051
233.3230 0.013086
233.6630 0.012970
233.9993 0.013013
234.3319 0.013056
234.6606 0.013105
234.9846 0.013010
235.3047 0.012843
235.6181 0.012975
235.9287 0.013054
236.2414 0.013120
236.5468 0.013103
236.8484 0.013097
237.1480 0.012966
237.4414 0.012971
237.7342 0.012838
238.0247 0.012873
238.3121 0.012799
238.5981 0.012969
238.8828 0.013001
239.1670 0.012841
239.4506 0.012725
239.7292 0.012749
240.0036 0.012877
240.2763 0.012932
240.5467 0.012949
240.8202 0.012929
241.0894 0.012955
241.3589 0.012874
241.6249 0.012943
241.8908 0.012887
242.1587 0.012950
242.4227 0.013024
242.6836 0.013087
242.9436 0.012978
243.2028 0.012990
243.4589 0.013001
243.7152 0.013065
243.9681 0.013140
244.2243 0.013061
244.4787 0.013169
244.7349 0.013108
244.9873 0.013091
245.2359 0.013079
245.4862 0.013100
245.7366 0.013008
245.9858 0.013032
246.2379 0.012963
246.4860 0.012915
246.7340 0.012928
246.9816 0.012971
247.2293 0.013011
247.4764 0.013107
247.7272 0.013044
247.9747 0.013020
248.2229 0.012940
248.4704 0.012719
248.7171 0.012584
248.9655 0.012719
249.2112 0.012908
249.4567 0.012929
249.7036 0.013057
249.9518 0.012957
250.2027 0.013120
250.4503 0.013097
250.7016 0.013270
250.9518 0.013353
251.1998 0.013253
251.4503 0.013303
251.7027 0.013272
251.9516 0.013194
252.2027 0.013154
252.4540 0.013156
252.7041 0.013091
252.9562 0.013200
253.2098 0.013200
253.4630 0.013201
253.7175 0.013165
253.9733 0.013033
254.2307 0.013077
254.4854 0.013104
254.7465 0.013184
255.0034 0.013083
255.2631 0.013200
255.5240 0.013091
255.7845 0.013122
256.0451 0.013027
256.3082 0.013060
256.5777 0.013212
256.8447 0.013177
257.1143 0.013208
257.3851 0.013160
257.6542 0.013202
257.9324 0.013247
258.2091 0.013289
258.4832 0.013169
258.7591 0.013325
259.0418 0.013371
259.3229 0.013484
259.6073 0.013398
259.8947 0.013368
260.1827 0.013354
260.4754 0.013286
260.7673 0.013374
261.0625 0.013589
261.3616 0.013521
261.6611 0.013448
261.9613 0.013729
262.2669 0.013836
262.5802 0.013748
262.8979 0.013646
263.2135 0.013589
263.5313 0.013597
263.8540 0.013563
264.1834 0.013576
264.5111 0.013769
264.8420 0.014108
265.1838 0.014107
265.5253 0.014171
265.8730 0.014234
266.2245 0.014143
266.5809 0.014087
266.9507 0.014352
267.3220 0.014542
267.6984 0.014761
268.0785 0.014957
268.4702 0.014991
268.8666 0.014947
269.2785 0.015192
269.6897 0.015468
270.1045 0.015591
270.5287 0.015898
270.9622 0.016168
271.4095 0.016214
271.8669 0.016379
272.3425 0.016690
272.8302 0.017201
273.3249 0.017186
273.8325 0.017461
274.3555 0.017569
274.8928 0.017895
275.4463 0.018479
276.0242 0.018621
276.6287 0.018819
277.2627 0.019074
277.9162 0.019036
278.6029 0.019443
279.3117 0.019878
280.0625 0.020537
280.8409 0.020919
281.6628 0.021908
282.5554 0.022592
283.5109 0.023299
284.5267 0.024854
285.6357 0.026212
286.8495 0.027581
288.2061 0.028363
289.7513 0.029403
291.5010 0.031476
293.5893 0.033258
296.2518 0.039635
299.7830 0.046580
300.6721 0.049053
301.6729 0.050875
302.8002 0.053769
304.1043 0.057600
305.5768 0.062579
307.3707 0.066034
309.5973 0.070218
312.6948 0.085215
317.8232 0.119377
322.5083 0.151173
328.3356 0.232513
332.6109 0.322497
tr2s-10-1 3 1
194.1694 0.201940
197.1174 0.151602
200.9934 0.105504
204.2732 0.080701
207.7639 0.063331
209.8965 0.052794
211.5013 0.047643
212.7848 0.043097
213.8609 0.041542
214.7949 0.039817
215.6149 0.037544
216.3785 0.036028
217.0593 0.034811
219.7367 0.030548
221.7745 0.027070
223.4147 0.025567
224.8215 0.024038
226.0331 0.023235
227.1227 0.021968
228.1090 0.020866
229.0171 0.019749
229.8528 0.019231
230.6280 0.018312
231.3655 0.018296
232.0683 0.017915
232.7266 0.017433
233.3469 0.016909
233.9481 0.016372
234.5152 0.016124
235.0621 0.015745
235.5970 0.015438
236.1070 0.014904
236.6086 0.014862
237.0940 0.014659
237.5634 0.014599
238.0200 0.014350
238.4642 0.014221
238.8965 0.013856
239.3183 0.013646
239.7390 0.013387
240.1464 0.013565
240.5430 0.013441
240.9332 0.013301
241.3171 0.013183
241.6916 0.013226
242.0622 0.013072
242.4267 0.012955
242.7854 0.012943
243.1369 0.012874
243.4877 0.012615
243.8275 0.012827
244.1659 0.012809
244.4980 0.013063
244.8260 0.013240
245.1492 0.013340
245.4663 0.013439
245.7823 0.013385
246.0922 0.013370
246.4010 0.013406
246.7053 0.013400
247.0098 0.013402
247.3120 0.013482
247.6086 0.013421
247.9017 0.013471
248.1941 0.013341
248.4846 0.013418
248.7729 0.013289
249.0587 0.013198
249.3404 0.013349
249.6198 0.013406
249.8976 0.013506
250.1735 0.013411
250.4510 0.013492
250.7268 0.013454
251.0005 0.013416
251.2741 0.013432
251.5455 0.013509
251.8128 0.013484
252.0786 0.013552
252.3439 0.013433
252.6066 0.013587
252.8710 0.013590
253.1325 0.013632
253.3942 0.013679
253.6557 0.013744
253.9116 0.013723
254.1708 0.013689
254.4273 0.013656
254.6830 0.013591
254.9409 0.013579
255.1947 0.013556
255.4489 0.013546
255.6995 0.013499
255.9520 0.013486
256.2052 0.013467
256.4564 0.013542
256.7098 0.013573
256.9552 0.013334
257.2044 0.013374
257.4577 0.013336
257.7092 0.013382
257.9588 0.013348
258.2070 0.013429
258.4580 0.013455
258.7057 0.013333
258.9530 0.013300
259.2057 0.013360
259.4550 0.013176
259.7052 0.013159
259.9575 0.013185
260.2084 0.013187
260.4593 0.013203
260.7107 0.013159
260.9676 0.013139
261.2198 0.012934
261.4710 0.012835
261.7237 0.012712
261.9748 0.012785
262.2285 0.012928
262.4813 0.012934
262.7373 0.012790
262.9939 0.012782
263.2500 0.012894
263.5065 0.012996
263.7623 0.013076
264.0213 0.013132
264.2802 0.013218
264.5428 0.013159
264.8051 0.013133
265.0643 0.013104
265.3276 0.013066
265.5878 0.013120
265.8535 0.013152
266.1178 0.013131
266.3869 0.013031
266.6574 0.012989
266.9258 0.013007
267.1948 0.012897
267.4678 0.012931
267.7438 0.013046
268.0200 0.013132
268.2965 0.013098
268.5771 0.013125
268.8569 0.013292
269.1354 0.013375
269.4195 0.013341
269.7086 0.013331
270.0002 0.013392
270.2903 0.013364
270.5811 0.013321
270.8802 0.013356
271.1767 0.013278
271.4780 0.013326
271.7815 0.013415
272.0866 0.013656
272.3965 0.013804
272.7104 0.013759
273.0236 0.013902
273.3433 0.013867
273.6613 0.013754
273.9907 0.013803
274.3209 0.013920
274.6522 0.013893
274.9857 0.013864
275.3272 0.013930
275.6772 0.014128
276.0310 0.014300
276.3852 0.014505
276.7532 0.014562
277.1233 0.014998
277.4991 0.015158
277.8830 0.015441
278.2668 0.015422
278.6580 0.015279
279.0578 0.015472
279.4685 0.015823
279.8844 0.015813
280.3090 0.015923
280.7400 0.016063
281.1801 0.016340
281.6322 0.016811
282.0963 0.017009
282.5645 0.017137
283.0496 0.017469
283.5454 0.017795
284.0580 0.018108
284.5879 0.018191
285.1284 0.018232
285.6982 0.018345
286.2867 0.018120
286.8988 0.018662
287.5354 0.019012
288.1919 0.019481
288.8839 0.019986
289.5975 0.020225
290.3441 0.020564
291.1451 0.021106
291.9811 0.021845
292.8759 0.022644
293.8346 0.023906
294.8754 0.024665
295.9955 0.025396
297.2179 0.027063
298.5668 0.028719
300.1263 0.030308
301.9065 0.032296
304.0411 0.036209
306.6995 0.040109
310.2917 0.046471
311.1833 0.048694
312.1811 0.051050
313.3268 0.053646
314.5956 0.057809
316.0463 0.061175
317.8582 0.067326
320.1415 0.077132
323.2025 0.089418
328.3731 0.115147
333.2415 0.161519
339.3248 0.230424
343.6439 0.321481
