Copyright (C) 1998 James G. MacKinnon, Alfred A. Haug, and Leo Michelis.
 lm0-09-2 3 1
 29.2836 0.050847
 29.9758 0.038778
 30.9554 0.026905
 31.7486 0.019200
 32.6494 0.016278
 33.2260 0.013704
 33.6637 0.012355
 34.0038 0.011125
 34.2895 0.010451
 34.5480 0.009908
 34.7698 0.009481
 34.9750 0.009118
 35.1583 0.008646
 35.9094 0.007902
 36.4748 0.007481
 36.9444 0.007015
 37.3400 0.006643
 37.6967 0.006308
 38.0118 0.006040
 38.2986 0.005972
 38.5618 0.005800
 38.8117 0.005655
 39.0413 0.005510
 39.2608 0.005399
 39.4665 0.005218
 39.6639 0.005197
 39.8536 0.005263
 40.0334 0.005168
 40.2084 0.005075
 40.3761 0.004973
 40.5368 0.004942
 40.6959 0.004910
 40.8484 0.004906
 40.9971 0.004878
 41.1405 0.004804
 41.2836 0.004706
 41.4220 0.004768
 41.5559 0.004714
 41.6871 0.004782
 41.8168 0.004721
 41.9434 0.004690
 42.0685 0.004596
 42.1915 0.004619
 42.3115 0.004692
 42.4310 0.004646
 42.5455 0.004626
 42.6590 0.004538
 42.7727 0.004566
 42.8842 0.004566
 42.9944 0.004534
 43.1030 0.004589
 43.2089 0.004575
 43.3168 0.004592
 43.4213 0.004547
 43.5254 0.004549
 43.6289 0.004495
 43.7310 0.004428
 43.8318 0.004406
 43.9332 0.004405
 44.0341 0.004398
 44.1315 0.004419
 44.2291 0.004433
 44.3268 0.004450
 44.4232 0.004440
 44.5189 0.004389
 44.6136 0.004408
 44.7079 0.004445
 44.8011 0.004496
 44.8935 0.004515
 44.9861 0.004532
 45.0787 0.004477
 45.1698 0.004485
 45.2611 0.004494
 45.3519 0.004493
 45.4426 0.004520
 45.5322 0.004510
 45.6218 0.004532
 45.7110 0.004546
 45.7998 0.004534
 45.8880 0.004586
 45.9775 0.004599
 46.0665 0.004651
 46.1540 0.004605
 46.2420 0.004601
 46.3293 0.004602
 46.4146 0.004560
 46.5013 0.004526
 46.5887 0.004521
 46.6758 0.004531
 46.7624 0.004555
 46.8483 0.004552
 46.9348 0.004554
 47.0218 0.004548
 47.1081 0.004602
 47.1932 0.004603
 47.2806 0.004593
 47.3667 0.004590
 47.4533 0.004559
 47.5395 0.004541
 47.6263 0.004508
 47.7124 0.004508
 47.7996 0.004545
 47.8853 0.004522
 47.9726 0.004582
 48.0592 0.004604
 48.1455 0.004613
 48.2333 0.004609
 48.3200 0.004656
 48.4065 0.004638
 48.4935 0.004642
 48.5823 0.004621
 48.6700 0.004593
 48.7579 0.004582
 48.8456 0.004540
 48.9342 0.004567
 49.0240 0.004577
 49.1133 0.004629
 49.2035 0.004688
 49.2929 0.004669
 49.3831 0.004641
 49.4747 0.004639
 49.5672 0.004681
 49.6587 0.004740
 49.7516 0.004757
 49.8437 0.004771
 49.9358 0.004802
 50.0283 0.004825
 50.1214 0.004888
 50.2140 0.004858
 50.3079 0.004889
 50.4011 0.005010
 50.4972 0.005027
 50.5941 0.005064
 50.6898 0.005090
 50.7872 0.005072
 50.8835 0.005092
 50.9814 0.005047
 51.0789 0.005032
 51.1787 0.005016
 51.2782 0.005129
 51.3792 0.005071
 51.4804 0.005093
 51.5822 0.005156
 51.6851 0.005205
 51.7895 0.005186
 51.8947 0.005178
 52.0000 0.005205
 52.1064 0.005212
 52.2133 0.005244
 52.3221 0.005253
 52.4323 0.005284
 52.5435 0.005304
 52.6558 0.005302
 52.7700 0.005334
 52.8837 0.005306
 53.0010 0.005340
 53.1165 0.005338
 53.2363 0.005363
 53.3556 0.005375
 53.4780 0.005375
 53.6017 0.005412
 53.7252 0.005476
 53.8505 0.005599
 53.9800 0.005582
 54.1089 0.005542
 54.2421 0.005581
 54.3783 0.005683
 54.5170 0.005698
 54.6545 0.005749
 54.7958 0.005848
 54.9386 0.005910
 55.0849 0.005984
 55.2318 0.006007
 55.3816 0.006050
 55.5388 0.006034
 55.7001 0.006058
 55.8610 0.006120
 56.0261 0.006151
 56.1947 0.006225
 56.3681 0.006347
 56.5456 0.006502
 56.7285 0.006509
 56.9150 0.006496
 57.1090 0.006590
 57.3057 0.006520
 57.5092 0.006759
 57.7183 0.006917
 57.9378 0.006961
 58.1619 0.007022
 58.3964 0.007328
 58.6422 0.007550
 58.8982 0.007584
 59.1653 0.007689
 59.4472 0.008132
 59.7419 0.008482
 60.0496 0.008858
 60.3790 0.009094
 60.7221 0.009314
 61.0924 0.009609
 61.4922 0.009916
 61.9256 0.010322
 62.3975 0.010850
 62.9145 0.011418
 63.4950 0.012028
 64.1601 0.012892
 64.9344 0.014078
 65.8515 0.015950
 67.0113 0.017520
 68.6165 0.020427
 69.0269 0.021124
 69.4768 0.021815
 69.9838 0.023205
 70.5659 0.025261
 71.2319 0.028005
 72.0501 0.031856
 73.0955 0.036372
 74.5490 0.042232
 76.8842 0.057499
 79.2082 0.081913
 81.9544 0.125789
 84.0451 0.168232
 lm1-09-2 3 1
 31.7309 0.047334
 32.4797 0.038152
 33.4948 0.027677
 34.3486 0.021976
 35.2904 0.016240
 35.8835 0.013999
 36.3259 0.012875
 36.6811 0.012152
 36.9805 0.011388
 37.2434 0.010574
 37.4719 0.010145
 37.6803 0.009752
 37.8694 0.009708
 38.6400 0.008548
 39.2294 0.007860
 39.7070 0.007334
 40.1183 0.007063
 40.4769 0.006700
 40.8044 0.006493
 41.1011 0.006129
 41.3752 0.005927
 41.6296 0.005936
 41.8704 0.005816
 42.0958 0.005780
 42.3105 0.005789
 42.5155 0.005728
 42.7086 0.005575
 42.8957 0.005506
 43.0743 0.005444
 43.2470 0.005352
 43.4141 0.005280
 43.5749 0.005229
 43.7334 0.005032
 43.8863 0.005033
 44.0347 0.004959
 44.1798 0.004834
 44.3206 0.004813
 44.4583 0.004782
 44.5933 0.004749
 44.7259 0.004651
 44.8560 0.004702
 44.9828 0.004679
 45.1087 0.004681
 45.2333 0.004703
 45.3537 0.004675
 45.4741 0.004685
 45.5929 0.004659
 45.7086 0.004666
 45.8236 0.004644
 45.9383 0.004662
 46.0488 0.004639
 46.1578 0.004669
 46.2678 0.004643
 46.3757 0.004591
 46.4834 0.004585
 46.5884 0.004559
 46.6939 0.004478
 46.7991 0.004438
 46.9012 0.004410
 47.0034 0.004383
 47.1042 0.004381
 47.2049 0.004345
 47.3051 0.004355
 47.4013 0.004368
 47.5003 0.004311
 47.5982 0.004329
 47.6955 0.004323
 47.7919 0.004286
 47.8872 0.004269
 47.9829 0.004249
 48.0766 0.004266
 48.1699 0.004289
 48.2642 0.004304
 48.3575 0.004327
 48.4506 0.004302
 48.5442 0.004230
 48.6344 0.004232
 48.7264 0.004254
 48.8177 0.004285
 48.9089 0.004285
 48.9988 0.004270
 49.0889 0.004230
 49.1782 0.004213
 49.2683 0.004216
 49.3583 0.004236
 49.4474 0.004252
 49.5361 0.004322
 49.6253 0.004305
 49.7148 0.004330
 49.8051 0.004341
 49.8943 0.004307
 49.9828 0.004297
 50.0716 0.004325
 50.1596 0.004368
 50.2487 0.004420
 50.3380 0.004429
 50.4268 0.004456
 50.5160 0.004542
 50.6040 0.004593
 50.6926 0.004621
 50.7807 0.004585
 50.8701 0.004599
 50.9597 0.004576
 51.0483 0.004569
 51.1370 0.004578
 51.2257 0.004586
 51.3157 0.004546
 51.4040 0.004526
 51.4937 0.004531
 51.5835 0.004495
 51.6739 0.004547
 51.7638 0.004573
 51.8540 0.004558
 51.9438 0.004579
 52.0345 0.004622
 52.1266 0.004633
 52.2179 0.004597
 52.3084 0.004644
 52.4007 0.004658
 52.4930 0.004659
 52.5854 0.004654
 52.6777 0.004661
 52.7714 0.004682
 52.8648 0.004731
 52.9589 0.004715
 53.0542 0.004732
 53.1488 0.004769
 53.2436 0.004774
 53.3393 0.004850
 53.4349 0.004867
 53.5309 0.004860
 53.6296 0.004880
 53.7287 0.004904
 53.8277 0.004933
 53.9262 0.004893
 54.0247 0.004920
 54.1240 0.004953
 54.2250 0.004960
 54.3260 0.005006
 54.4283 0.005018
 54.5308 0.005003
 54.6353 0.005056
 54.7403 0.005120
 54.8465 0.005066
 54.9522 0.005097
 55.0588 0.005193
 55.1682 0.005225
 55.2769 0.005306
 55.3885 0.005334
 55.5001 0.005382
 55.6106 0.005414
 55.7254 0.005447
 55.8393 0.005434
 55.9559 0.005524
 56.0740 0.005458
 56.1913 0.005469
 56.3110 0.005478
 56.4333 0.005531
 56.5558 0.005586
 56.6803 0.005611
 56.8072 0.005636
 56.9365 0.005651
 57.0686 0.005674
 57.2001 0.005674
 57.3336 0.005728
 57.4705 0.005687
 57.6070 0.005688
 57.7447 0.005704
 57.8853 0.005787
 58.0305 0.005880
 58.1781 0.005958
 58.3286 0.006025
 58.4818 0.006065
 58.6368 0.006241
 58.7963 0.006394
 58.9573 0.006442
 59.1209 0.006532
 59.2882 0.006586
 59.4606 0.006727
 59.6398 0.006776
 59.8207 0.006802
 60.0086 0.007033
 60.2015 0.007146
 60.3972 0.007317
 60.6001 0.007587
 60.8070 0.007603
 61.0229 0.007597
 61.2470 0.007600
 61.4798 0.007767
 61.7197 0.007958
 61.9731 0.008011
 62.2347 0.008033
 62.5056 0.008201
 62.7828 0.008484
 63.0814 0.008804
 63.3938 0.008977
 63.7294 0.009359
 64.0810 0.009624
 64.4594 0.009863
 64.8671 0.010184
 65.3081 0.010483
 65.7899 0.010975
 66.3177 0.011238
 66.9146 0.012054
 67.5985 0.012876
 68.3789 0.014127
 69.3195 0.015526
 70.4991 0.017560
 72.1346 0.021091
 72.5609 0.022087
 73.0250 0.023242
 73.5336 0.024179
 74.1354 0.025812
 74.8223 0.028157
 75.6554 0.031701
 76.7017 0.037102
 78.1527 0.043627
 80.6000 0.058551
 83.0004 0.081828
 85.9066 0.126046
 88.3105 0.167155
lm1s-09-2 3 1
 32.4443 0.051867
 33.1310 0.040778
 34.1800 0.028710
 35.0417 0.021181
 35.9939 0.015911
 36.5772 0.013793
 37.0258 0.012667
 37.3845 0.011857
 37.6753 0.011350
 37.9365 0.010946
 38.1667 0.010298
 38.3758 0.010026
 38.5703 0.009923
 39.3511 0.008382
 39.9313 0.007807
 40.4127 0.007615
 40.8258 0.007106
 41.1928 0.006744
 41.5208 0.006339
 41.8228 0.006287
 42.0978 0.006202
 42.3537 0.006122
 42.5946 0.005927
 42.8204 0.005813
 43.0344 0.005737
 43.2375 0.005664
 43.4318 0.005702
 43.6177 0.005649
 43.7998 0.005487
 43.9729 0.005468
 44.1400 0.005312
 44.3022 0.005198
 44.4598 0.005167
 44.6115 0.005089
 44.7590 0.005081
 44.9049 0.005003
 45.0472 0.004959
 45.1877 0.004941
 45.3232 0.004907
 45.4552 0.004907
 45.5848 0.004827
 45.7152 0.004811
 45.8414 0.004821
 45.9662 0.004843
 46.0864 0.004741
 46.2068 0.004793
 46.3249 0.004794
 46.4397 0.004829
 46.5547 0.004810
 46.6677 0.004708
 46.7799 0.004646
 46.8897 0.004600
 46.9999 0.004555
 47.1073 0.004493
 47.2147 0.004448
 47.3191 0.004444
 47.4239 0.004444
 47.5274 0.004427
 47.6303 0.004393
 47.7323 0.004394
 47.8343 0.004357
 47.9351 0.004336
 48.0350 0.004321
 48.1339 0.004285
 48.2337 0.004245
 48.3321 0.004252
 48.4290 0.004255
 48.5251 0.004276
 48.6200 0.004251
 48.7156 0.004296
 48.8109 0.004325
 48.9054 0.004295
 48.9989 0.004276
 49.0921 0.004293
 49.1843 0.004244
 49.2768 0.004256
 49.3690 0.004261
 49.4594 0.004272
 49.5512 0.004240
 49.6416 0.004282
 49.7320 0.004245
 49.8233 0.004299
 49.9129 0.004257
 50.0045 0.004299
 50.0934 0.004291
 50.1828 0.004332
 50.2726 0.004310
 50.3617 0.004340
 50.4506 0.004376
 50.5404 0.004402
 50.6297 0.004450
 50.7193 0.004502
 50.8089 0.004515
 50.8972 0.004551
 50.9860 0.004583
 51.0753 0.004587
 51.1639 0.004589
 51.2522 0.004548
 51.3419 0.004549
 51.4300 0.004532
 51.5174 0.004503
 51.6066 0.004516
 51.6967 0.004591
 51.7860 0.004591
 51.8731 0.004594
 51.9622 0.004605
 52.0528 0.004611
 52.1419 0.004593
 52.2322 0.004550
 52.3217 0.004576
 52.4119 0.004636
 52.5024 0.004616
 52.5927 0.004653
 52.6835 0.004679
 52.7745 0.004657
 52.8656 0.004697
 52.9564 0.004702
 53.0474 0.004751
 53.1391 0.004744
 53.2329 0.004715
 53.3250 0.004701
 53.4164 0.004697
 53.5098 0.004709
 53.6036 0.004669
 53.6969 0.004669
 53.7917 0.004688
 53.8865 0.004697
 53.9807 0.004760
 54.0767 0.004785
 54.1728 0.004785
 54.2686 0.004808
 54.3663 0.004785
 54.4636 0.004796
 54.5629 0.004791
 54.6627 0.004787
 54.7631 0.004839
 54.8626 0.004839
 54.9637 0.004877
 55.0658 0.004937
 55.1687 0.005018
 55.2726 0.005112
 55.3764 0.005152
 55.4816 0.005182
 55.5870 0.005247
 55.6946 0.005237
 55.8027 0.005279
 55.9117 0.005290
 56.0204 0.005334
 56.1304 0.005299
 56.2421 0.005305
 56.3557 0.005295
 56.4694 0.005284
 56.5839 0.005410
 56.7013 0.005439
 56.8180 0.005444
 56.9380 0.005470
 57.0594 0.005470
 57.1823 0.005410
 57.3051 0.005448
 57.4292 0.005463
 57.5556 0.005458
 57.6821 0.005523
 57.8124 0.005554
 57.9437 0.005607
 58.0783 0.005638
 58.2142 0.005715
 58.3521 0.005719
 58.4924 0.005816
 58.6337 0.005843
 58.7762 0.005910
 58.9213 0.005936
 59.0715 0.006118
 59.2244 0.006176
 59.3813 0.006219
 59.5399 0.006333
 59.7022 0.006508
 59.8671 0.006558
 60.0345 0.006611
 60.2105 0.006691
 60.3868 0.006887
 60.5698 0.006950
 60.7556 0.007175
 60.9483 0.007219
 61.1467 0.007327
 61.3492 0.007275
 61.5599 0.007378
 61.7736 0.007444
 61.9988 0.007496
 62.2304 0.007465
 62.4707 0.007558
 62.7186 0.007690
 62.9769 0.007872
 63.2461 0.008044
 63.5305 0.008246
 63.8280 0.008747
 64.1449 0.009050
 64.4737 0.009150
 64.8316 0.009433
 65.2077 0.009798
 65.6169 0.010195
 66.0508 0.010643
 66.5335 0.011146
 67.0677 0.011527
 67.6683 0.012135
 68.3438 0.012973
 69.1195 0.014098
 70.0568 0.015390
 71.2490 0.016883
 72.8830 0.020979
 73.3050 0.022483
 73.7809 0.024015
 74.2956 0.024899
 74.8736 0.025746
 75.5550 0.028773
 76.3843 0.032104
 77.4405 0.036870
 78.9186 0.042756
 81.3505 0.059599
 83.7154 0.083610
 86.6800 0.126493
 88.8803 0.168910
 lm2-09-2 3 1
 34.2611 0.052293
 35.0334 0.039086
 36.0880 0.027222
 36.9643 0.022001
 37.9213 0.017166
 38.5228 0.014797
 38.9807 0.013552
 39.3511 0.012668
 39.6645 0.011695
 39.9389 0.010778
 40.1712 0.010399
 40.3854 0.009909
 40.5784 0.009507
 41.3715 0.008435
 41.9784 0.007861
 42.4755 0.007692
 42.9028 0.007142
 43.2720 0.007059
 43.6059 0.006676
 43.9104 0.006485
 44.1930 0.006355
 44.4554 0.006193
 44.7021 0.006033
 44.9347 0.005908
 45.1537 0.005776
 45.3610 0.005645
 45.5599 0.005527
 45.7529 0.005403
 45.9397 0.005299
 46.1172 0.005241
 46.2909 0.005200
 46.4550 0.005166
 46.6145 0.005061
 46.7688 0.005055
 46.9231 0.005006
 47.0738 0.004988
 47.2183 0.004835
 47.3596 0.004802
 47.4976 0.004832
 47.6347 0.004749
 47.7696 0.004626
 47.9004 0.004578
 48.0286 0.004558
 48.1542 0.004484
 48.2791 0.004524
 48.4015 0.004511
 48.5215 0.004530
 48.6418 0.004531
 48.7610 0.004571
 48.8779 0.004544
 48.9938 0.004540
 49.1057 0.004603
 49.2176 0.004557
 49.3291 0.004461
 49.4380 0.004435
 49.5458 0.004413
 49.6531 0.004433
 49.7588 0.004466
 49.8643 0.004420
 49.9687 0.004487
 50.0719 0.004445
 50.1737 0.004455
 50.2757 0.004414
 50.3772 0.004415
 50.4769 0.004416
 50.5768 0.004437
 50.6759 0.004374
 50.7744 0.004408
 50.8733 0.004448
 50.9707 0.004375
 51.0674 0.004392
 51.1642 0.004364
 51.2601 0.004343
 51.3557 0.004343
 51.4509 0.004338
 51.5456 0.004362
 51.6398 0.004359
 51.7331 0.004365
 51.8269 0.004365
 51.9194 0.004334
 52.0118 0.004324
 52.1039 0.004372
 52.1963 0.004422
 52.2885 0.004440
 52.3821 0.004400
 52.4730 0.004408
 52.5650 0.004410
 52.6565 0.004347
 52.7483 0.004322
 52.8383 0.004393
 52.9294 0.004368
 53.0199 0.004397
 53.1111 0.004426
 53.2023 0.004505
 53.2927 0.004512
 53.3827 0.004512
 53.4730 0.004506
 53.5650 0.004519
 53.6555 0.004559
 53.7462 0.004542
 53.8377 0.004571
 53.9286 0.004548
 54.0196 0.004567
 54.1103 0.004564
 54.2008 0.004586
 54.2926 0.004604
 54.3841 0.004624
 54.4758 0.004639
 54.5672 0.004668
 54.6586 0.004703
 54.7508 0.004738
 54.8423 0.004710
 54.9351 0.004717
 55.0278 0.004747
 55.1206 0.004780
 55.2141 0.004765
 55.3071 0.004734
 55.4005 0.004748
 55.4957 0.004779
 55.5897 0.004778
 55.6840 0.004820
 55.7794 0.004884
 55.8747 0.004889
 55.9709 0.004914
 56.0671 0.004885
 56.1642 0.004879
 56.2614 0.004851
 56.3590 0.004907
 56.4574 0.004915
 56.5549 0.004881
 56.6540 0.004925
 56.7533 0.004994
 56.8544 0.005070
 56.9560 0.005088
 57.0571 0.005068
 57.1581 0.005107
 57.2609 0.005185
 57.3634 0.005252
 57.4690 0.005277
 57.5752 0.005280
 57.6807 0.005300
 57.7871 0.005312
 57.8929 0.005315
 58.0013 0.005341
 58.1101 0.005344
 58.2197 0.005368
 58.3299 0.005397
 58.4411 0.005417
 58.5534 0.005422
 58.6675 0.005495
 58.7832 0.005502
 58.8999 0.005553
 59.0177 0.005629
 59.1351 0.005742
 59.2538 0.005836
 59.3762 0.005868
 59.4975 0.005954
 59.6214 0.005994
 59.7476 0.006009
 59.8766 0.006096
 60.0048 0.006105
 60.1347 0.006149
 60.2673 0.006240
 60.4009 0.006268
 60.5363 0.006277
 60.6762 0.006310
 60.8166 0.006353
 60.9597 0.006353
 61.1035 0.006348
 61.2518 0.006390
 61.4014 0.006445
 61.5544 0.006508
 61.7101 0.006507
 61.8687 0.006516
 62.0318 0.006627
 62.1965 0.006724
 62.3632 0.006838
 62.5359 0.006849
 62.7110 0.006927
 62.8894 0.007021
 63.0749 0.007212
 63.2646 0.007348
 63.4612 0.007414
 63.6615 0.007477
 63.8696 0.007545
 64.0842 0.007610
 64.3058 0.007656
 64.5340 0.007833
 64.7673 0.007886
 65.0100 0.008083
 65.2654 0.008256
 65.5311 0.008323
 65.8093 0.008326
 66.0980 0.008557
 66.4022 0.008763
 66.7244 0.008852
 67.0663 0.009005
 67.4256 0.009367
 67.8073 0.009458
 68.2272 0.009845
 68.6717 0.010394
 69.1625 0.010774
 69.7052 0.011142
 70.3069 0.011733
 70.9942 0.012780
 71.7875 0.013799
 72.7477 0.015234
 73.9638 0.017617
 75.6124 0.021003
 76.0299 0.022022
 76.5026 0.023255
 77.0387 0.024854
 77.6176 0.025918
 78.3045 0.027882
 79.1917 0.031197
 80.2781 0.036397
 81.7825 0.043902
 84.3311 0.061419
 86.8004 0.085044
 89.8708 0.121000
 91.9893 0.166700
lm2s-09-2 3 1
 34.9491 0.054244
 35.7328 0.040394
 36.7990 0.028823
 37.6792 0.022345
 38.6416 0.016981
 39.2433 0.014657
 39.7116 0.013724
 40.0824 0.012304
 40.3859 0.011451
 40.6499 0.010978
 40.8931 0.010471
 41.1084 0.010065
 41.3046 0.009692
 42.0933 0.008540
 42.7009 0.008117
 43.2039 0.007742
 43.6270 0.007506
 43.9992 0.007175
 44.3389 0.006616
 44.6444 0.006346
 44.9286 0.006299
 45.1895 0.006033
 45.4348 0.005847
 45.6682 0.005641
 45.8897 0.005639
 46.1006 0.005561
 46.3015 0.005479
 46.4912 0.005406
 46.6743 0.005254
 46.8538 0.005203
 47.0266 0.005198
 47.1929 0.005094
 47.3548 0.004997
 47.5102 0.004934
 47.6615 0.004852
 47.8105 0.004851
 47.9553 0.004772
 48.0985 0.004765
 48.2388 0.004736
 48.3746 0.004666
 48.5078 0.004666
 48.6393 0.004708
 48.7700 0.004717
 48.8974 0.004678
 49.0233 0.004741
 49.1463 0.004701
 49.2677 0.004644
 49.3871 0.004541
 49.5040 0.004501
 49.6197 0.004522
 49.7336 0.004488
 49.8471 0.004458
 49.9572 0.004485
 50.0681 0.004504
 50.1782 0.004522
 50.2856 0.004518
 50.3921 0.004498
 50.4983 0.004465
 50.6051 0.004432
 50.7098 0.004453
 50.8138 0.004454
 50.9169 0.004470
 51.0185 0.004460
 51.1193 0.004512
 51.2192 0.004560
 51.3182 0.004506
 51.4184 0.004504
 51.5172 0.004522
 51.6144 0.004496
 51.7117 0.004479
 51.8082 0.004447
 51.9033 0.004405
 51.9995 0.004329
 52.0953 0.004323
 52.1915 0.004335
 52.2867 0.004377
 52.3810 0.004382
 52.4762 0.004383
 52.5690 0.004341
 52.6626 0.004301
 52.7556 0.004311
 52.8475 0.004296
 52.9389 0.004307
 53.0325 0.004325
 53.1246 0.004331
 53.2159 0.004366
 53.3066 0.004426
 53.3984 0.004483
 53.4900 0.004463
 53.5809 0.004470
 53.6724 0.004522
 53.7639 0.004534
 53.8554 0.004558
 53.9463 0.004550
 54.0367 0.004506
 54.1270 0.004542
 54.2173 0.004555
 54.3081 0.004576
 54.3981 0.004600
 54.4901 0.004547
 54.5807 0.004522
 54.6716 0.004550
 54.7629 0.004549
 54.8540 0.004534
 54.9445 0.004564
 55.0347 0.004585
 55.1256 0.004608
 55.2181 0.004569
 55.3099 0.004622
 55.4022 0.004661
 55.4951 0.004643
 55.5863 0.004668
 55.6804 0.004718
 55.7727 0.004749
 55.8655 0.004764
 55.9588 0.004792
 56.0523 0.004835
 56.1444 0.004811
 56.2385 0.004839
 56.3320 0.004906
 56.4263 0.004863
 56.5217 0.004830
 56.6178 0.004879
 56.7131 0.004901
 56.8098 0.004911
 56.9074 0.004934
 57.0042 0.004970
 57.1027 0.005005
 57.1999 0.005006
 57.2989 0.005005
 57.3990 0.005123
 57.4990 0.005152
 57.5995 0.005197
 57.7013 0.005196
 57.8032 0.005261
 57.9046 0.005256
 58.0071 0.005260
 58.1116 0.005225
 58.2154 0.005297
 58.3211 0.005316
 58.4269 0.005262
 58.5327 0.005215
 58.6394 0.005265
 58.7479 0.005332
 58.8558 0.005391
 58.9664 0.005435
 59.0783 0.005464
 59.1906 0.005508
 59.3036 0.005549
 59.4178 0.005594
 59.5324 0.005622
 59.6483 0.005663
 59.7652 0.005739
 59.8833 0.005748
 60.0043 0.005779
 60.1253 0.005801
 60.2473 0.005900
 60.3711 0.005931
 60.4977 0.005899
 60.6253 0.005936
 60.7526 0.006124
 60.8836 0.006132
 61.0142 0.006200
 61.1477 0.006202
 61.2845 0.006235
 61.4231 0.006189
 61.5643 0.006224
 61.7071 0.006229
 61.8536 0.006381
 62.0029 0.006454
 62.1505 0.006503
 62.3019 0.006499
 62.4566 0.006488
 62.6160 0.006670
 62.7769 0.006687
 62.9395 0.006719
 63.1078 0.006826
 63.2791 0.006924
 63.4561 0.006994
 63.6377 0.007073
 63.8232 0.007277
 64.0142 0.007379
 64.2105 0.007402
 64.4131 0.007494
 64.6183 0.007605
 64.8311 0.007669
 65.0475 0.007884
 65.2771 0.007946
 65.5140 0.008007
 65.7598 0.008024
 66.0154 0.008176
 66.2806 0.008350
 66.5607 0.008460
 66.8505 0.008410
 67.1548 0.008615
 67.4749 0.008658
 67.8096 0.008942
 68.1734 0.009152
 68.5656 0.009552
 68.9822 0.009826
 69.4304 0.010099
 69.9158 0.010526
 70.4629 0.011279
 71.0658 0.011740
 71.7422 0.013040
 72.5451 0.014043
 73.5061 0.015595
 74.7077 0.017538
 76.3605 0.020933
 76.7786 0.022140
 77.2492 0.023218
 77.7790 0.025061
 78.3592 0.026067
 79.0761 0.028212
 79.9398 0.030956
 81.0151 0.037140
 82.5392 0.044624
 85.1055 0.060971
 87.4949 0.081331
 90.5550 0.121397
 92.7455 0.165837
 tr0-09-2 3 1
131.1520 0.160653
133.4020 0.126417
136.7874 0.093287
139.6084 0.072938
142.5492 0.056257
144.4625 0.046879
145.8530 0.041230
146.9756 0.036540
147.8893 0.034260
148.6755 0.031649
149.3740 0.030085
150.0081 0.029306
150.5855 0.028520
152.9499 0.025270
154.6902 0.022097
156.1092 0.020604
157.3142 0.020141
158.3875 0.019826
159.3367 0.019225
160.2018 0.018603
160.9838 0.017933
161.7196 0.017139
162.4057 0.016721
163.0467 0.015852
163.6490 0.015392
164.2324 0.015130
164.7774 0.015038
165.3064 0.014871
165.8079 0.015014
166.2860 0.014889
166.7533 0.014622
167.1991 0.014328
167.6372 0.014024
168.0592 0.013839
168.4713 0.013718
168.8674 0.013737
169.2586 0.013646
169.6364 0.013336
170.0030 0.013322
170.3662 0.012959
170.7243 0.012871
171.0719 0.012967
171.4140 0.013050
171.7501 0.012943
172.0789 0.012719
172.4013 0.012673
172.7200 0.012464
173.0352 0.012393
173.3418 0.012363
173.6429 0.012373
173.9451 0.012453
174.2424 0.012303
174.5386 0.012192
174.8307 0.012264
175.1139 0.012297
175.3957 0.012227
175.6753 0.012367
175.9468 0.012146
176.2175 0.011938
176.4863 0.011758
176.7512 0.011771
177.0150 0.011608
177.2749 0.011549
177.5330 0.011631
177.7885 0.011663
178.0411 0.011716
178.2925 0.011771
178.5440 0.011648
178.7941 0.011529
179.0401 0.011544
179.2859 0.011418
179.5308 0.011500
179.7709 0.011506
180.0138 0.011405
180.2540 0.011422
180.4919 0.011282
180.7263 0.011274
180.9653 0.011361
181.1993 0.011269
181.4334 0.011252
181.6685 0.011403
181.8997 0.011433
182.1302 0.011274
182.3636 0.011288
182.5931 0.011245
182.8249 0.011314
183.0508 0.011295
183.2811 0.011381
183.5058 0.011309
183.7315 0.011322
183.9547 0.011405
184.1810 0.011292
184.4026 0.011295
184.6254 0.011327
184.8501 0.011273
185.0703 0.011166
185.2919 0.011168
185.5129 0.011238
185.7351 0.011179
185.9575 0.011229
186.1770 0.011304
186.3986 0.011407
186.6193 0.011364
186.8402 0.011334
187.0609 0.011369
187.2834 0.011581
187.5040 0.011620
187.7256 0.011723
187.9466 0.011632
188.1675 0.011810
188.3893 0.011774
188.6117 0.011784
188.8337 0.011755
189.0581 0.011613
189.2807 0.011696
189.5013 0.011765
189.7298 0.011635
189.9525 0.011689
190.1756 0.011689
190.4008 0.011709
190.6247 0.011807
190.8519 0.011740
191.0779 0.011647
191.3027 0.011687
191.5304 0.011789
191.7593 0.011924
191.9899 0.011951
192.2234 0.011976
192.4546 0.012022
192.6857 0.012092
192.9157 0.011993
193.1497 0.012148
193.3854 0.012207
193.6205 0.012271
193.8558 0.012428
194.0964 0.012532
194.3382 0.012458
194.5785 0.012631
194.8210 0.012623
195.0626 0.012719
195.3061 0.012773
195.5531 0.012849
195.8008 0.012783
196.0528 0.012870
196.3034 0.012742
196.5560 0.012781
196.8136 0.012639
197.0667 0.012646
197.3264 0.012590
197.5865 0.012595
197.8439 0.012634
198.1055 0.012773
198.3719 0.012796
198.6420 0.013081
198.9121 0.013096
199.1895 0.012947
199.4628 0.012890
199.7421 0.012942
200.0276 0.012902
200.3130 0.012942
200.6060 0.013102
200.8992 0.013055
201.2019 0.013163
201.5047 0.013175
201.8075 0.013138
202.1179 0.013187
202.4296 0.013423
202.7468 0.013457
203.0661 0.013572
203.3945 0.013494
203.7263 0.013722
204.0651 0.013887
204.4069 0.014026
204.7572 0.014033
205.1125 0.014353
205.4722 0.014628
205.8433 0.014691
206.2187 0.014783
206.6051 0.014836
207.0000 0.014881
207.3995 0.015143
207.8096 0.015303
208.2337 0.015263
208.6681 0.015410
209.1150 0.015739
209.5802 0.016061
210.0504 0.015774
210.5380 0.015653
211.0399 0.015914
211.5617 0.016042
212.1032 0.016388
212.6638 0.016839
213.2505 0.017036
213.8673 0.017029
214.5133 0.017668
215.1806 0.018150
215.8998 0.018942
216.6585 0.019566
217.4571 0.020043
218.3217 0.020977
219.2457 0.021952
220.2484 0.022344
221.3445 0.022778
222.5619 0.024539
223.9501 0.026052
225.5516 0.028661
227.4501 0.031285
229.8402 0.034200
233.0468 0.041720
233.8586 0.042273
234.7534 0.044006
235.7893 0.047244
236.9112 0.049935
238.2430 0.055747
239.8514 0.058975
241.9020 0.063756
244.5730 0.075883
249.1356 0.100045
253.6007 0.134409
259.0608 0.215779
262.9971 0.299389
 tr1-09-2 3 1
146.6734 0.180566
149.1242 0.140021
152.5546 0.097557
155.4626 0.071002
158.6226 0.054813
160.5924 0.047046
162.0347 0.041684
163.1712 0.037712
164.1429 0.036348
164.9794 0.034975
165.7101 0.032726
166.3754 0.031546
166.9798 0.029957
169.4182 0.026543
171.2414 0.024945
172.7293 0.023301
174.0002 0.022465
175.1101 0.021108
176.1054 0.020127
176.9942 0.019424
177.8209 0.019229
178.5828 0.018887
179.2949 0.018095
179.9651 0.017403
180.5955 0.017009
181.2007 0.016634
181.7740 0.016269
182.3228 0.016114
182.8460 0.015675
183.3494 0.015591
183.8375 0.015636
184.3052 0.015158
184.7627 0.014769
185.2070 0.014457
185.6396 0.014247
186.0581 0.014023
186.4651 0.013832
186.8658 0.013581
187.2520 0.013660
187.6344 0.013480
188.0067 0.013316
188.3698 0.013202
188.7252 0.013173
189.0709 0.012843
189.4117 0.012766
189.7453 0.012630
190.0731 0.012659
190.3962 0.012758
190.7150 0.012715
191.0304 0.012697
191.3443 0.012867
191.6496 0.012792
191.9546 0.012585
192.2549 0.012592
192.5503 0.012342
192.8434 0.012299
193.1359 0.012363
193.4222 0.012393
193.7058 0.012421
193.9850 0.012282
194.2610 0.012163
194.5330 0.012200
194.8062 0.012127
195.0799 0.012096
195.3496 0.012150
195.6139 0.012216
195.8783 0.012040
196.1389 0.011979
196.3988 0.012032
196.6564 0.011988
196.9117 0.011901
197.1646 0.011884
197.4145 0.011747
197.6651 0.011823
197.9133 0.011774
198.1615 0.011646
198.4081 0.011664
198.6562 0.011521
198.9006 0.011562
199.1426 0.011523
199.3870 0.011519
199.6264 0.011492
199.8660 0.011466
200.1056 0.011429
200.3471 0.011456
200.5865 0.011508
200.8265 0.011463
201.0649 0.011462
201.3014 0.011462
201.5369 0.011417
201.7682 0.011544
202.0013 0.011612
202.2337 0.011758
202.4655 0.011807
202.6972 0.011895
202.9298 0.011766
203.1594 0.011673
203.3890 0.011734
203.6207 0.011897
203.8493 0.011814
204.0802 0.011944
204.3108 0.011850
204.5371 0.011775
204.7676 0.011657
204.9968 0.011606
205.2251 0.011762
205.4525 0.011793
205.6850 0.011794
205.9165 0.011780
206.1462 0.011844
206.3760 0.011841
206.6076 0.011842
206.8411 0.011913
207.0709 0.012040
207.3045 0.011956
207.5356 0.012150
207.7684 0.012195
208.0021 0.012282
208.2351 0.012239
208.4697 0.012222
208.7029 0.012197
208.9386 0.012200
209.1714 0.012059
209.4057 0.012111
209.6401 0.012004
209.8765 0.011999
210.1141 0.012029
210.3555 0.012051
210.5942 0.012137
210.8365 0.012238
211.0749 0.012229
211.3197 0.012224
211.5656 0.012307
211.8114 0.012283
212.0610 0.012339
212.3100 0.012479
212.5569 0.012470
212.8065 0.012597
213.0560 0.012763
213.3125 0.012864
213.5651 0.012994
213.8201 0.013036
214.0750 0.012981
214.3345 0.012913
214.5934 0.012896
214.8560 0.013015
215.1206 0.012980
215.3862 0.013053
215.6583 0.013106
215.9301 0.013009
216.2042 0.012933
216.4777 0.012891
216.7558 0.013027
217.0369 0.013012
217.3179 0.012963
217.6047 0.013002
217.8888 0.013153
218.1820 0.013138
218.4782 0.013085
218.7788 0.013284
219.0809 0.013223
219.3861 0.013218
219.6943 0.013374
220.0094 0.013624
220.3285 0.013757
220.6512 0.013803
220.9791 0.013905
221.3112 0.013823
221.6462 0.014080
221.9848 0.014105
222.3294 0.013948
222.6821 0.013967
223.0388 0.014262
223.4020 0.014283
223.7680 0.014317
224.1477 0.014174
224.5284 0.014306
224.9176 0.014238
225.3150 0.014292
225.7284 0.014577
226.1484 0.014783
226.5709 0.014811
227.0152 0.014726
227.4666 0.015045
227.9271 0.015436
228.4076 0.015645
228.8969 0.016015
229.4009 0.016319
229.9203 0.016571
230.4511 0.016934
231.0087 0.017091
231.5948 0.017688
232.1991 0.017984
232.8336 0.018411
233.4965 0.018911
234.1918 0.019485
234.9349 0.019951
235.7136 0.019994
236.5593 0.020471
237.4503 0.021447
238.4047 0.022392
239.4550 0.022743
240.5865 0.023196
241.8437 0.024912
243.2483 0.026702
244.8994 0.028366
246.8743 0.030773
249.3369 0.035282
252.6850 0.041292
253.5392 0.043760
254.4690 0.046648
255.4975 0.048859
256.6936 0.052066
258.0512 0.056310
259.7495 0.062105
261.8428 0.066680
264.7337 0.078434
269.4826 0.105443
274.0475 0.145352
280.1326 0.220179
284.0202 0.293372
tr1s-09-2 3 1
154.7111 0.177263
157.1563 0.138506
160.7339 0.098854
163.6761 0.077264
166.9034 0.057941
168.8819 0.048349
170.3419 0.044288
171.5092 0.039819
172.4536 0.037012
173.2919 0.034650
174.0307 0.033590
174.7067 0.032050
175.3307 0.030825
177.8258 0.027595
179.7014 0.025834
181.2053 0.024494
182.4932 0.022551
183.6297 0.021869
184.6424 0.021157
185.5560 0.019912
186.3948 0.019413
187.1785 0.018883
187.9033 0.017851
188.5846 0.017187
189.2236 0.016620
189.8357 0.016585
190.4179 0.016167
190.9761 0.015739
191.5086 0.015250
192.0249 0.014903
192.5207 0.014740
193.0012 0.014441
193.4601 0.014277
193.9142 0.014208
194.3483 0.013894
194.7722 0.013661
195.1870 0.013439
195.5873 0.013278
195.9803 0.013108
196.3661 0.013162
196.7424 0.012967
197.1141 0.012969
197.4755 0.012882
197.8297 0.013046
198.1766 0.012998
198.5199 0.012973
198.8594 0.012832
199.1899 0.012874
199.5166 0.012785
199.8348 0.012647
200.1490 0.012503
200.4633 0.012453
200.7723 0.012321
201.0773 0.012319
201.3785 0.012292
201.6760 0.012310
201.9672 0.012279
202.2587 0.012173
202.5423 0.012108
202.8281 0.012108
203.1116 0.012030
203.3868 0.012064
203.6609 0.011977
203.9366 0.011949
204.2094 0.012011
204.4806 0.012098
204.7475 0.012020
205.0132 0.012199
205.2748 0.012190
205.5376 0.012101
205.7978 0.012129
206.0515 0.011972
206.3087 0.012101
206.5629 0.012139
206.8130 0.012055
207.0669 0.012131
207.3166 0.012215
207.5620 0.012266
207.8077 0.012220
208.0572 0.012172
208.3036 0.012196
208.5471 0.012012
208.7874 0.011947
209.0316 0.012032
209.2741 0.012043
209.5149 0.011872
209.7567 0.011886
209.9944 0.011913
210.2331 0.011840
210.4703 0.011881
210.7073 0.011905
210.9416 0.011895
211.1806 0.011833
211.4156 0.011882
211.6493 0.011835
211.8867 0.011906
212.1194 0.011919
212.3536 0.011939
212.5872 0.011956
212.8214 0.012040
213.0567 0.012136
213.2876 0.012230
213.5190 0.012178
213.7522 0.012150
213.9829 0.012079
214.2177 0.012199
214.4519 0.012092
214.6856 0.012132
214.9197 0.012065
215.1538 0.011917
215.3876 0.011937
215.6228 0.011967
215.8581 0.012111
216.0927 0.012208
216.3294 0.012231
216.5656 0.012219
216.7971 0.012170
217.0344 0.012091
217.2706 0.012090
217.5059 0.012087
217.7452 0.012251
217.9845 0.012157
218.2230 0.012196
218.4621 0.012114
218.7029 0.012089
218.9419 0.012335
219.1807 0.012438
219.4219 0.012466
219.6632 0.012412
219.9055 0.012491
220.1512 0.012577
220.3976 0.012727
220.6439 0.012676
220.8914 0.012573
221.1414 0.012467
221.3913 0.012320
221.6442 0.012347
221.8949 0.012300
222.1501 0.012301
222.4050 0.012301
222.6631 0.012423
222.9237 0.012512
223.1872 0.012479
223.4524 0.012413
223.7143 0.012456
223.9799 0.012479
224.2470 0.012459
224.5176 0.012555
224.7952 0.012624
225.0709 0.012676
225.3486 0.012712
225.6291 0.012843
225.9088 0.012928
226.1891 0.013012
226.4729 0.013013
226.7619 0.012943
227.0494 0.012924
227.3455 0.013021
227.6395 0.013064
227.9414 0.013174
228.2473 0.013350
228.5566 0.013525
228.8717 0.013563
229.1866 0.013794
229.5054 0.013712
229.8323 0.013859
230.1659 0.013708
230.4968 0.013851
230.8377 0.013972
231.1828 0.014126
231.5339 0.014255
231.8901 0.014181
232.2563 0.014246
232.6271 0.014114
233.0028 0.014282
233.3806 0.014178
233.7693 0.014248
234.1642 0.014363
234.5676 0.014334
234.9812 0.014524
235.4040 0.014868
235.8385 0.014929
236.2835 0.015340
236.7367 0.015489
237.2113 0.015695
237.6939 0.016082
238.1862 0.016288
238.6961 0.016682
239.2226 0.017068
239.7688 0.017419
240.3352 0.017773
240.9152 0.017973
241.5318 0.018876
242.1769 0.019109
242.8537 0.019481
243.5612 0.020051
244.3104 0.020624
245.1065 0.021005
245.9390 0.021413
246.8357 0.021867
247.8015 0.022549
248.8447 0.022924
249.9941 0.024406
251.2482 0.025429
252.6929 0.027191
254.3698 0.028845
256.3510 0.030641
258.8390 0.034492
262.2267 0.042318
263.0801 0.044030
264.0235 0.045778
265.0800 0.048642
266.2852 0.051741
267.7046 0.054893
269.3642 0.060161
271.4191 0.067110
274.3495 0.079841
279.1332 0.109978
283.7937 0.143007
289.7681 0.224097
293.7762 0.313638
 tr2-09-2 3 1
162.6020 0.190246
165.1037 0.145190
169.0152 0.098446
172.0751 0.077360
175.2582 0.056096
177.3179 0.048438
178.8376 0.042472
180.0486 0.039382
181.0169 0.036381
181.9100 0.033646
182.6716 0.031676
183.3581 0.030666
183.9909 0.030524
186.5495 0.027462
188.4863 0.025277
190.0407 0.023131
191.3818 0.021334
192.5485 0.019670
193.5822 0.018818
194.5210 0.018419
195.3837 0.018360
196.1706 0.017841
196.9126 0.017380
197.6212 0.016909
198.2801 0.016783
198.8938 0.016464
199.4934 0.016126
200.0616 0.015867
200.6043 0.015770
201.1261 0.015473
201.6372 0.015106
202.1233 0.014753
202.5999 0.014687
203.0640 0.014790
203.5132 0.014854
203.9522 0.014393
204.3717 0.014092
204.7820 0.013848
205.1894 0.013598
205.5919 0.013420
205.9752 0.013457
206.3545 0.013340
206.7250 0.013274
207.0918 0.013149
207.4509 0.013203
207.7982 0.013269
208.1459 0.013278
208.4811 0.013394
208.8134 0.013300
209.1451 0.013341
209.4702 0.013472
209.7875 0.013254
210.1012 0.013097
210.4150 0.013030
210.7215 0.012775
211.0281 0.012856
211.3299 0.012975
211.6281 0.012949
211.9195 0.012914
212.2122 0.013041
212.5004 0.013029
212.7860 0.012897
213.0676 0.012878
213.3445 0.012824
213.6290 0.012778
213.9065 0.012825
214.1820 0.012779
214.4535 0.012932
214.7245 0.012845
214.9928 0.012787
215.2585 0.012688
215.5193 0.012644
215.7852 0.012740
216.0496 0.012781
216.3120 0.012644
216.5693 0.012419
216.8262 0.012559
217.0832 0.012597
217.3366 0.012524
217.5893 0.012642
217.8408 0.012611
218.0906 0.012479
218.3414 0.012533
218.5884 0.012596
218.8337 0.012631
219.0824 0.012558
219.3310 0.012537
219.5770 0.012468
219.8219 0.012341
220.0664 0.012309
220.3130 0.012407
220.5555 0.012533
220.7997 0.012574
221.0410 0.012618
221.2834 0.012633
221.5248 0.012658
221.7659 0.012667
222.0062 0.012792
222.2424 0.012799
222.4825 0.012809
222.7238 0.012864
222.9641 0.012982
223.2014 0.013021
223.4403 0.013074
223.6798 0.013154
223.9180 0.013136
224.1618 0.013216
224.4034 0.013255
224.6428 0.013285
224.8834 0.013209
225.1213 0.013247
225.3603 0.013224
225.6010 0.013272
225.8425 0.013331
226.0867 0.013240
226.3301 0.013246
226.5717 0.013411
226.8127 0.013358
227.0548 0.013270
227.2982 0.013308
227.5381 0.013282
227.7782 0.013278
228.0216 0.013255
228.2633 0.013134
228.5098 0.013312
228.7569 0.013357
229.0042 0.013312
229.2542 0.013206
229.5036 0.013232
229.7515 0.013140
230.0035 0.013274
230.2548 0.013385
230.5074 0.013265
230.7593 0.013129
231.0130 0.013016
231.2712 0.012951
231.5292 0.012945
231.7864 0.013068
232.0482 0.013090
232.3096 0.013141
232.5745 0.013170
232.8421 0.013194
233.1089 0.013416
233.3813 0.013414
233.6554 0.013481
233.9256 0.013448
234.2014 0.013461
234.4793 0.013628
234.7531 0.013683
235.0351 0.013729
235.3184 0.013825
235.6054 0.013812
235.8916 0.013679
236.1839 0.013852
236.4784 0.013933
236.7727 0.013981
237.0758 0.013808
237.3762 0.013902
237.6836 0.014028
237.9916 0.014126
238.3022 0.014098
238.6129 0.014194
238.9274 0.014175
239.2536 0.014270
239.5839 0.014392
239.9155 0.014570
240.2496 0.014575
240.5945 0.014643
240.9443 0.014876
241.2984 0.015024
241.6591 0.015306
242.0215 0.015420
242.3901 0.015364
242.7687 0.015558
243.1512 0.015824
243.5420 0.016118
243.9423 0.016203
244.3478 0.016385
244.7620 0.016752
245.1894 0.016828
245.6295 0.016888
246.0754 0.016875
246.5294 0.017105
246.9983 0.017320
247.4863 0.017498
247.9736 0.017436
248.4752 0.017637
249.0014 0.017777
249.5308 0.017991
250.0901 0.018413
250.6731 0.018744
251.2809 0.018982
251.9120 0.019195
252.5755 0.019428
253.2640 0.019346
253.9861 0.019518
254.7521 0.020190
255.5587 0.020974
256.4138 0.021757
257.3313 0.022479
258.3289 0.022861
259.4063 0.024053
260.5866 0.025307
261.9036 0.026449
263.3892 0.027919
265.0990 0.030454
267.1325 0.033632
269.6689 0.036281
273.0951 0.040646
273.9508 0.041180
274.9187 0.042749
276.0150 0.046109
277.2106 0.049172
278.6651 0.053052
280.3782 0.058766
282.5869 0.065665
285.6036 0.079508
290.5327 0.109556
295.3146 0.145343
301.0789 0.221825
305.3884 0.326608
tr2s-09-2 3 1
170.9812 0.189515
173.7092 0.148018
177.5225 0.100802
180.5168 0.075639
183.8299 0.058129
185.9022 0.048521
187.4161 0.043000
188.6404 0.039599
189.6677 0.035727
190.5439 0.034401
191.3315 0.033260
192.0372 0.031912
192.6723 0.031416
195.2654 0.027346
197.2108 0.024844
198.7680 0.022632
200.1010 0.021257
201.2728 0.020626
202.3329 0.019539
203.2817 0.018944
204.1451 0.018523
204.9532 0.018357
205.7115 0.018209
206.4090 0.017878
207.0694 0.017572
207.7068 0.017172
208.3058 0.016744
208.8764 0.016392
209.4297 0.016084
209.9676 0.015767
210.4803 0.015627
210.9714 0.015451
211.4528 0.015241
211.9195 0.015001
212.3672 0.014731
212.8076 0.014432
213.2318 0.014285
213.6538 0.014293
214.0572 0.014130
214.4559 0.014076
214.8459 0.014133
215.2253 0.013988
215.5949 0.013687
215.9579 0.013633
216.3179 0.013724
216.6755 0.013697
217.0231 0.013534
217.3647 0.013434
217.6985 0.013252
218.0331 0.013178
218.3599 0.013180
218.6815 0.012931
219.0008 0.012966
219.3156 0.012983
219.6256 0.013109
219.9317 0.013091
220.2328 0.013014
220.5329 0.012912
220.8345 0.012844
221.1334 0.012778
221.4233 0.012681
221.7096 0.012615
221.9938 0.012625
222.2730 0.012537
222.5552 0.012559
222.8337 0.012819
223.1110 0.012857
223.3857 0.012920
223.6603 0.012995
223.9325 0.012962
224.1994 0.012916
224.4675 0.012932
224.7358 0.012831
224.9982 0.012862
225.2602 0.012905
225.5210 0.013012
225.7796 0.012898
226.0362 0.012986
226.2916 0.013057
226.5475 0.012992
226.8027 0.012973
227.0566 0.012965
227.3050 0.012940
227.5548 0.012675
227.8057 0.012696
228.0569 0.012635
228.3021 0.012663
228.5462 0.012634
228.7958 0.012611
229.0435 0.012549
229.2882 0.012599
229.5316 0.012532
229.7761 0.012584
230.0199 0.012472
230.2640 0.012549
230.5067 0.012646
230.7469 0.012692
230.9912 0.012655
231.2338 0.012698
231.4771 0.012753
231.7188 0.012764
231.9596 0.012716
232.1997 0.012585
232.4406 0.012500
232.6801 0.012577
232.9194 0.012516
233.1615 0.012535
233.4048 0.012600
233.6450 0.012625
233.8837 0.012701
234.1228 0.012790
234.3642 0.012707
234.6038 0.012903
234.8463 0.012995
235.0845 0.012995
235.3281 0.013099
235.5728 0.013134
235.8186 0.013039
236.0614 0.012982
236.3072 0.012947
236.5524 0.012956
236.7982 0.012857
237.0459 0.012906
237.2915 0.012841
237.5396 0.012665
237.7843 0.012548
238.0362 0.012662
238.2861 0.012708
238.5377 0.012767
238.7891 0.012739
239.0418 0.012779
239.2951 0.012709
239.5512 0.012703
239.8094 0.012911
240.0629 0.012867
240.3204 0.012776
240.5829 0.012846
240.8497 0.012818
241.1142 0.012877
241.3723 0.012807
241.6392 0.012870
241.9067 0.012706
242.1778 0.012695
242.4483 0.012750
242.7209 0.012868
242.9974 0.012965
243.2758 0.012802
243.5543 0.012878
243.8333 0.012801
244.1160 0.012972
244.4016 0.012953
244.6853 0.013148
244.9784 0.013142
245.2729 0.013174
245.5714 0.013321
245.8692 0.013389
246.1705 0.013473
246.4751 0.013504
246.7810 0.013694
247.0938 0.013850
247.4074 0.013997
247.7246 0.014115
248.0488 0.014168
248.3685 0.014439
248.7001 0.014367
249.0338 0.014493
249.3717 0.014713
249.7187 0.014881
250.0631 0.015022
250.4198 0.015153
250.7813 0.015201
251.1534 0.015465
251.5244 0.015458
251.8994 0.015693
252.2858 0.015847
252.6759 0.016074
253.0736 0.016114
253.4821 0.016159
253.9000 0.016275
254.3272 0.016301
254.7677 0.016278
255.2179 0.016463
255.6754 0.016438
256.1427 0.016516
256.6285 0.016621
257.1267 0.016988
257.6391 0.017143
258.1642 0.017464
258.7107 0.017635
259.2736 0.017643
259.8564 0.017847
260.4660 0.018121
261.1008 0.018006
261.7574 0.017997
262.4410 0.018925
263.1552 0.019402
263.9246 0.020086
264.7386 0.020711
265.6087 0.021212
266.5492 0.021945
267.5571 0.022750
268.6401 0.023714
269.8199 0.024640
271.1420 0.026813
272.6311 0.028607
274.3645 0.029303
276.3955 0.032238
278.9627 0.034968
282.4230 0.041007
283.2649 0.042364
284.2259 0.043702
285.3403 0.046283
286.5778 0.050321
288.0093 0.055826
289.7452 0.059871
291.9133 0.066180
294.9601 0.077611
299.8697 0.112776
304.6140 0.152888
310.4857 0.226826
314.9364 0.316945
