Copyright (C) 1998 James G. MacKinnon, Alfred A. Haug, and Leo Michelis.
 tr0-01-5 2 1
  0.5553 0.005469
  0.6999 0.005029
  0.9486 0.004305
  1.1877 0.003705
  1.4857 0.003444
  1.6933 0.003124
  1.8603 0.002981
  2.0000 0.002875
  2.1215 0.002740
  2.2297 0.002636
  2.3285 0.002558
  2.4173 0.002574
  2.5017 0.002495
  2.8506 0.002330
  3.1276 0.002200
  3.3605 0.002065
  3.5633 0.001972
  3.7450 0.001876
  3.9108 0.001851
  4.0645 0.001770
  4.2098 0.001730
  4.3446 0.001719
  4.4720 0.001735
  4.5925 0.001734
  4.7081 0.001728
  4.8185 0.001728
  4.9245 0.001716
  5.0274 0.001687
  5.1267 0.001667
  5.2224 0.001679
  5.3157 0.001659
  5.4073 0.001645
  5.4962 0.001621
  5.5826 0.001599
  5.6667 0.001615
  5.7501 0.001619
  5.8311 0.001591
  5.9108 0.001575
  5.9885 0.001589
  6.0655 0.001601
  6.1413 0.001604
  6.2162 0.001597
  6.2895 0.001611
  6.3625 0.001605
  6.4332 0.001591
  6.5033 0.001597
  6.5732 0.001603
  6.6416 0.001586
  6.7097 0.001586
  6.7767 0.001586
  6.8429 0.001577
  6.9089 0.001584
  6.9747 0.001606
  7.0391 0.001617
  7.1031 0.001611
  7.1668 0.001601
  7.2308 0.001600
  7.2938 0.001604
  7.3561 0.001629
  7.4180 0.001621
  7.4796 0.001624
  7.5405 0.001639
  7.6014 0.001646
  7.6616 0.001629
  7.7222 0.001624
  7.7818 0.001636
  7.8415 0.001647
  7.9005 0.001637
  7.9597 0.001644
  8.0184 0.001650
  8.0771 0.001634
  8.1352 0.001648
  8.1933 0.001634
  8.2512 0.001629
  8.3092 0.001626
  8.3670 0.001625
  8.4246 0.001631
  8.4818 0.001626
  8.5396 0.001635
  8.5973 0.001653
  8.6547 0.001670
  8.7114 0.001659
  8.7682 0.001669
  8.8253 0.001663
  8.8826 0.001684
  8.9395 0.001682
  8.9965 0.001677
  9.0532 0.001672
  9.1100 0.001675
  9.1674 0.001695
  9.2244 0.001707
  9.2808 0.001711
  9.3382 0.001709
  9.3949 0.001701
  9.4517 0.001705
  9.5086 0.001731
  9.5652 0.001729
  9.6223 0.001722
  9.6797 0.001738
  9.7369 0.001752
  9.7941 0.001750
  9.8518 0.001730
  9.9095 0.001725
  9.9675 0.001733
 10.0258 0.001723
 10.0839 0.001732
 10.1420 0.001746
 10.2003 0.001753
 10.2592 0.001746
 10.3181 0.001765
 10.3772 0.001775
 10.4361 0.001769
 10.4957 0.001768
 10.5548 0.001767
 10.6149 0.001791
 10.6749 0.001819
 10.7349 0.001811
 10.7958 0.001834
 10.8570 0.001832
 10.9174 0.001847
 10.9787 0.001833
 11.0401 0.001852
 11.1021 0.001877
 11.1642 0.001882
 11.2269 0.001892
 11.2897 0.001879
 11.3528 0.001892
 11.4166 0.001902
 11.4811 0.001924
 11.5461 0.001963
 11.6107 0.001948
 11.6765 0.001934
 11.7421 0.001951
 11.8088 0.001970
 11.8754 0.001991
 11.9426 0.002000
 12.0105 0.002035
 12.0786 0.002055
 12.1479 0.002034
 12.2177 0.002056
 12.2875 0.002064
 12.3585 0.002054
 12.4297 0.002058
 12.5020 0.002072
 12.5745 0.002087
 12.6478 0.002103
 12.7219 0.002108
 12.7963 0.002140
 12.8725 0.002166
 12.9494 0.002193
 13.0265 0.002189
 13.1047 0.002196
 13.1838 0.002238
 13.2631 0.002255
 13.3441 0.002288
 13.4264 0.002303
 13.5092 0.002320
 13.5926 0.002355
 13.6774 0.002374
 13.7641 0.002407
 13.8513 0.002421
 13.9400 0.002466
 14.0304 0.002469
 14.1224 0.002502
 14.2156 0.002534
 14.3106 0.002547
 14.4069 0.002593
 14.5045 0.002585
 14.6047 0.002601
 14.7059 0.002621
 14.8096 0.002633
 14.9151 0.002663
 15.0221 0.002729
 15.1312 0.002746
 15.2424 0.002764
 15.3564 0.002797
 15.4727 0.002794
 15.5924 0.002839
 15.7152 0.002887
 15.8417 0.002933
 15.9703 0.002970
 16.1033 0.003001
 16.2403 0.003049
 16.3810 0.003139
 16.5253 0.003127
 16.6749 0.003186
 16.8295 0.003294
 16.9900 0.003318
 17.1574 0.003377
 17.3308 0.003399
 17.5111 0.003467
 17.6987 0.003555
 17.8953 0.003586
 18.1009 0.003661
 18.3167 0.003837
 18.5473 0.004028
 18.7907 0.004086
 19.0484 0.004246
 19.3266 0.004444
 19.6259 0.004639
 19.9505 0.004711
 20.3088 0.005099
 20.7006 0.005489
 21.1402 0.005751
 21.6415 0.006114
 22.2238 0.006435
 22.9357 0.006982
 23.8264 0.007689
 25.0655 0.008738
 25.3797 0.009291
 25.7330 0.009791
 26.1283 0.010457
 26.5844 0.011327
 27.1167 0.012391
 27.7655 0.013722
 28.5856 0.015450
 29.7443 0.019375
 31.6900 0.025569
 33.5918 0.036757
 36.0266 0.054517
 37.8844 0.079282
 tr1-01-5 2 1
  0.8122 0.008158
  1.0108 0.006883
  1.3509 0.005455
  1.6860 0.005103
  2.0904 0.004433
  2.3733 0.003890
  2.5914 0.003677
  2.7707 0.003542
  2.9265 0.003397
  3.0654 0.003166
  3.1908 0.003090
  3.3040 0.003033
  3.4092 0.002994
  3.8432 0.002612
  4.1813 0.002534
  4.4637 0.002434
  4.7081 0.002391
  4.9267 0.002250
  5.1257 0.002178
  5.3087 0.002145
  5.4777 0.002076
  5.6363 0.002112
  5.7846 0.002066
  5.9243 0.002075
  6.0586 0.002003
  6.1871 0.001971
  6.3109 0.001926
  6.4287 0.001916
  6.5427 0.001916
  6.6522 0.001920
  6.7589 0.001903
  6.8631 0.001868
  6.9652 0.001823
  7.0640 0.001828
  7.1605 0.001853
  7.2542 0.001838
  7.3469 0.001844
  7.4373 0.001840
  7.5264 0.001839
  7.6129 0.001845
  7.6986 0.001845
  7.7827 0.001844
  7.8658 0.001836
  7.9478 0.001831
  8.0278 0.001846
  8.1069 0.001859
  8.1849 0.001887
  8.2627 0.001887
  8.3389 0.001868
  8.4140 0.001882
  8.4890 0.001898
  8.5628 0.001895
  8.6362 0.001875
  8.7087 0.001868
  8.7806 0.001857
  8.8521 0.001843
  8.9224 0.001862
  8.9927 0.001875
  9.0617 0.001899
  9.1309 0.001892
  9.1995 0.001894
  9.2677 0.001927
  9.3354 0.001926
  9.4025 0.001930
  9.4697 0.001927
  9.5364 0.001917
  9.6028 0.001899
  9.6688 0.001903
  9.7348 0.001911
  9.8000 0.001911
  9.8650 0.001917
  9.9297 0.001927
  9.9946 0.001924
 10.0587 0.001910
 10.1225 0.001896
 10.1863 0.001869
 10.2500 0.001872
 10.3139 0.001871
 10.3776 0.001872
 10.4411 0.001895
 10.5042 0.001929
 10.5671 0.001941
 10.6296 0.001945
 10.6923 0.001961
 10.7546 0.001950
 10.8170 0.001969
 10.8796 0.001983
 10.9421 0.001970
 11.0044 0.001998
 11.0670 0.001982
 11.1291 0.001985
 11.1914 0.001986
 11.2540 0.001984
 11.3169 0.001982
 11.3792 0.001965
 11.4421 0.001965
 11.5046 0.001973
 11.5672 0.001996
 11.6303 0.001983
 11.6932 0.001973
 11.7563 0.001981
 11.8191 0.001972
 11.8823 0.002006
 11.9450 0.002021
 12.0082 0.002031
 12.0714 0.002048
 12.1348 0.002044
 12.1988 0.002060
 12.2628 0.002082
 12.3272 0.002073
 12.3916 0.002077
 12.4561 0.002066
 12.5211 0.002079
 12.5861 0.002103
 12.6507 0.002110
 12.7159 0.002119
 12.7818 0.002094
 12.8473 0.002109
 12.9136 0.002125
 12.9795 0.002161
 13.0455 0.002160
 13.1123 0.002180
 13.1795 0.002177
 13.2473 0.002176
 13.3154 0.002167
 13.3839 0.002161
 13.4525 0.002154
 13.5218 0.002174
 13.5916 0.002202
 13.6620 0.002225
 13.7322 0.002225
 13.8026 0.002245
 13.8739 0.002272
 13.9458 0.002288
 14.0178 0.002287
 14.0907 0.002315
 14.1638 0.002325
 14.2382 0.002341
 14.3128 0.002336
 14.3875 0.002354
 14.4635 0.002382
 14.5397 0.002384
 14.6170 0.002389
 14.6949 0.002383
 14.7736 0.002353
 14.8530 0.002350
 14.9322 0.002345
 15.0129 0.002330
 15.0946 0.002364
 15.1771 0.002366
 15.2602 0.002361
 15.3441 0.002372
 15.4293 0.002384
 15.5151 0.002410
 15.6019 0.002391
 15.6900 0.002432
 15.7793 0.002448
 15.8694 0.002454
 15.9615 0.002474
 16.0541 0.002517
 16.1477 0.002574
 16.2431 0.002629
 16.3399 0.002640
 16.4379 0.002669
 16.5370 0.002679
 16.6383 0.002691
 16.7413 0.002697
 16.8467 0.002676
 16.9528 0.002695
 17.0620 0.002678
 17.1740 0.002715
 17.2868 0.002776
 17.4011 0.002796
 17.5173 0.002824
 17.6374 0.002840
 17.7595 0.002838
 17.8844 0.002898
 18.0120 0.002930
 18.1435 0.002990
 18.2785 0.003008
 18.4157 0.003042
 18.5569 0.003103
 18.7029 0.003143
 18.8532 0.003198
 19.0068 0.003200
 19.1661 0.003268
 19.3299 0.003316
 19.5002 0.003365
 19.6763 0.003467
 19.8615 0.003513
 20.0545 0.003625
 20.2545 0.003682
 20.4642 0.003723
 20.6830 0.003844
 20.9132 0.004000
 21.1572 0.004084
 21.4155 0.004265
 21.6878 0.004460
 21.9830 0.004658
 22.2990 0.004838
 22.6432 0.004859
 23.0182 0.005044
 23.4350 0.005352
 23.9002 0.005682
 24.4288 0.005850
 25.0432 0.006158
 25.7886 0.006483
 26.7248 0.007574
 28.0207 0.009023
 28.3542 0.009490
 28.7171 0.009949
 29.1242 0.010611
 29.6040 0.011509
 30.1696 0.012768
 30.8462 0.014148
 31.7045 0.015927
 32.8949 0.019164
 34.9187 0.027315
 36.9298 0.037660
 39.3806 0.060725
 41.2639 0.082318
tr1s-01-5 2 1
  2.2729 0.010333
  2.5324 0.008022
  2.9088 0.006414
  3.2502 0.004903
  3.6519 0.003916
  3.9096 0.003604
  4.1091 0.003360
  4.2729 0.003117
  4.4147 0.002943
  4.5376 0.002980
  4.6494 0.002816
  4.7525 0.002744
  4.8466 0.002677
  5.2352 0.002473
  5.5405 0.002344
  5.7970 0.002200
  6.0189 0.002069
  6.2193 0.002006
  6.4010 0.001982
  6.5674 0.001940
  6.7229 0.001896
  6.8681 0.001826
  7.0055 0.001816
  7.1359 0.001811
  7.2607 0.001891
  7.3805 0.001864
  7.4961 0.001824
  7.6075 0.001810
  7.7146 0.001807
  7.8191 0.001766
  7.9205 0.001786
  8.0188 0.001770
  8.1139 0.001763
  8.2067 0.001769
  8.2975 0.001769
  8.3868 0.001785
  8.4743 0.001818
  8.5603 0.001784
  8.6442 0.001792
  8.7275 0.001809
  8.8088 0.001811
  8.8892 0.001796
  8.9679 0.001781
  9.0460 0.001770
  9.1227 0.001770
  9.1986 0.001767
  9.2735 0.001770
  9.3475 0.001776
  9.4207 0.001770
  9.4930 0.001776
  9.5645 0.001785
  9.6353 0.001781
  9.7060 0.001782
  9.7761 0.001799
  9.8449 0.001808
  9.9131 0.001776
  9.9810 0.001786
 10.0486 0.001784
 10.1161 0.001784
 10.1829 0.001784
 10.2488 0.001804
 10.3152 0.001801
 10.3806 0.001785
 10.4454 0.001791
 10.5101 0.001785
 10.5748 0.001781
 10.6389 0.001799
 10.7027 0.001795
 10.7655 0.001795
 10.8288 0.001788
 10.8916 0.001781
 10.9544 0.001801
 11.0167 0.001817
 11.0793 0.001817
 11.1415 0.001818
 11.2035 0.001820
 11.2654 0.001855
 11.3265 0.001860
 11.3881 0.001861
 11.4499 0.001856
 11.5112 0.001861
 11.5723 0.001886
 11.6340 0.001886
 11.6954 0.001881
 11.7567 0.001881
 11.8183 0.001879
 11.8792 0.001891
 11.9398 0.001902
 12.0005 0.001891
 12.0614 0.001898
 12.1226 0.001904
 12.1842 0.001910
 12.2456 0.001933
 12.3066 0.001949
 12.3673 0.001963
 12.4284 0.001956
 12.4897 0.001957
 12.5512 0.001961
 12.6128 0.001956
 12.6742 0.001941
 12.7358 0.001954
 12.7977 0.001964
 12.8594 0.001975
 12.9212 0.001953
 12.9836 0.001956
 13.0459 0.001972
 13.1082 0.001977
 13.1704 0.001984
 13.2327 0.001995
 13.2962 0.002007
 13.3591 0.002026
 13.4224 0.002031
 13.4859 0.002032
 13.5497 0.002028
 13.6135 0.002027
 13.6781 0.002051
 13.7424 0.002078
 13.8073 0.002075
 13.8724 0.002078
 13.9372 0.002116
 14.0027 0.002144
 14.0687 0.002145
 14.1351 0.002126
 14.2016 0.002126
 14.2688 0.002136
 14.3363 0.002177
 14.4040 0.002181
 14.4725 0.002173
 14.5409 0.002211
 14.6097 0.002227
 14.6790 0.002234
 14.7486 0.002221
 14.8188 0.002244
 14.8891 0.002240
 14.9604 0.002227
 15.0322 0.002229
 15.1046 0.002235
 15.1781 0.002262
 15.2515 0.002301
 15.3258 0.002310
 15.4008 0.002293
 15.4757 0.002279
 15.5517 0.002307
 15.6281 0.002304
 15.7054 0.002311
 15.7835 0.002303
 15.8626 0.002313
 15.9423 0.002308
 16.0225 0.002309
 16.1038 0.002343
 16.1856 0.002391
 16.2689 0.002417
 16.3532 0.002450
 16.4378 0.002492
 16.5240 0.002483
 16.6110 0.002482
 16.6988 0.002499
 16.7884 0.002516
 16.8786 0.002512
 16.9698 0.002530
 17.0633 0.002551
 17.1582 0.002536
 17.2541 0.002583
 17.3514 0.002618
 17.4500 0.002615
 17.5510 0.002601
 17.6531 0.002639
 17.7570 0.002646
 17.8626 0.002671
 17.9699 0.002684
 18.0791 0.002701
 18.1919 0.002744
 18.3062 0.002733
 18.4225 0.002769
 18.5405 0.002813
 18.6613 0.002889
 18.7849 0.002908
 18.9112 0.002929
 19.0416 0.002931
 19.1749 0.002923
 19.3105 0.003006
 19.4511 0.003036
 19.5946 0.003100
 19.7432 0.003160
 19.8957 0.003195
 20.0558 0.003243
 20.2194 0.003344
 20.3885 0.003370
 20.5648 0.003419
 20.7475 0.003509
 20.9378 0.003625
 21.1360 0.003785
 21.3450 0.003830
 21.5625 0.003993
 21.7914 0.004037
 22.0335 0.004211
 22.2881 0.004397
 22.5617 0.004455
 22.8548 0.004630
 23.1697 0.004729
 23.5105 0.004840
 23.8859 0.005087
 24.2983 0.005264
 24.7612 0.005610
 25.2886 0.005715
 25.9032 0.005976
 26.6434 0.006551
 27.5779 0.007496
 28.8704 0.008771
 29.1985 0.009220
 29.5659 0.009902
 29.9842 0.010404
 30.4661 0.011362
 31.0245 0.012204
 31.6965 0.013808
 32.5466 0.015613
 33.7407 0.018504
 35.7564 0.027484
 37.7574 0.037282
 40.2060 0.061280
 42.1283 0.082580
 tr2-01-5 2 1
  1.3660 0.011296
  1.6534 0.009477
  2.1252 0.007549
  2.5642 0.006320
  3.0917 0.005747
  3.4414 0.005039
  3.7096 0.004611
  3.9306 0.004333
  4.1175 0.004046
  4.2814 0.003942
  4.4275 0.003742
  4.5608 0.003607
  4.6849 0.003498
  5.1888 0.002995
  5.5744 0.002911
  5.8940 0.002845
  6.1692 0.002756
  6.4129 0.002665
  6.6335 0.002539
  6.8358 0.002498
  7.0235 0.002444
  7.1979 0.002390
  7.3624 0.002329
  7.5173 0.002314
  7.6645 0.002276
  7.8061 0.002267
  7.9416 0.002249
  8.0718 0.002166
  8.1976 0.002150
  8.3196 0.002128
  8.4375 0.002152
  8.5508 0.002142
  8.6616 0.002109
  8.7698 0.002110
  8.8745 0.002095
  8.9784 0.002050
  9.0791 0.002065
  9.1782 0.002066
  9.2746 0.002084
  9.3692 0.002080
  9.4625 0.002082
  9.5542 0.002063
  9.6437 0.002054
  9.7321 0.002050
  9.8192 0.002056
  9.9063 0.002062
  9.9915 0.002034
 10.0753 0.002065
 10.1583 0.002057
 10.2401 0.002045
 10.3212 0.002053
 10.4011 0.002020
 10.4802 0.002000
 10.5589 0.001976
 10.6357 0.001985
 10.7130 0.001989
 10.7896 0.001958
 10.8653 0.001980
 10.9406 0.001967
 11.0152 0.001978
 11.0891 0.001991
 11.1633 0.001967
 11.2367 0.001974
 11.3093 0.001974
 11.3813 0.001990
 11.4530 0.001982
 11.5242 0.001951
 11.5957 0.001952
 11.6665 0.001984
 11.7377 0.001984
 11.8080 0.001979
 11.8774 0.001976
 11.9468 0.001997
 12.0158 0.002001
 12.0845 0.001992
 12.1537 0.002014
 12.2224 0.002008
 12.2909 0.002028
 12.3586 0.002022
 12.4266 0.002022
 12.4948 0.002032
 12.5627 0.002063
 12.6299 0.002054
 12.6980 0.002073
 12.7651 0.002079
 12.8327 0.002127
 12.8998 0.002118
 12.9665 0.002134
 13.0339 0.002136
 13.1008 0.002149
 13.1678 0.002147
 13.2356 0.002150
 13.3029 0.002146
 13.3699 0.002123
 13.4373 0.002113
 13.5044 0.002113
 13.5718 0.002125
 13.6390 0.002099
 13.7064 0.002095
 13.7738 0.002115
 13.8414 0.002122
 13.9088 0.002144
 13.9758 0.002155
 14.0435 0.002180
 14.1118 0.002202
 14.1796 0.002201
 14.2477 0.002196
 14.3160 0.002207
 14.3846 0.002234
 14.4534 0.002228
 14.5223 0.002231
 14.5917 0.002256
 14.6613 0.002260
 14.7309 0.002266
 14.8005 0.002275
 14.8703 0.002291
 14.9406 0.002302
 15.0114 0.002299
 15.0820 0.002289
 15.1534 0.002285
 15.2255 0.002286
 15.2975 0.002276
 15.3695 0.002285
 15.4419 0.002290
 15.5145 0.002280
 15.5876 0.002257
 15.6611 0.002271
 15.7347 0.002270
 15.8088 0.002264
 15.8834 0.002260
 15.9580 0.002238
 16.0336 0.002257
 16.1101 0.002237
 16.1869 0.002256
 16.2640 0.002241
 16.3413 0.002239
 16.4197 0.002282
 16.4983 0.002295
 16.5787 0.002292
 16.6582 0.002294
 16.7386 0.002300
 16.8195 0.002318
 16.9014 0.002304
 16.9842 0.002314
 17.0679 0.002320
 17.1523 0.002312
 17.2377 0.002326
 17.3232 0.002328
 17.4096 0.002338
 17.4969 0.002337
 17.5858 0.002344
 17.6755 0.002321
 17.7657 0.002334
 17.8571 0.002353
 17.9496 0.002358
 18.0439 0.002330
 18.1385 0.002366
 18.2343 0.002374
 18.3310 0.002375
 18.4298 0.002431
 18.5297 0.002488
 18.6308 0.002550
 18.7332 0.002509
 18.8366 0.002534
 18.9417 0.002531
 19.0486 0.002564
 19.1580 0.002597
 19.2686 0.002648
 19.3815 0.002695
 19.4959 0.002701
 19.6122 0.002788
 19.7311 0.002839
 19.8529 0.002864
 19.9772 0.002862
 20.1036 0.002913
 20.2332 0.002928
 20.3655 0.002977
 20.4996 0.002986
 20.6387 0.003068
 20.7800 0.003120
 20.9248 0.003130
 21.0751 0.003111
 21.2289 0.003171
 21.3864 0.003238
 21.5507 0.003282
 21.7196 0.003336
 21.8932 0.003433
 22.0739 0.003437
 22.2605 0.003498
 22.4541 0.003515
 22.6551 0.003563
 22.8640 0.003617
 23.0849 0.003693
 23.3166 0.003886
 23.5584 0.003974
 23.8144 0.004076
 24.0848 0.004267
 24.3708 0.004387
 24.6804 0.004557
 25.0142 0.004654
 25.3734 0.004900
 25.7670 0.005104
 26.2016 0.005312
 26.6899 0.005610
 27.2440 0.005955
 27.8870 0.006467
 28.6666 0.007345
 29.6492 0.008368
 31.0045 0.009805
 31.3445 0.010267
 31.7345 0.011039
 32.1669 0.011541
 32.6597 0.012773
 33.2508 0.013758
 33.9577 0.014580
 34.8470 0.016924
 36.0777 0.019295
 38.1566 0.027294
 40.1740 0.038154
 42.7882 0.061432
 44.6804 0.084376
tr2s-01-5 2 1
  3.2188 0.011810
  3.5048 0.009450
  3.9485 0.007053
  4.3504 0.005600
  4.8149 0.004534
  5.1108 0.003935
  5.3383 0.003737
  5.5265 0.003540
  5.6885 0.003434
  5.8294 0.003199
  5.9577 0.003168
  6.0741 0.003054
  6.1811 0.003037
  6.6203 0.002806
  6.9661 0.002549
  7.2518 0.002451
  7.4990 0.002380
  7.7208 0.002286
  7.9223 0.002262
  8.1077 0.002202
  8.2801 0.002187
  8.4401 0.002167
  8.5924 0.002117
  8.7366 0.002109
  8.8759 0.002086
  9.0075 0.002070
  9.1346 0.002023
  9.2562 0.002064
  9.3746 0.002043
  9.4879 0.002082
  9.5987 0.002091
  9.7054 0.002098
  9.8111 0.002090
  9.9137 0.002094
 10.0142 0.002082
 10.1119 0.002070
 10.2076 0.002033
 10.3011 0.002005
 10.3933 0.001995
 10.4838 0.001981
 10.5721 0.001965
 10.6596 0.001959
 10.7461 0.001971
 10.8311 0.001971
 10.9145 0.001962
 10.9969 0.001931
 11.0779 0.001949
 11.1591 0.001979
 11.2391 0.001970
 11.3177 0.001964
 11.3957 0.001945
 11.4726 0.001921
 11.5486 0.001930
 11.6241 0.001928
 11.6991 0.001937
 11.7738 0.001925
 11.8475 0.001899
 11.9209 0.001934
 11.9936 0.001949
 12.0658 0.001945
 12.1375 0.001940
 12.2092 0.001932
 12.2806 0.001940
 12.3508 0.001956
 12.4207 0.001968
 12.4906 0.001968
 12.5603 0.001968
 12.6295 0.001989
 12.6978 0.001992
 12.7664 0.002002
 12.8347 0.002011
 12.9025 0.002029
 12.9699 0.002046
 13.0377 0.002038
 13.1044 0.002055
 13.1715 0.002047
 13.2382 0.002054
 13.3045 0.002049
 13.3704 0.002033
 13.4363 0.002023
 13.5024 0.002021
 13.5685 0.002016
 13.6343 0.002001
 13.7005 0.002016
 13.7665 0.001996
 13.8318 0.001986
 13.8971 0.001997
 13.9628 0.002003
 14.0284 0.002015
 14.0938 0.002037
 14.1596 0.002030
 14.2252 0.002021
 14.2905 0.002026
 14.3560 0.002023
 14.4222 0.002036
 14.4885 0.002068
 14.5544 0.002084
 14.6199 0.002097
 14.6862 0.002120
 14.7524 0.002127
 14.8186 0.002121
 14.8847 0.002141
 14.9513 0.002142
 15.0178 0.002148
 15.0844 0.002135
 15.1513 0.002149
 15.2186 0.002164
 15.2865 0.002155
 15.3538 0.002152
 15.4208 0.002175
 15.4888 0.002186
 15.5565 0.002180
 15.6247 0.002173
 15.6931 0.002174
 15.7617 0.002186
 15.8305 0.002197
 15.8998 0.002205
 15.9691 0.002212
 16.0380 0.002222
 16.1080 0.002230
 16.1782 0.002252
 16.2487 0.002243
 16.3194 0.002245
 16.3907 0.002245
 16.4618 0.002240
 16.5340 0.002244
 16.6064 0.002251
 16.6796 0.002247
 16.7525 0.002262
 16.8263 0.002250
 16.9006 0.002261
 16.9751 0.002254
 17.0501 0.002240
 17.1254 0.002232
 17.2015 0.002240
 17.2781 0.002242
 17.3546 0.002249
 17.4321 0.002272
 17.5109 0.002274
 17.5896 0.002275
 17.6696 0.002269
 17.7496 0.002266
 17.8305 0.002228
 17.9129 0.002202
 17.9952 0.002205
 18.0784 0.002231
 18.1623 0.002252
 18.2470 0.002254
 18.3326 0.002248
 18.4192 0.002231
 18.5069 0.002267
 18.5955 0.002304
 18.6850 0.002331
 18.7752 0.002356
 18.8663 0.002344
 18.9587 0.002369
 19.0520 0.002373
 19.1466 0.002398
 19.2429 0.002413
 19.3412 0.002432
 19.4398 0.002462
 19.5392 0.002482
 19.6401 0.002506
 19.7425 0.002555
 19.8470 0.002582
 19.9525 0.002598
 20.0610 0.002639
 20.1715 0.002682
 20.2833 0.002707
 20.3970 0.002761
 20.5134 0.002809
 20.6315 0.002840
 20.7515 0.002933
 20.8745 0.002929
 21.0006 0.002965
 21.1290 0.003001
 21.2608 0.003049
 21.3945 0.003053
 21.5328 0.003099
 21.6735 0.003154
 21.8181 0.003166
 21.9670 0.003245
 22.1192 0.003280
 22.2767 0.003316
 22.4389 0.003352
 22.6060 0.003382
 22.7794 0.003456
 22.9582 0.003506
 23.1436 0.003520
 23.3371 0.003609
 23.5359 0.003635
 23.7456 0.003647
 23.9639 0.003700
 24.1947 0.003844
 24.4351 0.003945
 24.6900 0.004076
 24.9599 0.004164
 25.2465 0.004299
 25.5531 0.004451
 25.8829 0.004673
 26.2382 0.004853
 26.6328 0.004997
 27.0632 0.005291
 27.5471 0.005548
 28.0995 0.005959
 28.7433 0.006450
 29.5155 0.007231
 30.4996 0.008230
 31.8487 0.009849
 32.1947 0.010108
 32.5759 0.010842
 33.0073 0.011800
 33.5022 0.012597
 34.0834 0.013643
 34.7789 0.014928
 35.6781 0.016645
 36.9210 0.019899
 38.9731 0.027315
 40.9629 0.038458
 43.5693 0.059546
 45.4714 0.082855
