Copyright (C) 1998 James G. MacKinnon, Alfred A. Haug, and Leo Michelis.
 lm0-04-2 2 1
  7.9714 0.016992
  8.3815 0.013718
  8.9631 0.009498
  9.4560 0.007322
 10.0025 0.005850
 10.3564 0.004952
 10.6201 0.004561
 10.8375 0.004228
 11.0172 0.003996
 11.1767 0.003809
 11.3214 0.003647
 11.4514 0.003421
 11.5709 0.003344
 12.0509 0.002978
 12.4218 0.002669
 12.7257 0.002695
 12.9866 0.002616
 13.2187 0.002456
 13.4289 0.002356
 13.6216 0.002343
 13.8000 0.002276
 13.9657 0.002300
 14.1207 0.002251
 14.2675 0.002249
 14.4080 0.002242
 14.5422 0.002233
 14.6703 0.002234
 14.7932 0.002210
 14.9122 0.002160
 15.0277 0.002116
 15.1385 0.002101
 15.2466 0.002118
 15.3513 0.002076
 15.4536 0.002098
 15.5530 0.001993
 15.6507 0.002027
 15.7461 0.002009
 15.8394 0.002001
 15.9312 0.001973
 16.0213 0.001937
 16.1087 0.001916
 16.1952 0.001931
 16.2800 0.001898
 16.3633 0.001894
 16.4464 0.001894
 16.5281 0.001875
 16.6087 0.001886
 16.6881 0.001861
 16.7664 0.001835
 16.8443 0.001823
 16.9211 0.001795
 16.9971 0.001796
 17.0722 0.001786
 17.1469 0.001777
 17.2210 0.001782
 17.2944 0.001759
 17.3667 0.001754
 17.4389 0.001739
 17.5100 0.001724
 17.5804 0.001717
 17.6501 0.001726
 17.7196 0.001730
 17.7889 0.001741
 17.8577 0.001733
 17.9261 0.001732
 17.9947 0.001730
 18.0626 0.001729
 18.1301 0.001709
 18.1966 0.001713
 18.2632 0.001735
 18.3295 0.001736
 18.3961 0.001741
 18.4614 0.001733
 18.5269 0.001746
 18.5924 0.001749
 18.6570 0.001758
 18.7216 0.001758
 18.7860 0.001754
 18.8510 0.001741
 18.9152 0.001748
 18.9793 0.001754
 19.0431 0.001768
 19.1072 0.001756
 19.1711 0.001783
 19.2350 0.001781
 19.2985 0.001782
 19.3625 0.001790
 19.4265 0.001803
 19.4895 0.001821
 19.5525 0.001813
 19.6154 0.001806
 19.6789 0.001811
 19.7421 0.001816
 19.8059 0.001845
 19.8693 0.001865
 19.9326 0.001880
 19.9957 0.001907
 20.0590 0.001937
 20.1225 0.001930
 20.1863 0.001934
 20.2494 0.001939
 20.3133 0.001937
 20.3769 0.001944
 20.4406 0.001935
 20.5044 0.001942
 20.5686 0.001965
 20.6330 0.001963
 20.6975 0.001974
 20.7625 0.001988
 20.8269 0.001984
 20.8918 0.001981
 20.9568 0.001989
 21.0219 0.001997
 21.0874 0.002028
 21.1529 0.002033
 21.2187 0.002066
 21.2852 0.002062
 21.3518 0.002069
 21.4181 0.002074
 21.4851 0.002087
 21.5519 0.002109
 21.6194 0.002111
 21.6873 0.002113
 21.7551 0.002114
 21.8235 0.002111
 21.8919 0.002109
 21.9611 0.002119
 22.0302 0.002126
 22.1004 0.002137
 22.1705 0.002125
 22.2415 0.002137
 22.3130 0.002163
 22.3846 0.002181
 22.4574 0.002182
 22.5305 0.002182
 22.6037 0.002164
 22.6777 0.002179
 22.7523 0.002194
 22.8268 0.002203
 22.9024 0.002218
 22.9783 0.002237
 23.0551 0.002224
 23.1330 0.002214
 23.2104 0.002226
 23.2893 0.002224
 23.3686 0.002238
 23.4485 0.002245
 23.5294 0.002253
 23.6122 0.002264
 23.6947 0.002300
 23.7782 0.002323
 23.8628 0.002358
 23.9479 0.002367
 24.0345 0.002311
 24.1218 0.002367
 24.2105 0.002371
 24.3008 0.002411
 24.3920 0.002442
 24.4840 0.002411
 24.5763 0.002394
 24.6708 0.002406
 24.7667 0.002458
 24.8644 0.002482
 24.9630 0.002512
 25.0631 0.002574
 25.1654 0.002592
 25.2681 0.002598
 25.3732 0.002626
 25.4807 0.002642
 25.5902 0.002680
 25.7010 0.002705
 25.8126 0.002719
 25.9286 0.002740
 26.0454 0.002803
 26.1658 0.002880
 26.2876 0.002896
 26.4125 0.002936
 26.5406 0.002925
 26.6724 0.002950
 26.8073 0.002959
 26.9460 0.003049
 27.0874 0.003074
 27.2333 0.003084
 27.3832 0.003132
 27.5374 0.003170
 27.6967 0.003204
 27.8617 0.003218
 28.0317 0.003320
 28.2078 0.003303
 28.3917 0.003332
 28.5842 0.003446
 28.7830 0.003581
 28.9903 0.003670
 29.2107 0.003728
 29.4420 0.003801
 29.6870 0.003770
 29.9457 0.003863
 30.2236 0.004040
 30.5198 0.004246
 30.8340 0.004473
 31.1797 0.004754
 31.5558 0.004984
 31.9698 0.005149
 32.4366 0.005378
 32.9653 0.005761
 33.5802 0.006320
 34.3243 0.006714
 35.2733 0.007702
 36.5722 0.009440
 36.9099 0.009912
 37.2792 0.010385
 37.6936 0.011225
 38.1801 0.012129
 38.7418 0.013625
 39.4315 0.015204
 40.3027 0.017086
 41.4860 0.021147
 43.5088 0.028994
 45.4557 0.040477
 47.9248 0.057598
 49.8198 0.077746
 lm1-04-2 2 1
  9.8922 0.018262
 10.3184 0.013783
 10.9767 0.009939
 11.5012 0.007948
 12.0962 0.006355
 12.4802 0.005616
 12.7684 0.005355
 13.0014 0.004882
 13.1998 0.004618
 13.3707 0.004390
 13.5234 0.004150
 13.6611 0.004046
 13.7898 0.004068
 14.3083 0.003509
 14.7070 0.003241
 15.0364 0.003035
 15.3180 0.002881
 15.5669 0.002830
 15.7917 0.002674
 15.9975 0.002677
 16.1880 0.002606
 16.3646 0.002540
 16.5322 0.002528
 16.6904 0.002456
 16.8405 0.002398
 16.9846 0.002317
 17.1219 0.002317
 17.2545 0.002304
 17.3800 0.002270
 17.5025 0.002211
 17.6213 0.002137
 17.7368 0.002158
 17.8490 0.002129
 17.9587 0.002149
 18.0661 0.002142
 18.1695 0.002131
 18.2710 0.002144
 18.3711 0.002106
 18.4692 0.002060
 18.5657 0.002069
 18.6603 0.002054
 18.7528 0.002026
 18.8441 0.002038
 18.9342 0.002036
 19.0220 0.002027
 19.1085 0.002018
 19.1942 0.001997
 19.2789 0.002008
 19.3624 0.001997
 19.4448 0.001958
 19.5261 0.001932
 19.6067 0.001910
 19.6865 0.001929
 19.7658 0.001945
 19.8445 0.001973
 19.9225 0.001984
 19.9996 0.002011
 20.0756 0.001978
 20.1510 0.001979
 20.2256 0.001981
 20.3000 0.001999
 20.3737 0.002008
 20.4472 0.001998
 20.5205 0.002015
 20.5938 0.002011
 20.6656 0.002013
 20.7364 0.002019
 20.8074 0.002023
 20.8787 0.002014
 20.9494 0.002010
 21.0193 0.001986
 21.0892 0.001991
 21.1592 0.001972
 21.2282 0.001944
 21.2969 0.001939
 21.3659 0.001947
 21.4343 0.001952
 21.5026 0.001935
 21.5709 0.001934
 21.6394 0.001958
 21.7075 0.001968
 21.7747 0.001974
 21.8424 0.001958
 21.9095 0.001944
 21.9771 0.001972
 22.0437 0.001970
 22.1106 0.001989
 22.1775 0.001985
 22.2446 0.001998
 22.3115 0.002010
 22.3784 0.002014
 22.4450 0.002036
 22.5118 0.002031
 22.5789 0.002023
 22.6460 0.002012
 22.7128 0.002034
 22.7801 0.002008
 22.8473 0.002000
 22.9143 0.002001
 22.9813 0.002015
 23.0482 0.002004
 23.1153 0.002004
 23.1827 0.001999
 23.2498 0.001991
 23.3172 0.002012
 23.3847 0.002001
 23.4524 0.002031
 23.5202 0.002060
 23.5888 0.002079
 23.6568 0.002090
 23.7258 0.002097
 23.7952 0.002108
 23.8638 0.002111
 23.9334 0.002118
 24.0023 0.002141
 24.0721 0.002135
 24.1421 0.002128
 24.2121 0.002148
 24.2825 0.002146
 24.3526 0.002137
 24.4232 0.002148
 24.4943 0.002184
 24.5661 0.002195
 24.6373 0.002196
 24.7098 0.002195
 24.7822 0.002235
 24.8555 0.002255
 24.9288 0.002278
 25.0027 0.002304
 25.0771 0.002345
 25.1516 0.002358
 25.2265 0.002352
 25.3015 0.002354
 25.3777 0.002338
 25.4534 0.002331
 25.5300 0.002333
 25.6073 0.002338
 25.6860 0.002352
 25.7644 0.002368
 25.8438 0.002383
 25.9239 0.002385
 26.0047 0.002372
 26.0859 0.002369
 26.1677 0.002366
 26.2499 0.002382
 26.3331 0.002374
 26.4169 0.002367
 26.5020 0.002402
 26.5884 0.002424
 26.6749 0.002479
 26.7627 0.002490
 26.8508 0.002502
 26.9405 0.002573
 27.0319 0.002585
 27.1238 0.002616
 27.2162 0.002621
 27.3105 0.002626
 27.4042 0.002630
 27.5003 0.002663
 27.5984 0.002670
 27.6970 0.002695
 27.7977 0.002748
 27.8987 0.002729
 28.0021 0.002768
 28.1077 0.002790
 28.2140 0.002774
 28.3221 0.002749
 28.4313 0.002741
 28.5425 0.002780
 28.6560 0.002819
 28.7723 0.002830
 28.8907 0.002855
 29.0111 0.002872
 29.1342 0.002919
 29.2589 0.002963
 29.3862 0.003017
 29.5169 0.003072
 29.6503 0.003057
 29.7874 0.003122
 29.9278 0.003175
 30.0722 0.003184
 30.2201 0.003250
 30.3729 0.003352
 30.5290 0.003457
 30.6916 0.003425
 30.8584 0.003501
 31.0309 0.003514
 31.2085 0.003598
 31.3943 0.003651
 31.5867 0.003741
 31.7870 0.003791
 31.9962 0.003862
 32.2138 0.003952
 32.4441 0.004083
 32.6859 0.004198
 32.9416 0.004296
 33.2086 0.004386
 33.4952 0.004463
 33.7993 0.004660
 34.1300 0.004882
 34.4879 0.005240
 34.8817 0.005426
 35.3130 0.005659
 35.7992 0.005977
 36.3490 0.006415
 36.9939 0.007039
 37.7672 0.007580
 38.7498 0.008499
 40.0964 0.009966
 40.4420 0.010259
 40.8283 0.010694
 41.2597 0.011149
 41.7648 0.012236
 42.3507 0.013003
 43.0467 0.014494
 43.9303 0.017624
 45.1561 0.019916
 47.2173 0.026567
 49.2183 0.039591
 51.9005 0.059013
 53.8325 0.081024
lm1s-04-2 2 1
 10.6043 0.017953
 11.0163 0.014549
 11.6655 0.010112
 12.2127 0.007832
 12.8258 0.006482
 13.2036 0.005516
 13.4944 0.004953
 13.7262 0.004754
 13.9256 0.004541
 14.1001 0.004351
 14.2549 0.004082
 14.3968 0.003931
 14.5260 0.003853
 15.0496 0.003335
 15.4511 0.003106
 15.7778 0.002940
 16.0625 0.002894
 16.3112 0.002809
 16.5373 0.002766
 16.7448 0.002616
 16.9373 0.002524
 17.1161 0.002444
 17.2838 0.002412
 17.4432 0.002411
 17.5934 0.002374
 17.7362 0.002330
 17.8740 0.002302
 18.0075 0.002282
 18.1349 0.002229
 18.2585 0.002200
 18.3777 0.002205
 18.4936 0.002165
 18.6072 0.002188
 18.7167 0.002176
 18.8239 0.002148
 18.9289 0.002130
 19.0315 0.002102
 19.1317 0.002057
 19.2299 0.002059
 19.3261 0.002062
 19.4200 0.002004
 19.5132 0.001992
 19.6043 0.001957
 19.6941 0.001972
 19.7828 0.001959
 19.8702 0.001971
 19.9563 0.001987
 20.0413 0.001981
 20.1250 0.001949
 20.2076 0.001953
 20.2896 0.001946
 20.3708 0.001953
 20.4517 0.001991
 20.5312 0.001978
 20.6104 0.001961
 20.6883 0.001965
 20.7651 0.001937
 20.8413 0.001957
 20.9172 0.001989
 20.9924 0.001970
 21.0665 0.001990
 21.1410 0.001993
 21.2144 0.001978
 21.2872 0.001960
 21.3595 0.001939
 21.4319 0.001953
 21.5039 0.001948
 21.5754 0.001920
 21.6465 0.001938
 21.7170 0.001933
 21.7871 0.001919
 21.8576 0.001923
 21.9277 0.001941
 21.9971 0.001930
 22.0659 0.001929
 22.1348 0.001954
 22.2035 0.001953
 22.2723 0.001972
 22.3402 0.001972
 22.4081 0.001964
 22.4764 0.001973
 22.5441 0.001969
 22.6118 0.001960
 22.6791 0.001950
 22.7465 0.001960
 22.8139 0.001957
 22.8816 0.001964
 22.9488 0.002006
 23.0159 0.001985
 23.0833 0.001996
 23.1509 0.002002
 23.2180 0.001982
 23.2848 0.001998
 23.3522 0.002008
 23.4191 0.002011
 23.4861 0.002015
 23.5530 0.002013
 23.6208 0.002024
 23.6874 0.002040
 23.7549 0.002042
 23.8228 0.002050
 23.8900 0.002049
 23.9576 0.002050
 24.0254 0.002062
 24.0931 0.002060
 24.1610 0.002068
 24.2289 0.002068
 24.2973 0.002070
 24.3657 0.002066
 24.4347 0.002044
 24.5026 0.002045
 24.5716 0.002076
 24.6405 0.002094
 24.7096 0.002111
 24.7791 0.002121
 24.8485 0.002133
 24.9183 0.002159
 24.9890 0.002134
 25.0595 0.002145
 25.1301 0.002153
 25.2011 0.002184
 25.2727 0.002214
 25.3443 0.002179
 25.4160 0.002187
 25.4876 0.002168
 25.5600 0.002194
 25.6330 0.002185
 25.7064 0.002174
 25.7801 0.002212
 25.8544 0.002222
 25.9290 0.002233
 26.0043 0.002247
 26.0795 0.002258
 26.1556 0.002262
 26.2322 0.002283
 26.3088 0.002261
 26.3865 0.002268
 26.4641 0.002287
 26.5431 0.002293
 26.6228 0.002306
 26.7027 0.002343
 26.7837 0.002363
 26.8650 0.002399
 26.9468 0.002440
 27.0298 0.002461
 27.1134 0.002496
 27.1983 0.002518
 27.2833 0.002530
 27.3688 0.002541
 27.4558 0.002568
 27.5438 0.002574
 27.6324 0.002583
 27.7218 0.002577
 27.8128 0.002612
 27.9050 0.002617
 27.9980 0.002617
 28.0918 0.002622
 28.1871 0.002583
 28.2834 0.002597
 28.3804 0.002636
 28.4795 0.002656
 28.5796 0.002680
 28.6815 0.002696
 28.7851 0.002689
 28.8895 0.002699
 28.9957 0.002698
 29.1038 0.002722
 29.2131 0.002806
 29.3252 0.002846
 29.4390 0.002872
 29.5546 0.002943
 29.6728 0.002909
 29.7934 0.002981
 29.9164 0.003023
 30.0415 0.003037
 30.1700 0.003057
 30.3022 0.003099
 30.4367 0.003156
 30.5739 0.003201
 30.7137 0.003210
 30.8573 0.003316
 31.0051 0.003293
 31.1580 0.003375
 31.3155 0.003437
 31.4772 0.003514
 31.6442 0.003541
 31.8172 0.003528
 31.9958 0.003615
 32.1810 0.003641
 32.3728 0.003784
 32.5737 0.003923
 32.7812 0.003943
 33.0008 0.004015
 33.2282 0.004040
 33.4688 0.004088
 33.7234 0.004240
 33.9940 0.004309
 34.2805 0.004503
 34.5866 0.004646
 34.9189 0.004739
 35.2776 0.004874
 35.6672 0.005108
 36.0999 0.005650
 36.5813 0.005856
 37.1358 0.006248
 37.7799 0.006785
 38.5528 0.007362
 39.5296 0.008245
 40.8866 0.009782
 41.2308 0.010144
 41.6163 0.010805
 42.0554 0.011136
 42.5479 0.011909
 43.1366 0.012946
 43.8336 0.014947
 44.7116 0.016861
 45.9621 0.019093
 48.0151 0.028109
 49.9960 0.038506
 52.6484 0.061130
 54.6262 0.082632
 lm2-04-2 2 1
 11.8198 0.019981
 12.2922 0.014798
 13.0000 0.010919
 13.5824 0.008194
 14.2242 0.006369
 14.6324 0.005598
 14.9422 0.005085
 15.1942 0.004778
 15.4074 0.004500
 15.5906 0.004287
 15.7536 0.004164
 15.9028 0.004158
 16.0402 0.004025
 16.5915 0.003679
 17.0184 0.003284
 17.3710 0.003061
 17.6720 0.002982
 17.9390 0.002914
 18.1812 0.002776
 18.4007 0.002685
 18.6047 0.002620
 18.7947 0.002504
 18.9722 0.002504
 19.1401 0.002457
 19.3005 0.002412
 19.4525 0.002336
 19.5983 0.002307
 19.7382 0.002268
 19.8735 0.002220
 20.0051 0.002236
 20.1316 0.002201
 20.2550 0.002150
 20.3736 0.002168
 20.4898 0.002170
 20.6027 0.002162
 20.7128 0.002183
 20.8205 0.002172
 20.9261 0.002173
 21.0299 0.002125
 21.1312 0.002122
 21.2305 0.002125
 21.3282 0.002095
 21.4247 0.002103
 21.5194 0.002118
 21.6130 0.002124
 21.7044 0.002102
 21.7953 0.002108
 21.8846 0.002118
 21.9730 0.002122
 22.0597 0.002135
 22.1459 0.002126
 22.2311 0.002111
 22.3153 0.002078
 22.3989 0.002079
 22.4810 0.002073
 22.5625 0.002065
 22.6437 0.002020
 22.7244 0.002021
 22.8033 0.002026
 22.8821 0.002030
 22.9603 0.002026
 23.0383 0.002011
 23.1157 0.002020
 23.1924 0.002003
 23.2681 0.001982
 23.3439 0.001969
 23.4188 0.002001
 23.4935 0.001975
 23.5678 0.001983
 23.6428 0.001982
 23.7170 0.001997
 23.7908 0.001980
 23.8646 0.001981
 23.9378 0.001984
 24.0110 0.001963
 24.0837 0.001978
 24.1556 0.001975
 24.2272 0.001990
 24.2987 0.001973
 24.3699 0.001980
 24.4411 0.001996
 24.5127 0.002031
 24.5832 0.002036
 24.6542 0.002051
 24.7250 0.002062
 24.7957 0.002064
 24.8666 0.002071
 24.9368 0.002080
 25.0071 0.002094
 25.0774 0.002085
 25.1475 0.002093
 25.2177 0.002100
 25.2879 0.002123
 25.3584 0.002102
 25.4284 0.002105
 25.4986 0.002107
 25.5686 0.002113
 25.6385 0.002133
 25.7084 0.002120
 25.7787 0.002126
 25.8488 0.002133
 25.9194 0.002123
 25.9903 0.002130
 26.0611 0.002118
 26.1320 0.002103
 26.2028 0.002117
 26.2738 0.002141
 26.3450 0.002130
 26.4164 0.002157
 26.4870 0.002158
 26.5589 0.002162
 26.6311 0.002161
 26.7035 0.002188
 26.7756 0.002187
 26.8482 0.002208
 26.9211 0.002228
 26.9939 0.002232
 27.0680 0.002227
 27.1415 0.002228
 27.2153 0.002235
 27.2893 0.002219
 27.3640 0.002233
 27.4392 0.002242
 27.5148 0.002232
 27.5901 0.002204
 27.6664 0.002188
 27.7421 0.002186
 27.8184 0.002167
 27.8961 0.002180
 27.9735 0.002170
 28.0514 0.002195
 28.1295 0.002224
 28.2090 0.002238
 28.2880 0.002223
 28.3684 0.002252
 28.4487 0.002268
 28.5298 0.002269
 28.6115 0.002273
 28.6937 0.002301
 28.7765 0.002327
 28.8601 0.002352
 28.9445 0.002374
 29.0293 0.002398
 29.1153 0.002428
 29.2016 0.002459
 29.2892 0.002463
 29.3773 0.002463
 29.4666 0.002485
 29.5568 0.002483
 29.6475 0.002475
 29.7386 0.002475
 29.8314 0.002495
 29.9250 0.002528
 30.0195 0.002548
 30.1149 0.002557
 30.2112 0.002542
 30.3093 0.002579
 30.4087 0.002635
 30.5097 0.002650
 30.6114 0.002683
 30.7147 0.002704
 30.8185 0.002750
 30.9236 0.002759
 31.0317 0.002820
 31.1408 0.002849
 31.2519 0.002858
 31.3649 0.002839
 31.4790 0.002824
 31.5955 0.002850
 31.7140 0.002838
 31.8350 0.002833
 31.9580 0.002885
 32.0827 0.002898
 32.2111 0.002941
 32.3421 0.002985
 32.4753 0.003066
 32.6117 0.003096
 32.7521 0.003150
 32.8950 0.003213
 33.0396 0.003243
 33.1908 0.003291
 33.3454 0.003350
 33.5035 0.003279
 33.6676 0.003373
 33.8368 0.003498
 34.0101 0.003593
 34.1889 0.003629
 34.3738 0.003689
 34.5656 0.003698
 34.7663 0.003692
 34.9737 0.003824
 35.1899 0.003849
 35.4157 0.003997
 35.6543 0.004092
 35.9033 0.004112
 36.1672 0.004217
 36.4478 0.004407
 36.7447 0.004407
 37.0632 0.004587
 37.4038 0.004908
 37.7759 0.005057
 38.1813 0.005316
 38.6274 0.005694
 39.1287 0.006167
 39.6974 0.006770
 40.3640 0.007170
 41.1660 0.007801
 42.1789 0.008550
 43.5855 0.010153
 43.9473 0.010764
 44.3358 0.011359
 44.7817 0.012048
 45.2921 0.012768
 45.8735 0.014547
 46.5928 0.016166
 47.5204 0.018527
 48.7922 0.021980
 50.9240 0.028642
 53.0302 0.038067
 55.7027 0.061640
 57.7379 0.087017
lm2s-04-2 2 1
 12.5888 0.019524
 13.0494 0.015182
 13.7656 0.010855
 14.3482 0.008221
 14.9894 0.006926
 15.4010 0.005793
 15.7101 0.005084
 15.9597 0.004846
 16.1699 0.004707
 16.3580 0.004589
 16.5205 0.004411
 16.6706 0.004213
 16.8066 0.004093
 17.3664 0.003654
 17.7930 0.003396
 18.1466 0.003244
 18.4491 0.003036
 18.7164 0.002908
 18.9574 0.002898
 19.1782 0.002769
 19.3802 0.002685
 19.5707 0.002580
 19.7495 0.002606
 19.9179 0.002556
 20.0783 0.002530
 20.2309 0.002503
 20.3764 0.002422
 20.5180 0.002365
 20.6533 0.002358
 20.7848 0.002293
 20.9112 0.002277
 21.0348 0.002279
 21.1545 0.002230
 21.2696 0.002253
 21.3828 0.002220
 21.4934 0.002219
 21.6025 0.002219
 21.7081 0.002238
 21.8124 0.002229
 21.9135 0.002223
 22.0129 0.002187
 22.1108 0.002162
 22.2066 0.002158
 22.3014 0.002121
 22.3947 0.002134
 22.4867 0.002129
 22.5768 0.002109
 22.6657 0.002091
 22.7537 0.002085
 22.8405 0.002119
 22.9273 0.002118
 23.0122 0.002125
 23.0963 0.002124
 23.1799 0.002123
 23.2629 0.002091
 23.3443 0.002083
 23.4258 0.002090
 23.5060 0.002096
 23.5857 0.002110
 23.6644 0.002094
 23.7431 0.002078
 23.8211 0.002084
 23.8983 0.002087
 23.9756 0.002055
 24.0529 0.002056
 24.1290 0.002042
 24.2047 0.002041
 24.2795 0.002065
 24.3538 0.002070
 24.4283 0.002072
 24.5019 0.002062
 24.5754 0.002045
 24.6489 0.002064
 24.7221 0.002067
 24.7948 0.002054
 24.8674 0.002040
 24.9392 0.002027
 25.0107 0.002030
 25.0828 0.002039
 25.1547 0.002033
 25.2259 0.002026
 25.2968 0.002036
 25.3679 0.002059
 25.4385 0.002056
 25.5099 0.002058
 25.5805 0.002076
 25.6508 0.002099
 25.7210 0.002084
 25.7913 0.002101
 25.8620 0.002103
 25.9321 0.002111
 26.0020 0.002107
 26.0724 0.002108
 26.1427 0.002117
 26.2129 0.002115
 26.2833 0.002115
 26.3532 0.002098
 26.4234 0.002108
 26.4940 0.002109
 26.5646 0.002127
 26.6346 0.002148
 26.7052 0.002160
 26.7761 0.002178
 26.8473 0.002163
 26.9181 0.002148
 26.9888 0.002178
 27.0596 0.002177
 27.1306 0.002182
 27.2022 0.002208
 27.2739 0.002209
 27.3465 0.002221
 27.4186 0.002224
 27.4906 0.002245
 27.5625 0.002253
 27.6351 0.002262
 27.7074 0.002258
 27.7801 0.002249
 27.8536 0.002238
 27.9268 0.002230
 28.0006 0.002228
 28.0745 0.002232
 28.1490 0.002232
 28.2243 0.002236
 28.2999 0.002255
 28.3759 0.002244
 28.4517 0.002246
 28.5279 0.002251
 28.6045 0.002267
 28.6814 0.002252
 28.7589 0.002262
 28.8364 0.002275
 28.9154 0.002322
 28.9939 0.002356
 29.0733 0.002374
 29.1533 0.002362
 29.2337 0.002338
 29.3152 0.002326
 29.3965 0.002358
 29.4792 0.002335
 29.5620 0.002338
 29.6454 0.002349
 29.7294 0.002352
 29.8147 0.002369
 29.9005 0.002385
 29.9869 0.002414
 30.0742 0.002408
 30.1619 0.002433
 30.2507 0.002421
 30.3402 0.002439
 30.4304 0.002427
 30.5220 0.002466
 30.6147 0.002511
 30.7084 0.002507
 30.8027 0.002546
 30.8985 0.002544
 30.9949 0.002555
 31.0933 0.002607
 31.1924 0.002633
 31.2933 0.002690
 31.3947 0.002726
 31.4971 0.002707
 31.6020 0.002705
 31.7079 0.002731
 31.8161 0.002767
 31.9254 0.002811
 32.0363 0.002830
 32.1492 0.002808
 32.2646 0.002820
 32.3799 0.002829
 32.4985 0.002863
 32.6213 0.002885
 32.7447 0.002911
 32.8704 0.002914
 32.9987 0.002942
 33.1289 0.002991
 33.2627 0.003075
 33.3985 0.003100
 33.5383 0.003126
 33.6817 0.003130
 33.8283 0.003222
 33.9778 0.003260
 34.1317 0.003329
 34.2905 0.003351
 34.4545 0.003444
 34.6228 0.003470
 34.7960 0.003501
 34.9762 0.003542
 35.1609 0.003564
 35.3527 0.003648
 35.5521 0.003770
 35.7608 0.003787
 35.9772 0.003827
 36.2028 0.003862
 36.4391 0.003922
 36.6882 0.003980
 36.9528 0.004050
 37.2297 0.004297
 37.5274 0.004437
 37.8439 0.004621
 38.1840 0.004818
 38.5544 0.005168
 38.9602 0.005336
 39.4082 0.005719
 39.9099 0.006190
 40.4811 0.006436
 41.1494 0.007257
 41.9486 0.007774
 42.9614 0.008900
 44.3612 0.010556
 44.7198 0.010809
 45.1139 0.011595
 45.5528 0.012019
 46.0483 0.013265
 46.6416 0.014331
 47.3743 0.016230
 48.2860 0.018321
 49.5594 0.021578
 51.7068 0.029589
 53.7955 0.038081
 56.4614 0.061430
 58.5382 0.084939
 tr0-04-2 2 1
 18.6430 0.036868
 19.4922 0.029602
 20.7267 0.020601
 21.7574 0.014816
 22.8811 0.011847
 23.6002 0.010192
 24.1516 0.009210
 24.5888 0.008691
 24.9620 0.008376
 25.2883 0.007864
 25.5808 0.007320
 25.8418 0.007175
 26.0786 0.006999
 27.0479 0.006279
 27.7842 0.005877
 28.3875 0.005278
 28.9049 0.004944
 29.3612 0.004781
 29.7708 0.004626
 30.1447 0.004455
 30.4870 0.004472
 30.8071 0.004265
 31.1085 0.004227
 31.3927 0.004125
 31.6610 0.004122
 31.9174 0.004045
 32.1618 0.004040
 32.3967 0.003941
 32.6217 0.003874
 32.8381 0.003890
 33.0499 0.003873
 33.2545 0.003866
 33.4524 0.003832
 33.6444 0.003852
 33.8315 0.003880
 34.0134 0.003828
 34.1932 0.003761
 34.3678 0.003726
 34.5378 0.003733
 34.7033 0.003681
 34.8674 0.003709
 35.0277 0.003655
 35.1865 0.003623
 35.3419 0.003627
 35.4947 0.003618
 35.6450 0.003625
 35.7932 0.003584
 35.9401 0.003521
 36.0835 0.003538
 36.2252 0.003508
 36.3655 0.003536
 36.5038 0.003477
 36.6410 0.003500
 36.7758 0.003454
 36.9094 0.003464
 37.0420 0.003470
 37.1737 0.003430
 37.3044 0.003445
 37.4335 0.003394
 37.5606 0.003326
 37.6871 0.003273
 37.8135 0.003232
 37.9368 0.003213
 38.0610 0.003193
 38.1840 0.003229
 38.3057 0.003206
 38.4272 0.003194
 38.5469 0.003236
 38.6662 0.003227
 38.7858 0.003206
 38.9036 0.003219
 39.0217 0.003210
 39.1393 0.003237
 39.2553 0.003216
 39.3722 0.003175
 39.4869 0.003175
 39.6022 0.003176
 39.7165 0.003191
 39.8309 0.003204
 39.9437 0.003254
 40.0571 0.003239
 40.1697 0.003232
 40.2825 0.003288
 40.3951 0.003337
 40.5078 0.003298
 40.6197 0.003313
 40.7312 0.003290
 40.8427 0.003294
 40.9531 0.003284
 41.0634 0.003309
 41.1736 0.003354
 41.2836 0.003353
 41.3935 0.003354
 41.5030 0.003352
 41.6128 0.003346
 41.7228 0.003353
 41.8328 0.003366
 41.9429 0.003384
 42.0533 0.003385
 42.1639 0.003384
 42.2735 0.003356
 42.3835 0.003359
 42.4931 0.003338
 42.6024 0.003390
 42.7128 0.003387
 42.8225 0.003380
 42.9326 0.003413
 43.0434 0.003386
 43.1539 0.003374
 43.2640 0.003395
 43.3756 0.003408
 43.4878 0.003441
 43.5999 0.003453
 43.7113 0.003506
 43.8238 0.003511
 43.9363 0.003505
 44.0483 0.003496
 44.1613 0.003496
 44.2750 0.003489
 44.3884 0.003501
 44.5021 0.003521
 44.6173 0.003553
 44.7322 0.003551
 44.8476 0.003552
 44.9632 0.003524
 45.0789 0.003544
 45.1958 0.003572
 45.3132 0.003604
 45.4315 0.003572
 45.5492 0.003558
 45.6684 0.003565
 45.7872 0.003588
 45.9080 0.003632
 46.0291 0.003623
 46.1502 0.003617
 46.2719 0.003616
 46.3936 0.003650
 46.5163 0.003649
 46.6393 0.003661
 46.7650 0.003644
 46.8915 0.003646
 47.0188 0.003673
 47.1457 0.003658
 47.2746 0.003678
 47.4048 0.003744
 47.5354 0.003781
 47.6674 0.003769
 47.8001 0.003817
 47.9351 0.003783
 48.0701 0.003796
 48.2061 0.003760
 48.3444 0.003800
 48.4843 0.003814
 48.6254 0.003817
 48.7686 0.003811
 48.9128 0.003867
 49.0584 0.003829
 49.2051 0.003909
 49.3543 0.003922
 49.5051 0.003962
 49.6583 0.003970
 49.8122 0.003966
 49.9696 0.004007
 50.1276 0.004045
 50.2878 0.004096
 50.4511 0.004072
 50.6171 0.004104
 50.7858 0.004220
 50.9565 0.004274
 51.1307 0.004344
 51.3091 0.004396
 51.4882 0.004411
 51.6714 0.004410
 51.8577 0.004440
 52.0485 0.004443
 52.2446 0.004508
 52.4425 0.004551
 52.6438 0.004622
 52.8497 0.004646
 53.0626 0.004690
 53.2806 0.004733
 53.5044 0.004896
 53.7342 0.005074
 53.9700 0.005111
 54.2127 0.005114
 54.4595 0.005237
 54.7160 0.005343
 54.9811 0.005403
 55.2565 0.005529
 55.5408 0.005612
 55.8360 0.005728
 56.1424 0.005866
 56.4624 0.005913
 56.7990 0.006100
 57.1529 0.006307
 57.5214 0.006426
 57.9122 0.006625
 58.3317 0.006591
 58.7769 0.006850
 59.2525 0.007047
 59.7685 0.007225
 60.3317 0.007367
 60.9467 0.007825
 61.6395 0.008199
 62.4190 0.008651
 63.3242 0.009450
 64.4082 0.010590
 65.7791 0.012061
 67.6363 0.014103
 68.1025 0.015131
 68.6317 0.015941
 69.2330 0.016784
 69.9094 0.017652
 70.6888 0.018445
 71.6429 0.020170
 72.8325 0.023368
 74.4889 0.028130
 77.2310 0.039254
 79.8550 0.052012
 83.2882 0.075704
 85.7608 0.108329
 tr1-04-2 2 1
 24.0025 0.038639
 24.9543 0.031209
 26.3542 0.021343
 27.5313 0.016722
 28.8016 0.013046
 29.6113 0.011481
 30.2327 0.010712
 30.7264 0.009905
 31.1366 0.009720
 31.4938 0.009141
 31.8168 0.008790
 32.1059 0.008221
 32.3735 0.007976
 33.4500 0.006971
 34.2674 0.006380
 34.9347 0.005959
 35.5109 0.005615
 36.0201 0.005391
 36.4745 0.005134
 36.8881 0.004963
 37.2701 0.004907
 37.6243 0.004748
 37.9563 0.004644
 38.2684 0.004586
 38.5672 0.004532
 38.8521 0.004444
 39.1216 0.004362
 39.3797 0.004342
 39.6280 0.004375
 39.8672 0.004263
 40.0974 0.004188
 40.3212 0.004157
 40.5409 0.004142
 40.7521 0.004100
 40.9587 0.004110
 41.1594 0.004075
 41.3547 0.004127
 41.5465 0.004172
 41.7342 0.004099
 41.9173 0.004079
 42.0966 0.004017
 42.2739 0.004027
 42.4484 0.004005
 42.6180 0.003961
 42.7856 0.003928
 42.9509 0.003929
 43.1129 0.003884
 43.2731 0.003950
 43.4310 0.003956
 43.5864 0.003955
 43.7403 0.003928
 43.8916 0.003932
 44.0424 0.003902
 44.1912 0.003894
 44.3377 0.003897
 44.4825 0.003836
 44.6252 0.003794
 44.7674 0.003783
 44.9081 0.003762
 45.0469 0.003733
 45.1855 0.003749
 45.3226 0.003741
 45.4589 0.003711
 45.5944 0.003674
 45.7266 0.003663
 45.8598 0.003659
 45.9921 0.003617
 46.1234 0.003567
 46.2542 0.003581
 46.3842 0.003598
 46.5136 0.003619
 46.6411 0.003645
 46.7683 0.003657
 46.8946 0.003658
 47.0207 0.003655
 47.1471 0.003631
 47.2733 0.003617
 47.3986 0.003618
 47.5221 0.003618
 47.6461 0.003659
 47.7679 0.003675
 47.8917 0.003652
 48.0136 0.003671
 48.1352 0.003673
 48.2571 0.003661
 48.3783 0.003662
 48.4997 0.003634
 48.6211 0.003627
 48.7414 0.003660
 48.8620 0.003659
 48.9817 0.003641
 49.1020 0.003658
 49.2218 0.003683
 49.3420 0.003698
 49.4620 0.003735
 49.5817 0.003725
 49.7005 0.003752
 49.8200 0.003781
 49.9396 0.003803
 50.0592 0.003775
 50.1792 0.003730
 50.2984 0.003734
 50.4176 0.003700
 50.5376 0.003743
 50.6574 0.003757
 50.7779 0.003727
 50.8975 0.003747
 51.0179 0.003759
 51.1384 0.003755
 51.2588 0.003771
 51.3796 0.003784
 51.4996 0.003814
 51.6208 0.003829
 51.7413 0.003781
 51.8628 0.003767
 51.9837 0.003756
 52.1050 0.003798
 52.2268 0.003799
 52.3496 0.003788
 52.4717 0.003793
 52.5940 0.003808
 52.7172 0.003839
 52.8420 0.003852
 52.9659 0.003845
 53.0902 0.003846
 53.2151 0.003860
 53.3405 0.003908
 53.4674 0.003864
 53.5944 0.003867
 53.7228 0.003881
 53.8511 0.003816
 53.9796 0.003859
 54.1094 0.003863
 54.2403 0.003884
 54.3718 0.003890
 54.5046 0.003889
 54.6384 0.003965
 54.7722 0.004022
 54.9071 0.004026
 55.0425 0.004047
 55.1781 0.004036
 55.3148 0.004054
 55.4530 0.004089
 55.5918 0.004039
 55.7325 0.004086
 55.8731 0.004118
 56.0142 0.004127
 56.1574 0.004179
 56.3012 0.004187
 56.4473 0.004193
 56.5957 0.004240
 56.7447 0.004254
 56.8956 0.004314
 57.0472 0.004325
 57.2004 0.004312
 57.3558 0.004294
 57.5119 0.004267
 57.6701 0.004298
 57.8306 0.004290
 57.9938 0.004352
 58.1579 0.004420
 58.3237 0.004478
 58.4925 0.004455
 58.6636 0.004510
 58.8375 0.004507
 59.0123 0.004528
 59.1898 0.004572
 59.3685 0.004566
 59.5507 0.004602
 59.7365 0.004618
 59.9263 0.004717
 60.1197 0.004715
 60.3167 0.004702
 60.5170 0.004768
 60.7224 0.004905
 60.9301 0.004959
 61.1434 0.004968
 61.3615 0.005003
 61.5848 0.005038
 61.8134 0.005098
 62.0455 0.005190
 62.2837 0.005347
 62.5293 0.005417
 62.7805 0.005515
 63.0384 0.005563
 63.3034 0.005538
 63.5776 0.005595
 63.8623 0.005644
 64.1532 0.005731
 64.4540 0.005846
 64.7691 0.005992
 65.0966 0.006079
 65.4397 0.006216
 65.8001 0.006354
 66.1792 0.006547
 66.5753 0.006857
 66.9932 0.006976
 67.4379 0.007157
 67.9107 0.007429
 68.4188 0.007810
 68.9664 0.007988
 69.5657 0.008269
 70.2293 0.008357
 70.9663 0.008892
 71.8050 0.009101
 72.7644 0.009628
 73.9135 0.010735
 75.3582 0.011878
 77.3264 0.013739
 77.8224 0.014247
 78.3928 0.014924
 79.0162 0.015216
 79.7256 0.016187
 80.5557 0.018527
 81.5600 0.020280
 82.8380 0.023448
 84.6283 0.027242
 87.5242 0.038606
 90.2317 0.054332
 93.7696 0.079821
 96.3829 0.109316
tr1s-04-2 2 1
 27.5531 0.041152
 28.5056 0.031383
 29.9552 0.022617
 31.1531 0.017678
 32.4938 0.013968
 33.3270 0.011397
 33.9500 0.010695
 34.4598 0.009894
 34.8827 0.009050
 35.2508 0.008675
 35.5809 0.008625
 35.8726 0.008301
 36.1457 0.008094
 37.2429 0.007135
 38.0772 0.006358
 38.7607 0.006015
 39.3446 0.005552
 39.8570 0.005160
 40.3192 0.004861
 40.7394 0.004718
 41.1270 0.004821
 41.4872 0.004656
 41.8240 0.004533
 42.1416 0.004471
 42.4419 0.004422
 42.7272 0.004326
 42.9995 0.004278
 43.2643 0.004103
 43.5171 0.004088
 43.7603 0.004166
 43.9947 0.004151
 44.2218 0.004126
 44.4424 0.004096
 44.6572 0.004037
 44.8658 0.004104
 45.0690 0.004073
 45.2669 0.004109
 45.4615 0.004081
 45.6507 0.003998
 45.8366 0.003937
 46.0175 0.003985
 46.1958 0.004033
 46.3712 0.004062
 46.5429 0.004051
 46.7123 0.004003
 46.8805 0.004014
 47.0438 0.003994
 47.2061 0.003984
 47.3664 0.003964
 47.5228 0.003963
 47.6776 0.003934
 47.8310 0.003954
 47.9836 0.003974
 48.1335 0.003974
 48.2808 0.003923
 48.4275 0.003850
 48.5719 0.003812
 48.7144 0.003761
 48.8563 0.003752
 48.9956 0.003718
 49.1352 0.003697
 49.2744 0.003720
 49.4121 0.003731
 49.5475 0.003746
 49.6830 0.003716
 49.8168 0.003748
 49.9508 0.003695
 50.0837 0.003708
 50.2156 0.003740
 50.3467 0.003744
 50.4776 0.003726
 50.6067 0.003764
 50.7357 0.003746
 50.8635 0.003766
 50.9910 0.003796
 51.1180 0.003786
 51.2441 0.003749
 51.3696 0.003751
 51.4944 0.003758
 51.6188 0.003727
 51.7437 0.003725
 51.8671 0.003716
 51.9906 0.003753
 52.1137 0.003743
 52.2370 0.003725
 52.3599 0.003740
 52.4819 0.003754
 52.6043 0.003727
 52.7261 0.003808
 52.8470 0.003819
 52.9680 0.003797
 53.0891 0.003796
 53.2108 0.003766
 53.3311 0.003790
 53.4520 0.003800
 53.5724 0.003822
 53.6922 0.003838
 53.8129 0.003855
 53.9327 0.003878
 54.0527 0.003907
 54.1735 0.003905
 54.2928 0.003913
 54.4126 0.003917
 54.5328 0.003870
 54.6535 0.003878
 54.7742 0.003853
 54.8944 0.003826
 55.0149 0.003797
 55.1366 0.003788
 55.2587 0.003809
 55.3799 0.003800
 55.5009 0.003816
 55.6224 0.003810
 55.7443 0.003820
 55.8669 0.003832
 55.9899 0.003827
 56.1122 0.003829
 56.2358 0.003808
 56.3599 0.003812
 56.4845 0.003829
 56.6086 0.003842
 56.7341 0.003882
 56.8589 0.003879
 56.9842 0.003863
 57.1106 0.003857
 57.2369 0.003892
 57.3635 0.003911
 57.4906 0.003886
 57.6191 0.003886
 57.7485 0.003939
 57.8787 0.003953
 58.0094 0.003956
 58.1394 0.003996
 58.2710 0.004006
 58.4030 0.004062
 58.5348 0.004038
 58.6684 0.004059
 58.8038 0.004027
 58.9389 0.004041
 59.0752 0.004104
 59.2117 0.004153
 59.3501 0.004142
 59.4888 0.004107
 59.6297 0.004109
 59.7710 0.004132
 59.9119 0.004211
 60.0547 0.004241
 60.1999 0.004275
 60.3461 0.004293
 60.4931 0.004346
 60.6413 0.004381
 60.7916 0.004380
 60.9441 0.004381
 61.0963 0.004426
 61.2515 0.004388
 61.4069 0.004418
 61.5635 0.004443
 61.7213 0.004410
 61.8821 0.004458
 62.0451 0.004453
 62.2108 0.004501
 62.3773 0.004507
 62.5476 0.004580
 62.7197 0.004595
 62.8929 0.004584
 63.0699 0.004546
 63.2506 0.004572
 63.4319 0.004584
 63.6155 0.004559
 63.8038 0.004569
 63.9954 0.004557
 64.1874 0.004513
 64.3856 0.004548
 64.5864 0.004630
 64.7917 0.004667
 65.0006 0.004712
 65.2138 0.004816
 65.4317 0.004879
 65.6541 0.004893
 65.8828 0.004977
 66.1168 0.005060
 66.3554 0.005157
 66.6001 0.005222
 66.8543 0.005355
 67.1146 0.005359
 67.3832 0.005477
 67.6593 0.005448
 67.9458 0.005525
 68.2385 0.005615
 68.5425 0.005750
 68.8610 0.005762
 69.1921 0.006079
 69.5403 0.006207
 69.9037 0.006395
 70.2812 0.006607
 70.6795 0.006728
 71.1001 0.006909
 71.5454 0.007052
 72.0180 0.007250
 72.5284 0.007542
 73.0832 0.007738
 73.6863 0.007808
 74.3475 0.008051
 75.0801 0.008489
 75.9144 0.009058
 76.8888 0.009700
 78.0444 0.010252
 79.4969 0.012274
 81.4765 0.014613
 81.9894 0.015029
 82.5420 0.016089
 83.1717 0.016715
 83.8822 0.017453
 84.7272 0.018626
 85.7187 0.020675
 87.0202 0.024255
 88.7742 0.028732
 91.7208 0.040559
 94.5009 0.053313
 98.0221 0.078217
100.6100 0.111941
 tr2-04-2 2 1
 29.8451 0.046743
 30.9316 0.035600
 32.5278 0.023892
 33.8393 0.019199
 35.2803 0.014976
 36.1820 0.012466
 36.8602 0.011332
 37.4063 0.010749
 37.8690 0.010102
 38.2706 0.009971
 38.6306 0.009723
 38.9493 0.009191
 39.2394 0.008874
 40.4286 0.007551
 41.3314 0.006957
 42.0731 0.006388
 42.7022 0.006077
 43.2594 0.005888
 43.7585 0.005859
 44.2136 0.005727
 44.6310 0.005554
 45.0177 0.005369
 45.3795 0.005168
 45.7251 0.005126
 46.0500 0.005072
 46.3577 0.004979
 46.6528 0.004831
 46.9372 0.004800
 47.2090 0.004712
 47.4703 0.004706
 47.7242 0.004708
 47.9686 0.004608
 48.2068 0.004553
 48.4366 0.004471
 48.6604 0.004473
 48.8780 0.004504
 49.0912 0.004454
 49.2975 0.004400
 49.5032 0.004353
 49.7029 0.004265
 49.8981 0.004330
 50.0898 0.004274
 50.2783 0.004147
 50.4634 0.004098
 50.6449 0.004133
 50.8244 0.004066
 51.0001 0.004013
 51.1745 0.003975
 51.3459 0.004010
 51.5163 0.003996
 51.6831 0.003966
 51.8465 0.003953
 52.0100 0.003899
 52.1701 0.003891
 52.3291 0.003906
 52.4880 0.003930
 52.6424 0.003945
 52.7950 0.003971
 52.9479 0.003983
 53.0982 0.003966
 53.2473 0.003926
 53.3968 0.003957
 53.5442 0.003950
 53.6892 0.003927
 53.8340 0.003876
 53.9780 0.003866
 54.1211 0.003851
 54.2629 0.003866
 54.4042 0.003861
 54.5453 0.003817
 54.6855 0.003819
 54.8247 0.003851
 54.9627 0.003891
 55.1000 0.003869
 55.2358 0.003870
 55.3709 0.003845
 55.5065 0.003866
 55.6410 0.003886
 55.7753 0.003886
 55.9088 0.003913
 56.0426 0.003912
 56.1756 0.003922
 56.3072 0.003900
 56.4382 0.003888
 56.5685 0.003880
 56.6987 0.003881
 56.8291 0.003915
 56.9594 0.003898
 57.0891 0.003911
 57.2180 0.003877
 57.3476 0.003874
 57.4776 0.003907
 57.6070 0.003910
 57.7372 0.003930
 57.8661 0.003901
 57.9942 0.003871
 58.1223 0.003833
 58.2504 0.003797
 58.3780 0.003775
 58.5053 0.003791
 58.6335 0.003791
 58.7626 0.003826
 58.8913 0.003785
 59.0206 0.003859
 59.1485 0.003866
 59.2762 0.003899
 59.4044 0.003938
 59.5337 0.003948
 59.6627 0.003940
 59.7915 0.003947
 59.9209 0.003979
 60.0512 0.003941
 60.1817 0.003995
 60.3118 0.004065
 60.4423 0.004103
 60.5726 0.004102
 60.7031 0.004132
 60.8351 0.004113
 60.9664 0.004131
 61.0979 0.004148
 61.2298 0.004150
 61.3617 0.004166
 61.4950 0.004170
 61.6282 0.004147
 61.7613 0.004116
 61.8954 0.004146
 62.0297 0.004143
 62.1652 0.004172
 62.3018 0.004171
 62.4394 0.004173
 62.5766 0.004201
 62.7142 0.004205
 62.8531 0.004220
 62.9920 0.004203
 63.1311 0.004241
 63.2715 0.004216
 63.4142 0.004227
 63.5580 0.004246
 63.7021 0.004244
 63.8457 0.004209
 63.9916 0.004268
 64.1390 0.004314
 64.2866 0.004383
 64.4351 0.004413
 64.5849 0.004428
 64.7355 0.004490
 64.8876 0.004543
 65.0403 0.004553
 65.1940 0.004565
 65.3501 0.004567
 65.5077 0.004617
 65.6671 0.004631
 65.8280 0.004662
 65.9896 0.004670
 66.1522 0.004650
 66.3187 0.004719
 66.4862 0.004818
 66.6565 0.004884
 66.8271 0.004937
 66.9994 0.004969
 67.1747 0.004963
 67.3526 0.004977
 67.5319 0.005063
 67.7132 0.005107
 67.8982 0.005056
 68.0850 0.005100
 68.2743 0.005102
 68.4656 0.005097
 68.6616 0.005123
 68.8604 0.005203
 69.0624 0.005178
 69.2688 0.005186
 69.4788 0.005181
 69.6916 0.005205
 69.9087 0.005187
 70.1279 0.005205
 70.3536 0.005229
 70.5831 0.005317
 70.8194 0.005356
 71.0602 0.005421
 71.3071 0.005393
 71.5604 0.005399
 71.8208 0.005465
 72.0874 0.005583
 72.3627 0.005606
 72.6471 0.005697
 72.9405 0.005853
 73.2440 0.006039
 73.5556 0.006169
 73.8795 0.006247
 74.2138 0.006372
 74.5629 0.006345
 74.9294 0.006515
 75.3072 0.006670
 75.7045 0.006861
 76.1247 0.007094
 76.5680 0.007160
 77.0439 0.007432
 77.5407 0.007716
 78.0783 0.008204
 78.6613 0.008247
 79.2942 0.008421
 79.9961 0.008747
 80.7691 0.009140
 81.6491 0.009987
 82.6699 0.010368
 83.8847 0.011261
 85.4078 0.013062
 87.4911 0.015668
 88.0082 0.016206
 88.5928 0.016860
 89.2352 0.017594
 89.9893 0.018446
 90.8623 0.019932
 91.9111 0.021079
 93.2470 0.025101
 95.0699 0.031037
 98.0940 0.041573
101.0067 0.056470
104.6807 0.083703
107.3917 0.108255
tr2s-04-2 2 1
 33.9511 0.046296
 35.0349 0.033997
 36.5966 0.023278
 37.9145 0.018006
 39.3517 0.014183
 40.2542 0.012553
 40.9396 0.011217
 41.4835 0.010476
 41.9428 0.009557
 42.3452 0.009433
 42.7032 0.008835
 43.0281 0.008342
 43.3246 0.008053
 44.5071 0.006997
 45.4051 0.006672
 46.1408 0.006330
 46.7691 0.006036
 47.3244 0.005767
 47.8194 0.005810
 48.2723 0.005775
 48.6908 0.005718
 49.0784 0.005534
 49.4405 0.005301
 49.7799 0.005213
 50.1041 0.005196
 50.4102 0.005178
 50.7058 0.005106
 50.9865 0.005002
 51.2567 0.004993
 51.5168 0.004881
 51.7681 0.004859
 52.0120 0.004805
 52.2490 0.004739
 52.4791 0.004623
 52.7034 0.004514
 52.9199 0.004497
 53.1336 0.004479
 53.3410 0.004430
 53.5440 0.004320
 53.7418 0.004325
 53.9353 0.004289
 54.1258 0.004294
 54.3147 0.004263
 54.4990 0.004208
 54.6805 0.004186
 54.8598 0.004199
 55.0349 0.004224
 55.2083 0.004208
 55.3776 0.004207
 55.5450 0.004214
 55.7095 0.004174
 55.8730 0.004151
 56.0357 0.004145
 56.1948 0.004138
 56.3536 0.004134
 56.5093 0.004137
 56.6640 0.004198
 56.8174 0.004166
 56.9698 0.004159
 57.1202 0.004145
 57.2694 0.004175
 57.4181 0.004173
 57.5651 0.004171
 57.7091 0.004165
 57.8540 0.004133
 57.9964 0.004114
 58.1378 0.004085
 58.2793 0.004129
 58.4195 0.004091
 58.5577 0.004077
 58.6965 0.004116
 58.8334 0.004096
 58.9712 0.004128
 59.1079 0.004119
 59.2438 0.004087
 59.3797 0.004040
 59.5140 0.004028
 59.6490 0.004054
 59.7823 0.004029
 59.9156 0.004030
 60.0474 0.003951
 60.1798 0.003989
 60.3127 0.003980
 60.4436 0.003993
 60.5756 0.003966
 60.7056 0.003978
 60.8357 0.004005
 60.9662 0.003994
 61.0955 0.003977
 61.2249 0.004000
 61.3538 0.003948
 61.4829 0.004007
 61.6119 0.004029
 61.7392 0.004035
 61.8679 0.004028
 61.9962 0.004097
 62.1239 0.004057
 62.2512 0.004055
 62.3791 0.004102
 62.5075 0.004083
 62.6361 0.004069
 62.7640 0.004060
 62.8919 0.004117
 63.0199 0.004141
 63.1480 0.004146
 63.2757 0.004132
 63.4039 0.004090
 63.5316 0.004122
 63.6604 0.004120
 63.7892 0.004140
 63.9184 0.004169
 64.0472 0.004200
 64.1764 0.004208
 64.3054 0.004201
 64.4349 0.004118
 64.5647 0.004107
 64.6950 0.004109
 64.8254 0.004128
 64.9566 0.004155
 65.0874 0.004203
 65.2186 0.004176
 65.3506 0.004197
 65.4822 0.004211
 65.6160 0.004180
 65.7495 0.004211
 65.8850 0.004232
 66.0190 0.004245
 66.1535 0.004244
 66.2902 0.004232
 66.4268 0.004240
 66.5634 0.004241
 66.7006 0.004231
 66.8392 0.004272
 66.9788 0.004214
 67.1191 0.004220
 67.2591 0.004229
 67.4006 0.004242
 67.5429 0.004257
 67.6858 0.004229
 67.8290 0.004275
 67.9744 0.004281
 68.1201 0.004360
 68.2675 0.004375
 68.4152 0.004412
 68.5640 0.004442
 68.7149 0.004438
 68.8658 0.004437
 69.0171 0.004460
 69.1709 0.004480
 69.3268 0.004482
 69.4827 0.004545
 69.6404 0.004543
 69.8009 0.004553
 69.9627 0.004598
 70.1254 0.004627
 70.2895 0.004637
 70.4563 0.004692
 70.6246 0.004702
 70.7958 0.004695
 70.9678 0.004670
 71.1411 0.004725
 71.3185 0.004741
 71.4969 0.004795
 71.6776 0.004834
 71.8611 0.004821
 72.0479 0.004823
 72.2365 0.004814
 72.4292 0.004869
 72.6236 0.004904
 72.8231 0.004939
 73.0260 0.004918
 73.2311 0.004954
 73.4405 0.005018
 73.6514 0.005058
 73.8678 0.005122
 74.0902 0.005182
 74.3158 0.005283
 74.5467 0.005210
 74.7832 0.005153
 75.0263 0.005245
 75.2740 0.005296
 75.5265 0.005382
 75.7846 0.005458
 76.0515 0.005578
 76.3273 0.005706
 76.6083 0.005712
 76.9020 0.005814
 77.2026 0.005856
 77.5146 0.005928
 77.8365 0.006086
 78.1714 0.006193
 78.5196 0.006389
 78.8819 0.006347
 79.2586 0.006459
 79.6601 0.006621
 80.0773 0.006848
 80.5180 0.007008
 80.9889 0.007189
 81.4933 0.007387
 82.0338 0.007636
 82.6160 0.008043
 83.2534 0.008552
 83.9481 0.008820
 84.7259 0.009179
 85.6019 0.009735
 86.6188 0.010417
 87.8396 0.011368
 89.3680 0.013191
 91.4313 0.014725
 91.9657 0.015852
 92.5457 0.016951
 93.1943 0.017493
 93.9532 0.018933
 94.8225 0.020635
 95.8686 0.023137
 97.1878 0.025826
 99.0089 0.030450
102.0332 0.040103
105.0201 0.056353
108.6900 0.079040
111.4870 0.110048
