Copyright (C) 1998 James G. MacKinnon, Alfred A. Haug, and Leo Michelis.
 lm0-12-1 3 1
 40.7505 0.055341
 41.4910 0.043066
 42.6434 0.030854
 43.5761 0.024024
 44.6131 0.018572
 45.2656 0.016052
 45.7391 0.014291
 46.1249 0.013039
 46.4418 0.012191
 46.7253 0.011942
 46.9818 0.011464
 47.2121 0.010992
 47.4273 0.010425
 48.2671 0.009434
 48.8996 0.008390
 49.4229 0.008042
 49.8683 0.007666
 50.2628 0.007346
 50.6141 0.006980
 50.9312 0.006870
 51.2274 0.006830
 51.5046 0.006697
 51.7609 0.006447
 52.0048 0.006254
 52.2313 0.006265
 52.4503 0.006122
 52.6612 0.006042
 52.8611 0.005943
 53.0543 0.005878
 53.2408 0.005804
 53.4197 0.005778
 53.5943 0.005645
 53.7634 0.005591
 53.9259 0.005576
 54.0872 0.005585
 54.2419 0.005487
 54.3954 0.005493
 54.5441 0.005531
 54.6895 0.005519
 54.8309 0.005469
 54.9710 0.005456
 55.1071 0.005360
 55.2410 0.005281
 55.3740 0.005267
 55.5030 0.005222
 55.6315 0.005134
 55.7580 0.005146
 55.8827 0.005109
 56.0041 0.005068
 56.1238 0.005111
 56.2424 0.005089
 56.3619 0.005103
 56.4779 0.005105
 56.5927 0.005067
 56.7055 0.005049
 56.8187 0.005025
 56.9303 0.004949
 57.0409 0.004982
 57.1497 0.004997
 57.2588 0.004922
 57.3662 0.004888
 57.4724 0.004864
 57.5795 0.004880
 57.6850 0.004875
 57.7875 0.004889
 57.8916 0.004926
 57.9949 0.004899
 58.0965 0.004861
 58.1999 0.004855
 58.3006 0.004830
 58.4028 0.004811
 58.5036 0.004781
 58.6015 0.004735
 58.7004 0.004738
 58.7991 0.004771
 58.8975 0.004825
 58.9960 0.004816
 59.0926 0.004888
 59.1910 0.004875
 59.2881 0.004837
 59.3853 0.004763
 59.4827 0.004737
 59.5784 0.004727
 59.6734 0.004716
 59.7686 0.004748
 59.8648 0.004751
 59.9597 0.004748
 60.0552 0.004770
 60.1493 0.004796
 60.2433 0.004802
 60.3387 0.004805
 60.4328 0.004807
 60.5270 0.004837
 60.6211 0.004839
 60.7146 0.004888
 60.8097 0.004888
 60.9050 0.004888
 60.9987 0.004877
 61.0933 0.004835
 61.1880 0.004868
 61.2820 0.004836
 61.3763 0.004869
 61.4699 0.004893
 61.5646 0.004855
 61.6573 0.004857
 61.7509 0.004862
 61.8461 0.004907
 61.9411 0.004861
 62.0364 0.004819
 62.1309 0.004790
 62.2262 0.004866
 62.3222 0.004865
 62.4169 0.004896
 62.5135 0.004870
 62.6092 0.004876
 62.7041 0.004901
 62.8005 0.004932
 62.8974 0.004930
 62.9948 0.004901
 63.0926 0.004863
 63.1896 0.004860
 63.2875 0.004821
 63.3864 0.004802
 63.4849 0.004799
 63.5844 0.004826
 63.6847 0.004890
 63.7867 0.004903
 63.8889 0.004951
 63.9891 0.004937
 64.0920 0.004966
 64.1943 0.004967
 64.2974 0.004983
 64.4009 0.005048
 64.5052 0.005014
 64.6094 0.005004
 64.7153 0.005063
 64.8226 0.005091
 64.9291 0.005120
 65.0364 0.005131
 65.1447 0.005133
 65.2537 0.005199
 65.3636 0.005206
 65.4754 0.005313
 65.5881 0.005377
 65.7017 0.005437
 65.8153 0.005456
 65.9297 0.005459
 66.0436 0.005525
 66.1605 0.005559
 66.2761 0.005618
 66.3950 0.005590
 66.5156 0.005658
 66.6375 0.005716
 66.7585 0.005745
 66.8815 0.005752
 67.0061 0.005785
 67.1333 0.005784
 67.2620 0.005851
 67.3915 0.005827
 67.5230 0.005894
 67.6569 0.005966
 67.7914 0.006015
 67.9280 0.006081
 68.0683 0.006073
 68.2089 0.006046
 68.3504 0.006066
 68.4961 0.006092
 68.6427 0.006114
 68.7943 0.006181
 68.9467 0.006163
 69.0998 0.006192
 69.2572 0.006211
 69.4161 0.006239
 69.5784 0.006332
 69.7465 0.006383
 69.9189 0.006538
 70.0944 0.006603
 70.2714 0.006750
 70.4549 0.006935
 70.6437 0.006968
 70.8368 0.007039
 71.0325 0.007209
 71.2330 0.007301
 71.4420 0.007382
 71.6551 0.007509
 71.8737 0.007770
 72.1035 0.007988
 72.3373 0.008016
 72.5817 0.008149
 72.8340 0.008166
 73.0932 0.008295
 73.3633 0.008538
 73.6457 0.008588
 73.9408 0.008973
 74.2557 0.009181
 74.5894 0.009365
 74.9377 0.009415
 75.3119 0.009759
 75.7098 0.010057
 76.1357 0.010305
 76.5953 0.010651
 77.1011 0.011031
 77.6583 0.011711
 78.2836 0.012100
 78.9874 0.012936
 79.8034 0.014159
 80.7867 0.015562
 82.0424 0.017196
 83.7537 0.021214
 84.1868 0.022114
 84.6630 0.023347
 85.2118 0.024915
 85.8304 0.026633
 86.5293 0.028854
 87.4060 0.032117
 88.5323 0.035677
 90.0837 0.043153
 92.6216 0.058953
 95.1394 0.081197
 98.2881 0.127826
100.7224 0.186382
 lm1-12-1 3 1
 43.4098 0.058143
 44.2010 0.044225
 45.3736 0.031906
 46.3236 0.024233
 47.3832 0.018643
 48.0681 0.015971
 48.5588 0.014101
 48.9571 0.013088
 49.2993 0.012210
 49.5892 0.011787
 49.8530 0.011235
 50.0855 0.010892
 50.3048 0.010466
 51.1678 0.009046
 51.8174 0.008185
 52.3471 0.007842
 52.8046 0.007619
 53.1995 0.007386
 53.5582 0.007282
 53.8851 0.007104
 54.1857 0.006796
 54.4667 0.006728
 54.7303 0.006563
 54.9801 0.006462
 55.2126 0.006222
 55.4354 0.006138
 55.6502 0.006090
 55.8570 0.006014
 56.0536 0.005881
 56.2434 0.005803
 56.4291 0.005800
 56.6060 0.005731
 56.7798 0.005693
 56.9483 0.005655
 57.1104 0.005619
 57.2693 0.005514
 57.4229 0.005407
 57.5732 0.005365
 57.7222 0.005359
 57.8681 0.005365
 58.0114 0.005326
 58.1506 0.005345
 58.2878 0.005279
 58.4225 0.005270
 58.5564 0.005327
 58.6859 0.005179
 58.8160 0.005114
 58.9436 0.005061
 59.0688 0.005037
 59.1919 0.004905
 59.3135 0.004894
 59.4334 0.004830
 59.5528 0.004822
 59.6714 0.004852
 59.7876 0.004885
 59.9015 0.004873
 60.0147 0.004811
 60.1278 0.004740
 60.2402 0.004759
 60.3513 0.004732
 60.4602 0.004753
 60.5694 0.004767
 60.6779 0.004739
 60.7854 0.004776
 60.8930 0.004775
 61.0002 0.004819
 61.1063 0.004796
 61.2122 0.004836
 61.3160 0.004769
 61.4193 0.004778
 61.5211 0.004756
 61.6227 0.004787
 61.7243 0.004736
 61.8241 0.004784
 61.9267 0.004761
 62.0274 0.004773
 62.1277 0.004731
 62.2267 0.004739
 62.3262 0.004756
 62.4245 0.004728
 62.5237 0.004714
 62.6227 0.004747
 62.7202 0.004760
 62.8166 0.004771
 62.9123 0.004812
 63.0100 0.004829
 63.1075 0.004762
 63.2044 0.004774
 63.3013 0.004846
 63.3987 0.004800
 63.4955 0.004791
 63.5916 0.004783
 63.6896 0.004804
 63.7848 0.004809
 63.8805 0.004827
 63.9761 0.004828
 64.0724 0.004804
 64.1682 0.004808
 64.2654 0.004820
 64.3610 0.004866
 64.4571 0.004837
 64.5534 0.004826
 64.6501 0.004819
 64.7463 0.004858
 64.8429 0.004768
 64.9389 0.004811
 65.0364 0.004786
 65.1328 0.004799
 65.2294 0.004838
 65.3264 0.004870
 65.4233 0.004911
 65.5213 0.004972
 65.6184 0.004946
 65.7152 0.004966
 65.8134 0.005005
 65.9120 0.004972
 66.0111 0.004974
 66.1099 0.004934
 66.2091 0.004852
 66.3091 0.004831
 66.4091 0.004861
 66.5103 0.004868
 66.6111 0.004860
 66.7124 0.004858
 66.8141 0.004868
 66.9153 0.004938
 67.0175 0.004951
 67.1193 0.004999
 67.2231 0.005066
 67.3265 0.005081
 67.4309 0.005175
 67.5354 0.005198
 67.6420 0.005207
 67.7461 0.005239
 67.8527 0.005306
 67.9600 0.005328
 68.0673 0.005374
 68.1768 0.005432
 68.2871 0.005410
 68.3983 0.005451
 68.5104 0.005468
 68.6208 0.005454
 68.7318 0.005483
 68.8455 0.005478
 68.9605 0.005482
 69.0766 0.005456
 69.1932 0.005520
 69.3104 0.005521
 69.4292 0.005614
 69.5478 0.005681
 69.6689 0.005721
 69.7917 0.005792
 69.9154 0.005789
 70.0402 0.005734
 70.1657 0.005764
 70.2932 0.005754
 70.4243 0.005786
 70.5563 0.005823
 70.6866 0.005886
 70.8200 0.006000
 70.9551 0.006046
 71.0943 0.006106
 71.2336 0.006237
 71.3739 0.006256
 71.5164 0.006347
 71.6631 0.006391
 71.8107 0.006456
 71.9592 0.006502
 72.1135 0.006603
 72.2680 0.006679
 72.4273 0.006703
 72.5872 0.006655
 72.7526 0.006726
 72.9187 0.006751
 73.0889 0.006849
 73.2607 0.006917
 73.4356 0.007003
 73.6171 0.007039
 73.8027 0.007129
 73.9930 0.007210
 74.1910 0.007274
 74.3901 0.007255
 74.5949 0.007405
 74.8070 0.007553
 75.0225 0.007774
 75.2453 0.007923
 75.4764 0.008000
 75.7180 0.008144
 75.9665 0.008411
 76.2225 0.008503
 76.4883 0.008612
 76.7667 0.008721
 77.0580 0.008842
 77.3627 0.009061
 77.6767 0.009197
 78.0062 0.009577
 78.3641 0.009735
 78.7418 0.010039
 79.1485 0.010313
 79.5859 0.010806
 80.0591 0.011164
 80.5695 0.011526
 81.1382 0.012287
 81.7791 0.013000
 82.4943 0.013892
 83.3333 0.014665
 84.3353 0.015584
 85.6017 0.018694
 87.3337 0.022114
 87.7669 0.023299
 88.2547 0.024369
 88.7924 0.026292
 89.4218 0.028155
 90.1565 0.030972
 91.0693 0.033859
 92.1616 0.038123
 93.7021 0.044610
 96.3161 0.059852
 98.8606 0.084830
102.0839 0.135205
104.5635 0.188526
lm1s-12-1 3 1
 44.0962 0.057693
 44.8934 0.044680
 46.0631 0.032773
 47.0276 0.024788
 48.0921 0.018512
 48.7584 0.015840
 49.2565 0.014270
 49.6547 0.013480
 49.9957 0.012861
 50.2973 0.012117
 50.5560 0.011393
 50.7915 0.010978
 51.0062 0.010354
 51.8674 0.009049
 52.5150 0.008473
 53.0449 0.008104
 53.5026 0.007766
 53.9068 0.007476
 54.2699 0.007291
 54.5982 0.007162
 54.9005 0.006879
 55.1823 0.006790
 55.4432 0.006582
 55.6932 0.006490
 55.9288 0.006358
 56.1545 0.006204
 56.3672 0.006061
 56.5733 0.005911
 56.7716 0.005988
 56.9618 0.005860
 57.1440 0.005822
 57.3198 0.005679
 57.4938 0.005614
 57.6599 0.005564
 57.8217 0.005493
 57.9813 0.005471
 58.1361 0.005489
 58.2882 0.005448
 58.4360 0.005398
 58.5819 0.005353
 58.7265 0.005224
 58.8680 0.005160
 59.0055 0.005126
 59.1421 0.005136
 59.2745 0.005110
 59.4069 0.005108
 59.5360 0.005069
 59.6622 0.005037
 59.7873 0.004950
 59.9092 0.004984
 60.0305 0.004995
 60.1518 0.005004
 60.2711 0.004898
 60.3878 0.004931
 60.5051 0.004861
 60.6203 0.004878
 60.7357 0.004854
 60.8476 0.004882
 60.9604 0.004937
 61.0719 0.004928
 61.1826 0.004928
 61.2922 0.004855
 61.4004 0.004852
 61.5085 0.004832
 61.6147 0.004821
 61.7206 0.004766
 61.8262 0.004851
 61.9318 0.004873
 62.0372 0.004815
 62.1415 0.004812
 62.2449 0.004825
 62.3469 0.004822
 62.4482 0.004790
 62.5484 0.004757
 62.6477 0.004798
 62.7482 0.004791
 62.8475 0.004874
 62.9475 0.004882
 63.0457 0.004887
 63.1459 0.004883
 63.2428 0.004833
 63.3412 0.004823
 63.4397 0.004827
 63.5375 0.004748
 63.6348 0.004770
 63.7320 0.004721
 63.8297 0.004733
 63.9277 0.004717
 64.0246 0.004719
 64.1208 0.004742
 64.2169 0.004821
 64.3138 0.004814
 64.4097 0.004831
 64.5069 0.004843
 64.6038 0.004852
 64.7005 0.004843
 64.7966 0.004842
 64.8925 0.004850
 64.9885 0.004840
 65.0842 0.004811
 65.1824 0.004781
 65.2784 0.004813
 65.3749 0.004854
 65.4709 0.004822
 65.5670 0.004809
 65.6641 0.004829
 65.7616 0.004904
 65.8585 0.004918
 65.9543 0.004940
 66.0522 0.004982
 66.1484 0.004938
 66.2460 0.004925
 66.3443 0.004910
 66.4425 0.004948
 66.5407 0.004996
 66.6393 0.004999
 66.7365 0.004987
 66.8349 0.005011
 66.9349 0.005033
 67.0342 0.005036
 67.1354 0.005063
 67.2361 0.005140
 67.3368 0.005163
 67.4376 0.005178
 67.5380 0.005169
 67.6395 0.005178
 67.7416 0.005158
 67.8437 0.005188
 67.9468 0.005257
 68.0506 0.005258
 68.1542 0.005260
 68.2586 0.005319
 68.3652 0.005301
 68.4737 0.005358
 68.5792 0.005375
 68.6861 0.005350
 68.7943 0.005359
 68.9026 0.005386
 69.0124 0.005409
 69.1243 0.005473
 69.2358 0.005463
 69.3484 0.005537
 69.4613 0.005566
 69.5750 0.005539
 69.6896 0.005644
 69.8037 0.005696
 69.9215 0.005649
 70.0386 0.005664
 70.1574 0.005672
 70.2770 0.005727
 70.3986 0.005764
 70.5214 0.005802
 70.6455 0.005815
 70.7704 0.005900
 70.8965 0.005866
 71.0250 0.005918
 71.1560 0.005975
 71.2859 0.006088
 71.4176 0.006087
 71.5514 0.006078
 71.6870 0.006239
 71.8232 0.006253
 71.9640 0.006317
 72.1045 0.006364
 72.2483 0.006447
 72.3941 0.006523
 72.5420 0.006536
 72.6921 0.006501
 72.8443 0.006564
 72.9983 0.006556
 73.1560 0.006617
 73.3164 0.006700
 73.4790 0.006655
 73.6440 0.006695
 73.8130 0.006684
 73.9867 0.006795
 74.1659 0.006945
 74.3506 0.006967
 74.5351 0.007035
 74.7267 0.007105
 74.9228 0.007142
 75.1220 0.007263
 75.3279 0.007444
 75.5407 0.007654
 75.7588 0.007831
 75.9819 0.008005
 76.2143 0.008084
 76.4538 0.008090
 76.7014 0.008060
 76.9592 0.008278
 77.2237 0.008463
 77.4991 0.008683
 77.7869 0.008850
 78.0888 0.009120
 78.4074 0.009433
 78.7456 0.009580
 79.1064 0.009651
 79.4876 0.009915
 79.8894 0.010241
 80.3237 0.010565
 80.7973 0.010837
 81.3130 0.011215
 81.8765 0.011906
 82.5056 0.012925
 83.2304 0.013535
 84.0686 0.014818
 85.0686 0.016374
 86.3362 0.018792
 88.0666 0.022192
 88.5117 0.023205
 89.0011 0.025229
 89.5404 0.026326
 90.1717 0.028082
 90.9150 0.030230
 91.7962 0.033840
 92.9198 0.038313
 94.4701 0.044522
 97.0536 0.060770
 99.6109 0.083009
102.8915 0.133491
105.3654 0.189324
 lm2-12-1 3 1
 46.0209 0.060359
 46.8834 0.046384
 48.0395 0.031902
 49.0751 0.024479
 50.1867 0.018991
 50.8665 0.016480
 51.3742 0.014725
 51.8050 0.013295
 52.1568 0.012374
 52.4569 0.011782
 52.7256 0.011218
 52.9708 0.010991
 53.1848 0.010744
 54.0507 0.009190
 54.7174 0.008572
 55.2597 0.008024
 55.7238 0.007703
 56.1332 0.007282
 56.4983 0.006948
 56.8344 0.006708
 57.1398 0.006450
 57.4248 0.006304
 57.6902 0.006191
 57.9412 0.006148
 58.1840 0.005981
 58.4144 0.005878
 58.6322 0.005887
 58.8414 0.005733
 59.0449 0.005613
 59.2374 0.005542
 59.4221 0.005592
 59.6047 0.005489
 59.7820 0.005465
 59.9520 0.005326
 60.1188 0.005282
 60.2806 0.005158
 60.4392 0.005200
 60.5937 0.005116
 60.7453 0.005080
 60.8946 0.005078
 61.0415 0.005011
 61.1841 0.004993
 61.3235 0.004940
 61.4627 0.004848
 61.5994 0.004824
 61.7323 0.004837
 61.8640 0.004856
 61.9926 0.004912
 62.1195 0.004873
 62.2448 0.004848
 62.3695 0.004827
 62.4919 0.004816
 62.6129 0.004871
 62.7322 0.004854
 62.8506 0.004899
 62.9688 0.004906
 63.0837 0.004896
 63.1992 0.004905
 63.3144 0.004894
 63.4282 0.004907
 63.5394 0.004868
 63.6506 0.004908
 63.7633 0.004906
 63.8723 0.004927
 63.9813 0.004940
 64.0895 0.004925
 64.1963 0.004967
 64.3027 0.004982
 64.4097 0.004994
 64.5148 0.005007
 64.6183 0.004971
 64.7218 0.004992
 64.8273 0.004989
 64.9311 0.005033
 65.0328 0.004970
 65.1367 0.005010
 65.2392 0.004971
 65.3414 0.005009
 65.4432 0.005029
 65.5437 0.004986
 65.6442 0.005022
 65.7442 0.005021
 65.8452 0.005036
 65.9465 0.005040
 66.0467 0.005048
 66.1459 0.005019
 66.2439 0.004977
 66.3416 0.005015
 66.4387 0.004993
 66.5386 0.004963
 66.6375 0.004969
 66.7349 0.005028
 66.8329 0.004985
 66.9315 0.004986
 67.0282 0.005005
 67.1271 0.005000
 67.2248 0.005018
 67.3222 0.005022
 67.4198 0.005051
 67.5169 0.005037
 67.6146 0.005127
 67.7116 0.005118
 67.8102 0.005136
 67.9077 0.005138
 68.0053 0.005186
 68.1045 0.005213
 68.2032 0.005202
 68.3023 0.005191
 68.4021 0.005235
 68.5014 0.005249
 68.6009 0.005247
 68.7005 0.005243
 68.8008 0.005187
 68.8996 0.005209
 68.9996 0.005192
 69.1008 0.005193
 69.2021 0.005185
 69.3025 0.005150
 69.4034 0.005210
 69.5055 0.005205
 69.6065 0.005212
 69.7102 0.005276
 69.8122 0.005282
 69.9150 0.005318
 70.0165 0.005265
 70.1211 0.005257
 70.2251 0.005250
 70.3310 0.005245
 70.4377 0.005303
 70.5436 0.005295
 70.6495 0.005310
 70.7570 0.005361
 70.8644 0.005366
 70.9735 0.005404
 71.0813 0.005387
 71.1914 0.005403
 71.3006 0.005471
 71.4108 0.005470
 71.5236 0.005550
 71.6358 0.005669
 71.7479 0.005687
 71.8612 0.005640
 71.9768 0.005667
 72.0916 0.005658
 72.2088 0.005699
 72.3262 0.005699
 72.4466 0.005762
 72.5666 0.005798
 72.6881 0.005814
 72.8103 0.005819
 72.9343 0.005807
 73.0575 0.005830
 73.1824 0.005845
 73.3103 0.005879
 73.4413 0.005903
 73.5707 0.005935
 73.7013 0.005955
 73.8320 0.006040
 73.9669 0.006066
 74.1030 0.006091
 74.2393 0.006108
 74.3779 0.006106
 74.5207 0.006241
 74.6658 0.006258
 74.8106 0.006310
 74.9584 0.006412
 75.1080 0.006499
 75.2588 0.006573
 75.4136 0.006655
 75.5691 0.006726
 75.7278 0.006712
 75.8901 0.006746
 76.0556 0.006761
 76.2255 0.006726
 76.4004 0.006843
 76.5761 0.006857
 76.7557 0.006838
 76.9410 0.006863
 77.1282 0.006848
 77.3203 0.006866
 77.5203 0.006996
 77.7237 0.007135
 77.9301 0.007199
 78.1436 0.007403
 78.3645 0.007587
 78.5934 0.007707
 78.8316 0.007893
 79.0743 0.007997
 79.3255 0.008180
 79.5859 0.008328
 79.8580 0.008452
 80.1423 0.008740
 80.4353 0.009039
 80.7462 0.009330
 81.0701 0.009374
 81.4084 0.009598
 81.7750 0.009815
 82.1575 0.010125
 82.5748 0.010571
 83.0200 0.010948
 83.4935 0.011444
 84.0152 0.011625
 84.5907 0.012295
 85.2246 0.013186
 85.9564 0.013926
 86.8133 0.015350
 87.8224 0.016582
 89.1060 0.018135
 90.8561 0.021332
 91.3055 0.022321
 91.7894 0.023592
 92.3514 0.025353
 92.9969 0.027363
 93.7448 0.029799
 94.6403 0.031082
 95.8148 0.036423
 97.3840 0.043086
100.0306 0.059438
102.5607 0.084383
106.0439 0.134614
108.3030 0.179717
lm2s-12-1 3 1
 46.7453 0.061254
 47.5196 0.046049
 48.7499 0.031182
 49.7732 0.024137
 50.8917 0.018657
 51.5762 0.016381
 52.1003 0.014709
 52.5149 0.013388
 52.8628 0.012751
 53.1676 0.012213
 53.4340 0.011601
 53.6756 0.011092
 53.8930 0.010812
 54.7657 0.009454
 55.4266 0.008712
 55.9770 0.008336
 56.4424 0.007705
 56.8475 0.007205
 57.2156 0.006826
 57.5480 0.006715
 57.8537 0.006535
 58.1428 0.006448
 58.4109 0.006460
 58.6680 0.006340
 58.9094 0.006305
 59.1384 0.006184
 59.3573 0.006001
 59.5668 0.005885
 59.7681 0.005821
 59.9631 0.005771
 60.1494 0.005586
 60.3306 0.005491
 60.5066 0.005438
 60.6767 0.005429
 60.8427 0.005401
 61.0049 0.005370
 61.1655 0.005285
 61.3222 0.005197
 61.4740 0.005125
 61.6236 0.005033
 61.7701 0.005019
 61.9116 0.005074
 62.0514 0.005072
 62.1882 0.005024
 62.3251 0.004973
 62.4567 0.004929
 62.5878 0.004882
 62.7179 0.004913
 62.8434 0.004881
 62.9695 0.004900
 63.0928 0.004858
 63.2153 0.004769
 63.3381 0.004781
 63.4585 0.004784
 63.5774 0.004798
 63.6942 0.004788
 63.8112 0.004825
 63.9267 0.004809
 64.0403 0.004839
 64.1543 0.004878
 64.2666 0.004981
 64.3782 0.005000
 64.4884 0.005029
 64.5977 0.004959
 64.7071 0.005015
 64.8164 0.005046
 64.9247 0.005050
 65.0306 0.005032
 65.1369 0.005096
 65.2428 0.005025
 65.3467 0.005093
 65.4528 0.005055
 65.5570 0.005024
 65.6595 0.005029
 65.7626 0.005000
 65.8658 0.005021
 65.9683 0.005102
 66.0704 0.005117
 66.1713 0.005159
 66.2737 0.005176
 66.3744 0.005180
 66.4737 0.005140
 66.5732 0.005104
 66.6727 0.005118
 66.7733 0.005010
 66.8728 0.005013
 66.9719 0.004970
 67.0715 0.004926
 67.1708 0.004908
 67.2690 0.005011
 67.3676 0.004951
 67.4672 0.004941
 67.5648 0.004924
 67.6619 0.004991
 67.7595 0.004994
 67.8578 0.004986
 67.9555 0.005015
 68.0528 0.005051
 68.1508 0.005078
 68.2488 0.005074
 68.3485 0.005106
 68.4473 0.005076
 68.5456 0.005140
 68.6439 0.005170
 68.7418 0.005202
 68.8396 0.005170
 68.9387 0.005214
 69.0374 0.005149
 69.1368 0.005203
 69.2352 0.005185
 69.3344 0.005159
 69.4352 0.005189
 69.5339 0.005216
 69.6337 0.005281
 69.7348 0.005285
 69.8353 0.005242
 69.9351 0.005217
 70.0358 0.005267
 70.1362 0.005293
 70.2368 0.005270
 70.3388 0.005221
 70.4411 0.005263
 70.5432 0.005232
 70.6469 0.005262
 70.7494 0.005317
 70.8533 0.005305
 70.9577 0.005295
 71.0625 0.005284
 71.1681 0.005240
 71.2752 0.005164
 71.3812 0.005177
 71.4880 0.005221
 71.5945 0.005298
 71.7034 0.005368
 71.8113 0.005375
 71.9205 0.005385
 72.0314 0.005356
 72.1420 0.005400
 72.2528 0.005516
 72.3650 0.005547
 72.4798 0.005553
 72.5934 0.005632
 72.7099 0.005653
 72.8254 0.005723
 72.9429 0.005702
 73.0614 0.005689
 73.1799 0.005671
 73.2998 0.005694
 73.4213 0.005688
 73.5438 0.005646
 73.6675 0.005608
 73.7911 0.005665
 73.9171 0.005715
 74.0445 0.005728
 74.1732 0.005794
 74.3023 0.005933
 74.4322 0.005935
 74.5643 0.006037
 74.6988 0.006113
 74.8363 0.006073
 74.9738 0.006099
 75.1139 0.006185
 75.2561 0.006325
 75.3995 0.006283
 75.5446 0.006343
 75.6891 0.006458
 75.8404 0.006444
 75.9940 0.006559
 76.1478 0.006484
 76.3061 0.006567
 76.4665 0.006659
 76.6284 0.006692
 76.7949 0.006679
 76.9656 0.006734
 77.1359 0.006671
 77.3115 0.006716
 77.4939 0.006792
 77.6782 0.006831
 77.8629 0.006767
 78.0547 0.006819
 78.2539 0.006916
 78.4567 0.007004
 78.6645 0.007212
 78.8802 0.007397
 79.1004 0.007488
 79.3262 0.007664
 79.5622 0.007741
 79.8045 0.007922
 80.0596 0.008063
 80.3238 0.008332
 80.5919 0.008660
 80.8730 0.008754
 81.1686 0.008895
 81.4791 0.009254
 81.8034 0.009408
 82.1504 0.009628
 82.5127 0.010051
 82.8995 0.010270
 83.3059 0.010741
 83.7510 0.011259
 84.2304 0.011490
 84.7534 0.011543
 85.3244 0.012409
 85.9685 0.013273
 86.7035 0.014368
 87.5466 0.015361
 88.5672 0.016362
 89.8602 0.018215
 91.6041 0.021988
 92.0369 0.022653
 92.5350 0.024011
 93.0838 0.025239
 93.7240 0.027201
 94.4725 0.028749
 95.3792 0.031762
 96.5543 0.035788
 98.1114 0.042854
100.7551 0.059731
103.3303 0.086242
106.7336 0.134835
109.1802 0.179251
 tr0-12-1 3 1
226.8799 0.229336
230.0488 0.165615
234.4279 0.115771
237.9126 0.088799
241.7639 0.065240
244.1533 0.057861
245.9255 0.052031
247.3317 0.046916
248.5261 0.044477
249.5335 0.041759
250.4274 0.039951
251.2722 0.037773
252.0031 0.036472
254.9700 0.031703
257.2122 0.028814
259.0418 0.026938
260.5835 0.026199
261.9338 0.025557
263.1166 0.024866
264.2050 0.024173
265.2064 0.023312
266.1371 0.022717
267.0109 0.021829
267.8173 0.021289
268.5833 0.021185
269.3162 0.020649
269.9999 0.020212
270.6614 0.020192
271.2933 0.019751
271.9016 0.019657
272.4881 0.019199
273.0564 0.018976
273.6086 0.018642
274.1346 0.018690
274.6487 0.018543
275.1459 0.018149
275.6282 0.017796
276.1084 0.017458
276.5706 0.017278
277.0235 0.017077
277.4669 0.016842
277.8948 0.016453
278.3221 0.016448
278.7409 0.016247
279.1490 0.016461
279.5606 0.016456
279.9563 0.016474
280.3488 0.016220
280.7340 0.016277
281.1127 0.016098
281.4873 0.016091
281.8558 0.015771
282.2236 0.015599
282.5782 0.015541
282.9369 0.015485
283.2875 0.015313
283.6325 0.015149
283.9715 0.015035
284.3103 0.014828
284.6452 0.014720
284.9812 0.014639
285.3099 0.014697
285.6351 0.014807
285.9603 0.014776
286.2759 0.014732
286.5936 0.014668
286.9066 0.014847
287.2198 0.014792
287.5312 0.014770
287.8348 0.014655
288.1398 0.014462
288.4400 0.014689
288.7391 0.014703
289.0372 0.014696
289.3352 0.014790
289.6335 0.014600
289.9279 0.014448
290.2211 0.014344
290.5093 0.014417
290.8025 0.014635
291.0882 0.014692
291.3738 0.014619
291.6639 0.014610
291.9504 0.014700
292.2309 0.014704
292.5122 0.014689
292.7906 0.014576
293.0711 0.014474
293.3503 0.014538
293.6258 0.014774
293.9031 0.014783
294.1809 0.014669
294.4545 0.014646
294.7284 0.014503
295.0005 0.014692
295.2784 0.014787
295.5529 0.014723
295.8273 0.014753
296.1007 0.014788
296.3777 0.014796
296.6502 0.014917
296.9262 0.014908
297.2015 0.014880
297.4757 0.014926
297.7494 0.014944
298.0245 0.015077
298.2959 0.015090
298.5693 0.015138
298.8408 0.015160
299.1157 0.015032
299.3903 0.014962
299.6639 0.014949
299.9367 0.014721
300.2092 0.014773
300.4824 0.014938
300.7566 0.014962
301.0334 0.014995
301.3081 0.014978
301.5826 0.014884
301.8578 0.014824
302.1324 0.015160
302.4116 0.015153
302.6916 0.015225
302.9709 0.015143
303.2503 0.015270
303.5275 0.015366
303.8112 0.015370
304.0964 0.015390
304.3797 0.015462
304.6669 0.015454
304.9546 0.015478
305.2405 0.015403
305.5305 0.015382
305.8254 0.015295
306.1201 0.015379
306.4103 0.015288
306.7035 0.015323
306.9961 0.015306
307.2918 0.015123
307.5898 0.014905
307.8913 0.014930
308.1908 0.015061
308.4931 0.015027
308.8035 0.014940
309.1121 0.014942
309.4241 0.015020
309.7337 0.015085
310.0429 0.015034
310.3579 0.014956
310.6736 0.014934
310.9952 0.014972
311.3172 0.014875
311.6485 0.014784
311.9791 0.014913
312.3139 0.015053
312.6509 0.015140
312.9960 0.015097
313.3385 0.015113
313.6899 0.015155
314.0364 0.015551
314.3933 0.015655
314.7540 0.015773
315.1189 0.015912
315.4919 0.015914
315.8628 0.016143
316.2388 0.016326
316.6198 0.016568
317.0041 0.016871
317.4022 0.017137
317.8035 0.016924
318.2073 0.017069
318.6192 0.017101
319.0440 0.017194
319.4676 0.017293
319.9082 0.017260
320.3486 0.017340
320.8012 0.017482
321.2571 0.017655
321.7263 0.017569
322.2014 0.017735
322.6950 0.017880
323.1956 0.018344
323.7062 0.018718
324.2341 0.018682
324.7835 0.018842
325.3378 0.018892
325.9077 0.019507
326.4953 0.019762
327.1052 0.019890
327.7304 0.020031
328.3899 0.020339
329.0714 0.020708
329.7857 0.021169
330.5280 0.021779
331.2958 0.021813
332.0955 0.022490
332.9484 0.023382
333.8557 0.024191
334.8209 0.024789
335.8634 0.026159
336.9745 0.026652
338.1984 0.028021
339.5222 0.029314
341.0200 0.030361
342.6889 0.031683
344.6095 0.032894
346.9274 0.036034
349.7817 0.040582
353.6877 0.048988
354.6494 0.051877
355.7079 0.053489
356.9021 0.055772
358.2688 0.058748
359.8467 0.062979
361.7882 0.069647
364.1873 0.079725
367.5585 0.096971
373.0874 0.129379
378.2651 0.163648
385.0280 0.248434
390.1453 0.352970
 tr1-12-1 3 1
248.3745 0.229604
251.4077 0.178278
256.0013 0.115308
259.7292 0.091416
263.7466 0.067687
266.2316 0.058805
268.0541 0.054932
269.5117 0.050946
270.7158 0.046946
271.8238 0.045009
272.7650 0.041697
273.6040 0.040118
274.3786 0.038883
277.4717 0.033824
279.7957 0.030972
281.6784 0.028078
283.2586 0.026357
284.6609 0.024966
285.9053 0.023704
287.0350 0.022909
288.0706 0.022235
289.0192 0.021642
289.9186 0.020964
290.7585 0.020486
291.5485 0.020147
292.3037 0.020118
293.0225 0.019722
293.7110 0.019450
294.3726 0.019077
294.9934 0.018731
295.6038 0.018547
296.1857 0.018429
296.7487 0.018065
297.2987 0.017841
297.8368 0.017917
298.3612 0.017612
298.8653 0.017293
299.3554 0.017080
299.8386 0.017032
300.3092 0.017042
300.7645 0.016883
301.2201 0.016772
301.6603 0.016663
302.0926 0.016645
302.5119 0.016574
302.9291 0.016545
303.3387 0.016387
303.7412 0.016451
304.1345 0.016566
304.5277 0.016352
304.9133 0.016086
305.2921 0.015863
305.6629 0.015761
306.0320 0.015864
306.3990 0.015659
306.7567 0.015578
307.1081 0.015549
307.4644 0.015493
307.8137 0.015635
308.1570 0.015657
308.5010 0.015717
308.8391 0.015724
309.1745 0.015711
309.5090 0.015657
309.8398 0.015560
310.1661 0.015441
310.4887 0.015568
310.8164 0.015543
311.1371 0.015479
311.4534 0.015550
311.7708 0.015670
312.0842 0.015820
312.3951 0.015750
312.7041 0.015635
313.0117 0.015472
313.3202 0.015491
313.6261 0.015517
313.9283 0.015459
314.2269 0.015409
314.5217 0.015515
314.8193 0.015541
315.1166 0.015461
315.4098 0.015464
315.7054 0.015472
316.0024 0.015459
316.2940 0.015463
316.5886 0.015416
316.8815 0.015372
317.1668 0.015453
317.4543 0.015284
317.7438 0.015312
318.0289 0.015109
318.3164 0.015060
318.5995 0.014933
318.8804 0.015022
319.1649 0.015129
319.4489 0.015125
319.7296 0.015082
320.0125 0.015019
320.2925 0.015040
320.5767 0.015023
320.8617 0.015069
321.1433 0.015144
321.4233 0.015191
321.7042 0.015167
321.9838 0.015071
322.2678 0.015181
322.5506 0.015132
322.8319 0.015077
323.1113 0.015041
323.3904 0.014980
323.6721 0.014722
323.9525 0.014742
324.2356 0.014812
324.5218 0.014705
324.8031 0.014818
325.0891 0.015063
325.3751 0.015201
325.6598 0.015231
325.9462 0.015223
326.2350 0.015351
326.5192 0.015396
326.8085 0.015404
327.0957 0.015437
327.3864 0.015510
327.6760 0.015340
327.9643 0.015255
328.2545 0.015222
328.5490 0.015313
328.8417 0.015366
329.1362 0.015167
329.4310 0.015236
329.7261 0.015293
330.0261 0.015380
330.3251 0.015474
330.6213 0.015469
330.9205 0.015287
331.2224 0.015334
331.5331 0.015376
331.8426 0.015378
332.1521 0.015344
332.4631 0.015336
332.7796 0.015335
333.0931 0.015452
333.4162 0.015478
333.7398 0.015616
334.0592 0.015516
334.3800 0.015611
334.7078 0.015599
335.0379 0.015748
335.3722 0.015859
335.7085 0.015879
336.0408 0.015925
336.3822 0.016174
336.7270 0.016141
337.0751 0.016176
337.4228 0.016135
337.7706 0.016147
338.1317 0.016329
338.4934 0.016434
338.8610 0.016558
339.2329 0.016569
339.6031 0.016639
339.9840 0.016704
340.3697 0.016347
340.7541 0.016413
341.1520 0.016500
341.5510 0.016479
341.9547 0.016471
342.3646 0.016695
342.7829 0.016942
343.2065 0.017215
343.6397 0.017244
344.0855 0.017469
344.5341 0.017424
344.9958 0.017488
345.4587 0.017852
345.9309 0.017816
346.4086 0.017632
346.9080 0.017691
347.4132 0.017902
347.9306 0.017973
348.4595 0.017791
348.9968 0.018085
349.5549 0.018458
350.1290 0.018914
350.7137 0.019188
351.3123 0.019607
351.9384 0.019587
352.5844 0.019838
353.2528 0.020219
353.9511 0.020931
354.6760 0.022004
355.4443 0.022569
356.2297 0.022637
357.0742 0.023629
357.9581 0.024116
358.8931 0.024402
359.8709 0.024804
360.9363 0.025755
362.0623 0.026793
363.3082 0.027321
364.6753 0.027738
366.2140 0.029432
367.9463 0.032961
369.9464 0.035358
372.3007 0.037949
375.2436 0.043439
379.2652 0.051992
380.2711 0.053673
381.3815 0.056251
382.6274 0.059374
384.0398 0.063559
385.7015 0.066231
387.7129 0.075134
390.2200 0.084586
393.6744 0.100204
399.3204 0.137381
404.8704 0.181583
411.8932 0.275354
416.6366 0.365078
tr1s-12-1 3 1
258.7259 0.252138
262.0004 0.185810
266.7239 0.123786
270.5195 0.091752
274.6476 0.071536
277.1708 0.061565
279.0578 0.054969
280.5458 0.051500
281.7883 0.048029
282.8968 0.044826
283.8620 0.043342
284.7213 0.041145
285.5018 0.039220
288.6576 0.033684
291.0110 0.031180
292.9174 0.028451
294.5449 0.026902
295.9798 0.024667
297.2423 0.024187
298.4021 0.023428
299.4437 0.023242
300.4159 0.022259
301.3250 0.021616
302.1733 0.020792
302.9861 0.020385
303.7585 0.019802
304.4887 0.019761
305.1915 0.019949
305.8569 0.019636
306.4975 0.019220
307.1181 0.018821
307.7151 0.018168
308.2879 0.018087
308.8484 0.017990
309.3947 0.017790
309.9194 0.017699
310.4284 0.017863
310.9310 0.017591
311.4185 0.017665
311.8946 0.017558
312.3600 0.017273
312.8205 0.017133
313.2734 0.017155
313.7133 0.017079
314.1432 0.017072
314.5690 0.016800
314.9893 0.016737
315.3985 0.016508
315.8053 0.016365
316.2021 0.016432
316.5862 0.016468
316.9722 0.016367
317.3545 0.016160
317.7233 0.016251
318.0946 0.016206
318.4632 0.016159
318.8288 0.016043
319.1911 0.015802
319.5494 0.015809
319.9058 0.015780
320.2525 0.015860
320.5957 0.015801
320.9396 0.015774
321.2794 0.015675
321.6124 0.015525
321.9457 0.015577
322.2763 0.015705
322.6004 0.015711
322.9266 0.015320
323.2502 0.015322
323.5712 0.015295
323.8919 0.015105
324.2105 0.015187
324.5249 0.015041
324.8412 0.014942
325.1518 0.014963
325.4616 0.015079
325.7695 0.015108
326.0749 0.015144
326.3816 0.015257
326.6826 0.015391
326.9833 0.015487
327.2847 0.015514
327.5845 0.015635
327.8809 0.015558
328.1774 0.015704
328.4749 0.015623
328.7696 0.015454
329.0615 0.015503
329.3590 0.015525
329.6509 0.015653
329.9360 0.015603
330.2254 0.015469
330.5140 0.015600
330.8040 0.015736
331.0955 0.015654
331.3849 0.015495
331.6736 0.015510
331.9613 0.015650
332.2471 0.015598
332.5368 0.015576
332.8214 0.015527
333.1038 0.015296
333.3897 0.015357
333.6775 0.015332
333.9638 0.015165
334.2514 0.015138
334.5365 0.015166
334.8209 0.015316
335.1036 0.015368
335.3884 0.015185
335.6777 0.015182
335.9723 0.015308
336.2606 0.015278
336.5490 0.015373
336.8386 0.015417
337.1312 0.015469
337.4202 0.015572
337.7092 0.015637
337.9981 0.015603
338.2867 0.015578
338.5769 0.015543
338.8689 0.015578
339.1595 0.015665
339.4545 0.015549
339.7496 0.015528
340.0472 0.015396
340.3435 0.015367
340.6458 0.015550
340.9441 0.015656
341.2428 0.015585
341.5443 0.015582
341.8459 0.015695
342.1517 0.015827
342.4537 0.015960
342.7620 0.015926
343.0658 0.015916
343.3724 0.015903
343.6820 0.015902
343.9945 0.015812
344.3069 0.015761
344.6248 0.015811
344.9414 0.015872
345.2642 0.015910
345.5867 0.015943
345.9120 0.015891
346.2350 0.015748
346.5661 0.015713
346.8941 0.015728
347.2286 0.015884
347.5662 0.016098
347.9053 0.016203
348.2435 0.016226
348.5927 0.016376
348.9414 0.016221
349.2950 0.016150
349.6541 0.015970
350.0137 0.015996
350.3782 0.016131
350.7450 0.016318
351.1160 0.016535
351.4895 0.016730
351.8727 0.016891
352.2579 0.017186
352.6515 0.017033
353.0482 0.017360
353.4485 0.017385
353.8568 0.017405
354.2688 0.017478
354.6838 0.017406
355.1080 0.017476
355.5357 0.017647
355.9732 0.017963
356.4170 0.018061
356.8663 0.017966
357.3265 0.018094
357.7972 0.017944
358.2746 0.018112
358.7673 0.018210
359.2743 0.018351
359.7883 0.018232
360.3120 0.018383
360.8456 0.018720
361.3963 0.018802
361.9661 0.018897
362.5440 0.019276
363.1423 0.019502
363.7546 0.019544
364.3903 0.019822
365.0498 0.020414
365.7374 0.021177
366.4534 0.021762
367.1938 0.022178
367.9621 0.022478
368.7625 0.023207
369.6123 0.023667
370.5116 0.023854
371.4550 0.024465
372.4656 0.024938
373.5377 0.025279
374.6969 0.026275
375.9616 0.026841
377.3419 0.027691
378.8980 0.029967
380.6382 0.032272
382.6680 0.033974
385.0718 0.037538
388.0639 0.042885
392.1404 0.049950
393.1465 0.052462
394.2157 0.055486
395.5200 0.060320
396.9684 0.064141
398.6629 0.068139
400.6657 0.074106
403.1896 0.082386
406.7119 0.103738
412.4467 0.136721
418.0641 0.188657
424.9757 0.271214
430.2704 0.364793
 tr2-12-1 3 1
270.2733 0.232519
273.7223 0.178253
278.4732 0.128535
282.3845 0.094535
286.5197 0.069186
289.0773 0.057897
290.9028 0.053825
292.4260 0.048131
293.7069 0.046049
294.8118 0.044222
295.7778 0.042097
296.6750 0.039532
297.4836 0.038689
300.6731 0.032833
303.0820 0.030543
305.0344 0.028994
306.6901 0.027176
308.1426 0.026039
309.4435 0.024410
310.6188 0.023974
311.6756 0.022783
312.6585 0.022150
313.5805 0.021863
314.4516 0.021645
315.2741 0.021413
316.0603 0.021026
316.7972 0.020345
317.4998 0.019472
318.1825 0.018900
318.8331 0.018608
319.4602 0.018643
320.0624 0.018384
320.6565 0.018412
321.2255 0.018074
321.7795 0.017941
322.3202 0.017696
322.8484 0.017367
323.3577 0.016936
323.8584 0.017082
324.3451 0.017215
324.8207 0.017254
325.2842 0.017065
325.7429 0.016871
326.1932 0.016815
326.6381 0.016753
327.0753 0.016544
327.4956 0.016523
327.9198 0.016448
328.3293 0.016471
328.7308 0.016404
329.1273 0.016342
329.5216 0.016106
329.9128 0.016149
330.2943 0.016443
330.6726 0.016439
331.0473 0.016364
331.4184 0.016263
331.7836 0.016313
332.1433 0.016290
332.5023 0.016171
332.8605 0.016066
333.2105 0.016019
333.5595 0.016014
333.9045 0.015990
334.2458 0.015870
334.5885 0.015780
334.9245 0.015710
335.2568 0.015653
335.5824 0.015601
335.9097 0.015472
336.2322 0.015332
336.5548 0.015280
336.8766 0.015355
337.1975 0.015151
337.5158 0.015195
337.8320 0.015208
338.1465 0.015172
338.4553 0.015174
338.7603 0.015100
339.0701 0.015277
339.3769 0.015270
339.6818 0.015299
339.9836 0.015128
340.2855 0.015281
340.5880 0.015284
340.8885 0.015081
341.1904 0.015025
341.4916 0.015106
341.7893 0.015059
342.0886 0.015176
342.3899 0.015343
342.6841 0.015353
342.9785 0.015305
343.2697 0.015317
343.5646 0.015375
343.8576 0.015404
344.1522 0.015478
344.4429 0.015415
344.7402 0.015356
345.0306 0.015127
345.3266 0.015190
345.6217 0.015333
345.9170 0.015160
346.2067 0.015198
346.4954 0.015231
346.7858 0.015178
347.0759 0.015286
347.3658 0.015251
347.6541 0.015268
347.9449 0.015332
348.2406 0.015450
348.5311 0.015482
348.8204 0.015587
349.1120 0.015601
349.4065 0.015542
349.7016 0.015471
349.9945 0.015499
350.2872 0.015619
350.5780 0.015551
350.8741 0.015418
351.1715 0.015494
351.4648 0.015569
351.7646 0.015680
352.0613 0.015645
352.3589 0.015780
352.6631 0.015793
352.9623 0.015802
353.2597 0.015990
353.5615 0.015906
353.8648 0.015877
354.1678 0.015855
354.4713 0.015794
354.7776 0.015921
355.0828 0.015770
355.3927 0.015547
355.7038 0.015693
356.0168 0.015796
356.3299 0.015675
356.6444 0.015709
356.9626 0.015727
357.2830 0.015642
357.6067 0.015700
357.9282 0.015460
358.2535 0.015537
358.5824 0.015296
358.9119 0.015430
359.2419 0.015480
359.5798 0.015642
359.9163 0.015675
360.2579 0.015675
360.6004 0.015680
360.9451 0.015839
361.2922 0.015687
361.6467 0.015623
361.9966 0.015366
362.3534 0.015443
362.7139 0.015666
363.0859 0.015813
363.4547 0.016241
363.8292 0.016278
364.2044 0.016232
364.5828 0.016237
364.9654 0.016182
365.3586 0.016455
365.7526 0.016533
366.1519 0.016447
366.5583 0.016300
366.9727 0.016459
367.3900 0.016449
367.8173 0.016363
368.2415 0.016662
368.6839 0.016731
369.1247 0.016857
369.5814 0.016934
370.0430 0.016725
370.5176 0.016801
370.9930 0.017229
371.4826 0.017301
371.9834 0.017368
372.4887 0.017641
373.0083 0.017753
373.5473 0.017998
374.0977 0.018217
374.6594 0.018338
375.2359 0.018659
375.8174 0.018959
376.4168 0.019079
377.0380 0.019473
377.6771 0.019924
378.3482 0.020321
379.0451 0.020980
379.7727 0.021566
380.5211 0.021613
381.3043 0.022200
382.1283 0.022684
382.9812 0.023030
383.8925 0.023794
384.8516 0.024468
385.8658 0.025552
386.9632 0.025774
388.1398 0.026814
389.4229 0.027745
390.8284 0.028987
392.4029 0.030680
394.1581 0.032558
396.1907 0.035071
398.6050 0.038526
401.6592 0.042282
405.7815 0.050489
406.8234 0.053496
407.9378 0.056892
409.1945 0.060040
410.6600 0.063971
412.3658 0.069898
414.4089 0.079543
416.9616 0.088034
420.4475 0.104138
426.2049 0.134813
431.7354 0.179197
439.2557 0.271712
444.0199 0.374975
tr2s-12-1 3 1
281.0922 0.241270
284.7222 0.183501
289.6755 0.130005
293.6153 0.095429
297.7665 0.067743
300.3892 0.059584
302.2760 0.056314
303.7933 0.052334
305.0581 0.047471
306.1550 0.045447
307.1693 0.043587
308.0743 0.041530
308.8978 0.039611
312.1779 0.035776
314.5869 0.031346
316.5602 0.028864
318.2329 0.027252
319.6917 0.025548
321.0056 0.024607
322.1768 0.023366
323.2654 0.022883
324.2632 0.022300
325.1951 0.021674
326.0671 0.021476
326.8958 0.021008
327.6868 0.020844
328.4409 0.020198
329.1613 0.019698
329.8439 0.019671
330.5048 0.019544
331.1474 0.019391
331.7690 0.019104
332.3662 0.018993
332.9444 0.018726
333.4993 0.018566
334.0389 0.018304
334.5718 0.018478
335.0905 0.018196
335.5951 0.017814
336.0894 0.017950
336.5724 0.017602
337.0392 0.017197
337.5024 0.016912
337.9538 0.016800
338.3985 0.016723
338.8346 0.016606
339.2583 0.016649
339.6788 0.016584
340.0958 0.016252
340.5084 0.016236
340.9157 0.016311
341.3146 0.016414
341.7100 0.016366
342.0972 0.016314
342.4742 0.016160
342.8531 0.016174
343.2257 0.016350
343.5921 0.016244
343.9634 0.016118
344.3285 0.016194
344.6866 0.016220
345.0435 0.016151
345.3983 0.016224
345.7439 0.016134
346.0922 0.016096
346.4343 0.016023
346.7720 0.016021
347.1115 0.016046
347.4468 0.016213
347.7806 0.016058
348.1070 0.016091
348.4336 0.015867
348.7564 0.015761
349.0798 0.015804
349.3990 0.015540
349.7185 0.015451
350.0375 0.015434
350.3551 0.015528
350.6681 0.015575
350.9827 0.015639
351.2886 0.015603
351.5957 0.015530
351.9044 0.015562
352.2119 0.015516
352.5201 0.015435
352.8248 0.015498
353.1278 0.015471
353.4276 0.015577
353.7300 0.015575
354.0324 0.015623
354.3351 0.015469
354.6298 0.015364
354.9286 0.015451
355.2271 0.015442
355.5234 0.015605
355.8208 0.015662
356.1168 0.015962
356.4123 0.015859
356.7108 0.015734
357.0060 0.015769
357.3015 0.015812
357.5961 0.015792
357.8892 0.015790
358.1862 0.015758
358.4792 0.015812
358.7737 0.015874
359.0671 0.015862
359.3624 0.015926
359.6600 0.015873
359.9524 0.015964
360.2438 0.016002
360.5376 0.015951
360.8292 0.015941
361.1221 0.015946
361.4160 0.015966
361.7108 0.015844
362.0073 0.015714
362.3030 0.015594
362.6007 0.015725
362.8998 0.015834
363.1964 0.015816
363.4952 0.015814
363.7936 0.015690
364.0931 0.015583
364.3937 0.015593
364.6958 0.015687
364.9983 0.015453
365.3047 0.015614
365.6049 0.015530
365.9105 0.015535
366.2157 0.015604
366.5282 0.015597
366.8374 0.015651
367.1510 0.015607
367.4644 0.015809
367.7759 0.015880
368.0925 0.015879
368.4122 0.015865
368.7335 0.016032
369.0550 0.016026
369.3794 0.015996
369.7051 0.015865
370.0311 0.015986
370.3611 0.015938
370.6936 0.015908
371.0298 0.015966
371.3659 0.016031
371.7016 0.015849
372.0447 0.015910
372.3895 0.016032
372.7344 0.015982
373.0835 0.015975
373.4333 0.015894
373.7887 0.016051
374.1477 0.016248
374.5094 0.016426
374.8754 0.016467
375.2395 0.016581
375.6129 0.016618
375.9965 0.016401
376.3773 0.016578
376.7705 0.016408
377.1581 0.016235
377.5539 0.016369
377.9536 0.016301
378.3579 0.016243
378.7690 0.016392
379.1847 0.016535
379.6063 0.016676
380.0284 0.016741
380.4572 0.016724
380.9017 0.016951
381.3498 0.017109
381.8121 0.017270
382.2756 0.017294
382.7538 0.017483
383.2375 0.017872
383.7251 0.018262
384.2267 0.018457
384.7454 0.018690
385.2682 0.018430
385.8043 0.018582
386.3540 0.018605
386.9167 0.018700
387.4944 0.018801
388.0891 0.019091
388.7042 0.019173
389.3381 0.019336
389.9822 0.019625
390.6636 0.020133
391.3651 0.020183
392.0981 0.020430
392.8596 0.021253
393.6524 0.021669
394.4780 0.021726
395.3469 0.022100
396.2568 0.023149
397.2317 0.023803
398.2522 0.024851
399.3421 0.025585
400.5361 0.027021
401.8227 0.027456
403.2424 0.028914
404.8224 0.030462
406.5724 0.033141
408.6360 0.035201
411.1036 0.037870
414.1616 0.042731
418.3008 0.053669
419.3392 0.056716
420.5002 0.057936
421.7776 0.060107
423.2475 0.063012
424.9847 0.069651
426.9674 0.075317
429.5873 0.089183
433.1979 0.104325
438.9895 0.144132
444.6877 0.183075
451.8769 0.270720
457.0926 0.388088
