Copyright (C) 1998 James G. MacKinnon, Alfred A. Haug, and Leo Michelis.
 lm0-04-1 2 1
  6.4002 0.013871
  6.7192 0.010975
  7.2228 0.007449
  7.6464 0.006164
  8.1266 0.004741
  8.4337 0.004149
  8.6702 0.003972
  8.8595 0.003779
  9.0218 0.003632
  9.1653 0.003510
  9.2917 0.003322
  9.4070 0.003124
  9.5114 0.003020
  9.9416 0.002703
 10.2707 0.002575
 10.5463 0.002416
 10.7815 0.002288
 10.9914 0.002247
 11.1810 0.002232
 11.3552 0.002149
 11.5153 0.002145
 11.6665 0.002142
 11.8078 0.002089
 11.9409 0.002056
 12.0680 0.002028
 12.1894 0.001969
 12.3056 0.001925
 12.4181 0.001880
 12.5262 0.001841
 12.6314 0.001834
 12.7327 0.001856
 12.8312 0.001823
 12.9274 0.001797
 13.0208 0.001803
 13.1117 0.001807
 13.2011 0.001774
 13.2886 0.001777
 13.3743 0.001791
 13.4588 0.001778
 13.5412 0.001793
 13.6223 0.001772
 13.7012 0.001772
 13.7796 0.001791
 13.8559 0.001785
 13.9319 0.001757
 14.0063 0.001774
 14.0804 0.001767
 14.1526 0.001753
 14.2248 0.001748
 14.2958 0.001759
 14.3667 0.001730
 14.4369 0.001725
 14.5056 0.001736
 14.5738 0.001727
 14.6415 0.001723
 14.7086 0.001743
 14.7755 0.001759
 14.8416 0.001767
 14.9070 0.001766
 14.9717 0.001759
 15.0362 0.001776
 15.1007 0.001774
 15.1640 0.001787
 15.2278 0.001776
 15.2910 0.001773
 15.3536 0.001776
 15.4161 0.001783
 15.4782 0.001798
 15.5402 0.001787
 15.6016 0.001770
 15.6629 0.001763
 15.7236 0.001764
 15.7837 0.001768
 15.8447 0.001745
 15.9050 0.001751
 15.9653 0.001779
 16.0253 0.001781
 16.0857 0.001770
 16.1455 0.001769
 16.2054 0.001777
 16.2647 0.001783
 16.3240 0.001789
 16.3831 0.001797
 16.4425 0.001790
 16.5020 0.001776
 16.5613 0.001788
 16.6202 0.001765
 16.6796 0.001789
 16.7389 0.001785
 16.7977 0.001798
 16.8567 0.001805
 16.9158 0.001791
 16.9741 0.001807
 17.0327 0.001813
 17.0916 0.001821
 17.1502 0.001822
 17.2089 0.001820
 17.2683 0.001827
 17.3273 0.001826
 17.3864 0.001850
 17.4463 0.001872
 17.5057 0.001867
 17.5649 0.001856
 17.6246 0.001866
 17.6843 0.001864
 17.7444 0.001857
 17.8041 0.001862
 17.8639 0.001869
 17.9240 0.001884
 17.9847 0.001883
 18.0453 0.001884
 18.1059 0.001899
 18.1668 0.001927
 18.2281 0.001929
 18.2891 0.001936
 18.3508 0.001943
 18.4127 0.001924
 18.4746 0.001932
 18.5366 0.001933
 18.5993 0.001940
 18.6615 0.001936
 18.7245 0.001948
 18.7881 0.001935
 18.8517 0.001951
 18.9163 0.001952
 18.9808 0.001975
 19.0453 0.001966
 19.1105 0.001986
 19.1765 0.001992
 19.2422 0.001995
 19.3086 0.001996
 19.3758 0.001975
 19.4431 0.001990
 19.5106 0.001979
 19.5787 0.001993
 19.6475 0.002029
 19.7167 0.002034
 19.7861 0.002055
 19.8567 0.002068
 19.9282 0.002077
 19.9989 0.002119
 20.0713 0.002136
 20.1440 0.002128
 20.2170 0.002129
 20.2914 0.002130
 20.3660 0.002141
 20.4411 0.002164
 20.5171 0.002190
 20.5936 0.002199
 20.6713 0.002193
 20.7499 0.002206
 20.8297 0.002219
 20.9094 0.002210
 20.9904 0.002233
 21.0724 0.002255
 21.1559 0.002297
 21.2406 0.002317
 21.3259 0.002307
 21.4127 0.002305
 21.5000 0.002308
 21.5890 0.002303
 21.6787 0.002322
 21.7699 0.002322
 21.8631 0.002355
 21.9574 0.002379
 22.0535 0.002385
 22.1507 0.002418
 22.2496 0.002441
 22.3503 0.002472
 22.4533 0.002485
 22.5576 0.002519
 22.6643 0.002560
 22.7730 0.002640
 22.8834 0.002679
 22.9961 0.002685
 23.1115 0.002687
 23.2308 0.002761
 23.3516 0.002813
 23.4758 0.002863
 23.6038 0.002892
 23.7343 0.002872
 23.8683 0.002933
 24.0052 0.003014
 24.1474 0.003086
 24.2941 0.003180
 24.4454 0.003188
 24.6024 0.003232
 24.7652 0.003217
 24.9337 0.003305
 25.1099 0.003352
 25.2930 0.003404
 25.4813 0.003448
 25.6792 0.003473
 25.8886 0.003581
 26.1098 0.003772
 26.3406 0.003800
 26.5870 0.003778
 26.8475 0.003934
 27.1271 0.004063
 27.4265 0.004250
 27.7525 0.004510
 28.1129 0.004723
 28.5111 0.004932
 28.9578 0.005022
 29.4628 0.005239
 30.0566 0.005671
 30.7736 0.006453
 31.6816 0.007487
 32.9178 0.009088
 33.2322 0.009778
 33.5809 0.010407
 33.9861 0.011044
 34.4452 0.011408
 34.9825 0.012634
 35.6492 0.014279
 36.4797 0.016524
 37.6453 0.020158
 39.5917 0.026716
 41.5029 0.039496
 44.0227 0.059997
 45.7902 0.075073
 lm1-04-1 2 1
  8.2584 0.017388
  8.6289 0.013013
  9.2081 0.008851
  9.6981 0.006952
 10.2259 0.005696
 10.5721 0.004999
 10.8345 0.004668
 11.0433 0.004393
 11.2234 0.004135
 11.3791 0.003812
 11.5190 0.003608
 11.6456 0.003518
 11.7604 0.003419
 12.2323 0.003027
 12.5954 0.002841
 12.8959 0.002694
 13.1548 0.002643
 13.3821 0.002532
 13.5872 0.002408
 13.7759 0.002357
 13.9504 0.002302
 14.1140 0.002282
 14.2682 0.002177
 14.4138 0.002107
 14.5526 0.002120
 14.6843 0.002098
 14.8100 0.002078
 14.9325 0.002045
 15.0494 0.001984
 15.1627 0.001976
 15.2733 0.001976
 15.3807 0.001963
 15.4849 0.001934
 15.5857 0.001904
 15.6854 0.001877
 15.7817 0.001862
 15.8753 0.001844
 15.9673 0.001845
 16.0578 0.001869
 16.1464 0.001878
 16.2335 0.001893
 16.3189 0.001865
 16.4040 0.001870
 16.4868 0.001841
 16.5692 0.001829
 16.6499 0.001818
 16.7296 0.001805
 16.8089 0.001814
 16.8867 0.001777
 16.9632 0.001755
 17.0394 0.001753
 17.1144 0.001753
 17.1883 0.001746
 17.2615 0.001763
 17.3346 0.001772
 17.4065 0.001780
 17.4777 0.001779
 17.5490 0.001785
 17.6190 0.001795
 17.6889 0.001772
 17.7584 0.001804
 17.8273 0.001794
 17.8963 0.001813
 17.9640 0.001810
 18.0316 0.001827
 18.0987 0.001806
 18.1657 0.001782
 18.2326 0.001770
 18.2989 0.001783
 18.3647 0.001791
 18.4304 0.001807
 18.4960 0.001841
 18.5610 0.001848
 18.6260 0.001845
 18.6904 0.001863
 18.7552 0.001878
 18.8191 0.001885
 18.8835 0.001892
 18.9474 0.001885
 19.0112 0.001874
 19.0745 0.001882
 19.1378 0.001889
 19.2012 0.001901
 19.2639 0.001885
 19.3268 0.001901
 19.3898 0.001911
 19.4530 0.001910
 19.5157 0.001909
 19.5784 0.001924
 19.6416 0.001923
 19.7041 0.001927
 19.7668 0.001929
 19.8296 0.001939
 19.8923 0.001951
 19.9553 0.001944
 20.0187 0.001931
 20.0815 0.001945
 20.1445 0.001951
 20.2079 0.001960
 20.2710 0.001954
 20.3339 0.001936
 20.3972 0.001930
 20.4605 0.001937
 20.5238 0.001924
 20.5873 0.001949
 20.6506 0.001938
 20.7142 0.001950
 20.7781 0.001960
 20.8425 0.001975
 20.9069 0.001958
 20.9711 0.001959
 21.0356 0.001976
 21.1005 0.001985
 21.1661 0.002006
 21.2316 0.001985
 21.2970 0.001998
 21.3632 0.002015
 21.4292 0.002017
 21.4954 0.002020
 21.5615 0.002036
 21.6282 0.002047
 21.6953 0.002048
 21.7630 0.002057
 21.8309 0.002057
 21.8991 0.002070
 21.9675 0.002100
 22.0357 0.002094
 22.1049 0.002079
 22.1742 0.002089
 22.2441 0.002079
 22.3139 0.002075
 22.3846 0.002069
 22.4557 0.002106
 22.5276 0.002113
 22.5998 0.002125
 22.6723 0.002145
 22.7456 0.002155
 22.8197 0.002159
 22.8936 0.002177
 22.9683 0.002187
 23.0437 0.002220
 23.1202 0.002230
 23.1969 0.002255
 23.2743 0.002263
 23.3526 0.002261
 23.4315 0.002284
 23.5112 0.002283
 23.5920 0.002256
 23.6739 0.002255
 23.7554 0.002280
 23.8383 0.002288
 23.9220 0.002319
 24.0071 0.002321
 24.0932 0.002323
 24.1797 0.002341
 24.2665 0.002358
 24.3551 0.002367
 24.4454 0.002380
 24.5366 0.002381
 24.6294 0.002421
 24.7235 0.002430
 24.8181 0.002487
 24.9147 0.002464
 25.0125 0.002457
 25.1120 0.002490
 25.2130 0.002501
 25.3158 0.002502
 25.4199 0.002541
 25.5251 0.002581
 25.6336 0.002625
 25.7437 0.002676
 25.8552 0.002722
 25.9692 0.002723
 26.0854 0.002741
 26.2045 0.002807
 26.3271 0.002858
 26.4511 0.002879
 26.5784 0.002890
 26.7089 0.002909
 26.8426 0.002929
 26.9800 0.002961
 27.1218 0.002965
 27.2670 0.003042
 27.4158 0.003084
 27.5699 0.003070
 27.7283 0.003124
 27.8925 0.003213
 28.0635 0.003247
 28.2403 0.003296
 28.4230 0.003385
 28.6142 0.003489
 28.8144 0.003525
 29.0215 0.003545
 29.2391 0.003620
 29.4688 0.003771
 29.7117 0.003940
 29.9693 0.004071
 30.2437 0.004232
 30.5380 0.004354
 30.8556 0.004569
 31.1978 0.004709
 31.5742 0.005025
 31.9921 0.005282
 32.4626 0.005619
 32.9926 0.006039
 33.6054 0.006676
 34.3520 0.007398
 35.2936 0.008320
 36.5970 0.010142
 36.9324 0.010490
 37.3038 0.010735
 37.7123 0.011297
 38.1842 0.011837
 38.7487 0.012705
 39.4357 0.013839
 40.2905 0.015844
 41.4859 0.019082
 43.4780 0.026135
 45.4375 0.036813
 47.9931 0.057148
 49.9501 0.085445
lm1s-04-1 2 1
  8.9068 0.017825
  9.2851 0.013690
  9.8729 0.009222
 10.3612 0.007276
 10.9127 0.005570
 11.2617 0.004939
 11.5229 0.004623
 11.7348 0.004233
 11.9174 0.004008
 12.0746 0.003789
 12.2169 0.003674
 12.3438 0.003618
 12.4595 0.003514
 12.9399 0.003005
 13.3042 0.002841
 13.6062 0.002802
 13.8674 0.002616
 14.0988 0.002527
 14.3065 0.002367
 14.4962 0.002313
 14.6728 0.002320
 14.8385 0.002297
 14.9944 0.002230
 15.1416 0.002168
 15.2801 0.002109
 15.4138 0.002062
 15.5413 0.002033
 15.6641 0.002041
 15.7825 0.002010
 15.8964 0.002000
 16.0079 0.001956
 16.1143 0.001957
 16.2190 0.001975
 16.3208 0.001991
 16.4201 0.001972
 16.5173 0.001971
 16.6124 0.001939
 16.7053 0.001941
 16.7966 0.001951
 16.8864 0.001917
 16.9743 0.001888
 17.0618 0.001859
 17.1462 0.001849
 17.2293 0.001860
 17.3121 0.001859
 17.3941 0.001857
 17.4741 0.001844
 17.5534 0.001835
 17.6313 0.001832
 17.7081 0.001824
 17.7846 0.001816
 17.8603 0.001809
 17.9341 0.001793
 18.0079 0.001779
 18.0810 0.001762
 18.1539 0.001768
 18.2266 0.001771
 18.2981 0.001759
 18.3687 0.001791
 18.4389 0.001796
 18.5087 0.001792
 18.5781 0.001834
 18.6476 0.001847
 18.7155 0.001835
 18.7836 0.001858
 18.8513 0.001863
 18.9186 0.001846
 18.9859 0.001842
 19.0524 0.001861
 19.1186 0.001877
 19.1841 0.001871
 19.2491 0.001859
 19.3143 0.001820
 19.3796 0.001838
 19.4444 0.001846
 19.5092 0.001856
 19.5735 0.001849
 19.6377 0.001852
 19.7014 0.001868
 19.7653 0.001870
 19.8291 0.001878
 19.8927 0.001881
 19.9570 0.001910
 20.0204 0.001908
 20.0841 0.001912
 20.1482 0.001914
 20.2116 0.001917
 20.2748 0.001927
 20.3384 0.001938
 20.4016 0.001933
 20.4649 0.001938
 20.5278 0.001937
 20.5907 0.001931
 20.6535 0.001957
 20.7168 0.001959
 20.7796 0.001942
 20.8430 0.001951
 20.9068 0.001946
 20.9698 0.001953
 21.0328 0.001968
 21.0961 0.001951
 21.1597 0.001947
 21.2233 0.001950
 21.2872 0.001927
 21.3512 0.001916
 21.4150 0.001915
 21.4793 0.001903
 21.5434 0.001899
 21.6081 0.001918
 21.6725 0.001941
 21.7371 0.001965
 21.8019 0.001998
 21.8665 0.002005
 21.9322 0.002011
 21.9977 0.002028
 22.0633 0.002034
 22.1296 0.002019
 22.1954 0.002040
 22.2619 0.002029
 22.3284 0.002013
 22.3951 0.002015
 22.4624 0.002026
 22.5299 0.002034
 22.5982 0.002047
 22.6657 0.002067
 22.7343 0.002107
 22.8035 0.002120
 22.8725 0.002109
 22.9422 0.002143
 23.0127 0.002158
 23.0834 0.002165
 23.1546 0.002185
 23.2259 0.002198
 23.2974 0.002213
 23.3699 0.002206
 23.4423 0.002206
 23.5157 0.002229
 23.5900 0.002264
 23.6648 0.002248
 23.7403 0.002257
 23.8159 0.002269
 23.8919 0.002275
 23.9693 0.002293
 24.0471 0.002278
 24.1258 0.002280
 24.2045 0.002297
 24.2850 0.002272
 24.3657 0.002286
 24.4470 0.002297
 24.5295 0.002301
 24.6133 0.002292
 24.6966 0.002293
 24.7810 0.002323
 24.8665 0.002325
 24.9533 0.002315
 25.0412 0.002314
 25.1305 0.002371
 25.2210 0.002393
 25.3123 0.002419
 25.4053 0.002463
 25.4990 0.002489
 25.5944 0.002504
 25.6908 0.002543
 25.7890 0.002526
 25.8891 0.002543
 25.9901 0.002578
 26.0925 0.002612
 26.1974 0.002634
 26.3032 0.002629
 26.4112 0.002666
 26.5214 0.002702
 26.6332 0.002748
 26.7477 0.002758
 26.8644 0.002765
 26.9842 0.002782
 27.1059 0.002799
 27.2312 0.002865
 27.3592 0.002872
 27.4904 0.002894
 27.6244 0.002956
 27.7621 0.002980
 27.9041 0.002985
 28.0500 0.003036
 28.1996 0.003078
 28.3550 0.003135
 28.5133 0.003230
 28.6768 0.003237
 28.8477 0.003346
 29.0244 0.003423
 29.2081 0.003423
 29.3968 0.003438
 29.5976 0.003452
 29.8054 0.003625
 30.0251 0.003730
 30.2551 0.003888
 30.4979 0.003935
 30.7555 0.004037
 31.0332 0.004202
 31.3277 0.004416
 31.6450 0.004525
 31.9918 0.004735
 32.3695 0.004929
 32.7858 0.005113
 33.2489 0.005485
 33.7776 0.005886
 34.3984 0.006387
 35.1377 0.006975
 36.0838 0.008253
 37.3799 0.009798
 37.7099 0.010376
 38.0813 0.010947
 38.4931 0.011223
 38.9791 0.011934
 39.5387 0.012943
 40.2160 0.014017
 41.0809 0.016367
 42.2724 0.019612
 44.2948 0.026624
 46.2496 0.036146
 48.8069 0.058247
 50.7259 0.083610
 lm2-04-1 2 1
 10.2050 0.017773
 10.6018 0.014089
 11.2227 0.010410
 11.7744 0.007973
 12.3559 0.006286
 12.7318 0.005590
 13.0158 0.005224
 13.2493 0.004897
 13.4439 0.004428
 13.6133 0.004193
 13.7657 0.004055
 13.9043 0.003835
 14.0318 0.003616
 14.5404 0.003199
 14.9313 0.002977
 15.2563 0.002805
 15.5360 0.002697
 15.7826 0.002593
 16.0055 0.002576
 16.2083 0.002543
 16.3966 0.002442
 16.5733 0.002441
 16.7393 0.002348
 16.8952 0.002268
 17.0442 0.002292
 17.1865 0.002247
 17.3231 0.002198
 17.4542 0.002141
 17.5813 0.002120
 17.7041 0.002070
 17.8218 0.002058
 17.9360 0.002057
 18.0472 0.002074
 18.1553 0.002050
 18.2617 0.002052
 18.3649 0.002046
 18.4661 0.002030
 18.5646 0.002019
 18.6619 0.002011
 18.7574 0.002009
 18.8505 0.002005
 18.9425 0.002000
 19.0328 0.002003
 19.1218 0.002016
 19.2091 0.002015
 19.2953 0.002009
 19.3803 0.001995
 19.4641 0.001966
 19.5467 0.001941
 19.6280 0.001912
 19.7091 0.001905
 19.7894 0.001920
 19.8684 0.001932
 19.9466 0.001915
 20.0235 0.001905
 20.1002 0.001889
 20.1763 0.001890
 20.2516 0.001913
 20.3261 0.001924
 20.3998 0.001914
 20.4744 0.001883
 20.5480 0.001877
 20.6207 0.001886
 20.6927 0.001891
 20.7645 0.001907
 20.8359 0.001906
 20.9075 0.001893
 20.9790 0.001849
 21.0489 0.001840
 21.1189 0.001866
 21.1879 0.001875
 21.2575 0.001885
 21.3272 0.001887
 21.3965 0.001863
 21.4647 0.001857
 21.5329 0.001881
 21.6008 0.001877
 21.6687 0.001874
 21.7364 0.001865
 21.8041 0.001876
 21.8711 0.001872
 21.9379 0.001877
 22.0052 0.001866
 22.0727 0.001867
 22.1399 0.001893
 22.2067 0.001902
 22.2735 0.001905
 22.3400 0.001934
 22.4069 0.001941
 22.4732 0.001944
 22.5395 0.001920
 22.6058 0.001930
 22.6729 0.001916
 22.7391 0.001916
 22.8056 0.001931
 22.8720 0.001928
 22.9389 0.001950
 23.0055 0.001978
 23.0720 0.002013
 23.1387 0.002006
 23.2054 0.002015
 23.2722 0.002027
 23.3394 0.002028
 23.4062 0.002050
 23.4733 0.002040
 23.5409 0.002054
 23.6083 0.002063
 23.6755 0.002047
 23.7436 0.002059
 23.8116 0.002080
 23.8800 0.002114
 23.9480 0.002102
 24.0170 0.002106
 24.0854 0.002102
 24.1543 0.002108
 24.2237 0.002093
 24.2930 0.002096
 24.3625 0.002097
 24.4326 0.002104
 24.5027 0.002106
 24.5735 0.002122
 24.6444 0.002120
 24.7148 0.002137
 24.7861 0.002140
 24.8580 0.002137
 24.9301 0.002136
 25.0022 0.002164
 25.0753 0.002199
 25.1489 0.002204
 25.2224 0.002226
 25.2967 0.002232
 25.3708 0.002218
 25.4461 0.002204
 25.5222 0.002220
 25.5978 0.002265
 25.6741 0.002289
 25.7515 0.002312
 25.8291 0.002306
 25.9070 0.002331
 25.9856 0.002322
 26.0649 0.002333
 26.1448 0.002328
 26.2247 0.002310
 26.3062 0.002324
 26.3887 0.002334
 26.4716 0.002350
 26.5546 0.002344
 26.6392 0.002359
 26.7248 0.002340
 26.8115 0.002334
 26.8989 0.002331
 26.9870 0.002381
 27.0758 0.002402
 27.1656 0.002397
 27.2565 0.002402
 27.3486 0.002428
 27.4419 0.002466
 27.5361 0.002490
 27.6324 0.002523
 27.7304 0.002529
 27.8282 0.002571
 27.9284 0.002587
 28.0303 0.002590
 28.1326 0.002635
 28.2376 0.002656
 28.3443 0.002717
 28.4509 0.002688
 28.5603 0.002714
 28.6715 0.002764
 28.7846 0.002757
 28.8999 0.002806
 29.0179 0.002823
 29.1377 0.002861
 29.2604 0.002857
 29.3852 0.002862
 29.5137 0.002930
 29.6433 0.002973
 29.7768 0.003002
 29.9141 0.003042
 30.0548 0.003082
 30.1988 0.003162
 30.3465 0.003248
 30.4988 0.003270
 30.6548 0.003350
 30.8166 0.003387
 30.9832 0.003470
 31.1547 0.003426
 31.3325 0.003476
 31.5179 0.003526
 31.7080 0.003566
 31.9076 0.003619
 32.1155 0.003726
 32.3325 0.003763
 32.5604 0.003915
 32.7998 0.003963
 33.0528 0.004046
 33.3218 0.004154
 33.6070 0.004437
 33.9133 0.004592
 34.2421 0.004741
 34.5994 0.004789
 34.9896 0.005183
 35.4216 0.005395
 35.9056 0.005615
 36.4549 0.006103
 37.0978 0.006479
 37.8722 0.007220
 38.8531 0.008338
 40.2044 0.010065
 40.5523 0.010564
 40.9270 0.011215
 41.3559 0.011799
 41.8520 0.012510
 42.4344 0.013894
 43.1312 0.015322
 44.0227 0.017767
 45.2326 0.020957
 47.2947 0.028322
 49.3203 0.039685
 51.9893 0.058454
 53.9320 0.088815
lm2s-04-1 2 1
 10.9094 0.018315
 11.3360 0.014414
 11.9691 0.009855
 12.5049 0.007593
 13.0975 0.006371
 13.4809 0.005489
 13.7662 0.004990
 13.9964 0.004699
 14.1915 0.004363
 14.3619 0.004213
 14.5147 0.003964
 14.6515 0.003788
 14.7766 0.003709
 15.2927 0.003274
 15.6864 0.002978
 16.0101 0.002923
 16.2895 0.002798
 16.5387 0.002632
 16.7635 0.002518
 16.9674 0.002489
 17.1563 0.002444
 17.3340 0.002366
 17.5011 0.002317
 17.6579 0.002285
 17.8076 0.002284
 17.9505 0.002239
 18.0868 0.002231
 18.2181 0.002231
 18.3449 0.002177
 18.4669 0.002205
 18.5851 0.002191
 18.7007 0.002179
 18.8126 0.002203
 18.9215 0.002159
 19.0278 0.002181
 19.1317 0.002160
 19.2330 0.002155
 19.3320 0.002126
 19.4294 0.002086
 19.5245 0.002068
 19.6175 0.002030
 19.7091 0.002022
 19.8000 0.002058
 19.8888 0.002050
 19.9761 0.002032
 20.0627 0.002017
 20.1480 0.001992
 20.2315 0.001955
 20.3147 0.001938
 20.3962 0.001908
 20.4773 0.001882
 20.5576 0.001856
 20.6369 0.001858
 20.7156 0.001862
 20.7933 0.001864
 20.8702 0.001855
 20.9469 0.001846
 21.0230 0.001862
 21.0978 0.001867
 21.1721 0.001866
 21.2460 0.001886
 21.3192 0.001874
 21.3926 0.001880
 21.4654 0.001879
 21.5377 0.001866
 21.6090 0.001889
 21.6799 0.001894
 21.7514 0.001869
 21.8217 0.001878
 21.8920 0.001873
 21.9619 0.001909
 22.0316 0.001899
 22.1013 0.001917
 22.1700 0.001939
 22.2386 0.001924
 22.3068 0.001948
 22.3752 0.001940
 22.4432 0.001946
 22.5112 0.001956
 22.5789 0.001961
 22.6466 0.001952
 22.7136 0.001972
 22.7811 0.001981
 22.8476 0.001983
 22.9148 0.001974
 22.9817 0.001964
 23.0487 0.001992
 23.1154 0.001995
 23.1824 0.002014
 23.2491 0.002010
 23.3153 0.001970
 23.3820 0.002012
 23.4487 0.002022
 23.5149 0.002035
 23.5814 0.002035
 23.6476 0.002037
 23.7146 0.002063
 23.7814 0.002074
 23.8480 0.002107
 23.9149 0.002113
 23.9824 0.002114
 24.0493 0.002103
 24.1164 0.002115
 24.1836 0.002099
 24.2504 0.002097
 24.3181 0.002079
 24.3853 0.002100
 24.4530 0.002110
 24.5207 0.002115
 24.5887 0.002109
 24.6569 0.002113
 24.7249 0.002111
 24.7941 0.002123
 24.8632 0.002125
 24.9320 0.002131
 25.0010 0.002140
 25.0700 0.002159
 25.1394 0.002167
 25.2092 0.002204
 25.2795 0.002206
 25.3501 0.002218
 25.4213 0.002221
 25.4924 0.002245
 25.5642 0.002246
 25.6355 0.002258
 25.7076 0.002270
 25.7797 0.002262
 25.8526 0.002291
 25.9259 0.002309
 26.0000 0.002304
 26.0739 0.002302
 26.1480 0.002287
 26.2226 0.002273
 26.2985 0.002274
 26.3748 0.002277
 26.4512 0.002321
 26.5281 0.002313
 26.6058 0.002317
 26.6844 0.002337
 26.7637 0.002334
 26.8432 0.002309
 26.9234 0.002319
 27.0041 0.002349
 27.0858 0.002360
 27.1676 0.002359
 27.2508 0.002344
 27.3347 0.002327
 27.4189 0.002323
 27.5038 0.002307
 27.5907 0.002338
 27.6774 0.002358
 27.7652 0.002377
 27.8549 0.002425
 27.9449 0.002460
 28.0366 0.002456
 28.1289 0.002480
 28.2221 0.002509
 28.3168 0.002545
 28.4127 0.002555
 28.5103 0.002567
 28.6087 0.002584
 28.7081 0.002581
 28.8095 0.002589
 28.9118 0.002599
 29.0168 0.002610
 29.1222 0.002613
 29.2309 0.002604
 29.3395 0.002634
 29.4509 0.002672
 29.5650 0.002727
 29.6808 0.002736
 29.7985 0.002781
 29.9187 0.002820
 30.0409 0.002878
 30.1663 0.002972
 30.2939 0.003021
 30.4236 0.003051
 30.5573 0.003066
 30.6950 0.003080
 30.8353 0.003139
 30.9802 0.003230
 31.1271 0.003218
 31.2790 0.003279
 31.4362 0.003266
 31.5971 0.003306
 31.7630 0.003354
 31.9340 0.003357
 32.1123 0.003413
 32.2970 0.003484
 32.4897 0.003507
 32.6894 0.003578
 32.8983 0.003632
 33.1152 0.003684
 33.3436 0.003907
 33.5845 0.004036
 33.8359 0.004181
 34.1050 0.004320
 34.3910 0.004358
 34.6978 0.004434
 35.0249 0.004676
 35.3824 0.004834
 35.7741 0.005057
 36.2033 0.005233
 36.6876 0.005528
 37.2362 0.006068
 37.8782 0.006627
 38.6498 0.007170
 39.6353 0.008415
 40.9911 0.010336
 41.3368 0.010908
 41.7141 0.011326
 42.1507 0.011782
 42.6398 0.012506
 43.2176 0.013795
 43.9165 0.015192
 44.8031 0.017475
 46.0166 0.020522
 48.0897 0.029090
 50.1023 0.038445
 52.7392 0.057638
 54.7587 0.086047
 tr0-04-1 3 1
 14.2352 0.052377
 14.9242 0.036740
 15.9457 0.026464
 16.8061 0.021921
 17.7707 0.016407
 18.3624 0.014908
 18.8226 0.013144
 19.1807 0.011913
 19.4867 0.011148
 19.7512 0.011237
 19.9933 0.011007
 20.2148 0.010430
 20.4166 0.009963
 21.2265 0.008570
 21.8488 0.007912
 22.3630 0.007648
 22.8017 0.007343
 23.1902 0.007241
 23.5383 0.006712
 23.8573 0.006465
 24.1527 0.006391
 24.4256 0.006233
 24.6841 0.006262
 24.9314 0.006278
 25.1611 0.006147
 25.3789 0.006047
 25.5889 0.006003
 25.7916 0.005951
 25.9853 0.005860
 26.1737 0.005821
 26.3540 0.005759
 26.5301 0.005764
 26.7004 0.005728
 26.8673 0.005711
 27.0306 0.005660
 27.1881 0.005661
 27.3432 0.005618
 27.4930 0.005595
 27.6397 0.005451
 27.7839 0.005530
 27.9254 0.005555
 28.0650 0.005563
 28.2011 0.005522
 28.3362 0.005530
 28.4678 0.005459
 28.5990 0.005418
 28.7300 0.005441
 28.8572 0.005432
 28.9821 0.005421
 29.1060 0.005303
 29.2282 0.005299
 29.3486 0.005221
 29.4678 0.005251
 29.5864 0.005154
 29.7028 0.005192
 29.8169 0.005127
 29.9315 0.005120
 30.0452 0.005077
 30.1570 0.005109
 30.2689 0.005127
 30.3796 0.005163
 30.4896 0.005150
 30.5987 0.005165
 30.7059 0.005124
 30.8126 0.005157
 30.9190 0.005148
 31.0248 0.005089
 31.1285 0.005090
 31.2344 0.005072
 31.3382 0.005070
 31.4401 0.005116
 31.5446 0.005152
 31.6468 0.005194
 31.7492 0.005245
 31.8504 0.005226
 31.9526 0.005175
 32.0547 0.005183
 32.1555 0.005191
 32.2550 0.005165
 32.3546 0.005170
 32.4549 0.005157
 32.5551 0.005198
 32.6539 0.005212
 32.7534 0.005164
 32.8532 0.005157
 32.9498 0.005179
 33.0474 0.005214
 33.1454 0.005227
 33.2432 0.005213
 33.3400 0.005248
 33.4382 0.005302
 33.5353 0.005321
 33.6338 0.005346
 33.7304 0.005325
 33.8275 0.005352
 33.9254 0.005360
 34.0219 0.005425
 34.1180 0.005445
 34.2156 0.005493
 34.3121 0.005439
 34.4095 0.005411
 34.5069 0.005379
 34.6038 0.005370
 34.7009 0.005373
 34.7986 0.005409
 34.8947 0.005436
 34.9913 0.005425
 35.0887 0.005453
 35.1859 0.005459
 35.2849 0.005445
 35.3827 0.005430
 35.4794 0.005456
 35.5785 0.005430
 35.6775 0.005419
 35.7764 0.005376
 35.8761 0.005413
 35.9751 0.005467
 36.0753 0.005508
 36.1754 0.005524
 36.2760 0.005510
 36.3772 0.005503
 36.4779 0.005532
 36.5793 0.005545
 36.6816 0.005530
 36.7849 0.005525
 36.8891 0.005550
 36.9922 0.005557
 37.0958 0.005563
 37.2016 0.005594
 37.3060 0.005591
 37.4109 0.005588
 37.5172 0.005597
 37.6230 0.005593
 37.7286 0.005581
 37.8368 0.005534
 37.9471 0.005558
 38.0570 0.005641
 38.1675 0.005681
 38.2791 0.005737
 38.3888 0.005698
 38.5008 0.005764
 38.6141 0.005749
 38.7296 0.005830
 38.8431 0.005836
 38.9584 0.005921
 39.0748 0.005897
 39.1928 0.005951
 39.3112 0.005956
 39.4310 0.005954
 39.5522 0.005924
 39.6750 0.005986
 39.7977 0.005944
 39.9206 0.005937
 40.0465 0.005856
 40.1732 0.005927
 40.3039 0.005964
 40.4341 0.005917
 40.5655 0.005927
 40.6984 0.006000
 40.8330 0.006054
 40.9702 0.006132
 41.1086 0.006095
 41.2498 0.006156
 41.3907 0.006167
 41.5353 0.006260
 41.6806 0.006339
 41.8283 0.006420
 41.9798 0.006517
 42.1332 0.006666
 42.2904 0.006680
 42.4493 0.006763
 42.6120 0.006797
 42.7772 0.006850
 42.9471 0.006900
 43.1197 0.006885
 43.2916 0.006884
 43.4701 0.007029
 43.6491 0.007125
 43.8370 0.007066
 44.0292 0.007063
 44.2234 0.007212
 44.4238 0.007434
 44.6329 0.007598
 44.8436 0.007688
 45.0622 0.007935
 45.2898 0.008043
 45.5205 0.008094
 45.7604 0.008196
 46.0117 0.008320
 46.2647 0.008560
 46.5325 0.008565
 46.8119 0.008848
 47.1036 0.009228
 47.4135 0.009499
 47.7295 0.009681
 48.0603 0.009579
 48.4173 0.009884
 48.8027 0.010163
 49.2102 0.010301
 49.6479 0.010786
 50.1177 0.011474
 50.6291 0.012038
 51.1997 0.012758
 51.8301 0.013360
 52.5379 0.013967
 53.3648 0.015056
 54.3611 0.016471
 55.6192 0.019183
 57.3369 0.022966
 57.7825 0.024037
 58.2624 0.024952
 58.8012 0.026690
 59.4219 0.029068
 60.1368 0.031662
 61.0148 0.033511
 62.1088 0.038057
 63.5921 0.046173
 66.1962 0.060348
 68.6086 0.081934
 71.7235 0.126406
 74.1356 0.180604
 tr1-04-1 2 1
 19.3780 0.033459
 20.1976 0.026930
 21.3825 0.018434
 22.3887 0.014193
 23.4862 0.011442
 24.1837 0.010121
 24.7051 0.009162
 25.1305 0.008174
 25.4896 0.008013
 25.7999 0.007559
 26.0737 0.007293
 26.3282 0.007084
 26.5596 0.006792
 27.4916 0.006071
 28.2043 0.005514
 28.7918 0.005198
 29.2926 0.004969
 29.7326 0.004858
 30.1304 0.004612
 30.4952 0.004431
 30.8297 0.004274
 31.1431 0.004162
 31.4343 0.004104
 31.7093 0.004094
 31.9719 0.004091
 32.2202 0.004026
 32.4601 0.003931
 32.6888 0.003865
 32.9080 0.003772
 33.1192 0.003729
 33.3244 0.003735
 33.5221 0.003791
 33.7146 0.003785
 33.9011 0.003774
 34.0844 0.003700
 34.2625 0.003643
 34.4357 0.003693
 34.6041 0.003567
 34.7718 0.003560
 34.9333 0.003547
 35.0930 0.003552
 35.2492 0.003520
 35.4025 0.003527
 35.5533 0.003505
 35.7022 0.003533
 35.8473 0.003514
 35.9903 0.003439
 36.1314 0.003443
 36.2724 0.003437
 36.4094 0.003447
 36.5467 0.003413
 36.6815 0.003400
 36.8150 0.003389
 36.9474 0.003357
 37.0771 0.003373
 37.2067 0.003378
 37.3344 0.003404
 37.4619 0.003371
 37.5876 0.003384
 37.7112 0.003404
 37.8348 0.003370
 37.9575 0.003417
 38.0793 0.003383
 38.2000 0.003399
 38.3196 0.003399
 38.4379 0.003393
 38.5566 0.003444
 38.6736 0.003429
 38.7905 0.003374
 38.9066 0.003372
 39.0221 0.003331
 39.1367 0.003326
 39.2506 0.003325
 39.3638 0.003285
 39.4768 0.003240
 39.5890 0.003254
 39.7008 0.003262
 39.8122 0.003244
 39.9231 0.003257
 40.0341 0.003257
 40.1444 0.003230
 40.2549 0.003200
 40.3646 0.003182
 40.4737 0.003189
 40.5830 0.003201
 40.6922 0.003180
 40.8016 0.003189
 40.9104 0.003202
 41.0187 0.003241
 41.1265 0.003235
 41.2351 0.003277
 41.3422 0.003244
 41.4501 0.003263
 41.5576 0.003249
 41.6648 0.003258
 41.7719 0.003246
 41.8792 0.003234
 41.9869 0.003256
 42.0940 0.003246
 42.2009 0.003234
 42.3079 0.003255
 42.4159 0.003228
 42.5226 0.003246
 42.6298 0.003268
 42.7368 0.003334
 42.8436 0.003333
 42.9508 0.003322
 43.0593 0.003301
 43.1674 0.003314
 43.2750 0.003286
 43.3828 0.003277
 43.4917 0.003339
 43.5993 0.003380
 43.7081 0.003392
 43.8177 0.003395
 43.9272 0.003380
 44.0375 0.003375
 44.1480 0.003367
 44.2589 0.003351
 44.3695 0.003385
 44.4812 0.003424
 44.5935 0.003445
 44.7050 0.003446
 44.8172 0.003487
 44.9302 0.003484
 45.0441 0.003475
 45.1574 0.003492
 45.2725 0.003548
 45.3871 0.003530
 45.5029 0.003578
 45.6186 0.003560
 45.7348 0.003601
 45.8515 0.003596
 45.9697 0.003593
 46.0886 0.003641
 46.2083 0.003623
 46.3281 0.003583
 46.4490 0.003590
 46.5701 0.003585
 46.6926 0.003570
 46.8160 0.003599
 46.9407 0.003638
 47.0647 0.003629
 47.1912 0.003642
 47.3181 0.003655
 47.4460 0.003643
 47.5751 0.003640
 47.7051 0.003694
 47.8368 0.003724
 47.9697 0.003758
 48.1031 0.003773
 48.2385 0.003739
 48.3755 0.003764
 48.5131 0.003799
 48.6521 0.003788
 48.7925 0.003836
 48.9353 0.003857
 49.0786 0.003927
 49.2243 0.003956
 49.3716 0.003965
 49.5210 0.003983
 49.6718 0.004008
 49.8252 0.004002
 49.9804 0.004066
 50.1379 0.004076
 50.2983 0.004113
 50.4609 0.004176
 50.6257 0.004184
 50.7920 0.004189
 50.9632 0.004218
 51.1356 0.004330
 51.3125 0.004407
 51.4925 0.004533
 51.6738 0.004594
 51.8614 0.004576
 52.0515 0.004680
 52.2455 0.004699
 52.4444 0.004701
 52.6492 0.004767
 52.8563 0.004804
 53.0691 0.004772
 53.2861 0.004806
 53.5090 0.004845
 53.7383 0.004824
 53.9740 0.004899
 54.2158 0.005080
 54.4686 0.005202
 54.7275 0.005195
 54.9967 0.005209
 55.2766 0.005326
 55.5653 0.005533
 55.8652 0.005615
 56.1828 0.005852
 56.5131 0.006027
 56.8619 0.006147
 57.2253 0.006095
 57.6097 0.006128
 58.0176 0.006324
 58.4549 0.006591
 58.9207 0.006796
 59.4217 0.007032
 59.9735 0.007431
 60.5840 0.007738
 61.2602 0.008151
 62.0252 0.008829
 62.9218 0.009261
 63.9871 0.010324
 65.3299 0.011422
 67.1502 0.013390
 67.6039 0.013700
 68.1224 0.013986
 68.6972 0.014761
 69.3625 0.015908
 70.1424 0.017638
 71.0776 0.019481
 72.2746 0.023043
 73.9032 0.027926
 76.6433 0.038750
 79.2366 0.052123
 82.5617 0.076766
 85.1756 0.112710
tr1s-04-1 2 1
 22.6137 0.035463
 23.4975 0.028144
 24.7563 0.019855
 25.7936 0.015470
 26.9488 0.011634
 27.6797 0.009847
 28.2283 0.009246
 28.6724 0.008683
 29.0482 0.008193
 29.3740 0.007947
 29.6633 0.007735
 29.9235 0.007417
 30.1616 0.007240
 31.1203 0.006444
 31.8592 0.005981
 32.4653 0.005466
 32.9801 0.005027
 33.4384 0.004755
 33.8471 0.004543
 34.2204 0.004459
 34.5652 0.004490
 34.8831 0.004373
 35.1821 0.004161
 35.4648 0.004116
 35.7324 0.003998
 35.9869 0.003893
 36.2323 0.003896
 36.4661 0.003860
 36.6901 0.003816
 36.9079 0.003776
 37.1191 0.003854
 37.3241 0.003882
 37.5218 0.003777
 37.7127 0.003710
 37.8991 0.003731
 38.0810 0.003657
 38.2589 0.003670
 38.4320 0.003586
 38.6016 0.003566
 38.7681 0.003517
 38.9323 0.003507
 39.0922 0.003524
 39.2505 0.003518
 39.4044 0.003527
 39.5557 0.003490
 39.7054 0.003504
 39.8528 0.003503
 39.9994 0.003498
 40.1429 0.003548
 40.2845 0.003540
 40.4246 0.003543
 40.5615 0.003511
 40.6979 0.003478
 40.8331 0.003468
 40.9665 0.003476
 41.0987 0.003452
 41.2292 0.003464
 41.3588 0.003473
 41.4871 0.003453
 41.6132 0.003435
 41.7386 0.003438
 41.8636 0.003387
 41.9871 0.003343
 42.1101 0.003393
 42.2324 0.003402
 42.3543 0.003396
 42.4745 0.003418
 42.5945 0.003424
 42.7136 0.003399
 42.8304 0.003432
 42.9480 0.003404
 43.0644 0.003386
 43.1797 0.003352
 43.2960 0.003337
 43.4109 0.003323
 43.5254 0.003344
 43.6394 0.003379
 43.7541 0.003375
 43.8669 0.003349
 43.9803 0.003341
 44.0922 0.003368
 44.2049 0.003402
 44.3165 0.003434
 44.4274 0.003457
 44.5386 0.003421
 44.6496 0.003389
 44.7607 0.003348
 44.8713 0.003333
 44.9803 0.003348
 45.0907 0.003352
 45.2004 0.003351
 45.3102 0.003386
 45.4201 0.003377
 45.5292 0.003382
 45.6380 0.003436
 45.7472 0.003443
 45.8561 0.003456
 45.9649 0.003447
 46.0749 0.003465
 46.1843 0.003450
 46.2932 0.003454
 46.4028 0.003448
 46.5123 0.003456
 46.6220 0.003519
 46.7331 0.003517
 46.8428 0.003544
 46.9532 0.003535
 47.0623 0.003529
 47.1729 0.003544
 47.2830 0.003523
 47.3934 0.003502
 47.5039 0.003493
 47.6142 0.003512
 47.7254 0.003550
 47.8361 0.003546
 47.9483 0.003562
 48.0597 0.003548
 48.1710 0.003556
 48.2831 0.003580
 48.3953 0.003548
 48.5089 0.003541
 48.6225 0.003527
 48.7361 0.003505
 48.8510 0.003501
 48.9662 0.003520
 49.0817 0.003532
 49.1978 0.003550
 49.3134 0.003548
 49.4307 0.003589
 49.5477 0.003635
 49.6653 0.003631
 49.7838 0.003628
 49.9019 0.003598
 50.0214 0.003615
 50.1412 0.003644
 50.2622 0.003701
 50.3833 0.003728
 50.5057 0.003747
 50.6298 0.003743
 50.7542 0.003733
 50.8794 0.003780
 51.0059 0.003845
 51.1324 0.003814
 51.2593 0.003786
 51.3877 0.003797
 51.5172 0.003828
 51.6476 0.003823
 51.7801 0.003842
 51.9132 0.003844
 52.0478 0.003851
 52.1837 0.003866
 52.3204 0.003874
 52.4593 0.003899
 52.5985 0.003885
 52.7399 0.003906
 52.8841 0.003961
 53.0290 0.003913
 53.1752 0.003961
 53.3229 0.004010
 53.4726 0.004050
 53.6234 0.004123
 53.7773 0.004139
 53.9340 0.004201
 54.0911 0.004181
 54.2511 0.004209
 54.4135 0.004242
 54.5784 0.004230
 54.7450 0.004311
 54.9155 0.004385
 55.0888 0.004422
 55.2632 0.004399
 55.4416 0.004459
 55.6241 0.004485
 55.8088 0.004547
 55.9974 0.004650
 56.1893 0.004677
 56.3858 0.004728
 56.5869 0.004805
 56.7935 0.004849
 57.0036 0.004973
 57.2186 0.005020
 57.4390 0.005083
 57.6676 0.005166
 57.9020 0.005195
 58.1439 0.005218
 58.3906 0.005326
 58.6468 0.005384
 58.9112 0.005401
 59.1823 0.005602
 59.4657 0.005625
 59.7583 0.005568
 60.0657 0.005587
 60.3865 0.005663
 60.7184 0.005901
 61.0655 0.006039
 61.4327 0.006234
 61.8218 0.006257
 62.2325 0.006601
 62.6761 0.006741
 63.1460 0.007086
 63.6600 0.007184
 64.2221 0.007367
 64.8418 0.007946
 65.5236 0.008535
 66.3024 0.008937
 67.1988 0.009266
 68.2762 0.009977
 69.6366 0.011171
 71.4813 0.013399
 71.9492 0.014183
 72.4746 0.015002
 73.0609 0.015814
 73.7247 0.017061
 74.5126 0.018061
 75.4560 0.019984
 76.6476 0.023580
 78.3058 0.028156
 81.0597 0.039529
 83.6963 0.050232
 87.0944 0.075654
 89.5809 0.104018
 tr2-04-1 2 1
 24.9978 0.039904
 25.9448 0.030018
 27.3646 0.020857
 28.5125 0.016666
 29.7824 0.013104
 30.6018 0.011401
 31.1925 0.010330
 31.6769 0.009734
 32.0883 0.009194
 32.4415 0.008726
 32.7578 0.008414
 33.0502 0.008171
 33.3111 0.007976
 34.3728 0.007038
 35.1793 0.006326
 35.8466 0.005840
 36.4105 0.005676
 36.9071 0.005392
 37.3533 0.005119
 37.7622 0.004896
 38.1390 0.004782
 38.4867 0.004622
 38.8116 0.004659
 39.1218 0.004637
 39.4126 0.004573
 39.6896 0.004483
 39.9580 0.004375
 40.2149 0.004332
 40.4599 0.004246
 40.6949 0.004199
 40.9230 0.004165
 41.1438 0.004094
 41.3566 0.004050
 41.5646 0.004000
 41.7668 0.003994
 41.9653 0.003966
 42.1565 0.003982
 42.3436 0.003984
 42.5285 0.003932
 42.7081 0.003876
 42.8857 0.003821
 43.0576 0.003760
 43.2276 0.003728
 43.3966 0.003708
 43.5604 0.003660
 43.7224 0.003613
 43.8824 0.003615
 44.0392 0.003581
 44.1927 0.003608
 44.3454 0.003599
 44.4973 0.003559
 44.6453 0.003528
 44.7931 0.003531
 44.9387 0.003491
 45.0831 0.003521
 45.2251 0.003582
 45.3664 0.003605
 45.5068 0.003632
 45.6450 0.003607
 45.7820 0.003578
 45.9188 0.003550
 46.0539 0.003522
 46.1884 0.003531
 46.3212 0.003541
 46.4532 0.003544
 46.5843 0.003558
 46.7148 0.003573
 46.8432 0.003566
 46.9713 0.003543
 47.0986 0.003541
 47.2251 0.003542
 47.3515 0.003511
 47.4784 0.003537
 47.6031 0.003519
 47.7279 0.003513
 47.8508 0.003517
 47.9739 0.003497
 48.0956 0.003524
 48.2176 0.003587
 48.3400 0.003627
 48.4617 0.003631
 48.5819 0.003576
 48.7020 0.003548
 48.8218 0.003559
 48.9413 0.003581
 49.0607 0.003584
 49.1799 0.003557
 49.2993 0.003585
 49.4180 0.003575
 49.5358 0.003530
 49.6542 0.003586
 49.7732 0.003634
 49.8913 0.003655
 50.0093 0.003657
 50.1282 0.003647
 50.2459 0.003629
 50.3639 0.003654
 50.4814 0.003665
 50.5989 0.003624
 50.7167 0.003652
 50.8339 0.003690
 50.9516 0.003642
 51.0689 0.003669
 51.1865 0.003669
 51.3044 0.003665
 51.4213 0.003673
 51.5379 0.003679
 51.6552 0.003744
 51.7728 0.003785
 51.8911 0.003784
 52.0095 0.003759
 52.1280 0.003721
 52.2464 0.003729
 52.3661 0.003739
 52.4849 0.003754
 52.6048 0.003708
 52.7239 0.003695
 52.8433 0.003700
 52.9636 0.003727
 53.0850 0.003708
 53.2058 0.003693
 53.3269 0.003664
 53.4490 0.003653
 53.5709 0.003680
 53.6937 0.003702
 53.8177 0.003723
 53.9418 0.003692
 54.0659 0.003721
 54.1922 0.003776
 54.3173 0.003812
 54.4434 0.003828
 54.5699 0.003877
 54.6974 0.003883
 54.8258 0.003941
 54.9549 0.003935
 55.0846 0.003944
 55.2146 0.003935
 55.3455 0.003913
 55.4778 0.003937
 55.6112 0.003975
 55.7453 0.004014
 55.8804 0.004023
 56.0157 0.004016
 56.1526 0.004083
 56.2902 0.004076
 56.4286 0.004090
 56.5681 0.004082
 56.7087 0.004136
 56.8508 0.004148
 56.9940 0.004181
 57.1377 0.004200
 57.2841 0.004237
 57.4321 0.004237
 57.5789 0.004234
 57.7309 0.004278
 57.8831 0.004296
 58.0368 0.004297
 58.1919 0.004350
 58.3484 0.004403
 58.5079 0.004417
 58.6692 0.004417
 58.8320 0.004379
 58.9966 0.004393
 59.1634 0.004438
 59.3327 0.004543
 59.5050 0.004599
 59.6800 0.004589
 59.8564 0.004550
 60.0370 0.004551
 60.2218 0.004607
 60.4087 0.004646
 60.5966 0.004666
 60.7916 0.004720
 60.9890 0.004773
 61.1883 0.004926
 61.3926 0.004909
 61.6009 0.004989
 61.8133 0.004977
 62.0311 0.005047
 62.2544 0.005159
 62.4840 0.005246
 62.7168 0.005273
 62.9583 0.005254
 63.2063 0.005267
 63.4613 0.005374
 63.7241 0.005378
 63.9925 0.005391
 64.2724 0.005568
 64.5630 0.005677
 64.8617 0.005880
 65.1747 0.005938
 65.5000 0.006055
 65.8387 0.006129
 66.1905 0.006351
 66.5643 0.006492
 66.9555 0.006650
 67.3682 0.006640
 67.8042 0.006739
 68.2704 0.006824
 68.7691 0.007033
 69.3096 0.007204
 69.8996 0.007505
 70.5493 0.007850
 71.2725 0.008311
 72.0936 0.008801
 73.0413 0.009561
 74.1751 0.010426
 75.5987 0.011596
 77.5320 0.013618
 78.0301 0.014530
 78.5778 0.015152
 79.1893 0.016712
 79.8927 0.017788
 80.7080 0.019279
 81.6761 0.021526
 82.9457 0.024514
 84.6929 0.028863
 87.5639 0.038391
 90.3269 0.052046
 93.8365 0.081364
 96.5123 0.114692
tr2s-04-1 2 1
 28.9918 0.040651
 29.9134 0.029483
 31.3112 0.021291
 32.4864 0.016315
 33.7637 0.012216
 34.5751 0.011229
 35.1840 0.010284
 35.6742 0.009711
 36.0896 0.009043
 36.4480 0.008787
 36.7677 0.008416
 37.0618 0.007862
 37.3234 0.007436
 38.3791 0.006430
 39.1932 0.005987
 39.8532 0.005675
 40.4176 0.005527
 40.9147 0.005407
 41.3577 0.005085
 41.7689 0.004928
 42.1445 0.004912
 42.4930 0.004749
 42.8171 0.004633
 43.1250 0.004433
 43.4174 0.004369
 43.6954 0.004287
 43.9617 0.004311
 44.2142 0.004308
 44.4579 0.004278
 44.6940 0.004241
 44.9224 0.004177
 45.1426 0.004172
 45.3572 0.004111
 45.5653 0.004170
 45.7680 0.004047
 45.9669 0.004101
 46.1601 0.004118
 46.3485 0.004042
 46.5317 0.004003
 46.7117 0.004026
 46.8890 0.004017
 47.0633 0.003952
 47.2333 0.003903
 47.4013 0.003840
 47.5672 0.003842
 47.7289 0.003810
 47.8876 0.003839
 48.0448 0.003839
 48.2001 0.003766
 48.3534 0.003683
 48.5044 0.003673
 48.6528 0.003643
 48.8005 0.003673
 48.9455 0.003713
 49.0896 0.003727
 49.2311 0.003685
 49.3730 0.003698
 49.5124 0.003671
 49.6500 0.003666
 49.7877 0.003649
 49.9237 0.003596
 50.0576 0.003596
 50.1914 0.003572
 50.3232 0.003598
 50.4547 0.003627
 50.5847 0.003624
 50.7146 0.003628
 50.8434 0.003632
 50.9719 0.003659
 51.0994 0.003633
 51.2257 0.003640
 51.3520 0.003625
 51.4778 0.003618
 51.6012 0.003613
 51.7257 0.003599
 51.8494 0.003598
 51.9721 0.003582
 52.0936 0.003603
 52.2158 0.003551
 52.3368 0.003591
 52.4581 0.003638
 52.5788 0.003680
 52.6991 0.003695
 52.8185 0.003697
 52.9375 0.003711
 53.0575 0.003730
 53.1773 0.003687
 53.2963 0.003762
 53.4151 0.003756
 53.5341 0.003737
 53.6520 0.003708
 53.7699 0.003689
 53.8883 0.003660
 54.0058 0.003652
 54.1226 0.003672
 54.2406 0.003701
 54.3576 0.003662
 54.4747 0.003672
 54.5921 0.003644
 54.7092 0.003656
 54.8264 0.003652
 54.9431 0.003636
 55.0615 0.003651
 55.1787 0.003619
 55.2970 0.003650
 55.4141 0.003657
 55.5326 0.003647
 55.6504 0.003639
 55.7683 0.003644
 55.8864 0.003614
 56.0045 0.003620
 56.1232 0.003622
 56.2416 0.003619
 56.3602 0.003610
 56.4788 0.003612
 56.5975 0.003616
 56.7174 0.003635
 56.8377 0.003661
 56.9581 0.003666
 57.0785 0.003662
 57.1998 0.003676
 57.3208 0.003694
 57.4425 0.003715
 57.5642 0.003686
 57.6874 0.003715
 57.8112 0.003786
 57.9360 0.003803
 58.0610 0.003769
 58.1863 0.003790
 58.3119 0.003779
 58.4384 0.003798
 58.5652 0.003776
 58.6922 0.003769
 58.8203 0.003811
 58.9484 0.003852
 59.0772 0.003862
 59.2074 0.003920
 59.3383 0.003965
 59.4706 0.003965
 59.6024 0.003981
 59.7368 0.003965
 59.8711 0.003969
 60.0063 0.003985
 60.1427 0.003950
 60.2796 0.003990
 60.4187 0.003997
 60.5595 0.004023
 60.7011 0.004084
 60.8429 0.004145
 60.9869 0.004207
 61.1312 0.004269
 61.2769 0.004279
 61.4243 0.004320
 61.5730 0.004304
 61.7242 0.004341
 61.8766 0.004305
 62.0308 0.004346
 62.1858 0.004375
 62.3438 0.004360
 62.5032 0.004348
 62.6654 0.004385
 62.8288 0.004416
 62.9956 0.004415
 63.1630 0.004405
 63.3314 0.004522
 63.5048 0.004583
 63.6786 0.004638
 63.8550 0.004716
 64.0344 0.004746
 64.2185 0.004766
 64.4043 0.004796
 64.5938 0.004783
 64.7863 0.004809
 64.9831 0.004898
 65.1837 0.004954
 65.3878 0.004928
 65.5969 0.004940
 65.8114 0.004967
 66.0297 0.004986
 66.2544 0.005049
 66.4819 0.005167
 66.7179 0.005221
 66.9590 0.005273
 67.2076 0.005329
 67.4618 0.005458
 67.7244 0.005429
 67.9957 0.005595
 68.2762 0.005657
 68.5650 0.005776
 68.8649 0.005810
 69.1757 0.006008
 69.4985 0.006045
 69.8345 0.006147
 70.1882 0.006307
 70.5599 0.006436
 70.9515 0.006526
 71.3628 0.006459
 71.8037 0.006540
 72.2686 0.006704
 72.7699 0.007012
 73.3112 0.007295
 73.9008 0.007643
 74.5532 0.008042
 75.2765 0.008338
 76.0944 0.008992
 77.0486 0.009623
 78.1820 0.010800
 79.6089 0.012120
 81.5689 0.014900
 82.0586 0.015675
 82.5909 0.016477
 83.1985 0.017107
 83.8970 0.017928
 84.7403 0.019337
 85.7336 0.021561
 86.9996 0.025927
 88.7223 0.029389
 91.6301 0.039644
 94.4126 0.053446
 97.9190 0.081278
100.4771 0.114876
