Copyright (C) 1998 James G. MacKinnon, Alfred A. Haug, and Leo Michelis.
 lm0-09-1 3 1
 26.8267 0.048874
 27.4869 0.035771
 28.4590 0.026302
 29.2547 0.019443
 30.0957 0.014765
 30.6369 0.012527
 31.0460 0.011837
 31.3753 0.010690
 31.6635 0.010170
 31.9055 0.009436
 32.1244 0.009191
 32.3193 0.008652
 32.4906 0.008491
 33.2189 0.007347
 33.7709 0.006732
 34.2176 0.006174
 34.6047 0.005916
 34.9403 0.005880
 35.2468 0.005778
 35.5213 0.005557
 35.7784 0.005540
 36.0170 0.005469
 36.2409 0.005345
 36.4537 0.005214
 36.6552 0.005191
 36.8459 0.005153
 37.0284 0.005182
 37.2026 0.005073
 37.3699 0.005001
 37.5340 0.005023
 37.6940 0.004969
 37.8459 0.004945
 37.9937 0.004865
 38.1372 0.004793
 38.2754 0.004790
 38.4116 0.004694
 38.5456 0.004684
 38.6753 0.004712
 38.8039 0.004715
 38.9287 0.004700
 39.0526 0.004689
 39.1725 0.004655
 39.2911 0.004680
 39.4077 0.004630
 39.5213 0.004612
 39.6340 0.004602
 39.7445 0.004522
 39.8543 0.004495
 39.9616 0.004484
 40.0686 0.004476
 40.1738 0.004446
 40.2779 0.004461
 40.3814 0.004420
 40.4826 0.004390
 40.5834 0.004394
 40.6834 0.004409
 40.7823 0.004372
 40.8796 0.004376
 40.9776 0.004373
 41.0737 0.004354
 41.1690 0.004384
 41.2634 0.004436
 41.3586 0.004374
 41.4522 0.004373
 41.5446 0.004415
 41.6365 0.004357
 41.7283 0.004346
 41.8176 0.004349
 41.9086 0.004348
 41.9980 0.004351
 42.0877 0.004323
 42.1768 0.004326
 42.2650 0.004337
 42.3520 0.004374
 42.4388 0.004329
 42.5252 0.004308
 42.6131 0.004355
 42.7000 0.004340
 42.7877 0.004345
 42.8734 0.004326
 42.9590 0.004338
 43.0437 0.004341
 43.1285 0.004307
 43.2124 0.004315
 43.2981 0.004303
 43.3820 0.004251
 43.4680 0.004244
 43.5522 0.004244
 43.6360 0.004262
 43.7202 0.004246
 43.8032 0.004276
 43.8879 0.004305
 43.9721 0.004321
 44.0553 0.004358
 44.1396 0.004350
 44.2230 0.004373
 44.3058 0.004353
 44.3906 0.004405
 44.4755 0.004404
 44.5586 0.004510
 44.6415 0.004456
 44.7259 0.004459
 44.8099 0.004433
 44.8938 0.004454
 44.9776 0.004521
 45.0625 0.004500
 45.1475 0.004505
 45.2314 0.004487
 45.3159 0.004565
 45.4012 0.004642
 45.4871 0.004622
 45.5725 0.004603
 45.6579 0.004588
 45.7440 0.004604
 45.8303 0.004572
 45.9168 0.004596
 46.0026 0.004564
 46.0901 0.004603
 46.1769 0.004606
 46.2648 0.004623
 46.3527 0.004616
 46.4399 0.004607
 46.5272 0.004647
 46.6155 0.004671
 46.7056 0.004675
 46.7961 0.004670
 46.8855 0.004639
 46.9764 0.004663
 47.0672 0.004753
 47.1584 0.004761
 47.2509 0.004717
 47.3430 0.004718
 47.4362 0.004751
 47.5300 0.004766
 47.6232 0.004816
 47.7162 0.004851
 47.8116 0.004863
 47.9083 0.004898
 48.0050 0.004910
 48.1030 0.004913
 48.2000 0.004905
 48.2980 0.005024
 48.3968 0.005040
 48.4982 0.005101
 48.5987 0.005153
 48.7016 0.005181
 48.8061 0.005208
 48.9107 0.005246
 49.0150 0.005339
 49.1207 0.005339
 49.2259 0.005282
 49.3340 0.005345
 49.4414 0.005381
 49.5524 0.005383
 49.6651 0.005371
 49.7782 0.005356
 49.8926 0.005366
 50.0104 0.005418
 50.1283 0.005490
 50.2471 0.005518
 50.3665 0.005559
 50.4870 0.005569
 50.6106 0.005688
 50.7357 0.005785
 50.8621 0.005830
 50.9903 0.005832
 51.1228 0.005865
 51.2570 0.005914
 51.3905 0.005981
 51.5260 0.005945
 51.6669 0.005981
 51.8090 0.006145
 51.9515 0.006235
 52.1014 0.006226
 52.2512 0.006245
 52.4066 0.006273
 52.5638 0.006322
 52.7250 0.006377
 52.8914 0.006508
 53.0616 0.006611
 53.2357 0.006642
 53.4138 0.006598
 53.5952 0.006636
 53.7814 0.006728
 53.9715 0.006736
 54.1724 0.006868
 54.3782 0.006905
 54.5891 0.006994
 54.8086 0.007143
 55.0387 0.007248
 55.2803 0.007477
 55.5320 0.007547
 55.7935 0.007673
 56.0646 0.007803
 56.3527 0.008031
 56.6527 0.008240
 56.9691 0.008506
 57.3078 0.008768
 57.6714 0.009080
 58.0617 0.009504
 58.4849 0.009987
 58.9409 0.010358
 59.4550 0.010917
 60.0233 0.011490
 60.6622 0.012418
 61.4073 0.013225
 62.3056 0.014594
 63.4535 0.016585
 65.0198 0.019724
 65.3978 0.020382
 65.8379 0.021338
 66.3271 0.023021
 66.9068 0.024053
 67.5931 0.026888
 68.3868 0.029601
 69.3863 0.033215
 70.8145 0.041499
 73.1065 0.058245
 75.4117 0.077558
 78.3352 0.115025
 80.2721 0.161251
 lm1-09-1 3 1
 29.3685 0.051084
 30.0850 0.039087
 31.0677 0.026527
 31.8761 0.020237
 32.7659 0.015320
 33.3296 0.013437
 33.7459 0.011795
 34.0943 0.011005
 34.3815 0.010012
 34.6326 0.009445
 34.8595 0.009274
 35.0644 0.009094
 35.2467 0.008834
 35.9946 0.007798
 36.5679 0.007389
 37.0279 0.006882
 37.4258 0.006829
 37.7793 0.006505
 38.0947 0.006365
 38.3801 0.006215
 38.6445 0.006057
 38.8904 0.005889
 39.1202 0.005763
 39.3400 0.005789
 39.5460 0.005753
 39.7435 0.005540
 39.9308 0.005381
 40.1104 0.005241
 40.2844 0.005147
 40.4527 0.005164
 40.6150 0.005056
 40.7703 0.004983
 40.9226 0.004877
 41.0695 0.004817
 41.2128 0.004735
 41.3541 0.004688
 41.4922 0.004714
 41.6251 0.004712
 41.7566 0.004624
 41.8854 0.004606
 42.0131 0.004546
 42.1383 0.004540
 42.2596 0.004518
 42.3795 0.004541
 42.4980 0.004464
 42.6140 0.004503
 42.7291 0.004411
 42.8409 0.004398
 42.9526 0.004435
 43.0624 0.004397
 43.1700 0.004376
 43.2762 0.004390
 43.3811 0.004349
 43.4850 0.004336
 43.5889 0.004361
 43.6911 0.004349
 43.7922 0.004359
 43.8930 0.004343
 43.9925 0.004353
 44.0904 0.004309
 44.1892 0.004346
 44.2867 0.004327
 44.3833 0.004339
 44.4801 0.004331
 44.5752 0.004277
 44.6704 0.004279
 44.7636 0.004233
 44.8576 0.004251
 44.9509 0.004235
 45.0421 0.004277
 45.1337 0.004295
 45.2248 0.004286
 45.3161 0.004266
 45.4066 0.004285
 45.4967 0.004283
 45.5866 0.004271
 45.6766 0.004272
 45.7660 0.004289
 45.8537 0.004333
 45.9428 0.004308
 46.0311 0.004309
 46.1195 0.004385
 46.2077 0.004370
 46.2958 0.004387
 46.3834 0.004372
 46.4695 0.004373
 46.5563 0.004352
 46.6428 0.004322
 46.7289 0.004332
 46.8152 0.004306
 46.9030 0.004318
 46.9896 0.004328
 47.0762 0.004290
 47.1634 0.004322
 47.2488 0.004341
 47.3356 0.004372
 47.4220 0.004422
 47.5080 0.004385
 47.5937 0.004423
 47.6804 0.004432
 47.7666 0.004429
 47.8529 0.004480
 47.9394 0.004426
 48.0264 0.004453
 48.1129 0.004474
 48.1985 0.004438
 48.2847 0.004509
 48.3710 0.004495
 48.4577 0.004523
 48.5449 0.004521
 48.6325 0.004553
 48.7197 0.004534
 48.8080 0.004524
 48.8946 0.004524
 48.9823 0.004579
 49.0718 0.004610
 49.1614 0.004610
 49.2507 0.004649
 49.3408 0.004687
 49.4310 0.004649
 49.5206 0.004665
 49.6110 0.004663
 49.7013 0.004680
 49.7921 0.004749
 49.8838 0.004725
 49.9750 0.004763
 50.0679 0.004809
 50.1593 0.004847
 50.2524 0.004867
 50.3462 0.004860
 50.4407 0.004849
 50.5354 0.004905
 50.6310 0.004959
 50.7261 0.004989
 50.8236 0.005006
 50.9196 0.005025
 51.0179 0.005025
 51.1160 0.005023
 51.2142 0.005061
 51.3148 0.005100
 51.4148 0.005133
 51.5153 0.005237
 51.6172 0.005224
 51.7213 0.005190
 51.8253 0.005170
 51.9286 0.005192
 52.0348 0.005228
 52.1424 0.005330
 52.2510 0.005299
 52.3591 0.005261
 52.4711 0.005272
 52.5814 0.005297
 52.6929 0.005319
 52.8055 0.005338
 52.9191 0.005412
 53.0353 0.005376
 53.1534 0.005407
 53.2712 0.005386
 53.3909 0.005328
 53.5128 0.005417
 53.6359 0.005497
 53.7590 0.005540
 53.8843 0.005562
 54.0117 0.005589
 54.1411 0.005653
 54.2739 0.005703
 54.4082 0.005748
 54.5453 0.005702
 54.6836 0.005765
 54.8238 0.005859
 54.9674 0.005807
 55.1129 0.005900
 55.2623 0.005939
 55.4120 0.006055
 55.5683 0.006161
 55.7284 0.006327
 55.8906 0.006401
 56.0566 0.006448
 56.2266 0.006571
 56.3978 0.006693
 56.5752 0.006842
 56.7572 0.006837
 56.9430 0.006936
 57.1323 0.007033
 57.3314 0.007119
 57.5361 0.007376
 57.7481 0.007351
 57.9655 0.007512
 58.1903 0.007522
 58.4262 0.007681
 58.6676 0.007784
 58.9177 0.007908
 59.1815 0.008060
 59.4601 0.008311
 59.7557 0.008539
 60.0650 0.008682
 60.3953 0.008840
 60.7431 0.009188
 61.1171 0.009348
 61.5162 0.009674
 61.9415 0.010105
 62.4135 0.010418
 62.9288 0.010763
 63.5173 0.011626
 64.1830 0.012285
 64.9417 0.013106
 65.8565 0.014656
 67.0263 0.016341
 68.6149 0.018926
 69.0227 0.019918
 69.4806 0.021207
 69.9846 0.022249
 70.5613 0.023613
 71.2423 0.025507
 72.0791 0.028409
 73.1073 0.033096
 74.5783 0.040828
 76.9467 0.058240
 79.2936 0.078098
 82.2914 0.117988
 84.3706 0.160050
lm1s-09-1 3 1
 30.0128 0.049656
 30.7031 0.037226
 31.7181 0.026748
 32.5397 0.019121
 33.4507 0.016194
 34.0137 0.013383
 34.4411 0.011968
 34.7838 0.011163
 35.0741 0.010442
 35.3317 0.009954
 35.5579 0.009391
 35.7574 0.009001
 35.9494 0.008427
 36.6985 0.007787
 37.2655 0.007450
 37.7353 0.007204
 38.1329 0.006723
 38.4851 0.006573
 38.7993 0.006421
 39.0866 0.006370
 39.3522 0.006110
 39.5970 0.006002
 39.8311 0.005862
 40.0476 0.005706
 40.2532 0.005612
 40.4503 0.005456
 40.6401 0.005349
 40.8230 0.005318
 40.9984 0.005238
 41.1652 0.005192
 41.3275 0.005112
 41.4837 0.005016
 41.6368 0.005013
 41.7871 0.004919
 41.9326 0.004863
 42.0740 0.004727
 42.2120 0.004619
 42.3474 0.004615
 42.4796 0.004655
 42.6076 0.004666
 42.7350 0.004611
 42.8574 0.004567
 42.9797 0.004565
 43.0996 0.004542
 43.2180 0.004500
 43.3344 0.004462
 43.4496 0.004400
 43.5624 0.004415
 43.6741 0.004392
 43.7838 0.004366
 43.8921 0.004370
 43.9992 0.004347
 44.1054 0.004375
 44.2097 0.004386
 44.3127 0.004410
 44.4151 0.004404
 44.5157 0.004420
 44.6173 0.004370
 44.7174 0.004357
 44.8169 0.004317
 44.9152 0.004330
 45.0119 0.004320
 45.1090 0.004308
 45.2057 0.004316
 45.3017 0.004365
 45.3958 0.004311
 45.4899 0.004299
 45.5840 0.004308
 45.6772 0.004326
 45.7699 0.004289
 45.8609 0.004306
 45.9536 0.004283
 46.0454 0.004299
 46.1359 0.004324
 46.2266 0.004302
 46.3162 0.004376
 46.4060 0.004382
 46.4960 0.004393
 46.5847 0.004376
 46.6732 0.004372
 46.7609 0.004357
 46.8487 0.004374
 46.9359 0.004387
 47.0241 0.004370
 47.1129 0.004413
 47.1998 0.004403
 47.2872 0.004410
 47.3739 0.004388
 47.4608 0.004362
 47.5473 0.004344
 47.6333 0.004350
 47.7199 0.004354
 47.8065 0.004356
 47.8932 0.004310
 47.9803 0.004325
 48.0664 0.004282
 48.1518 0.004282
 48.2386 0.004295
 48.3246 0.004326
 48.4113 0.004384
 48.4971 0.004362
 48.5832 0.004335
 48.6706 0.004329
 48.7566 0.004388
 48.8426 0.004387
 48.9293 0.004439
 49.0169 0.004456
 49.1046 0.004443
 49.1918 0.004463
 49.2798 0.004474
 49.3672 0.004517
 49.4542 0.004581
 49.5420 0.004611
 49.6299 0.004619
 49.7190 0.004593
 49.8068 0.004648
 49.8950 0.004661
 49.9838 0.004686
 50.0731 0.004675
 50.1638 0.004683
 50.2533 0.004719
 50.3442 0.004749
 50.4354 0.004768
 50.5250 0.004808
 50.6168 0.004845
 50.7087 0.004853
 50.8031 0.004833
 50.8948 0.004847
 50.9890 0.004901
 51.0837 0.004911
 51.1773 0.004916
 51.2716 0.004965
 51.3675 0.005005
 51.4629 0.005003
 51.5612 0.005057
 51.6577 0.005083
 51.7557 0.005131
 51.8539 0.005133
 51.9522 0.005171
 52.0518 0.005183
 52.1526 0.005184
 52.2542 0.005214
 52.3564 0.005268
 52.4590 0.005312
 52.5627 0.005269
 52.6672 0.005315
 52.7739 0.005353
 52.8805 0.005385
 52.9878 0.005364
 53.0970 0.005349
 53.2067 0.005341
 53.3180 0.005330
 53.4296 0.005331
 53.5433 0.005311
 53.6582 0.005368
 53.7741 0.005353
 53.8907 0.005353
 54.0099 0.005312
 54.1294 0.005352
 54.2511 0.005396
 54.3738 0.005501
 54.4976 0.005555
 54.6232 0.005629
 54.7521 0.005710
 54.8826 0.005726
 55.0158 0.005695
 55.1491 0.005713
 55.2842 0.005703
 55.4227 0.005666
 55.5646 0.005786
 55.7094 0.005874
 55.8558 0.005938
 56.0044 0.005979
 56.1576 0.006039
 56.3132 0.006174
 56.4699 0.006242
 56.6343 0.006237
 56.7978 0.006299
 56.9651 0.006448
 57.1392 0.006605
 57.3175 0.006772
 57.5000 0.006838
 57.6870 0.006880
 57.8805 0.007013
 58.0779 0.007124
 58.2817 0.007178
 58.4923 0.007291
 58.7101 0.007385
 58.9366 0.007591
 59.1709 0.007701
 59.4116 0.007768
 59.6676 0.007972
 59.9326 0.008222
 60.2153 0.008265
 60.5063 0.008417
 60.8181 0.008703
 61.1482 0.008773
 61.4928 0.008976
 61.8652 0.009342
 62.2587 0.009740
 62.6865 0.009993
 63.1568 0.010551
 63.6783 0.010899
 64.2614 0.011835
 64.9259 0.012599
 65.6886 0.013404
 66.6119 0.014530
 67.7767 0.015817
 69.3684 0.018708
 69.7790 0.019311
 70.2193 0.020073
 70.7169 0.021662
 71.2978 0.023465
 71.9927 0.025642
 72.8146 0.028646
 73.8245 0.033467
 75.2993 0.040772
 77.7132 0.057863
 80.0897 0.078282
 82.9999 0.118406
 85.1328 0.160599
 lm2-09-1 3 1
 31.8598 0.050680
 32.6258 0.038709
 33.6684 0.026898
 34.5278 0.021081
 35.4317 0.016534
 36.0108 0.014217
 36.4537 0.013279
 36.8072 0.012455
 37.1002 0.012011
 37.3617 0.011424
 37.5890 0.010634
 37.8023 0.010081
 37.9931 0.009775
 38.7625 0.008647
 39.3509 0.007800
 39.8267 0.007282
 40.2383 0.007113
 40.5964 0.006701
 40.9247 0.006382
 41.2210 0.006142
 41.4947 0.005889
 41.7479 0.005813
 41.9890 0.005628
 42.2137 0.005539
 42.4254 0.005433
 42.6273 0.005344
 42.8213 0.005259
 43.0078 0.005230
 43.1885 0.005193
 43.3606 0.005108
 43.5284 0.005046
 43.6884 0.005027
 43.8463 0.005006
 43.9999 0.004888
 44.1485 0.004898
 44.2910 0.004813
 44.4324 0.004780
 44.5714 0.004742
 44.7058 0.004773
 44.8384 0.004700
 44.9690 0.004650
 45.0955 0.004619
 45.2190 0.004583
 45.3420 0.004541
 45.4633 0.004514
 45.5830 0.004504
 45.7000 0.004572
 45.8161 0.004571
 45.9304 0.004537
 46.0444 0.004516
 46.1559 0.004532
 46.2643 0.004503
 46.3729 0.004502
 46.4790 0.004497
 46.5845 0.004464
 46.6888 0.004493
 46.7933 0.004444
 46.8970 0.004417
 46.9986 0.004460
 47.1000 0.004365
 47.2013 0.004393
 47.3012 0.004442
 47.3990 0.004479
 47.4974 0.004460
 47.5963 0.004498
 47.6931 0.004458
 47.7904 0.004462
 47.8864 0.004464
 47.9811 0.004424
 48.0767 0.004389
 48.1713 0.004373
 48.2660 0.004361
 48.3602 0.004368
 48.4535 0.004406
 48.5460 0.004405
 48.6376 0.004422
 48.7290 0.004440
 48.8199 0.004473
 48.9108 0.004439
 49.0018 0.004476
 49.0935 0.004542
 49.1831 0.004508
 49.2733 0.004543
 49.3629 0.004529
 49.4531 0.004548
 49.5418 0.004540
 49.6300 0.004494
 49.7204 0.004485
 49.8096 0.004505
 49.8987 0.004467
 49.9879 0.004469
 50.0775 0.004487
 50.1658 0.004497
 50.2543 0.004478
 50.3437 0.004401
 50.4317 0.004409
 50.5191 0.004425
 50.6080 0.004423
 50.6952 0.004419
 50.7842 0.004454
 50.8732 0.004437
 50.9614 0.004435
 51.0507 0.004446
 51.1390 0.004474
 51.2275 0.004465
 51.3172 0.004536
 51.4066 0.004531
 51.4952 0.004499
 51.5838 0.004498
 51.6718 0.004526
 51.7606 0.004556
 51.8506 0.004622
 51.9416 0.004641
 52.0325 0.004643
 52.1228 0.004629
 52.2133 0.004617
 52.3035 0.004610
 52.3948 0.004610
 52.4863 0.004612
 52.5787 0.004617
 52.6707 0.004646
 52.7635 0.004687
 52.8552 0.004704
 52.9486 0.004674
 53.0431 0.004654
 53.1380 0.004699
 53.2320 0.004776
 53.3268 0.004835
 53.4225 0.004872
 53.5194 0.004857
 53.6148 0.004888
 53.7123 0.004893
 53.8105 0.004936
 53.9078 0.004958
 54.0066 0.004941
 54.1060 0.004952
 54.2062 0.004991
 54.3083 0.004989
 54.4095 0.004973
 54.5107 0.005005
 54.6135 0.004984
 54.7172 0.005037
 54.8217 0.005035
 54.9289 0.005054
 55.0346 0.005015
 55.1429 0.005007
 55.2522 0.005067
 55.3617 0.005102
 55.4727 0.005137
 55.5839 0.005168
 55.6968 0.005162
 55.8101 0.005193
 55.9244 0.005187
 56.0407 0.005222
 56.1569 0.005257
 56.2742 0.005343
 56.3944 0.005383
 56.5136 0.005454
 56.6346 0.005556
 56.7588 0.005630
 56.8859 0.005665
 57.0133 0.005790
 57.1427 0.005935
 57.2750 0.006068
 57.4078 0.006119
 57.5421 0.006042
 57.6780 0.006021
 57.8180 0.006032
 57.9599 0.006136
 58.1022 0.006168
 58.2483 0.006164
 58.3980 0.006269
 58.5495 0.006327
 58.7043 0.006477
 58.8630 0.006590
 59.0234 0.006675
 59.1895 0.006729
 59.3582 0.006867
 59.5304 0.006825
 59.7049 0.006795
 59.8893 0.006805
 60.0745 0.006911
 60.2637 0.006954
 60.4594 0.007001
 60.6603 0.007107
 60.8678 0.007232
 61.0817 0.007257
 61.3039 0.007405
 61.5344 0.007697
 61.7772 0.007781
 62.0267 0.007840
 62.2840 0.007912
 62.5561 0.008034
 62.8410 0.008285
 63.1401 0.008637
 63.4560 0.008707
 63.7874 0.008788
 64.1402 0.009256
 64.5174 0.009730
 64.9242 0.010005
 65.3644 0.010437
 65.8429 0.010610
 66.3736 0.010890
 66.9662 0.011519
 67.6358 0.011830
 68.4163 0.012742
 69.3532 0.014458
 70.5463 0.016678
 72.1689 0.019542
 72.5903 0.020034
 73.0637 0.021974
 73.5755 0.023845
 74.1716 0.025699
 74.8604 0.027301
 75.6944 0.030009
 76.7558 0.033954
 78.2082 0.041689
 80.6887 0.059688
 83.1743 0.079427
 86.1410 0.118392
 88.3545 0.170588
lm2s-09-1 3 1
 32.6306 0.052543
 33.3332 0.040939
 34.3733 0.027445
 35.1918 0.021350
 36.1328 0.016351
 36.7204 0.014253
 37.1651 0.013004
 37.5161 0.012208
 37.8164 0.011414
 38.0788 0.010765
 38.3120 0.010346
 38.5149 0.010157
 38.7052 0.009863
 39.4762 0.008423
 40.0623 0.007677
 40.5471 0.007437
 40.9613 0.006840
 41.3247 0.006579
 41.6527 0.006256
 41.9502 0.005940
 42.2223 0.005661
 42.4776 0.005542
 42.7160 0.005353
 42.9424 0.005313
 43.1568 0.005249
 43.3584 0.005321
 43.5518 0.005292
 43.7380 0.005174
 43.9182 0.005070
 44.0914 0.005016
 44.2577 0.005018
 44.4195 0.004995
 44.5767 0.004952
 44.7313 0.004788
 44.8790 0.004735
 45.0235 0.004676
 45.1638 0.004604
 45.3021 0.004639
 45.4380 0.004635
 45.5696 0.004615
 45.6996 0.004624
 45.8275 0.004570
 45.9527 0.004636
 46.0757 0.004646
 46.1981 0.004588
 46.3163 0.004519
 46.4337 0.004518
 46.5490 0.004533
 46.6639 0.004540
 46.7768 0.004493
 46.8883 0.004433
 46.9980 0.004410
 47.1061 0.004441
 47.2114 0.004480
 47.3184 0.004498
 47.4230 0.004533
 47.5282 0.004515
 47.6313 0.004511
 47.7348 0.004504
 47.8371 0.004535
 47.9372 0.004491
 48.0371 0.004486
 48.1367 0.004437
 48.2363 0.004409
 48.3341 0.004375
 48.4316 0.004356
 48.5278 0.004283
 48.6247 0.004259
 48.7197 0.004331
 48.8147 0.004324
 48.9095 0.004318
 49.0033 0.004311
 49.0959 0.004299
 49.1886 0.004303
 49.2812 0.004323
 49.3731 0.004339
 49.4646 0.004390
 49.5564 0.004436
 49.6480 0.004399
 49.7402 0.004398
 49.8304 0.004373
 49.9207 0.004406
 50.0102 0.004394
 50.1006 0.004416
 50.1902 0.004405
 50.2807 0.004444
 50.3695 0.004459
 50.4588 0.004465
 50.5479 0.004475
 50.6371 0.004448
 50.7264 0.004478
 50.8144 0.004469
 50.9023 0.004449
 50.9905 0.004508
 51.0793 0.004519
 51.1674 0.004501
 51.2555 0.004451
 51.3444 0.004474
 51.4325 0.004527
 51.5205 0.004524
 51.6106 0.004491
 51.6988 0.004530
 51.7869 0.004550
 51.8767 0.004577
 51.9656 0.004608
 52.0537 0.004601
 52.1424 0.004611
 52.2316 0.004609
 52.3208 0.004614
 52.4109 0.004613
 52.4999 0.004611
 52.5896 0.004609
 52.6803 0.004614
 52.7708 0.004605
 52.8616 0.004616
 52.9543 0.004610
 53.0453 0.004635
 53.1358 0.004663
 53.2276 0.004719
 53.3197 0.004787
 53.4121 0.004816
 53.5041 0.004795
 53.5969 0.004829
 53.6904 0.004843
 53.7839 0.004854
 53.8776 0.004894
 53.9722 0.004913
 54.0681 0.004870
 54.1648 0.004876
 54.2598 0.004851
 54.3563 0.004841
 54.4536 0.004874
 54.5504 0.004924
 54.6490 0.004963
 54.7487 0.004935
 54.8474 0.004939
 54.9477 0.004942
 55.0484 0.004998
 55.1512 0.004970
 55.2531 0.004950
 55.3564 0.005000
 55.4600 0.004963
 55.5631 0.004984
 55.6686 0.005013
 55.7763 0.005064
 55.8830 0.005028
 55.9923 0.005037
 56.1017 0.005032
 56.2116 0.005141
 56.3231 0.005200
 56.4351 0.005247
 56.5490 0.005231
 56.6636 0.005292
 56.7816 0.005402
 56.8972 0.005443
 57.0171 0.005509
 57.1367 0.005647
 57.2584 0.005699
 57.3797 0.005736
 57.5040 0.005729
 57.6306 0.005706
 57.7568 0.005708
 57.8857 0.005668
 58.0151 0.005710
 58.1483 0.005786
 58.2830 0.005812
 58.4207 0.005876
 58.5595 0.005919
 58.7014 0.006084
 58.8457 0.006232
 58.9918 0.006295
 59.1408 0.006317
 59.2936 0.006496
 59.4484 0.006630
 59.6083 0.006660
 59.7698 0.006674
 59.9340 0.006691
 60.1038 0.006751
 60.2748 0.006795
 60.4523 0.006864
 60.6336 0.006866
 60.8192 0.007071
 61.0081 0.007059
 61.2039 0.007171
 61.4069 0.007300
 61.6166 0.007465
 61.8334 0.007489
 62.0567 0.007596
 62.2831 0.007613
 62.5210 0.007583
 62.7703 0.007701
 63.0293 0.007919
 63.2996 0.008105
 63.5852 0.008221
 63.8863 0.008330
 64.2008 0.008634
 64.5320 0.008969
 64.8863 0.009328
 65.2702 0.009706
 65.6762 0.009914
 66.1121 0.010112
 66.5972 0.010305
 67.1264 0.010812
 67.7165 0.011116
 68.3874 0.011722
 69.1706 0.012928
 70.1095 0.014113
 71.3019 0.016402
 72.9148 0.019774
 73.3398 0.021119
 73.8019 0.022588
 74.3159 0.023748
 74.9037 0.025284
 75.5985 0.027069
 76.4226 0.029754
 77.4909 0.034508
 78.9833 0.041695
 81.4842 0.057429
 83.8771 0.079333
 86.9059 0.120903
 88.9735 0.168738
 tr0-09-1 3 1
117.0224 0.153259
119.1000 0.116923
122.2176 0.084777
124.8184 0.064422
127.6746 0.049434
129.4001 0.042243
130.6557 0.038119
131.6896 0.035187
132.5762 0.032580
133.3247 0.030398
133.9910 0.028557
134.5960 0.026803
135.1189 0.026282
137.2818 0.022738
138.9150 0.020813
140.2429 0.019929
141.3753 0.018300
142.3615 0.017937
143.2603 0.017140
144.0572 0.016185
144.7908 0.015706
145.4724 0.015339
146.1108 0.015388
146.7097 0.014974
147.2748 0.014667
147.8144 0.014534
148.3357 0.014274
148.8213 0.013974
149.2877 0.013934
149.7376 0.013716
150.1689 0.013608
150.5883 0.013387
150.9888 0.013085
151.3794 0.012620
151.7605 0.012698
152.1278 0.012516
152.4869 0.012498
152.8422 0.012604
153.1900 0.012425
153.5246 0.012318
153.8608 0.012256
154.1861 0.012115
154.5031 0.012005
154.8121 0.011975
155.1186 0.011792
155.4229 0.011923
155.7194 0.011907
156.0142 0.011864
156.3019 0.011925
156.5832 0.011986
156.8629 0.011803
157.1383 0.011737
157.4093 0.011785
157.6786 0.011798
157.9413 0.011635
158.2037 0.011436
158.4625 0.011374
158.7192 0.011328
158.9743 0.011304
159.2271 0.011283
159.4754 0.011287
159.7233 0.011272
159.9708 0.011449
160.2107 0.011193
160.4534 0.011205
160.6932 0.011051
160.9322 0.010992
161.1690 0.010954
161.4021 0.010926
161.6322 0.010874
161.8614 0.010893
162.0901 0.010993
162.3180 0.010899
162.5451 0.010761
162.7694 0.010787
162.9891 0.010863
163.2139 0.010811
163.4370 0.010818
163.6541 0.010658
163.8721 0.010654
164.0909 0.010640
164.3076 0.010656
164.5236 0.010587
164.7383 0.010592
164.9541 0.010650
165.1672 0.010649
165.3795 0.010665
165.5959 0.010604
165.8068 0.010613
166.0218 0.010659
166.2302 0.010575
166.4447 0.010672
166.6531 0.010629
166.8629 0.010632
167.0704 0.010567
167.2817 0.010642
167.4899 0.010713
167.6987 0.010709
167.9072 0.010788
168.1116 0.010803
168.3176 0.010699
168.5252 0.010794
168.7322 0.010926
168.9397 0.011029
169.1447 0.010966
169.3521 0.011117
169.5605 0.011092
169.7680 0.011164
169.9748 0.011194
170.1828 0.011198
170.3911 0.011194
170.5987 0.011273
170.8070 0.011411
171.0146 0.011430
171.2219 0.011417
171.4309 0.011414
171.6419 0.011422
171.8540 0.011451
172.0637 0.011423
172.2734 0.011482
172.4856 0.011510
172.6960 0.011442
172.9077 0.011477
173.1202 0.011431
173.3348 0.011445
173.5528 0.011545
173.7683 0.011571
173.9838 0.011612
174.2024 0.011562
174.4188 0.011516
174.6387 0.011598
174.8601 0.011533
175.0803 0.011604
175.2988 0.011667
175.5219 0.011742
175.7466 0.011611
175.9709 0.011613
176.1947 0.011585
176.4202 0.011503
176.6463 0.011593
176.8776 0.011566
177.1123 0.011613
177.3483 0.011832
177.5839 0.011900
177.8190 0.011888
178.0577 0.011897
178.2966 0.011911
178.5380 0.011932
178.7804 0.012162
179.0264 0.012236
179.2757 0.012148
179.5235 0.012306
179.7768 0.012306
180.0303 0.012269
180.2863 0.012318
180.5445 0.012345
180.8019 0.012419
181.0634 0.012465
181.3266 0.012521
181.5999 0.012542
181.8760 0.012578
182.1542 0.012661
182.4337 0.012770
182.7165 0.012925
183.0068 0.012882
183.2986 0.012778
183.5913 0.012855
183.8898 0.013010
184.1956 0.013060
184.5019 0.012945
184.8213 0.013036
185.1397 0.013071
185.4618 0.013201
185.7863 0.013168
186.1188 0.013253
186.4614 0.013373
186.8066 0.013557
187.1637 0.013841
187.5218 0.014046
187.8950 0.014209
188.2739 0.014382
188.6617 0.014356
189.0601 0.014437
189.4723 0.014727
189.8993 0.014925
190.3322 0.015047
190.7782 0.015200
191.2442 0.015137
191.7174 0.015585
192.2064 0.015315
192.7090 0.015957
193.2419 0.016416
193.7958 0.016827
194.3657 0.017306
194.9762 0.017513
195.6158 0.017905
196.2757 0.018697
196.9838 0.019224
197.7462 0.019838
198.5463 0.020556
199.4109 0.021089
200.3580 0.021628
201.4036 0.022957
202.5602 0.024157
203.8784 0.024961
205.4119 0.026116
207.2157 0.029057
209.4657 0.033296
212.5024 0.040178
213.2814 0.041895
214.1381 0.043897
215.0806 0.045042
216.1879 0.047733
217.4582 0.053049
218.9053 0.058290
220.8270 0.064319
223.4625 0.073840
227.7494 0.095849
231.9119 0.133626
237.1442 0.201024
241.1694 0.295149
 tr1-09-1 3 1
132.0909 0.168158
134.5943 0.126806
138.1611 0.090039
140.8450 0.063653
143.6806 0.049661
145.4859 0.042083
146.8100 0.039287
147.8903 0.037363
148.7943 0.034698
149.5914 0.032521
150.2732 0.031118
150.8985 0.030151
151.4708 0.028805
153.7422 0.024514
155.4455 0.022482
156.8381 0.020643
158.0159 0.019295
159.0538 0.017955
159.9820 0.017790
160.8235 0.016971
161.5885 0.016778
162.2954 0.016481
162.9698 0.016035
163.5915 0.015839
164.1886 0.015303
164.7546 0.014806
165.2883 0.014836
165.8059 0.014634
166.3042 0.014390
166.7751 0.014047
167.2284 0.013886
167.6677 0.013706
168.0926 0.013439
168.5046 0.013549
168.9108 0.013574
169.3028 0.013228
169.6806 0.013087
170.0523 0.012924
170.4172 0.012970
170.7778 0.012799
171.1237 0.012736
171.4670 0.012709
171.8015 0.012653
172.1290 0.012646
172.4479 0.012414
172.7664 0.012454
173.0762 0.012347
173.3819 0.012240
173.6828 0.012099
173.9795 0.012185
174.2738 0.012087
174.5590 0.011803
174.8400 0.011792
175.1219 0.011615
175.3964 0.011644
175.6708 0.011407
175.9420 0.011362
176.2071 0.011383
176.4712 0.011280
176.7316 0.011372
176.9940 0.011281
177.2538 0.011275
177.5068 0.011249
177.7614 0.011243
178.0091 0.011178
178.2581 0.011131
178.5052 0.011134
178.7505 0.011173
178.9946 0.011083
179.2370 0.011215
179.4759 0.011218
179.7197 0.011223
179.9548 0.011287
180.1872 0.011345
180.4203 0.011332
180.6533 0.011304
180.8854 0.011196
181.1164 0.011112
181.3459 0.011086
181.5753 0.011172
181.8022 0.011184
182.0295 0.011079
182.2557 0.011098
182.4821 0.011036
182.7100 0.011143
182.9323 0.011111
183.1574 0.011240
183.3795 0.011124
183.5983 0.011050
183.8190 0.011131
184.0385 0.010990
184.2585 0.010935
184.4789 0.011054
184.6968 0.011006
184.9182 0.011018
185.1378 0.010925
185.3539 0.010880
185.5713 0.010869
185.7896 0.010817
186.0031 0.010800
186.2191 0.010878
186.4365 0.010901
186.6527 0.010758
186.8697 0.010885
187.0837 0.010882
187.3007 0.010881
187.5147 0.010886
187.7333 0.010943
187.9500 0.010994
188.1668 0.011025
188.3843 0.011200
188.6029 0.011304
188.8207 0.011249
189.0374 0.011403
189.2537 0.011406
189.4715 0.011492
189.6877 0.011556
189.9070 0.011616
190.1278 0.011687
190.3464 0.011740
190.5674 0.011748
190.7874 0.011714
191.0080 0.011671
191.2270 0.011849
191.4513 0.011926
191.6766 0.011942
191.9019 0.012072
192.1231 0.011930
192.3484 0.011990
192.5737 0.012082
192.8042 0.012156
193.0316 0.012211
193.2629 0.012162
193.4934 0.012077
193.7267 0.012012
193.9587 0.011955
194.1937 0.012025
194.4302 0.011973
194.6680 0.011938
194.9066 0.011967
195.1457 0.012009
195.3840 0.011941
195.6259 0.012073
195.8694 0.012200
196.1189 0.012166
196.3681 0.012242
196.6179 0.012251
196.8712 0.012302
197.1251 0.012306
197.3793 0.012227
197.6390 0.012301
197.8987 0.012287
198.1581 0.012168
198.4225 0.012267
198.6893 0.012291
198.9570 0.012223
199.2309 0.012190
199.5077 0.012088
199.7886 0.012319
200.0718 0.012428
200.3572 0.012369
200.6482 0.012514
200.9397 0.012732
201.2329 0.012762
201.5355 0.013070
201.8408 0.013053
202.1474 0.013227
202.4558 0.013171
202.7688 0.013151
203.0874 0.013325
203.4124 0.013350
203.7490 0.013518
204.0882 0.013735
204.4333 0.013782
204.7828 0.013870
205.1401 0.013876
205.4993 0.014104
205.8724 0.014194
206.2502 0.014396
206.6418 0.014501
207.0396 0.014534
207.4423 0.014640
207.8543 0.014845
208.2736 0.014895
208.7118 0.014987
209.1577 0.015242
209.6212 0.015407
210.1021 0.015710
210.5964 0.015813
211.1088 0.016042
211.6342 0.016490
212.1857 0.016664
212.7630 0.017228
213.3610 0.017274
213.9946 0.017541
214.6616 0.017653
215.3536 0.017817
216.0982 0.018157
216.8867 0.019021
217.7223 0.019650
218.6225 0.020085
219.6032 0.020419
220.6971 0.021816
221.8868 0.022736
223.2494 0.024578
224.8012 0.026629
226.6720 0.028651
229.0094 0.033064
232.1719 0.039189
232.9682 0.040442
233.8849 0.042181
234.8576 0.045682
236.0179 0.047428
237.3373 0.051493
238.9195 0.057248
240.8894 0.065195
243.6804 0.078391
248.1472 0.108559
252.3293 0.143820
257.9697 0.220642
261.9571 0.283992
tr1s-09-1 3 1
139.8016 0.173471
142.4057 0.129360
145.9169 0.088354
148.6778 0.069985
151.6758 0.053606
153.5297 0.045976
154.8768 0.040341
156.0168 0.036921
156.9394 0.035803
157.7545 0.033807
158.4564 0.031939
159.0972 0.030374
159.6682 0.028851
162.0023 0.025603
163.7342 0.022470
165.1702 0.020864
166.3736 0.019812
167.4467 0.018945
168.3956 0.018246
169.2563 0.017421
170.0478 0.017306
170.7795 0.016937
171.4623 0.016919
172.1048 0.016000
172.7152 0.015613
173.2888 0.015387
173.8384 0.015052
174.3689 0.014785
174.8687 0.014364
175.3484 0.014287
175.8198 0.014244
176.2732 0.014110
176.7027 0.014008
177.1265 0.013915
177.5360 0.013511
177.9368 0.013311
178.3272 0.013280
178.7028 0.013194
179.0704 0.013176
179.4358 0.013184
179.7961 0.013126
180.1379 0.013021
180.4754 0.012996
180.8068 0.012833
181.1332 0.012787
181.4555 0.012696
181.7704 0.012432
182.0817 0.012441
182.3882 0.012227
182.6899 0.012058
182.9908 0.011921
183.2871 0.011719
183.5767 0.011795
183.8630 0.011778
184.1457 0.011806
184.4236 0.011931
184.6994 0.011830
184.9714 0.011805
185.2416 0.011548
185.5071 0.011678
185.7729 0.011602
186.0359 0.011479
186.2980 0.011442
186.5576 0.011389
186.8149 0.011480
187.0688 0.011403
187.3212 0.011234
187.5703 0.011370
187.8168 0.011200
188.0640 0.011116
188.3120 0.011029
188.5540 0.011002
188.7969 0.011088
189.0365 0.011231
189.2779 0.011250
189.5200 0.011364
189.7579 0.011360
189.9928 0.011335
190.2303 0.011333
190.4619 0.011259
190.6933 0.011251
190.9251 0.011173
191.1555 0.011311
191.3861 0.011216
191.6147 0.011339
191.8439 0.011332
192.0705 0.011355
192.2950 0.011142
192.5193 0.011101
192.7453 0.011168
192.9661 0.011107
193.1907 0.011070
193.4137 0.011119
193.6383 0.011101
193.8593 0.011143
194.0838 0.011043
194.3030 0.010986
194.5238 0.010853
194.7457 0.010791
194.9669 0.010856
195.1850 0.010887
195.4065 0.010871
195.6248 0.010958
195.8447 0.010999
196.0647 0.011043
196.2869 0.011054
196.5059 0.011066
196.7250 0.010982
196.9463 0.010983
197.1676 0.011063
197.3888 0.011165
197.6086 0.011121
197.8307 0.011258
198.0525 0.011298
198.2762 0.011345
198.4973 0.011367
198.7216 0.011330
198.9447 0.011532
199.1659 0.011539
199.3881 0.011656
199.6146 0.011651
199.8390 0.011773
200.0660 0.011788
200.2941 0.011854
200.5206 0.011885
200.7499 0.011813
200.9765 0.011797
201.2072 0.011759
201.4363 0.011934
201.6703 0.011932
201.9016 0.011885
202.1381 0.011902
202.3723 0.011909
202.6064 0.011942
202.8409 0.012053
203.0765 0.012073
203.3141 0.012076
203.5502 0.012114
203.7932 0.012057
204.0320 0.011929
204.2768 0.011940
204.5253 0.012004
204.7705 0.011946
205.0203 0.012081
205.2705 0.012105
205.5220 0.012123
205.7756 0.012052
206.0348 0.011958
206.2947 0.012029
206.5537 0.012018
206.8174 0.012072
207.0839 0.012047
207.3493 0.012020
207.6192 0.012116
207.8915 0.012266
208.1707 0.012380
208.4438 0.012462
208.7229 0.012625
209.0076 0.012649
209.2934 0.012615
209.5826 0.012608
209.8752 0.012727
210.1735 0.012776
210.4737 0.013046
210.7809 0.013231
211.0880 0.013101
211.4013 0.013040
211.7192 0.013325
212.0441 0.013284
212.3677 0.013291
212.6983 0.013423
213.0353 0.013389
213.3772 0.013512
213.7266 0.013712
214.0841 0.013990
214.4471 0.014185
214.8168 0.014105
215.1912 0.014345
215.5756 0.014403
215.9718 0.014635
216.3782 0.014826
216.7867 0.014971
217.2071 0.015315
217.6412 0.015607
218.0885 0.015838
218.5491 0.016127
219.0169 0.016429
219.4996 0.016636
220.0004 0.017023
220.5173 0.017442
221.0590 0.017401
221.6167 0.017583
222.1971 0.017623
222.8062 0.017778
223.4457 0.018280
224.1199 0.018846
224.8290 0.018899
225.5729 0.019719
226.3758 0.020089
227.2205 0.020523
228.1379 0.021519
229.1340 0.022395
230.2190 0.023489
231.4315 0.024754
232.8100 0.025930
234.4227 0.027743
236.3086 0.030116
238.6899 0.034139
241.8922 0.040844
242.7309 0.041433
243.6373 0.042325
244.6610 0.045644
245.8160 0.048752
247.1798 0.052688
248.7960 0.058940
250.7662 0.065552
253.5045 0.077773
257.9865 0.105212
262.2250 0.140896
268.0202 0.222881
272.0980 0.304679
 tr2-09-1 3 1
148.5568 0.178882
151.0285 0.134343
154.3368 0.094194
157.2601 0.070106
160.3465 0.053171
162.2432 0.045931
163.6412 0.041430
164.7305 0.036972
165.6968 0.035635
166.5254 0.032931
167.2267 0.031150
167.9001 0.031134
168.5007 0.029296
170.8868 0.025728
172.6844 0.023176
174.1518 0.021669
175.3933 0.020701
176.4764 0.018930
177.4536 0.018374
178.3354 0.017744
179.1441 0.016962
179.9035 0.016115
180.5983 0.016027
181.2540 0.015480
181.8786 0.015401
182.4709 0.015180
183.0245 0.014909
183.5621 0.014539
184.0755 0.014272
184.5722 0.014401
185.0506 0.014122
185.5083 0.014192
185.9536 0.013933
186.3839 0.014032
186.8054 0.013894
187.2157 0.013795
187.6190 0.013701
188.0070 0.013652
188.3864 0.013678
188.7545 0.013565
189.1170 0.013450
189.4750 0.013396
189.8271 0.013187
190.1698 0.013066
190.5102 0.013038
190.8349 0.012964
191.1597 0.012692
191.4779 0.012618
191.7911 0.012316
192.1032 0.012431
192.4101 0.012214
192.7095 0.012308
193.0080 0.012419
193.3065 0.012562
193.5954 0.012495
193.8815 0.012312
194.1670 0.012521
194.4484 0.012547
194.7223 0.012541
195.0017 0.012565
195.2755 0.012506
195.5437 0.012518
195.8136 0.012426
196.0794 0.012329
196.3385 0.012173
196.5983 0.012128
196.8572 0.012030
197.1155 0.011811
197.3685 0.011684
197.6218 0.011760
197.8725 0.011701
198.1233 0.011715
198.3678 0.011668
198.6150 0.011616
198.8618 0.011584
199.1069 0.011637
199.3467 0.011570
199.5890 0.011501
199.8268 0.011431
200.0642 0.011388
200.3043 0.011380
200.5411 0.011510
200.7765 0.011533
201.0123 0.011652
201.2450 0.011550
201.4787 0.011579
201.7122 0.011620
201.9447 0.011721
202.1766 0.011632
202.4096 0.011793
202.6409 0.011624
202.8706 0.011696
203.0990 0.011696
203.3292 0.011754
203.5578 0.011813
203.7851 0.011779
204.0151 0.011731
204.2420 0.011627
204.4701 0.011664
204.6972 0.011719
204.9207 0.011651
205.1475 0.011641
205.3771 0.011728
205.6022 0.011895
205.8277 0.011968
206.0510 0.011930
206.2748 0.011906
206.5021 0.011781
206.7268 0.011895
206.9542 0.011935
207.1816 0.012046
207.4050 0.012115
207.6331 0.012114
207.8600 0.012094
208.0853 0.012038
208.3146 0.012103
208.5430 0.011916
208.7724 0.011926
209.0022 0.011972
209.2338 0.011949
209.4607 0.011888
209.6929 0.011937
209.9249 0.011901
210.1532 0.012051
210.3860 0.012105
210.6183 0.012084
210.8494 0.011992
211.0835 0.011959
211.3222 0.011929
211.5567 0.012016
211.7931 0.012093
212.0340 0.012047
212.2680 0.012091
212.5077 0.012032
212.7516 0.012017
212.9960 0.012072
213.2397 0.012115
213.4867 0.012093
213.7328 0.012199
213.9813 0.012164
214.2284 0.012161
214.4786 0.012150
214.7307 0.012276
214.9875 0.012250
215.2475 0.012333
215.5083 0.012390
215.7681 0.012427
216.0291 0.012507
216.2926 0.012604
216.5579 0.012851
216.8296 0.012969
217.1027 0.013015
217.3768 0.012984
217.6508 0.012966
217.9293 0.012911
218.2122 0.012825
218.4996 0.013016
218.7877 0.013110
219.0788 0.013238
219.3709 0.013347
219.6710 0.013290
219.9682 0.013334
220.2713 0.013383
220.5805 0.013386
220.8910 0.013545
221.2048 0.013772
221.5253 0.013841
221.8485 0.013966
222.1761 0.014154
222.5085 0.014122
222.8467 0.014255
223.1915 0.014211
223.5453 0.014234
223.9013 0.014340
224.2663 0.014503
224.6326 0.014581
225.0106 0.014955
225.3937 0.015034
225.7864 0.015000
226.1935 0.015148
226.6090 0.015268
227.0308 0.015320
227.4628 0.015521
227.9087 0.015641
228.3648 0.015704
228.8395 0.015756
229.3178 0.015949
229.8143 0.016486
230.3225 0.016820
230.8523 0.017106
231.4030 0.017343
231.9819 0.017444
232.5839 0.017735
233.2009 0.018335
233.8530 0.018774
234.5429 0.019172
235.2717 0.019263
236.0414 0.019620
236.8546 0.020219
237.7259 0.021196
238.6688 0.022241
239.7015 0.022904
240.8153 0.023791
242.0639 0.024892
243.4774 0.026104
245.1214 0.027020
247.0557 0.030422
249.4751 0.032572
252.7377 0.038159
253.5483 0.040972
254.4806 0.042470
255.5388 0.043822
256.6757 0.046335
258.0776 0.051025
259.7194 0.058091
261.7607 0.066801
264.6684 0.081200
269.3496 0.104309
273.7995 0.140561
279.3465 0.224906
283.6102 0.308898
tr2s-09-1 3 1
156.6374 0.178878
159.0919 0.134191
162.6168 0.096543
165.6848 0.070298
168.8077 0.055609
170.6710 0.046679
172.0750 0.040435
173.2687 0.037434
174.2177 0.035050
175.0200 0.033252
175.7572 0.030905
176.4416 0.030089
177.0355 0.029401
179.4673 0.024881
181.2911 0.023313
182.7804 0.022124
184.0442 0.021271
185.1499 0.019102
186.1304 0.018213
187.0159 0.018096
187.8374 0.016954
188.5947 0.016973
189.3091 0.016236
189.9749 0.016524
190.6063 0.016562
191.2021 0.016265
191.7753 0.015871
192.3196 0.015823
192.8428 0.015383
193.3454 0.015244
193.8255 0.014957
194.2935 0.015024
194.7431 0.014732
195.1773 0.014588
195.6064 0.014462
196.0194 0.014130
196.4189 0.013734
196.8131 0.013792
197.1959 0.013918
197.5727 0.013658
197.9399 0.013552
198.2992 0.013449
198.6517 0.013243
198.9990 0.013083
199.3407 0.013024
199.6755 0.012938
200.0012 0.012821
200.3226 0.012865
200.6386 0.012791
200.9543 0.012396
201.2645 0.012248
201.5726 0.012310
201.8730 0.012243
202.1679 0.012163
202.4559 0.012116
202.7486 0.012051
203.0372 0.012024
203.3202 0.012019
203.6015 0.012143
203.8755 0.012156
204.1525 0.012058
204.4306 0.012075
204.7019 0.012051
204.9701 0.011704
205.2372 0.011725
205.4988 0.011740
205.7573 0.011728
206.0134 0.011660
206.2734 0.011569
206.5268 0.011575
206.7834 0.011468
207.0379 0.011505
207.2878 0.011403
207.5351 0.011490
207.7837 0.011543
208.0285 0.011402
208.2705 0.011461
208.5183 0.011660
208.7612 0.011648
209.0038 0.011648
209.2444 0.011427
209.4836 0.011723
209.7231 0.011676
209.9613 0.011463
210.1964 0.011526
210.4334 0.011488
210.6704 0.011515
210.9034 0.011547
211.1352 0.011660
211.3673 0.011539
211.5994 0.011690
211.8316 0.011713
212.0609 0.011716
212.2960 0.011761
212.5283 0.011767
212.7595 0.011915
212.9922 0.011794
213.2228 0.011840
213.4505 0.011922
213.6799 0.011987
213.9056 0.012101
214.1346 0.012074
214.3622 0.012057
214.5919 0.012102
214.8209 0.012072
215.0494 0.011902
215.2749 0.011942
215.5013 0.011759
215.7284 0.011812
215.9551 0.011823
216.1845 0.011838
216.4148 0.011812
216.6405 0.011830
216.8692 0.011867
217.1002 0.011922
217.3276 0.012071
217.5621 0.011986
217.7911 0.011943
218.0250 0.011782
218.2540 0.011748
218.4861 0.011749
218.7194 0.011735
218.9526 0.011609
219.1871 0.011674
219.4231 0.011689
219.6587 0.011942
219.8956 0.011941
220.1329 0.011860
220.3710 0.012011
220.6066 0.012052
220.8460 0.012177
221.0883 0.012356
221.3313 0.012479
221.5723 0.012519
221.8178 0.012588
222.0615 0.012453
222.3095 0.012450
222.5573 0.012461
222.8064 0.012421
223.0555 0.012513
223.3076 0.012519
223.5614 0.012618
223.8195 0.012632
224.0759 0.012830
224.3341 0.012845
224.5974 0.012999
224.8625 0.013089
225.1278 0.013123
225.3951 0.013042
225.6653 0.013025
225.9343 0.013051
226.2070 0.013060
226.4866 0.013096
226.7630 0.013047
227.0458 0.012834
227.3289 0.012753
227.6165 0.012773
227.9062 0.012793
228.2036 0.012827
228.4997 0.012725
228.8003 0.012730
229.1030 0.012696
229.4146 0.012724
229.7246 0.012640
230.0391 0.012922
230.3569 0.012881
230.6789 0.013161
231.0084 0.013259
231.3377 0.013513
231.6784 0.013584
232.0207 0.013809
232.3686 0.014048
232.7198 0.014118
233.0804 0.014156
233.4496 0.014389
233.8225 0.014298
234.2059 0.014585
234.5920 0.014591
234.9870 0.014572
235.3916 0.014666
235.8039 0.015176
236.2267 0.015489
236.6638 0.015496
237.1081 0.015752
237.5707 0.015902
238.0470 0.015783
238.5341 0.015668
239.0357 0.015642
239.5523 0.016091
240.0934 0.016239
240.6548 0.016569
241.2287 0.017124
241.8239 0.017605
242.4553 0.017906
243.1093 0.018271
243.8040 0.018526
244.5334 0.018964
245.3004 0.019437
246.1332 0.019768
247.0185 0.020095
247.9674 0.021480
248.9958 0.022234
250.1276 0.023141
251.3943 0.024292
252.8208 0.025205
254.4617 0.027048
256.4268 0.030501
258.8969 0.032202
262.1734 0.038629
263.0003 0.040689
263.9311 0.042826
264.9603 0.045309
266.1537 0.049619
267.5141 0.055485
269.1535 0.063099
271.2215 0.069561
274.0853 0.081836
278.7777 0.109987
283.4321 0.145329
289.1583 0.226751
293.3402 0.290713
