Copyright (C) 1998 James G. MacKinnon, Alfred A. Haug, and Leo Michelis.
 lm0-02-7 2 1
  6.8379 0.018608
  7.2869 0.015064
  7.9630 0.009827
  8.5409 0.008054
  9.1884 0.006624
  9.6046 0.005857
  9.9134 0.005196
 10.1624 0.004969
 10.3787 0.004788
 10.5623 0.004567
 10.7280 0.004275
 10.8773 0.004077
 11.0129 0.003864
 11.5741 0.003444
 12.0050 0.003321
 12.3631 0.003142
 12.6692 0.003036
 12.9417 0.002895
 13.1865 0.002740
 13.4093 0.002707
 13.6161 0.002592
 13.8082 0.002509
 13.9893 0.002454
 14.1597 0.002426
 14.3221 0.002379
 14.4786 0.002376
 14.6271 0.002367
 14.7697 0.002366
 14.9074 0.002347
 15.0404 0.002301
 15.1685 0.002261
 15.2938 0.002273
 15.4149 0.002283
 15.5337 0.002260
 15.6492 0.002238
 15.7623 0.002218
 15.8727 0.002221
 15.9803 0.002241
 16.0858 0.002207
 16.1889 0.002201
 16.2899 0.002231
 16.3897 0.002239
 16.4880 0.002220
 16.5849 0.002210
 16.6799 0.002212
 16.7726 0.002217
 16.8649 0.002228
 16.9552 0.002283
 17.0455 0.002251
 17.1344 0.002268
 17.2224 0.002242
 17.3097 0.002272
 17.3951 0.002275
 17.4800 0.002251
 17.5644 0.002218
 17.6481 0.002219
 17.7314 0.002241
 17.8133 0.002216
 17.8943 0.002245
 17.9756 0.002247
 18.0564 0.002253
 18.1360 0.002277
 18.2152 0.002280
 18.2939 0.002296
 18.3728 0.002307
 18.4497 0.002276
 18.5268 0.002272
 18.6034 0.002271
 18.6795 0.002254
 18.7551 0.002255
 18.8310 0.002257
 18.9061 0.002276
 18.9810 0.002274
 19.0553 0.002301
 19.1290 0.002324
 19.2032 0.002316
 19.2772 0.002313
 19.3506 0.002300
 19.4240 0.002294
 19.4971 0.002304
 19.5695 0.002288
 19.6425 0.002276
 19.7154 0.002272
 19.7876 0.002277
 19.8597 0.002289
 19.9322 0.002284
 20.0043 0.002288
 20.0765 0.002292
 20.1489 0.002277
 20.2213 0.002280
 20.2931 0.002257
 20.3651 0.002250
 20.4369 0.002251
 20.5087 0.002262
 20.5803 0.002285
 20.6521 0.002285
 20.7239 0.002272
 20.7961 0.002276
 20.8679 0.002278
 20.9397 0.002304
 21.0123 0.002291
 21.0847 0.002274
 21.1565 0.002317
 21.2286 0.002309
 21.3007 0.002315
 21.3732 0.002329
 21.4461 0.002301
 21.5191 0.002320
 21.5916 0.002341
 21.6650 0.002350
 21.7378 0.002353
 21.8112 0.002369
 21.8848 0.002400
 21.9584 0.002407
 22.0325 0.002406
 22.1069 0.002430
 22.1815 0.002434
 22.2564 0.002442
 22.3313 0.002435
 22.4068 0.002407
 22.4825 0.002428
 22.5588 0.002436
 22.6356 0.002461
 22.7122 0.002461
 22.7894 0.002488
 22.8672 0.002492
 22.9454 0.002499
 23.0241 0.002525
 23.1023 0.002522
 23.1811 0.002545
 23.2613 0.002541
 23.3412 0.002555
 23.4222 0.002580
 23.5037 0.002587
 23.5856 0.002600
 23.6673 0.002610
 23.7506 0.002599
 23.8337 0.002601
 23.9175 0.002587
 24.0020 0.002602
 24.0872 0.002617
 24.1736 0.002633
 24.2603 0.002644
 24.3481 0.002661
 24.4370 0.002707
 24.5261 0.002748
 24.6149 0.002745
 24.7048 0.002803
 24.7961 0.002788
 24.8893 0.002782
 24.9829 0.002792
 25.0775 0.002816
 25.1729 0.002851
 25.2691 0.002849
 25.3664 0.002854
 25.4652 0.002884
 25.5647 0.002895
 25.6659 0.002924
 25.7687 0.002936
 25.8719 0.002947
 25.9774 0.002960
 26.0835 0.002925
 26.1913 0.002934
 26.3008 0.002914
 26.4129 0.002941
 26.5252 0.002945
 26.6392 0.002962
 26.7563 0.003025
 26.8739 0.002992
 26.9947 0.003021
 27.1185 0.003018
 27.2433 0.003093
 27.3705 0.003135
 27.5010 0.003095
 27.6337 0.003167
 27.7695 0.003206
 27.9085 0.003230
 28.0502 0.003289
 28.1959 0.003304
 28.3451 0.003339
 28.4972 0.003343
 28.6551 0.003354
 28.8153 0.003341
 28.9818 0.003359
 29.1537 0.003420
 29.3302 0.003472
 29.5122 0.003497
 29.7006 0.003557
 29.8954 0.003550
 30.0987 0.003623
 30.3096 0.003713
 30.5304 0.003864
 30.7608 0.004050
 31.0027 0.004183
 31.2559 0.004287
 31.5235 0.004405
 31.8074 0.004460
 32.1098 0.004474
 32.4327 0.004670
 32.7789 0.004887
 33.1569 0.005186
 33.5685 0.005485
 34.0220 0.005716
 34.5321 0.005970
 35.1117 0.006314
 35.7831 0.006665
 36.5916 0.007529
 37.6211 0.008675
 39.0242 0.010842
 39.3822 0.011367
 39.7794 0.012017
 40.2257 0.012828
 40.7455 0.013778
 41.3482 0.015007
 42.0818 0.016602
 43.0153 0.018008
 44.3046 0.021811
 46.4722 0.029927
 48.5682 0.042972
 51.1964 0.064881
 53.1001 0.091300
 lm1-02-7 2 1
  8.1315 0.020848
  8.6243 0.015508
  9.3876 0.012130
 10.0279 0.008736
 10.7329 0.007050
 11.1753 0.006222
 11.5083 0.005649
 11.7801 0.005326
 12.0160 0.005059
 12.2161 0.004879
 12.3950 0.004458
 12.5552 0.004364
 12.7041 0.004285
 13.3067 0.003633
 13.7667 0.003391
 14.1449 0.003237
 14.4725 0.003188
 14.7614 0.003099
 15.0211 0.002984
 15.2573 0.002895
 15.4782 0.002824
 15.6846 0.002765
 15.8779 0.002691
 16.0611 0.002669
 16.2336 0.002610
 16.3988 0.002623
 16.5566 0.002587
 16.7073 0.002591
 16.8535 0.002525
 16.9957 0.002477
 17.1317 0.002460
 17.2637 0.002447
 17.3916 0.002454
 17.5174 0.002434
 17.6399 0.002409
 17.7593 0.002374
 17.8760 0.002351
 17.9893 0.002363
 18.1011 0.002386
 18.2109 0.002422
 18.3183 0.002393
 18.4237 0.002367
 18.5280 0.002330
 18.6298 0.002331
 18.7298 0.002326
 18.8289 0.002313
 18.9266 0.002290
 19.0235 0.002288
 19.1189 0.002294
 19.2124 0.002265
 19.3050 0.002276
 19.3972 0.002274
 19.4878 0.002267
 19.5776 0.002281
 19.6667 0.002286
 19.7549 0.002293
 19.8422 0.002307
 19.9284 0.002282
 20.0140 0.002281
 20.0989 0.002304
 20.1830 0.002320
 20.2669 0.002352
 20.3503 0.002326
 20.4328 0.002316
 20.5145 0.002312
 20.5961 0.002293
 20.6773 0.002312
 20.7576 0.002315
 20.8384 0.002338
 20.9186 0.002317
 20.9980 0.002316
 21.0771 0.002343
 21.1559 0.002342
 21.2346 0.002311
 21.3127 0.002321
 21.3908 0.002328
 21.4688 0.002318
 21.5461 0.002337
 21.6230 0.002336
 21.6998 0.002335
 21.7764 0.002324
 21.8533 0.002313
 21.9296 0.002319
 22.0055 0.002334
 22.0817 0.002345
 22.1573 0.002358
 22.2332 0.002365
 22.3085 0.002381
 22.3842 0.002357
 22.4592 0.002390
 22.5346 0.002391
 22.6104 0.002402
 22.6860 0.002406
 22.7613 0.002415
 22.8367 0.002446
 22.9126 0.002456
 22.9879 0.002454
 23.0630 0.002432
 23.1385 0.002446
 23.2135 0.002474
 23.2888 0.002484
 23.3640 0.002474
 23.4397 0.002476
 23.5154 0.002511
 23.5917 0.002535
 23.6676 0.002530
 23.7431 0.002549
 23.8194 0.002554
 23.8962 0.002537
 23.9722 0.002569
 24.0490 0.002567
 24.1261 0.002608
 24.2030 0.002616
 24.2807 0.002622
 24.3585 0.002620
 24.4363 0.002622
 24.5142 0.002616
 24.5926 0.002600
 24.6713 0.002607
 24.7502 0.002604
 24.8303 0.002611
 24.9101 0.002612
 24.9902 0.002609
 25.0705 0.002629
 25.1505 0.002605
 25.2311 0.002626
 25.3130 0.002644
 25.3948 0.002621
 25.4775 0.002639
 25.5608 0.002644
 25.6437 0.002673
 25.7278 0.002694
 25.8117 0.002742
 25.8965 0.002753
 25.9816 0.002766
 26.0671 0.002784
 26.1533 0.002788
 26.2403 0.002790
 26.3287 0.002819
 26.4169 0.002812
 26.5060 0.002809
 26.5954 0.002793
 26.6855 0.002818
 26.7769 0.002827
 26.8690 0.002862
 26.9619 0.002848
 27.0553 0.002837
 27.1496 0.002821
 27.2456 0.002821
 27.3417 0.002820
 27.4385 0.002831
 27.5367 0.002865
 27.6356 0.002879
 27.7362 0.002916
 27.8376 0.002921
 27.9410 0.002930
 28.0449 0.002954
 28.1498 0.002956
 28.2568 0.002999
 28.3648 0.002991
 28.4736 0.002987
 28.5848 0.003006
 28.6973 0.003045
 28.8119 0.003079
 28.9280 0.003095
 29.0453 0.003109
 29.1650 0.003128
 29.2859 0.003171
 29.4099 0.003192
 29.5367 0.003181
 29.6648 0.003230
 29.7948 0.003251
 29.9270 0.003285
 30.0629 0.003306
 30.2018 0.003344
 30.3429 0.003377
 30.4875 0.003385
 30.6351 0.003374
 30.7856 0.003413
 30.9396 0.003411
 31.0989 0.003501
 31.2634 0.003625
 31.4310 0.003686
 31.6023 0.003740
 31.7792 0.003760
 31.9632 0.003831
 32.1526 0.003887
 32.3489 0.003977
 32.5525 0.003993
 32.7636 0.004069
 32.9828 0.004069
 33.2110 0.004143
 33.4481 0.004328
 33.6990 0.004374
 33.9632 0.004422
 34.2402 0.004563
 34.5359 0.004729
 34.8483 0.004877
 35.1815 0.004997
 35.5435 0.005200
 35.9331 0.005309
 36.3574 0.005654
 36.8301 0.005938
 37.3528 0.006084
 37.9457 0.006705
 38.6455 0.007259
 39.4786 0.007996
 40.5432 0.009037
 41.9922 0.010549
 42.3624 0.011098
 42.7750 0.011573
 43.2278 0.012472
 43.7567 0.013768
 44.3829 0.015161
 45.1394 0.016708
 46.0884 0.019329
 47.4154 0.023099
 49.5987 0.032678
 51.7242 0.045165
 54.4966 0.065234
 56.5653 0.087800
lm1s-02-7 2 1
  9.2082 0.021321
  9.7183 0.016366
 10.4555 0.011062
 11.0607 0.008772
 11.7421 0.006927
 12.1811 0.005979
 12.5104 0.005119
 12.7761 0.004994
 13.0051 0.004654
 13.2045 0.004397
 13.3810 0.004352
 13.5408 0.004234
 13.6867 0.004027
 14.2780 0.003567
 14.7305 0.003409
 15.1064 0.003174
 15.4275 0.003169
 15.7137 0.003024
 15.9703 0.002912
 16.2054 0.002859
 16.4227 0.002852
 16.6258 0.002783
 16.8160 0.002741
 16.9976 0.002703
 17.1679 0.002674
 17.3311 0.002638
 17.4880 0.002569
 17.6382 0.002541
 17.7829 0.002494
 17.9222 0.002438
 18.0576 0.002407
 18.1879 0.002414
 18.3147 0.002376
 18.4392 0.002363
 18.5594 0.002374
 18.6776 0.002351
 18.7932 0.002355
 18.9062 0.002338
 19.0166 0.002346
 19.1244 0.002329
 19.2319 0.002311
 19.3361 0.002298
 19.4393 0.002287
 19.5397 0.002308
 19.6385 0.002287
 19.7360 0.002273
 19.8333 0.002294
 19.9292 0.002260
 20.0232 0.002275
 20.1165 0.002295
 20.2089 0.002264
 20.3002 0.002276
 20.3898 0.002262
 20.4784 0.002262
 20.5664 0.002268
 20.6540 0.002268
 20.7407 0.002282
 20.8270 0.002292
 20.9118 0.002311
 20.9966 0.002314
 21.0805 0.002322
 21.1637 0.002347
 21.2462 0.002331
 21.3285 0.002320
 21.4103 0.002315
 21.4917 0.002294
 21.5719 0.002319
 21.6527 0.002318
 21.7319 0.002294
 21.8114 0.002272
 21.8904 0.002295
 21.9692 0.002293
 22.0476 0.002298
 22.1252 0.002293
 22.2026 0.002295
 22.2798 0.002279
 22.3567 0.002292
 22.4329 0.002302
 22.5096 0.002303
 22.5860 0.002298
 22.6622 0.002280
 22.7383 0.002298
 22.8138 0.002309
 22.8896 0.002326
 22.9652 0.002337
 23.0405 0.002349
 23.1158 0.002361
 23.1906 0.002400
 23.2652 0.002399
 23.3405 0.002386
 23.4156 0.002383
 23.4905 0.002383
 23.5656 0.002377
 23.6407 0.002388
 23.7153 0.002408
 23.7904 0.002406
 23.8652 0.002428
 23.9398 0.002423
 24.0148 0.002432
 24.0900 0.002439
 24.1652 0.002469
 24.2398 0.002470
 24.3153 0.002474
 24.3907 0.002474
 24.4664 0.002478
 24.5415 0.002492
 24.6175 0.002503
 24.6935 0.002509
 24.7696 0.002524
 24.8464 0.002535
 24.9230 0.002551
 24.9996 0.002528
 25.0765 0.002528
 25.1531 0.002534
 25.2303 0.002544
 25.3076 0.002549
 25.3855 0.002552
 25.4633 0.002562
 25.5417 0.002566
 25.6203 0.002593
 25.6995 0.002591
 25.7786 0.002634
 25.8584 0.002643
 25.9384 0.002667
 26.0189 0.002666
 26.1000 0.002671
 26.1815 0.002686
 26.2625 0.002667
 26.3446 0.002648
 26.4267 0.002663
 26.5096 0.002659
 26.5928 0.002644
 26.6762 0.002643
 26.7607 0.002654
 26.8464 0.002667
 26.9317 0.002674
 27.0177 0.002662
 27.1046 0.002659
 27.1917 0.002669
 27.2792 0.002670
 27.3682 0.002720
 27.4567 0.002751
 27.5466 0.002749
 27.6376 0.002785
 27.7294 0.002808
 27.8219 0.002852
 27.9153 0.002865
 28.0098 0.002859
 28.1045 0.002848
 28.1997 0.002879
 28.2969 0.002860
 28.3940 0.002831
 28.4931 0.002852
 28.5935 0.002849
 28.6946 0.002882
 28.7969 0.002935
 28.9006 0.002934
 29.0050 0.002966
 29.1117 0.003003
 29.2196 0.002986
 29.3296 0.003027
 29.4404 0.003034
 29.5522 0.003020
 29.6658 0.003015
 29.7813 0.003055
 29.8983 0.003050
 30.0174 0.003085
 30.1392 0.003103
 30.2629 0.003107
 30.3880 0.003111
 30.5153 0.003125
 30.6452 0.003185
 30.7767 0.003219
 30.9122 0.003235
 31.0495 0.003276
 31.1907 0.003268
 31.3350 0.003327
 31.4814 0.003391
 31.6311 0.003419
 31.7857 0.003454
 31.9445 0.003483
 32.1061 0.003491
 32.2733 0.003521
 32.4455 0.003593
 32.6226 0.003673
 32.8046 0.003731
 32.9947 0.003762
 33.1905 0.003817
 33.3922 0.003925
 33.6013 0.004018
 33.8194 0.004103
 34.0477 0.004224
 34.2849 0.004246
 34.5349 0.004361
 34.7979 0.004419
 35.0745 0.004553
 35.3684 0.004729
 35.6811 0.004956
 36.0146 0.005072
 36.3745 0.005174
 36.7613 0.005452
 37.1830 0.005611
 37.6496 0.005831
 38.1730 0.006192
 38.7711 0.006641
 39.4666 0.007307
 40.3035 0.007887
 41.3600 0.009006
 42.8157 0.010427
 43.1797 0.011063
 43.5866 0.011715
 44.0558 0.012891
 44.5775 0.013859
 45.2083 0.015304
 45.9578 0.017090
 46.9168 0.019114
 48.2379 0.023065
 50.4325 0.033417
 52.5155 0.046160
 55.2640 0.066018
 57.4093 0.088747
 lm2-02-7 2 1
  9.6488 0.021813
 10.1750 0.016683
 10.9833 0.011720
 11.6454 0.009165
 12.3819 0.007806
 12.8586 0.007077
 13.2211 0.006148
 13.5142 0.005787
 13.7616 0.005393
 13.9733 0.005187
 14.1601 0.004879
 14.3306 0.004727
 14.4869 0.004545
 15.1294 0.004060
 15.6201 0.003637
 16.0201 0.003499
 16.3652 0.003341
 16.6713 0.003168
 16.9462 0.003130
 17.1976 0.003069
 17.4310 0.002936
 17.6478 0.002866
 17.8513 0.002821
 18.0428 0.002744
 18.2245 0.002701
 18.3986 0.002648
 18.5651 0.002573
 18.7256 0.002526
 18.8791 0.002492
 19.0271 0.002482
 19.1713 0.002447
 19.3112 0.002469
 19.4469 0.002461
 19.5785 0.002414
 19.7067 0.002374
 19.8313 0.002374
 19.9534 0.002383
 20.0732 0.002401
 20.1898 0.002398
 20.3042 0.002390
 20.4166 0.002393
 20.5270 0.002364
 20.6359 0.002345
 20.7431 0.002327
 20.8491 0.002315
 20.9526 0.002338
 21.0549 0.002325
 21.1556 0.002303
 21.2555 0.002310
 21.3542 0.002296
 21.4513 0.002285
 21.5479 0.002292
 21.6424 0.002282
 21.7363 0.002252
 21.8296 0.002243
 21.9218 0.002256
 22.0133 0.002245
 22.1045 0.002205
 22.1938 0.002238
 22.2831 0.002238
 22.3722 0.002223
 22.4603 0.002223
 22.5481 0.002246
 22.6344 0.002254
 22.7201 0.002256
 22.8058 0.002271
 22.8914 0.002316
 22.9763 0.002276
 23.0605 0.002259
 23.1442 0.002285
 23.2276 0.002269
 23.3094 0.002298
 23.3917 0.002297
 23.4739 0.002291
 23.5556 0.002294
 23.6367 0.002311
 23.7183 0.002308
 23.7990 0.002305
 23.8796 0.002332
 23.9594 0.002313
 24.0398 0.002342
 24.1195 0.002339
 24.1987 0.002350
 24.2780 0.002340
 24.3574 0.002312
 24.4363 0.002326
 24.5155 0.002324
 24.5946 0.002366
 24.6737 0.002397
 24.7528 0.002386
 24.8314 0.002388
 24.9104 0.002402
 24.9888 0.002407
 25.0678 0.002380
 25.1468 0.002366
 25.2254 0.002406
 25.3040 0.002416
 25.3827 0.002418
 25.4615 0.002442
 25.5394 0.002441
 25.6183 0.002475
 25.6968 0.002481
 25.7759 0.002472
 25.8549 0.002479
 25.9344 0.002504
 26.0135 0.002485
 26.0932 0.002498
 26.1729 0.002512
 26.2517 0.002519
 26.3315 0.002549
 26.4121 0.002612
 26.4927 0.002610
 26.5721 0.002609
 26.6525 0.002645
 26.7338 0.002638
 26.8147 0.002656
 26.8963 0.002631
 26.9781 0.002626
 27.0606 0.002590
 27.1428 0.002573
 27.2251 0.002579
 27.3078 0.002619
 27.3909 0.002622
 27.4737 0.002651
 27.5573 0.002650
 27.6416 0.002663
 27.7263 0.002669
 27.8114 0.002680
 27.8968 0.002704
 27.9831 0.002724
 28.0697 0.002769
 28.1566 0.002768
 28.2444 0.002794
 28.3320 0.002789
 28.4214 0.002782
 28.5108 0.002766
 28.6015 0.002765
 28.6921 0.002777
 28.7831 0.002760
 28.8750 0.002745
 28.9681 0.002786
 29.0611 0.002798
 29.1552 0.002780
 29.2498 0.002809
 29.3451 0.002831
 29.4409 0.002875
 29.5374 0.002895
 29.6354 0.002885
 29.7341 0.002875
 29.8342 0.002938
 29.9355 0.002973
 30.0377 0.002999
 30.1411 0.002990
 30.2451 0.003005
 30.3511 0.003010
 30.4574 0.003045
 30.5657 0.003055
 30.6751 0.003031
 30.7861 0.003054
 30.8976 0.003097
 31.0111 0.003092
 31.1256 0.003130
 31.2427 0.003140
 31.3617 0.003150
 31.4828 0.003198
 31.6040 0.003221
 31.7279 0.003292
 31.8538 0.003285
 31.9823 0.003245
 32.1126 0.003276
 32.2455 0.003260
 32.3802 0.003299
 32.5181 0.003341
 32.6595 0.003363
 32.8036 0.003439
 32.9493 0.003465
 33.0999 0.003496
 33.2519 0.003508
 33.4089 0.003478
 33.5700 0.003550
 33.7347 0.003602
 33.9038 0.003627
 34.0777 0.003706
 34.2573 0.003815
 34.4423 0.003879
 34.6322 0.004009
 34.8271 0.004093
 35.0285 0.004173
 35.2384 0.004156
 35.4565 0.004167
 35.6836 0.004230
 35.9204 0.004354
 36.1672 0.004474
 36.4265 0.004561
 36.6987 0.004715
 36.9831 0.004755
 37.2877 0.004812
 37.6101 0.004839
 37.9558 0.004924
 38.3260 0.005098
 38.7298 0.005266
 39.1699 0.005483
 39.6530 0.005724
 40.1945 0.006024
 40.8129 0.006618
 41.5217 0.007334
 42.3853 0.008059
 43.4632 0.009388
 44.9494 0.011285
 45.3375 0.011739
 45.7656 0.012340
 46.2396 0.013534
 46.7803 0.014521
 47.4239 0.015964
 48.1843 0.017204
 49.1658 0.018873
 50.5303 0.022321
 52.7940 0.032144
 54.9891 0.042807
 57.8673 0.063614
 59.9378 0.088430
lm2s-02-7 2 1
 10.7633 0.022019
 11.2780 0.016487
 12.0418 0.011253
 12.6942 0.009274
 13.4338 0.007785
 13.8983 0.006457
 14.2479 0.005718
 14.5272 0.005371
 14.7670 0.005081
 14.9773 0.004816
 15.1644 0.004609
 15.3341 0.004410
 15.4895 0.004271
 16.1189 0.003914
 16.5993 0.003613
 16.9968 0.003392
 17.3390 0.003278
 17.6396 0.003109
 17.9108 0.002959
 18.1587 0.002847
 18.3888 0.002774
 18.6017 0.002771
 18.8013 0.002707
 18.9911 0.002670
 19.1710 0.002644
 19.3419 0.002621
 19.5071 0.002595
 19.6663 0.002558
 19.8186 0.002529
 19.9651 0.002546
 20.1072 0.002564
 20.2452 0.002515
 20.3786 0.002530
 20.5078 0.002541
 20.6347 0.002517
 20.7590 0.002524
 20.8792 0.002541
 20.9975 0.002502
 21.1131 0.002514
 21.2272 0.002480
 21.3386 0.002486
 21.4475 0.002491
 21.5551 0.002452
 21.6610 0.002424
 21.7654 0.002394
 21.8684 0.002351
 21.9698 0.002381
 22.0697 0.002343
 22.1689 0.002330
 22.2663 0.002311
 22.3629 0.002300
 22.4590 0.002267
 22.5543 0.002260
 22.6476 0.002267
 22.7405 0.002270
 22.8327 0.002274
 22.9241 0.002258
 23.0139 0.002262
 23.1026 0.002268
 23.1912 0.002275
 23.2792 0.002273
 23.3660 0.002316
 23.4530 0.002316
 23.5381 0.002338
 23.6231 0.002345
 23.7077 0.002321
 23.7920 0.002304
 23.8760 0.002314
 23.9594 0.002330
 24.0417 0.002365
 24.1242 0.002365
 24.2063 0.002352
 24.2879 0.002352
 24.3684 0.002359
 24.4496 0.002349
 24.5300 0.002331
 24.6106 0.002351
 24.6912 0.002358
 24.7714 0.002346
 24.8505 0.002383
 24.9299 0.002375
 25.0094 0.002376
 25.0888 0.002363
 25.1682 0.002364
 25.2474 0.002381
 25.3267 0.002379
 25.4051 0.002397
 25.4835 0.002392
 25.5626 0.002406
 25.6410 0.002382
 25.7191 0.002408
 25.7969 0.002416
 25.8747 0.002438
 25.9529 0.002465
 26.0305 0.002462
 26.1083 0.002481
 26.1866 0.002466
 26.2644 0.002478
 26.3426 0.002502
 26.4209 0.002514
 26.4991 0.002534
 26.5774 0.002539
 26.6561 0.002566
 26.7352 0.002571
 26.8139 0.002571
 26.8926 0.002584
 26.9715 0.002576
 27.0509 0.002529
 27.1301 0.002523
 27.2092 0.002545
 27.2893 0.002555
 27.3695 0.002558
 27.4492 0.002550
 27.5295 0.002542
 27.6094 0.002559
 27.6899 0.002550
 27.7712 0.002569
 27.8526 0.002583
 27.9337 0.002585
 28.0148 0.002594
 28.0969 0.002598
 28.1791 0.002625
 28.2620 0.002650
 28.3448 0.002649
 28.4287 0.002660
 28.5130 0.002665
 28.5973 0.002676
 28.6818 0.002663
 28.7670 0.002665
 28.8529 0.002662
 28.9388 0.002703
 29.0258 0.002707
 29.1134 0.002713
 29.2010 0.002700
 29.2892 0.002686
 29.3781 0.002700
 29.4672 0.002732
 29.5568 0.002780
 29.6478 0.002783
 29.7392 0.002814
 29.8313 0.002834
 29.9251 0.002837
 30.0191 0.002854
 30.1127 0.002885
 30.2078 0.002888
 30.3037 0.002913
 30.4006 0.002913
 30.4989 0.002925
 30.5980 0.002960
 30.6978 0.002933
 30.7983 0.002959
 30.9002 0.003048
 31.0028 0.003051
 31.1057 0.003061
 31.2105 0.003081
 31.3168 0.003079
 31.4250 0.003088
 31.5346 0.003069
 31.6450 0.003100
 31.7567 0.003127
 31.8692 0.003141
 31.9835 0.003115
 32.0992 0.003156
 32.2165 0.003195
 32.3353 0.003219
 32.4568 0.003198
 32.5798 0.003208
 32.7056 0.003188
 32.8333 0.003219
 32.9636 0.003230
 33.0962 0.003249
 33.2306 0.003290
 33.3680 0.003274
 33.5076 0.003308
 33.6500 0.003380
 33.7958 0.003444
 33.9454 0.003460
 34.0992 0.003551
 34.2552 0.003557
 34.4161 0.003636
 34.5807 0.003662
 34.7490 0.003740
 34.9220 0.003824
 35.1007 0.003866
 35.2832 0.003963
 35.4721 0.003944
 35.6673 0.003938
 35.8696 0.004026
 36.0802 0.004112
 36.2973 0.004145
 36.5236 0.004217
 36.7596 0.004371
 37.0061 0.004407
 37.2652 0.004494
 37.5348 0.004519
 37.8197 0.004542
 38.1220 0.004603
 38.4428 0.004742
 38.7867 0.004955
 39.1575 0.005067
 39.5582 0.005200
 39.9959 0.005477
 40.4773 0.005755
 41.0203 0.006172
 41.6315 0.006639
 42.3474 0.007126
 43.2052 0.007853
 44.2848 0.008851
 45.7779 0.011407
 46.1583 0.011998
 46.5783 0.012770
 47.0549 0.013411
 47.6009 0.014226
 48.2375 0.015573
 49.0027 0.017435
 49.9786 0.019000
 51.3533 0.023335
 53.6129 0.032783
 55.7827 0.042558
 58.6385 0.062506
 60.7236 0.088991
 tr0-02-7 2 1
 10.7264 0.030846
 11.4960 0.022734
 12.5775 0.017011
 13.4962 0.013396
 14.5285 0.010552
 15.1730 0.009317
 15.6673 0.008671
 16.0667 0.008266
 16.3987 0.007793
 16.6903 0.007383
 16.9580 0.007162
 17.1935 0.006800
 17.4120 0.006415
 18.2884 0.005579
 18.9597 0.005010
 19.5076 0.004657
 19.9802 0.004528
 20.4001 0.004366
 20.7755 0.004214
 21.1179 0.004200
 21.4368 0.004029
 21.7311 0.003891
 22.0079 0.003821
 22.2680 0.003812
 22.5156 0.003770
 22.7516 0.003770
 22.9765 0.003732
 23.1941 0.003658
 23.4031 0.003578
 23.6041 0.003581
 23.7971 0.003569
 23.9844 0.003571
 24.1656 0.003538
 24.3415 0.003436
 24.5150 0.003450
 24.6839 0.003447
 24.8492 0.003385
 25.0107 0.003364
 25.1682 0.003378
 25.3226 0.003365
 25.4734 0.003297
 25.6210 0.003277
 25.7672 0.003273
 25.9098 0.003287
 26.0504 0.003294
 26.1900 0.003282
 26.3269 0.003266
 26.4616 0.003264
 26.5946 0.003231
 26.7257 0.003212
 26.8558 0.003204
 26.9844 0.003231
 27.1114 0.003249
 27.2368 0.003212
 27.3607 0.003186
 27.4837 0.003190
 27.6050 0.003152
 27.7257 0.003137
 27.8449 0.003143
 27.9636 0.003112
 28.0819 0.003101
 28.1973 0.003070
 28.3126 0.003079
 28.4273 0.003058
 28.5417 0.003035
 28.6554 0.003078
 28.7673 0.003082
 28.8793 0.003053
 28.9903 0.003041
 29.1000 0.003065
 29.2099 0.003048
 29.3186 0.003067
 29.4273 0.003096
 29.5363 0.003122
 29.6436 0.003118
 29.7506 0.003114
 29.8574 0.003151
 29.9640 0.003169
 30.0698 0.003147
 30.1751 0.003137
 30.2800 0.003159
 30.3845 0.003180
 30.4892 0.003188
 30.5931 0.003134
 30.6975 0.003114
 30.8011 0.003098
 30.9043 0.003131
 31.0079 0.003090
 31.1110 0.003083
 31.2146 0.003078
 31.3177 0.003054
 31.4205 0.003073
 31.5234 0.003122
 31.6256 0.003136
 31.7285 0.003115
 31.8313 0.003053
 31.9334 0.003093
 32.0360 0.003095
 32.1380 0.003067
 32.2401 0.003073
 32.3416 0.003080
 32.4445 0.003077
 32.5473 0.003069
 32.6495 0.003070
 32.7522 0.003090
 32.8556 0.003130
 32.9586 0.003123
 33.0613 0.003128
 33.1642 0.003134
 33.2675 0.003154
 33.3716 0.003133
 33.4756 0.003123
 33.5799 0.003124
 33.6842 0.003137
 33.7885 0.003144
 33.8933 0.003163
 33.9979 0.003124
 34.1028 0.003151
 34.2082 0.003166
 34.3146 0.003183
 34.4209 0.003217
 34.5273 0.003219
 34.6336 0.003231
 34.7394 0.003294
 34.8476 0.003254
 34.9562 0.003306
 35.0650 0.003310
 35.1732 0.003328
 35.2831 0.003390
 35.3937 0.003413
 35.5045 0.003448
 35.6162 0.003482
 35.7269 0.003510
 35.8388 0.003520
 35.9530 0.003507
 36.0669 0.003550
 36.1814 0.003551
 36.2963 0.003567
 36.4127 0.003578
 36.5299 0.003635
 36.6478 0.003671
 36.7659 0.003650
 36.8859 0.003629
 37.0073 0.003635
 37.1298 0.003680
 37.2535 0.003689
 37.3755 0.003682
 37.5003 0.003673
 37.6266 0.003683
 37.7535 0.003722
 37.8817 0.003750
 38.0110 0.003779
 38.1406 0.003856
 38.2724 0.003870
 38.4055 0.003863
 38.5397 0.003891
 38.6763 0.003862
 38.8136 0.003922
 38.9532 0.003896
 39.0943 0.003945
 39.2377 0.003925
 39.3809 0.003920
 39.5280 0.003944
 39.6766 0.004001
 39.8268 0.004028
 39.9808 0.004027
 40.1364 0.004014
 40.2944 0.004108
 40.4537 0.004079
 40.6172 0.004128
 40.7824 0.004124
 40.9508 0.004127
 41.1227 0.004182
 41.2976 0.004299
 41.4781 0.004351
 41.6618 0.004307
 41.8476 0.004404
 42.0383 0.004475
 42.2334 0.004598
 42.4320 0.004625
 42.6354 0.004745
 42.8460 0.004814
 43.0618 0.004862
 43.2810 0.004908
 43.5091 0.004868
 43.7426 0.004870
 43.9856 0.004943
 44.2355 0.005046
 44.4944 0.005095
 44.7616 0.005155
 45.0394 0.005151
 45.3283 0.005291
 45.6301 0.005354
 45.9466 0.005403
 46.2794 0.005509
 46.6302 0.005690
 47.0001 0.005694
 47.3913 0.005804
 47.8086 0.006109
 48.2585 0.006332
 48.7464 0.006795
 49.2801 0.007061
 49.8661 0.007381
 50.5204 0.007738
 51.2601 0.008196
 52.1154 0.008810
 53.1495 0.009477
 54.4491 0.010685
 56.2157 0.012894
 56.6670 0.013397
 57.1699 0.014407
 57.7362 0.014956
 58.3722 0.016496
 59.1094 0.017290
 60.0154 0.019448
 61.1668 0.022194
 62.7534 0.027745
 65.3762 0.035137
 67.8714 0.047990
 71.1234 0.074603
 73.5256 0.100429
 tr1-02-7 2 1
 12.9368 0.033546
 13.7378 0.026880
 14.9552 0.018750
 15.9867 0.014975
 17.1157 0.011817
 17.8519 0.009813
 18.3931 0.009414
 18.8311 0.008726
 19.1930 0.007941
 19.5132 0.007542
 19.8016 0.007120
 20.0643 0.006900
 20.3025 0.006672
 21.2550 0.005793
 21.9812 0.005371
 22.5799 0.005024
 23.0910 0.004881
 23.5426 0.004589
 23.9469 0.004410
 24.3180 0.004298
 24.6557 0.004264
 24.9739 0.004183
 25.2732 0.004111
 25.5553 0.004156
 25.8203 0.003992
 26.0719 0.003942
 26.3139 0.003952
 26.5455 0.003910
 26.7667 0.003924
 26.9821 0.003853
 27.1894 0.003808
 27.3912 0.003802
 27.5864 0.003749
 27.7761 0.003733
 27.9607 0.003665
 28.1411 0.003596
 28.3172 0.003588
 28.4894 0.003563
 28.6581 0.003571
 28.8233 0.003500
 28.9857 0.003500
 29.1445 0.003437
 29.2998 0.003410
 29.4523 0.003372
 29.6036 0.003356
 29.7518 0.003396
 29.8975 0.003403
 30.0420 0.003333
 30.1846 0.003360
 30.3245 0.003384
 30.4633 0.003375
 30.5994 0.003323
 30.7341 0.003308
 30.8677 0.003300
 31.0002 0.003318
 31.1310 0.003302
 31.2605 0.003244
 31.3892 0.003191
 31.5166 0.003156
 31.6440 0.003099
 31.7681 0.003050
 31.8925 0.003078
 32.0149 0.003079
 32.1367 0.003071
 32.2581 0.003073
 32.3785 0.003028
 32.4971 0.003043
 32.6154 0.003074
 32.7331 0.003079
 32.8502 0.003078
 32.9665 0.003095
 33.0828 0.003088
 33.1976 0.003119
 33.3121 0.003131
 33.4263 0.003157
 33.5402 0.003182
 33.6530 0.003238
 33.7656 0.003283
 33.8782 0.003277
 33.9893 0.003289
 34.1004 0.003320
 34.2117 0.003261
 34.3224 0.003283
 34.4321 0.003318
 34.5428 0.003335
 34.6530 0.003343
 34.7627 0.003333
 34.8730 0.003345
 34.9827 0.003363
 35.0920 0.003385
 35.2008 0.003390
 35.3097 0.003431
 35.4182 0.003446
 35.5270 0.003428
 35.6357 0.003390
 35.7435 0.003393
 35.8522 0.003403
 35.9610 0.003412
 36.0702 0.003411
 36.1777 0.003435
 36.2860 0.003420
 36.3943 0.003439
 36.5029 0.003448
 36.6115 0.003440
 36.7201 0.003487
 36.8295 0.003531
 36.9381 0.003537
 37.0465 0.003525
 37.1551 0.003529
 37.2636 0.003503
 37.3727 0.003558
 37.4820 0.003593
 37.5914 0.003568
 37.7013 0.003553
 37.8116 0.003566
 37.9225 0.003528
 38.0335 0.003558
 38.1440 0.003541
 38.2554 0.003544
 38.3672 0.003555
 38.4796 0.003558
 38.5925 0.003549
 38.7053 0.003566
 38.8181 0.003560
 38.9318 0.003553
 39.0458 0.003540
 39.1607 0.003545
 39.2755 0.003591
 39.3911 0.003573
 39.5066 0.003582
 39.6236 0.003616
 39.7412 0.003575
 39.8590 0.003621
 39.9786 0.003589
 40.0979 0.003599
 40.2180 0.003637
 40.3390 0.003650
 40.4606 0.003638
 40.5831 0.003676
 40.7058 0.003690
 40.8300 0.003722
 40.9548 0.003672
 41.0809 0.003695
 41.2084 0.003722
 41.3365 0.003771
 41.4655 0.003825
 41.5953 0.003838
 41.7265 0.003874
 41.8586 0.003928
 41.9913 0.003919
 42.1261 0.003969
 42.2619 0.003959
 42.4002 0.003984
 42.5393 0.003976
 42.6785 0.004047
 42.8189 0.003993
 42.9632 0.003978
 43.1076 0.004073
 43.2540 0.004112
 43.4024 0.004141
 43.5532 0.004139
 43.7062 0.004225
 43.8597 0.004176
 44.0158 0.004250
 44.1758 0.004215
 44.3380 0.004258
 44.5014 0.004303
 44.6664 0.004343
 44.8346 0.004385
 45.0051 0.004480
 45.1788 0.004466
 45.3569 0.004541
 45.5366 0.004518
 45.7200 0.004611
 45.9079 0.004622
 46.0993 0.004622
 46.2932 0.004699
 46.4926 0.004871
 46.6961 0.004935
 46.9064 0.005013
 47.1209 0.005106
 47.3387 0.005229
 47.5618 0.005195
 47.7914 0.005316
 48.0268 0.005397
 48.2709 0.005443
 48.5235 0.005491
 48.7839 0.005557
 49.0545 0.005608
 49.3358 0.005740
 49.6276 0.005805
 49.9297 0.005902
 50.2449 0.006109
 50.5765 0.006217
 50.9246 0.006304
 51.2922 0.006536
 51.6796 0.006635
 52.0896 0.006825
 52.5275 0.006937
 52.9967 0.007117
 53.5052 0.007354
 54.0593 0.007498
 54.6660 0.007691
 55.3412 0.008020
 56.1150 0.008637
 57.0139 0.009356
 58.0852 0.010094
 59.4266 0.011392
 61.2750 0.013620
 61.7571 0.013999
 62.2718 0.015046
 62.8539 0.015749
 63.5175 0.016954
 64.2901 0.018209
 65.2172 0.019605
 66.4151 0.022598
 68.0619 0.028084
 70.7679 0.036588
 73.4048 0.048151
 76.7186 0.075890
 79.2054 0.102429
tr1s-02-7 2 1
 15.5359 0.032394
 16.3216 0.024492
 17.4941 0.017926
 18.4896 0.014274
 19.5904 0.011232
 20.2766 0.009838
 20.7958 0.008902
 21.2110 0.007955
 21.5678 0.007348
 21.8779 0.006960
 22.1534 0.006683
 22.4048 0.006500
 22.6395 0.006269
 23.5709 0.005804
 24.2760 0.005219
 24.8578 0.004878
 25.3526 0.004696
 25.7902 0.004630
 26.1837 0.004422
 26.5438 0.004290
 26.8759 0.004195
 27.1833 0.004017
 27.4717 0.003924
 27.7442 0.003930
 28.0030 0.003835
 28.2500 0.003774
 28.4869 0.003801
 28.7152 0.003812
 28.9325 0.003707
 29.1429 0.003607
 29.3469 0.003595
 29.5430 0.003563
 29.7336 0.003562
 29.9185 0.003615
 30.0997 0.003575
 30.2762 0.003611
 30.4489 0.003609
 30.6176 0.003515
 30.7821 0.003522
 30.9430 0.003493
 31.1015 0.003484
 31.2579 0.003425
 31.4110 0.003401
 31.5602 0.003375
 31.7087 0.003383
 31.8539 0.003340
 31.9967 0.003311
 32.1374 0.003317
 32.2784 0.003327
 32.4149 0.003290
 32.5508 0.003258
 32.6849 0.003215
 32.8180 0.003241
 32.9493 0.003198
 33.0786 0.003244
 33.2070 0.003209
 33.3336 0.003198
 33.4595 0.003206
 33.5839 0.003228
 33.7069 0.003251
 33.8293 0.003209
 33.9512 0.003212
 34.0714 0.003213
 34.1905 0.003223
 34.3092 0.003218
 34.4272 0.003238
 34.5446 0.003267
 34.6614 0.003202
 34.7772 0.003168
 34.8921 0.003146
 35.0074 0.003112
 35.1218 0.003109
 35.2353 0.003127
 35.3487 0.003078
 35.4607 0.003102
 35.5720 0.003125
 35.6844 0.003102
 35.7953 0.003114
 35.9062 0.003136
 36.0168 0.003159
 36.1270 0.003143
 36.2362 0.003155
 36.3455 0.003188
 36.4552 0.003183
 36.5638 0.003170
 36.6719 0.003191
 36.7800 0.003179
 36.8885 0.003168
 36.9962 0.003180
 37.1042 0.003200
 37.2107 0.003213
 37.3182 0.003236
 37.4256 0.003268
 37.5317 0.003297
 37.6387 0.003318
 37.7467 0.003329
 37.8530 0.003358
 37.9591 0.003387
 38.0658 0.003402
 38.1727 0.003402
 38.2804 0.003389
 38.3874 0.003408
 38.4947 0.003403
 38.6020 0.003424
 38.7103 0.003452
 38.8185 0.003442
 38.9266 0.003487
 39.0334 0.003509
 39.1405 0.003517
 39.2477 0.003566
 39.3556 0.003564
 39.4636 0.003572
 39.5719 0.003568
 39.6809 0.003552
 39.7897 0.003540
 39.8986 0.003530
 40.0080 0.003514
 40.1176 0.003512
 40.2278 0.003501
 40.3375 0.003525
 40.4486 0.003541
 40.5598 0.003568
 40.6709 0.003583
 40.7819 0.003566
 40.8941 0.003573
 41.0074 0.003569
 41.1206 0.003581
 41.2348 0.003601
 41.3493 0.003635
 41.4648 0.003644
 41.5803 0.003626
 41.6961 0.003654
 41.8130 0.003597
 41.9310 0.003592
 42.0486 0.003625
 42.1674 0.003629
 42.2868 0.003653
 42.4068 0.003687
 42.5277 0.003720
 42.6493 0.003727
 42.7725 0.003751
 42.8959 0.003754
 43.0208 0.003799
 43.1463 0.003810
 43.2729 0.003814
 43.4005 0.003788
 43.5288 0.003792
 43.6588 0.003836
 43.7901 0.003848
 43.9229 0.003827
 44.0553 0.003833
 44.1910 0.003859
 44.3280 0.003891
 44.4650 0.003910
 44.6030 0.003944
 44.7432 0.003958
 44.8853 0.003997
 45.0301 0.003992
 45.1749 0.004043
 45.3213 0.004102
 45.4705 0.004153
 45.6219 0.004151
 45.7740 0.004193
 45.9291 0.004175
 46.0868 0.004226
 46.2456 0.004291
 46.4076 0.004318
 46.5721 0.004350
 46.7393 0.004352
 46.9088 0.004385
 47.0813 0.004428
 47.2583 0.004406
 47.4382 0.004487
 47.6184 0.004537
 47.8030 0.004579
 47.9916 0.004692
 48.1846 0.004701
 48.3824 0.004704
 48.5848 0.004829
 48.7912 0.004911
 49.0026 0.004907
 49.2198 0.004998
 49.4413 0.005096
 49.6716 0.005193
 49.9091 0.005248
 50.1519 0.005291
 50.4030 0.005358
 50.6623 0.005463
 50.9298 0.005535
 51.2091 0.005646
 51.4994 0.005862
 51.8005 0.006069
 52.1155 0.006131
 52.4439 0.006302
 52.7901 0.006415
 53.1528 0.006550
 53.5380 0.006620
 53.9454 0.006732
 54.3814 0.006923
 54.8467 0.006982
 55.3506 0.007147
 55.9002 0.007418
 56.5054 0.007729
 57.1839 0.008073
 57.9519 0.008583
 58.8447 0.009087
 59.8995 0.010213
 61.2447 0.011786
 63.0938 0.013786
 63.5694 0.014163
 64.0849 0.015159
 64.6587 0.015752
 65.3267 0.016596
 66.0858 0.018563
 67.0219 0.020206
 68.2196 0.023667
 69.8424 0.027772
 72.5522 0.036453
 75.1490 0.049274
 78.4683 0.076977
 80.8887 0.103865
 tr2-02-7 2 1
 15.5315 0.037538
 16.4772 0.030638
 17.7699 0.022037
 18.8777 0.016526
 20.1144 0.012795
 20.8866 0.010279
 21.4594 0.009204
 21.9280 0.008604
 22.3261 0.008152
 22.6705 0.007580
 22.9736 0.007346
 23.2467 0.006963
 23.4969 0.006788
 24.5244 0.006269
 25.3071 0.005705
 25.9427 0.005482
 26.4886 0.005196
 26.9681 0.004854
 27.3998 0.004603
 27.7923 0.004505
 28.1562 0.004517
 28.4936 0.004411
 28.8092 0.004430
 29.1062 0.004359
 29.3872 0.004343
 29.6542 0.004222
 29.9094 0.004058
 30.1546 0.004053
 30.3914 0.003948
 30.6199 0.003988
 30.8412 0.003929
 31.0546 0.003888
 31.2614 0.003908
 31.4612 0.003814
 31.6566 0.003762
 31.8477 0.003664
 32.0345 0.003647
 32.2167 0.003606
 32.3949 0.003632
 32.5691 0.003591
 32.7400 0.003607
 32.9084 0.003536
 33.0720 0.003503
 33.2344 0.003466
 33.3935 0.003434
 33.5495 0.003421
 33.7030 0.003400
 33.8547 0.003390
 34.0039 0.003359
 34.1517 0.003307
 34.2980 0.003322
 34.4419 0.003296
 34.5854 0.003318
 34.7263 0.003340
 34.8658 0.003347
 35.0039 0.003332
 35.1395 0.003360
 35.2754 0.003361
 35.4091 0.003312
 35.5423 0.003310
 35.6741 0.003293
 35.8039 0.003287
 35.9339 0.003315
 36.0620 0.003238
 36.1892 0.003223
 36.3158 0.003231
 36.4413 0.003266
 36.5669 0.003322
 36.6909 0.003306
 36.8147 0.003281
 36.9367 0.003301
 37.0590 0.003329
 37.1811 0.003310
 37.3022 0.003321
 37.4227 0.003315
 37.5425 0.003296
 37.6610 0.003323
 37.7801 0.003367
 37.8988 0.003362
 38.0166 0.003363
 38.1340 0.003385
 38.2508 0.003368
 38.3672 0.003351
 38.4834 0.003376
 38.5998 0.003345
 38.7153 0.003330
 38.8303 0.003291
 38.9452 0.003340
 39.0606 0.003347
 39.1753 0.003348
 39.2901 0.003335
 39.4034 0.003331
 39.5183 0.003352
 39.6316 0.003365
 39.7457 0.003402
 39.8584 0.003390
 39.9728 0.003416
 40.0865 0.003418
 40.2001 0.003418
 40.3132 0.003455
 40.4274 0.003451
 40.5402 0.003453
 40.6536 0.003493
 40.7674 0.003497
 40.8809 0.003518
 40.9949 0.003502
 41.1080 0.003495
 41.2227 0.003523
 41.3368 0.003538
 41.4523 0.003547
 41.5658 0.003541
 41.6803 0.003575
 41.7957 0.003589
 41.9106 0.003588
 42.0255 0.003602
 42.1403 0.003611
 42.2570 0.003620
 42.3729 0.003639
 42.4897 0.003647
 42.6061 0.003660
 42.7242 0.003679
 42.8419 0.003689
 42.9600 0.003696
 43.0791 0.003699
 43.1980 0.003751
 43.3175 0.003736
 43.4369 0.003734
 43.5567 0.003774
 43.6778 0.003761
 43.8001 0.003837
 43.9227 0.003849
 44.0452 0.003889
 44.1686 0.003911
 44.2925 0.003936
 44.4169 0.003966
 44.5423 0.003994
 44.6688 0.004060
 44.7963 0.004102
 44.9240 0.004115
 45.0541 0.004074
 45.1846 0.004050
 45.3152 0.004050
 45.4480 0.004098
 45.5815 0.004131
 45.7141 0.004167
 45.8493 0.004172
 45.9852 0.004172
 46.1226 0.004133
 46.2604 0.004106
 46.4003 0.004125
 46.5407 0.004145
 46.6823 0.004162
 46.8254 0.004226
 46.9705 0.004207
 47.1170 0.004209
 47.2658 0.004200
 47.4155 0.004204
 47.5665 0.004226
 47.7179 0.004293
 47.8734 0.004303
 48.0291 0.004270
 48.1879 0.004234
 48.3506 0.004270
 48.5126 0.004287
 48.6788 0.004340
 48.8471 0.004367
 49.0165 0.004500
 49.1887 0.004546
 49.3654 0.004560
 49.5428 0.004604
 49.7247 0.004608
 49.9084 0.004649
 50.0963 0.004772
 50.2879 0.004787
 50.4835 0.004842
 50.6841 0.004877
 50.8883 0.004910
 51.0943 0.004945
 51.3054 0.005056
 51.5239 0.004985
 51.7454 0.005020
 51.9734 0.005143
 52.2079 0.005186
 52.4481 0.005215
 52.6955 0.005298
 52.9497 0.005323
 53.2137 0.005411
 53.4867 0.005364
 53.7670 0.005417
 54.0584 0.005409
 54.3612 0.005490
 54.6762 0.005536
 55.0050 0.005725
 55.3489 0.005956
 55.7090 0.006037
 56.0897 0.006196
 56.4875 0.006345
 56.9134 0.006470
 57.3706 0.006822
 57.8593 0.006907
 58.3887 0.007286
 58.9604 0.007673
 59.5887 0.007795
 60.2947 0.008007
 61.0955 0.008774
 62.0208 0.009558
 63.1344 0.010312
 64.5216 0.011364
 66.4185 0.013659
 66.9034 0.014470
 67.4460 0.016101
 68.0545 0.016923
 68.7424 0.018018
 69.5408 0.019606
 70.5158 0.021391
 71.7465 0.023604
 73.4474 0.028088
 76.2515 0.038656
 78.9540 0.052124
 82.3185 0.077383
 84.7996 0.104453
tr2s-02-7 2 1
 18.3144 0.036076
 19.1688 0.026534
 20.4021 0.021019
 21.4869 0.015847
 22.6589 0.011455
 23.3867 0.010121
 23.9428 0.009145
 24.3904 0.008233
 24.7643 0.008028
 25.0953 0.007604
 25.3866 0.007247
 25.6500 0.006965
 25.8945 0.006848
 26.8809 0.006121
 27.6350 0.005439
 28.2545 0.005092
 28.7824 0.004923
 29.2459 0.004686
 29.6657 0.004616
 30.0435 0.004553
 30.3974 0.004518
 30.7258 0.004373
 31.0338 0.004313
 31.3208 0.004209
 31.5941 0.004094
 31.8553 0.004032
 32.1055 0.004011
 32.3462 0.003941
 32.5769 0.003912
 32.7982 0.003870
 33.0137 0.003833
 33.2219 0.003765
 33.4233 0.003719
 33.6203 0.003694
 33.8105 0.003591
 33.9971 0.003510
 34.1796 0.003497
 34.3577 0.003511
 34.5319 0.003445
 34.7019 0.003414
 34.8687 0.003403
 35.0322 0.003391
 35.1922 0.003394
 35.3508 0.003425
 35.5066 0.003435
 35.6600 0.003435
 35.8116 0.003417
 35.9604 0.003406
 36.1070 0.003402
 36.2512 0.003421
 36.3933 0.003389
 36.5355 0.003450
 36.6759 0.003483
 36.8143 0.003464
 36.9501 0.003455
 37.0851 0.003472
 37.2196 0.003446
 37.3533 0.003494
 37.4849 0.003497
 37.6152 0.003471
 37.7442 0.003448
 37.8728 0.003443
 37.9995 0.003476
 38.1247 0.003454
 38.2492 0.003446
 38.3728 0.003422
 38.4971 0.003410
 38.6202 0.003371
 38.7421 0.003380
 38.8631 0.003370
 38.9840 0.003348
 39.1044 0.003354
 39.2239 0.003371
 39.3421 0.003373
 39.4605 0.003372
 39.5783 0.003399
 39.6952 0.003387
 39.8115 0.003418
 39.9281 0.003433
 40.0442 0.003403
 40.1601 0.003423
 40.2753 0.003369
 40.3896 0.003360
 40.5043 0.003338
 40.6185 0.003381
 40.7319 0.003392
 40.8457 0.003419
 40.9586 0.003451
 41.0709 0.003448
 41.1836 0.003452
 41.2952 0.003458
 41.4073 0.003480
 41.5194 0.003501
 41.6320 0.003475
 41.7446 0.003527
 41.8577 0.003528
 41.9700 0.003547
 42.0825 0.003560
 42.1950 0.003546
 42.3073 0.003530
 42.4203 0.003524
 42.5322 0.003559
 42.6447 0.003589
 42.7567 0.003580
 42.8693 0.003571
 42.9819 0.003572
 43.0937 0.003602
 43.2065 0.003593
 43.3194 0.003639
 43.4318 0.003656
 43.5444 0.003666
 43.6581 0.003647
 43.7706 0.003645
 43.8839 0.003676
 43.9978 0.003660
 44.1118 0.003689
 44.2259 0.003693
 44.3400 0.003724
 44.4543 0.003701
 44.5698 0.003721
 44.6852 0.003725
 44.8020 0.003750
 44.9187 0.003777
 45.0361 0.003766
 45.1546 0.003789
 45.2713 0.003801
 45.3907 0.003804
 45.5108 0.003820
 45.6303 0.003856
 45.7512 0.003851
 45.8730 0.003840
 45.9948 0.003896
 46.1166 0.003870
 46.2397 0.003844
 46.3638 0.003809
 46.4884 0.003800
 46.6137 0.003841
 46.7396 0.003896
 46.8651 0.003872
 46.9927 0.003891
 47.1214 0.003937
 47.2507 0.003966
 47.3807 0.003975
 47.5128 0.003975
 47.6448 0.003987
 47.7777 0.004028
 47.9123 0.004040
 48.0472 0.004053
 48.1839 0.004086
 48.3222 0.004090
 48.4618 0.004070
 48.6016 0.004114
 48.7445 0.004150
 48.8881 0.004127
 49.0336 0.004168
 49.1792 0.004151
 49.3287 0.004160
 49.4789 0.004195
 49.6306 0.004227
 49.7830 0.004264
 49.9380 0.004250
 50.0957 0.004225
 50.2545 0.004258
 50.4156 0.004287
 50.5790 0.004331
 50.7444 0.004405
 50.9135 0.004487
 51.0853 0.004531
 51.2592 0.004542
 51.4360 0.004605
 51.6163 0.004532
 51.7992 0.004604
 51.9855 0.004668
 52.1755 0.004745
 52.3701 0.004751
 52.5677 0.004782
 52.7693 0.004883
 52.9756 0.004822
 53.1866 0.004847
 53.4029 0.004925
 53.6234 0.004952
 53.8489 0.004962
 54.0807 0.004990
 54.3207 0.005067
 54.5675 0.005139
 54.8197 0.005196
 55.0816 0.005209
 55.3516 0.005250
 55.6310 0.005341
 55.9201 0.005408
 56.2202 0.005555
 56.5307 0.005576
 56.8583 0.005595
 57.1985 0.005655
 57.5558 0.005733
 57.9332 0.005978
 58.3343 0.006207
 58.7576 0.006404
 59.2088 0.006665
 59.6923 0.006872
 60.2160 0.006915
 60.7858 0.007250
 61.4134 0.007703
 62.1221 0.008158
 62.9153 0.008654
 63.8391 0.009334
 64.9394 0.010334
 66.3273 0.011647
 68.2149 0.014477
 68.7079 0.015098
 69.2436 0.015958
 69.8486 0.016501
 70.5386 0.017539
 71.3506 0.019336
 72.3181 0.021316
 73.5284 0.023717
 75.2171 0.028676
 77.9951 0.038817
 80.7470 0.052334
 84.1093 0.077210
 86.5933 0.106961
