Copyright (C) 1998 James G. MacKinnon, Alfred A. Haug, and Leo Michelis.
 lm0-08-2 3 1
 24.7712 0.043086
 25.3799 0.034514
 26.2627 0.025556
 27.0301 0.019904
 27.8950 0.014736
 28.4307 0.012545
 28.8320 0.011856
 29.1461 0.010960
 29.4200 0.010514
 29.6559 0.009882
 29.8638 0.009621
 30.0537 0.009321
 30.2298 0.008823
 30.9451 0.007660
 31.4850 0.007053
 31.9249 0.006724
 32.3033 0.005950
 32.6351 0.005707
 32.9352 0.005670
 33.2072 0.005639
 33.4570 0.005400
 33.6925 0.005269
 33.9128 0.005165
 34.1197 0.005087
 34.3162 0.004847
 34.5040 0.004839
 34.6852 0.004867
 34.8594 0.004749
 35.0240 0.004685
 35.1850 0.004720
 35.3413 0.004646
 35.4913 0.004667
 35.6353 0.004651
 35.7772 0.004600
 35.9162 0.004548
 36.0501 0.004479
 36.1805 0.004392
 36.3079 0.004407
 36.4331 0.004311
 36.5558 0.004332
 36.6765 0.004286
 36.7942 0.004242
 36.9112 0.004301
 37.0249 0.004312
 37.1367 0.004313
 37.2477 0.004319
 37.3562 0.004336
 37.4645 0.004359
 37.5707 0.004353
 37.6769 0.004377
 37.7794 0.004379
 37.8823 0.004340
 37.9838 0.004316
 38.0840 0.004368
 38.1824 0.004394
 38.2806 0.004394
 38.3773 0.004394
 38.4736 0.004396
 38.5690 0.004408
 38.6623 0.004420
 38.7562 0.004377
 38.8477 0.004389
 38.9400 0.004369
 39.0317 0.004369
 39.1235 0.004446
 39.2138 0.004427
 39.3042 0.004402
 39.3935 0.004331
 39.4825 0.004310
 39.5711 0.004285
 39.6591 0.004305
 39.7458 0.004359
 39.8322 0.004367
 39.9181 0.004378
 40.0052 0.004354
 40.0926 0.004312
 40.1795 0.004298
 40.2649 0.004314
 40.3499 0.004292
 40.4348 0.004274
 40.5184 0.004286
 40.6026 0.004318
 40.6868 0.004329
 40.7708 0.004328
 40.8543 0.004339
 40.9384 0.004369
 41.0214 0.004370
 41.1041 0.004323
 41.1861 0.004336
 41.2698 0.004335
 41.3524 0.004350
 41.4353 0.004356
 41.5189 0.004292
 41.6018 0.004322
 41.6838 0.004370
 41.7659 0.004355
 41.8479 0.004354
 41.9317 0.004340
 42.0139 0.004364
 42.0954 0.004384
 42.1778 0.004409
 42.2608 0.004356
 42.3439 0.004371
 42.4277 0.004379
 42.5110 0.004438
 42.5940 0.004448
 42.6763 0.004462
 42.7596 0.004451
 42.8428 0.004477
 42.9267 0.004412
 43.0102 0.004406
 43.0949 0.004383
 43.1781 0.004416
 43.2625 0.004430
 43.3467 0.004430
 43.4315 0.004432
 43.5174 0.004384
 43.6028 0.004362
 43.6887 0.004398
 43.7749 0.004384
 43.8609 0.004410
 43.9477 0.004438
 44.0346 0.004441
 44.1214 0.004485
 44.2091 0.004507
 44.2971 0.004549
 44.3860 0.004585
 44.4756 0.004570
 44.5654 0.004583
 44.6557 0.004615
 44.7478 0.004564
 44.8391 0.004586
 44.9311 0.004668
 45.0235 0.004613
 45.1156 0.004620
 45.2080 0.004669
 45.3012 0.004717
 45.3961 0.004715
 45.4913 0.004709
 45.5861 0.004720
 45.6824 0.004741
 45.7800 0.004788
 45.8786 0.004804
 45.9778 0.004840
 46.0776 0.004906
 46.1791 0.004973
 46.2807 0.004981
 46.3838 0.004990
 46.4869 0.004998
 46.5912 0.004966
 46.6965 0.004970
 46.8041 0.004954
 46.9121 0.004917
 47.0223 0.004939
 47.1324 0.004959
 47.2437 0.005017
 47.3561 0.005065
 47.4695 0.005085
 47.5840 0.005115
 47.7005 0.005156
 47.8187 0.005205
 47.9377 0.005269
 48.0593 0.005260
 48.1813 0.005233
 48.3053 0.005308
 48.4320 0.005392
 48.5616 0.005442
 48.6921 0.005559
 48.8254 0.005565
 48.9614 0.005545
 49.0995 0.005562
 49.2389 0.005573
 49.3835 0.005636
 49.5293 0.005676
 49.6768 0.005764
 49.8280 0.005816
 49.9831 0.005952
 50.1413 0.006075
 50.3042 0.006174
 50.4693 0.006260
 50.6395 0.006321
 50.8143 0.006357
 50.9960 0.006492
 51.1822 0.006587
 51.3723 0.006657
 51.5694 0.006859
 51.7736 0.006944
 51.9852 0.007167
 52.2014 0.007207
 52.4293 0.007327
 52.6636 0.007444
 52.9091 0.007547
 53.1672 0.007665
 53.4333 0.007804
 53.7161 0.008030
 54.0157 0.008232
 54.3314 0.008543
 54.6672 0.008749
 55.0298 0.008940
 55.4137 0.009397
 55.8322 0.009948
 56.2868 0.010279
 56.7861 0.010930
 57.3530 0.011193
 57.9972 0.011908
 58.7453 0.012933
 59.6365 0.014020
 60.7603 0.015371
 62.3098 0.018138
 62.7083 0.019421
 63.1513 0.020546
 63.6372 0.022016
 64.2032 0.024558
 64.8554 0.027107
 65.6476 0.029255
 66.6605 0.033862
 68.0841 0.042571
 70.4589 0.058289
 72.6729 0.077799
 75.7018 0.121639
 77.8244 0.161934
 lm1-08-2 3 1
 27.1745 0.046961
 27.8553 0.036578
 28.7865 0.024945
 29.5687 0.019703
 30.4665 0.014960
 31.0270 0.013561
 31.4510 0.012640
 31.7802 0.011495
 32.0627 0.010629
 32.3092 0.010214
 32.5252 0.009677
 32.7240 0.009396
 32.9062 0.009000
 33.6317 0.008057
 34.1912 0.007326
 34.6434 0.006730
 35.0347 0.006558
 35.3796 0.005970
 35.6890 0.005641
 35.9726 0.005682
 36.2332 0.005544
 36.4722 0.005471
 36.7003 0.005412
 36.9159 0.005335
 37.1192 0.005191
 37.3110 0.005097
 37.4941 0.005052
 37.6728 0.004971
 37.8442 0.004850
 38.0091 0.004920
 38.1691 0.004849
 38.3253 0.004864
 38.4754 0.004845
 38.6205 0.004921
 38.7620 0.004890
 38.9013 0.004975
 39.0376 0.004888
 39.1713 0.004957
 39.3011 0.004867
 39.4284 0.004857
 39.5515 0.004804
 39.6730 0.004769
 39.7929 0.004852
 39.9122 0.004748
 40.0280 0.004722
 40.1423 0.004711
 40.2550 0.004695
 40.3653 0.004659
 40.4740 0.004641
 40.5829 0.004649
 40.6904 0.004682
 40.7966 0.004653
 40.9004 0.004632
 41.0033 0.004562
 41.1054 0.004579
 41.2061 0.004564
 41.3063 0.004520
 41.4053 0.004513
 41.5034 0.004449
 41.6001 0.004481
 41.6957 0.004462
 41.7916 0.004399
 41.8868 0.004377
 41.9820 0.004389
 42.0764 0.004414
 42.1687 0.004387
 42.2611 0.004382
 42.3520 0.004321
 42.4429 0.004387
 42.5343 0.004386
 42.6254 0.004403
 42.7153 0.004400
 42.8049 0.004433
 42.8930 0.004451
 42.9812 0.004473
 43.0691 0.004428
 43.1570 0.004416
 43.2447 0.004420
 43.3324 0.004401
 43.4192 0.004363
 43.5057 0.004386
 43.5929 0.004373
 43.6796 0.004341
 43.7665 0.004255
 43.8522 0.004240
 43.9381 0.004244
 44.0235 0.004269
 44.1084 0.004279
 44.1942 0.004252
 44.2801 0.004254
 44.3654 0.004259
 44.4509 0.004270
 44.5347 0.004310
 44.6185 0.004317
 44.7032 0.004349
 44.7879 0.004355
 44.8720 0.004375
 44.9568 0.004401
 45.0417 0.004435
 45.1275 0.004451
 45.2123 0.004479
 45.2979 0.004448
 45.3828 0.004421
 45.4681 0.004444
 45.5546 0.004483
 45.6416 0.004446
 45.7268 0.004441
 45.8127 0.004443
 45.8988 0.004459
 45.9845 0.004429
 46.0702 0.004447
 46.1561 0.004436
 46.2434 0.004477
 46.3298 0.004432
 46.4168 0.004436
 46.5042 0.004403
 46.5911 0.004411
 46.6786 0.004399
 46.7661 0.004408
 46.8539 0.004443
 46.9428 0.004402
 47.0328 0.004447
 47.1220 0.004457
 47.2113 0.004411
 47.3028 0.004436
 47.3934 0.004463
 47.4845 0.004470
 47.5773 0.004532
 47.6691 0.004516
 47.7607 0.004540
 47.8538 0.004482
 47.9470 0.004490
 48.0410 0.004516
 48.1366 0.004534
 48.2309 0.004491
 48.3266 0.004539
 48.4218 0.004603
 48.5187 0.004649
 48.6160 0.004634
 48.7126 0.004647
 48.8115 0.004690
 48.9118 0.004734
 49.0140 0.004771
 49.1142 0.004802
 49.2170 0.004846
 49.3211 0.004868
 49.4262 0.004906
 49.5313 0.004925
 49.6378 0.004907
 49.7461 0.004975
 49.8543 0.005002
 49.9635 0.005020
 50.0744 0.005004
 50.1837 0.005049
 50.2965 0.005030
 50.4099 0.005020
 50.5244 0.005094
 50.6396 0.005114
 50.7582 0.005176
 50.8768 0.005227
 50.9967 0.005269
 51.1198 0.005284
 51.2437 0.005336
 51.3708 0.005382
 51.4991 0.005375
 51.6286 0.005427
 51.7610 0.005481
 51.8948 0.005465
 52.0301 0.005555
 52.1685 0.005612
 52.3113 0.005639
 52.4551 0.005700
 52.6027 0.005750
 52.7531 0.005817
 52.9052 0.005853
 53.0627 0.005891
 53.2212 0.005936
 53.3819 0.006038
 53.5492 0.006251
 53.7206 0.006328
 53.8953 0.006538
 54.0756 0.006668
 54.2614 0.006844
 54.4491 0.006959
 54.6430 0.007061
 54.8457 0.007218
 55.0532 0.007404
 55.2688 0.007544
 55.4899 0.007535
 55.7232 0.007700
 55.9629 0.007668
 56.2184 0.007880
 56.4810 0.007945
 56.7544 0.008226
 57.0425 0.008442
 57.3495 0.008517
 57.6718 0.008690
 58.0136 0.009154
 58.3812 0.009381
 58.7743 0.009667
 59.2019 0.009945
 59.6642 0.010344
 60.1730 0.011100
 60.7490 0.011736
 61.4077 0.012532
 62.1702 0.013424
 63.0855 0.014461
 64.2419 0.016748
 65.8189 0.019609
 66.2153 0.020343
 66.6552 0.021591
 67.1600 0.022622
 67.7277 0.023872
 68.4106 0.026148
 69.2319 0.029455
 70.2474 0.034010
 71.6994 0.041512
 74.1093 0.055075
 76.5845 0.077023
 79.4881 0.117251
 81.5119 0.160269
lm1s-08-2 3 1
 27.8727 0.049161
 28.4903 0.038129
 29.4636 0.025937
 30.2604 0.020924
 31.1519 0.015818
 31.7270 0.013874
 32.1460 0.012527
 32.4768 0.011629
 32.7696 0.010883
 33.0182 0.010237
 33.2394 0.009770
 33.4409 0.009766
 33.6234 0.009458
 34.3477 0.008119
 34.9066 0.007433
 35.3621 0.006902
 35.7574 0.006503
 36.1035 0.006143
 36.4118 0.006019
 36.6905 0.005760
 36.9508 0.005576
 37.1943 0.005398
 37.4232 0.005359
 37.6390 0.005290
 37.8427 0.005107
 38.0385 0.005148
 38.2256 0.005084
 38.4032 0.004999
 38.5738 0.004937
 38.7379 0.004950
 38.8993 0.004933
 39.0543 0.004986
 39.2041 0.004967
 39.3512 0.004972
 39.4937 0.004947
 39.6327 0.004966
 39.7691 0.004954
 39.9020 0.004945
 40.0320 0.004918
 40.1599 0.004951
 40.2853 0.004899
 40.4063 0.004886
 40.5257 0.004868
 40.6433 0.004839
 40.7598 0.004827
 40.8750 0.004782
 40.9876 0.004742
 41.0981 0.004714
 41.2074 0.004678
 41.3154 0.004628
 41.4215 0.004617
 41.5270 0.004570
 41.6312 0.004588
 41.7343 0.004566
 41.8369 0.004496
 41.9382 0.004505
 42.0384 0.004499
 42.1365 0.004500
 42.2348 0.004495
 42.3326 0.004482
 42.4294 0.004496
 42.5261 0.004467
 42.6209 0.004491
 42.7146 0.004462
 42.8082 0.004522
 42.9013 0.004562
 42.9937 0.004525
 43.0858 0.004502
 43.1777 0.004408
 43.2689 0.004427
 43.3586 0.004423
 43.4478 0.004416
 43.5382 0.004421
 43.6274 0.004415
 43.7172 0.004415
 43.8055 0.004387
 43.8936 0.004355
 43.9822 0.004336
 44.0689 0.004301
 44.1566 0.004245
 44.2431 0.004255
 44.3312 0.004230
 44.4188 0.004225
 44.5050 0.004228
 44.5903 0.004250
 44.6766 0.004268
 44.7615 0.004263
 44.8474 0.004274
 44.9337 0.004260
 45.0186 0.004318
 45.1038 0.004343
 45.1889 0.004363
 45.2738 0.004376
 45.3591 0.004360
 45.4448 0.004301
 45.5305 0.004339
 45.6155 0.004383
 45.7009 0.004378
 45.7855 0.004362
 45.8711 0.004364
 45.9557 0.004376
 46.0402 0.004355
 46.1257 0.004328
 46.2110 0.004355
 46.2966 0.004354
 46.3815 0.004376
 46.4666 0.004378
 46.5527 0.004332
 46.6383 0.004335
 46.7221 0.004359
 46.8091 0.004325
 46.8959 0.004337
 46.9828 0.004407
 47.0696 0.004385
 47.1567 0.004382
 47.2443 0.004348
 47.3321 0.004384
 47.4207 0.004358
 47.5095 0.004366
 47.5984 0.004379
 47.6865 0.004371
 47.7763 0.004352
 47.8662 0.004334
 47.9561 0.004310
 48.0471 0.004309
 48.1381 0.004314
 48.2288 0.004333
 48.3199 0.004306
 48.4107 0.004341
 48.5030 0.004431
 48.5970 0.004447
 48.6900 0.004500
 48.7821 0.004473
 48.8777 0.004461
 48.9729 0.004561
 49.0687 0.004541
 49.1672 0.004569
 49.2644 0.004635
 49.3629 0.004646
 49.4607 0.004651
 49.5600 0.004657
 49.6604 0.004694
 49.7615 0.004744
 49.8640 0.004823
 49.9659 0.004897
 50.0679 0.004994
 50.1707 0.004952
 50.2765 0.004908
 50.3821 0.004958
 50.4882 0.004973
 50.5961 0.005058
 50.7052 0.005069
 50.8157 0.005092
 50.9267 0.005135
 51.0394 0.005207
 51.1531 0.005277
 51.2684 0.005315
 51.3851 0.005344
 51.5028 0.005353
 51.6238 0.005315
 51.7460 0.005405
 51.8674 0.005459
 51.9921 0.005463
 52.1191 0.005448
 52.2481 0.005449
 52.3756 0.005536
 52.5065 0.005537
 52.6433 0.005550
 52.7794 0.005595
 52.9173 0.005637
 53.0606 0.005638
 53.2039 0.005699
 53.3514 0.005713
 53.5007 0.005903
 53.6520 0.006004
 53.8068 0.006094
 53.9649 0.006251
 54.1284 0.006329
 54.2943 0.006405
 54.4625 0.006449
 54.6402 0.006561
 54.8178 0.006678
 55.0026 0.006757
 55.1935 0.006806
 55.3899 0.006982
 55.5915 0.007141
 55.8006 0.007154
 56.0163 0.007434
 56.2416 0.007591
 56.4752 0.007656
 56.7139 0.007619
 56.9652 0.007764
 57.2305 0.007810
 57.5029 0.007969
 57.7918 0.008029
 58.0943 0.008121
 58.4225 0.008326
 58.7644 0.008784
 59.1316 0.009194
 59.5255 0.009662
 59.9485 0.010131
 60.4147 0.010582
 60.9293 0.011194
 61.5016 0.011779
 62.1592 0.012384
 62.9236 0.013385
 63.8443 0.014262
 64.9954 0.016074
 66.5442 0.019497
 66.9471 0.020475
 67.3919 0.021367
 67.8964 0.022402
 68.4784 0.023536
 69.1623 0.026400
 69.9832 0.030299
 71.0193 0.035474
 72.4431 0.041941
 74.9101 0.055631
 77.3542 0.075759
 80.1902 0.117985
 82.2961 0.162270
 lm2-08-2 3 1
 29.5958 0.051918
 30.2839 0.039595
 31.3059 0.026635
 32.1256 0.020908
 33.0234 0.016124
 33.6001 0.013703
 34.0350 0.012418
 34.3917 0.011430
 34.6877 0.010639
 34.9425 0.010114
 35.1693 0.009467
 35.3780 0.009284
 35.5645 0.009143
 36.3144 0.007818
 36.8899 0.007194
 37.3569 0.006718
 37.7542 0.006464
 38.1108 0.006117
 38.4334 0.006024
 38.7302 0.005924
 38.9985 0.005750
 39.2473 0.005559
 39.4812 0.005469
 39.7003 0.005382
 39.9103 0.005362
 40.1105 0.005291
 40.3022 0.005294
 40.4866 0.005281
 40.6635 0.005194
 40.8325 0.005172
 40.9972 0.005133
 41.1566 0.005047
 41.3104 0.004929
 41.4595 0.004791
 41.6041 0.004732
 41.7475 0.004677
 41.8861 0.004652
 42.0228 0.004599
 42.1575 0.004683
 42.2877 0.004720
 42.4151 0.004646
 42.5408 0.004547
 42.6638 0.004503
 42.7858 0.004470
 42.9044 0.004438
 43.0203 0.004460
 43.1367 0.004450
 43.2514 0.004518
 43.3637 0.004478
 43.4736 0.004414
 43.5852 0.004384
 43.6943 0.004375
 43.8019 0.004418
 43.9073 0.004352
 44.0121 0.004314
 44.1158 0.004293
 44.2189 0.004277
 44.3210 0.004314
 44.4226 0.004349
 44.5228 0.004304
 44.6226 0.004265
 44.7205 0.004253
 44.8190 0.004203
 44.9160 0.004246
 45.0119 0.004260
 45.1091 0.004230
 45.2035 0.004206
 45.2985 0.004204
 45.3931 0.004215
 45.4867 0.004194
 45.5791 0.004202
 45.6719 0.004199
 45.7638 0.004196
 45.8556 0.004197
 45.9477 0.004192
 46.0383 0.004194
 46.1287 0.004150
 46.2193 0.004145
 46.3087 0.004140
 46.3993 0.004074
 46.4876 0.004115
 46.5764 0.004097
 46.6657 0.004125
 46.7539 0.004155
 46.8418 0.004185
 46.9297 0.004137
 47.0176 0.004162
 47.1057 0.004154
 47.1931 0.004184
 47.2796 0.004189
 47.3655 0.004134
 47.4538 0.004159
 47.5413 0.004103
 47.6282 0.004145
 47.7150 0.004136
 47.8025 0.004167
 47.8893 0.004192
 47.9765 0.004163
 48.0626 0.004203
 48.1496 0.004209
 48.2375 0.004217
 48.3246 0.004206
 48.4129 0.004219
 48.5011 0.004234
 48.5891 0.004231
 48.6772 0.004221
 48.7650 0.004247
 48.8541 0.004248
 48.9429 0.004281
 49.0319 0.004351
 49.1201 0.004390
 49.2080 0.004407
 49.2968 0.004407
 49.3851 0.004448
 49.4735 0.004431
 49.5640 0.004395
 49.6539 0.004376
 49.7446 0.004409
 49.8346 0.004407
 49.9249 0.004420
 50.0150 0.004423
 50.1058 0.004382
 50.1970 0.004409
 50.2894 0.004461
 50.3832 0.004482
 50.4760 0.004545
 50.5693 0.004552
 50.6631 0.004543
 50.7577 0.004561
 50.8527 0.004532
 50.9461 0.004605
 51.0418 0.004604
 51.1392 0.004637
 51.2356 0.004703
 51.3343 0.004716
 51.4328 0.004785
 51.5307 0.004858
 51.6288 0.004886
 51.7294 0.004905
 51.8326 0.004915
 51.9357 0.004931
 52.0363 0.004940
 52.1392 0.004967
 52.2415 0.004964
 52.3465 0.004935
 52.4519 0.004994
 52.5592 0.005079
 52.6669 0.005118
 52.7761 0.005137
 52.8866 0.005156
 52.9975 0.005166
 53.1106 0.005245
 53.2225 0.005262
 53.3378 0.005298
 53.4539 0.005298
 53.5715 0.005298
 53.6904 0.005264
 53.8110 0.005319
 53.9322 0.005300
 54.0541 0.005323
 54.1792 0.005375
 54.3045 0.005415
 54.4316 0.005454
 54.5613 0.005514
 54.6917 0.005541
 54.8255 0.005573
 54.9610 0.005609
 55.0972 0.005717
 55.2373 0.005718
 55.3809 0.005862
 55.5255 0.005904
 55.6729 0.005969
 55.8233 0.006078
 55.9771 0.006041
 56.1322 0.006133
 56.2918 0.006158
 56.4552 0.006220
 56.6190 0.006359
 56.7906 0.006453
 56.9663 0.006502
 57.1466 0.006566
 57.3317 0.006744
 57.5182 0.006848
 57.7145 0.006918
 57.9140 0.007103
 58.1217 0.007207
 58.3344 0.007455
 58.5548 0.007638
 58.7845 0.007835
 59.0226 0.007853
 59.2693 0.008131
 59.5264 0.008201
 59.7925 0.008287
 60.0729 0.008559
 60.3671 0.008881
 60.6741 0.009110
 61.0010 0.009498
 61.3517 0.009688
 61.7240 0.010124
 62.1315 0.010557
 62.5737 0.010938
 63.0455 0.011377
 63.5716 0.011904
 64.1600 0.012373
 64.8342 0.012962
 65.6082 0.014176
 66.5347 0.015620
 67.6902 0.017922
 69.2813 0.020716
 69.7021 0.022186
 70.1594 0.022554
 70.6833 0.023619
 71.2689 0.025212
 71.9533 0.026886
 72.7757 0.030441
 73.8319 0.035066
 75.2999 0.041103
 77.7899 0.057654
 80.2300 0.082253
 83.2283 0.126232
 85.3180 0.169629
lm2s-08-2 3 1
 30.3059 0.050273
 30.9902 0.038401
 32.0377 0.026093
 32.8397 0.021026
 33.7512 0.015989
 34.3385 0.014004
 34.7718 0.012751
 35.1309 0.011399
 35.4267 0.010746
 35.6776 0.010008
 35.9019 0.009658
 36.1033 0.009473
 36.2838 0.009298
 37.0397 0.008056
 37.6165 0.007522
 38.0853 0.006832
 38.4923 0.006503
 38.8514 0.006392
 39.1703 0.006196
 39.4662 0.006070
 39.7372 0.005858
 39.9857 0.005872
 40.2213 0.005785
 40.4462 0.005806
 40.6579 0.005701
 40.8579 0.005582
 41.0487 0.005550
 41.2332 0.005514
 41.4095 0.005279
 41.5772 0.005138
 41.7421 0.005035
 41.9011 0.005023
 42.0551 0.004971
 42.2065 0.004927
 42.3531 0.004901
 42.4946 0.004890
 42.6322 0.004881
 42.7672 0.004828
 42.8991 0.004768
 43.0284 0.004759
 43.1564 0.004678
 43.2837 0.004647
 43.4057 0.004676
 43.5281 0.004653
 43.6485 0.004580
 43.7667 0.004608
 43.8831 0.004613
 43.9968 0.004556
 44.1085 0.004525
 44.2184 0.004503
 44.3291 0.004447
 44.4394 0.004373
 44.5479 0.004403
 44.6544 0.004341
 44.7595 0.004317
 44.8623 0.004321
 44.9656 0.004313
 45.0687 0.004326
 45.1707 0.004367
 45.2702 0.004344
 45.3699 0.004355
 45.4696 0.004367
 45.5678 0.004282
 45.6643 0.004270
 45.7616 0.004289
 45.8567 0.004269
 45.9532 0.004348
 46.0473 0.004351
 46.1412 0.004319
 46.2332 0.004308
 46.3256 0.004299
 46.4183 0.004253
 46.5094 0.004241
 46.6014 0.004247
 46.6940 0.004262
 46.7849 0.004303
 46.8752 0.004346
 46.9655 0.004354
 47.0552 0.004331
 47.1444 0.004322
 47.2343 0.004334
 47.3219 0.004300
 47.4108 0.004301
 47.4983 0.004324
 47.5869 0.004314
 47.6743 0.004312
 47.7624 0.004307
 47.8513 0.004297
 47.9388 0.004294
 48.0267 0.004329
 48.1131 0.004336
 48.2008 0.004334
 48.2886 0.004383
 48.3758 0.004352
 48.4631 0.004292
 48.5511 0.004315
 48.6382 0.004317
 48.7259 0.004321
 48.8143 0.004327
 48.9031 0.004343
 48.9904 0.004365
 49.0765 0.004345
 49.1644 0.004397
 49.2528 0.004404
 49.3403 0.004362
 49.4285 0.004300
 49.5152 0.004265
 49.6031 0.004295
 49.6911 0.004284
 49.7801 0.004264
 49.8688 0.004272
 49.9573 0.004237
 50.0461 0.004214
 50.1345 0.004242
 50.2250 0.004178
 50.3142 0.004227
 50.4030 0.004253
 50.4923 0.004360
 50.5841 0.004389
 50.6748 0.004385
 50.7655 0.004405
 50.8578 0.004379
 50.9486 0.004422
 51.0399 0.004442
 51.1315 0.004435
 51.2247 0.004443
 51.3184 0.004471
 51.4123 0.004480
 51.5077 0.004538
 51.6027 0.004600
 51.6981 0.004590
 51.7951 0.004629
 51.8914 0.004637
 51.9893 0.004680
 52.0866 0.004749
 52.1846 0.004813
 52.2828 0.004784
 52.3815 0.004799
 52.4814 0.004892
 52.5824 0.004928
 52.6843 0.004955
 52.7876 0.004941
 52.8919 0.005007
 52.9962 0.005019
 53.0998 0.005022
 53.2053 0.005050
 53.3125 0.004994
 53.4210 0.005047
 53.5293 0.005037
 53.6395 0.005061
 53.7506 0.005138
 53.8619 0.005175
 53.9757 0.005210
 54.0908 0.005211
 54.2056 0.005248
 54.3219 0.005318
 54.4398 0.005333
 54.5605 0.005362
 54.6821 0.005368
 54.8046 0.005360
 54.9281 0.005401
 55.0517 0.005451
 55.1796 0.005540
 55.3096 0.005557
 55.4419 0.005608
 55.5733 0.005677
 55.7078 0.005657
 55.8460 0.005718
 55.9879 0.005778
 56.1300 0.005899
 56.2749 0.005913
 56.4220 0.005954
 56.5726 0.006004
 56.7254 0.006122
 56.8822 0.006275
 57.0425 0.006426
 57.2051 0.006454
 57.3720 0.006512
 57.5437 0.006553
 57.7174 0.006679
 57.8974 0.006671
 58.0823 0.006723
 58.2724 0.006943
 58.4687 0.007017
 58.6688 0.007209
 58.8768 0.007366
 59.0921 0.007521
 59.3135 0.007616
 59.5422 0.007765
 59.7804 0.007869
 60.0267 0.007998
 60.2826 0.008159
 60.5483 0.008408
 60.8257 0.008577
 61.1180 0.008883
 61.4265 0.009142
 61.7552 0.009339
 62.1080 0.009887
 62.4839 0.010221
 62.8873 0.010501
 63.3294 0.010883
 63.8041 0.011476
 64.3324 0.011905
 64.9250 0.012347
 65.5899 0.013027
 66.3646 0.014167
 67.2929 0.015712
 68.4471 0.017304
 70.0418 0.020216
 70.4507 0.021606
 70.9013 0.022832
 71.4211 0.024097
 72.0187 0.024966
 72.6932 0.027569
 73.5113 0.030220
 74.5811 0.035097
 76.0593 0.042547
 78.5302 0.058753
 80.9824 0.079891
 83.9759 0.122984
 86.0856 0.168761
 tr0-08-2 2 1
100.5110 0.088395
102.6829 0.067422
105.6169 0.043340
108.0580 0.035383
110.6264 0.027025
112.2507 0.022506
113.4671 0.019956
114.4396 0.018756
115.2507 0.016892
115.9530 0.015847
116.5794 0.014933
117.1369 0.014682
117.6571 0.014237
119.7246 0.012392
121.2735 0.011077
122.5368 0.010316
123.6083 0.009891
124.5435 0.009368
125.3782 0.008996
126.1440 0.008852
126.8412 0.008552
127.4892 0.008334
128.0950 0.008129
128.6695 0.007984
129.2110 0.007728
129.7259 0.007559
130.2137 0.007423
130.6803 0.007268
131.1272 0.007398
131.5575 0.007421
131.9759 0.007338
132.3759 0.007210
132.7645 0.007059
133.1404 0.007134
133.5082 0.006942
133.8672 0.006848
134.2155 0.006853
134.5536 0.006751
134.8842 0.006695
135.2084 0.006789
135.5260 0.006785
135.8335 0.006629
136.1392 0.006601
136.4390 0.006535
136.7316 0.006562
137.0214 0.006544
137.3051 0.006509
137.5841 0.006543
137.8603 0.006533
138.1316 0.006634
138.4002 0.006598
138.6671 0.006563
138.9275 0.006621
139.1843 0.006541
139.4382 0.006438
139.6907 0.006413
139.9380 0.006410
140.1820 0.006358
140.4267 0.006364
140.6670 0.006366
140.9047 0.006354
141.1428 0.006231
141.3782 0.006235
141.6102 0.006194
141.8401 0.006205
142.0684 0.006146
142.2938 0.006061
142.5194 0.006065
142.7404 0.006112
142.9622 0.006084
143.1817 0.006147
143.4015 0.006045
143.6197 0.006053
143.8370 0.006108
144.0514 0.006080
144.2652 0.006085
144.4784 0.005992
144.6913 0.005974
144.9025 0.006037
145.1122 0.006061
145.3211 0.006098
145.5293 0.006097
145.7361 0.006042
145.9433 0.006023
146.1491 0.005987
146.3542 0.006010
146.5588 0.006047
146.7620 0.006007
146.9640 0.006053
147.1658 0.006108
147.3670 0.006114
147.5703 0.006207
147.7724 0.006227
147.9732 0.006166
148.1728 0.006218
148.3735 0.006179
148.5727 0.006184
148.7729 0.006136
148.9715 0.006188
149.1707 0.006110
149.3694 0.006115
149.5680 0.006074
149.7661 0.006058
149.9660 0.006026
150.1652 0.006024
150.3638 0.005981
150.5623 0.006024
150.7612 0.006022
150.9593 0.006108
151.1579 0.006127
151.3573 0.006060
151.5572 0.006116
151.7580 0.006225
151.9588 0.006232
152.1601 0.006181
152.3609 0.006208
152.5638 0.006247
152.7652 0.006294
152.9671 0.006268
153.1681 0.006304
153.3710 0.006315
153.5752 0.006290
153.7780 0.006327
153.9844 0.006337
154.1895 0.006343
154.3950 0.006361
154.6011 0.006370
154.8082 0.006426
155.0165 0.006391
155.2262 0.006418
155.4364 0.006496
155.6470 0.006454
155.8604 0.006502
156.0742 0.006598
156.2890 0.006610
156.5044 0.006622
156.7197 0.006648
156.9368 0.006676
157.1536 0.006641
157.3726 0.006660
157.5935 0.006694
157.8148 0.006741
158.0392 0.006692
158.2664 0.006754
158.4939 0.006728
158.7230 0.006788
158.9511 0.006785
159.1844 0.006770
159.4177 0.006752
159.6546 0.006862
159.8921 0.006918
160.1316 0.007043
160.3740 0.007074
160.6171 0.007053
160.8655 0.007149
161.1138 0.007169
161.3661 0.007210
161.6192 0.007229
161.8748 0.007339
162.1338 0.007332
162.3995 0.007360
162.6657 0.007322
162.9337 0.007379
163.2065 0.007396
163.4823 0.007389
163.7625 0.007492
164.0454 0.007512
164.3346 0.007543
164.6245 0.007641
164.9218 0.007681
165.2225 0.007752
165.5255 0.007762
165.8354 0.007844
166.1518 0.007822
166.4742 0.007865
166.8045 0.007870
167.1410 0.008014
167.4853 0.008059
167.8351 0.008043
168.1926 0.008203
168.5578 0.008387
168.9337 0.008451
169.3178 0.008486
169.7174 0.008626
170.1232 0.008838
170.5390 0.008968
170.9705 0.008976
171.4185 0.009177
171.8795 0.009346
172.3542 0.009474
172.8483 0.009660
173.3628 0.009811
173.8972 0.010012
174.4531 0.010158
175.0382 0.010483
175.6487 0.010801
176.2945 0.011079
176.9797 0.011417
177.7073 0.011651
178.4888 0.012025
179.3315 0.012689
180.2509 0.013096
181.2567 0.013526
182.3786 0.014008
183.6472 0.014998
185.1162 0.015613
186.8492 0.017101
189.0223 0.018325
191.9554 0.022949
192.7020 0.024424
193.5131 0.025225
194.4456 0.026513
195.5048 0.028432
196.7484 0.029866
198.2147 0.031415
200.0815 0.034523
202.6276 0.040328
206.9005 0.056894
211.0494 0.078844
216.1165 0.118330
219.8772 0.162612
 tr1-08-2 3 1
114.0330 0.158217
116.0488 0.124007
119.2674 0.085067
121.8739 0.065405
124.6852 0.048417
126.3605 0.041907
127.6107 0.036280
128.6574 0.032717
129.5047 0.030019
130.2311 0.029373
130.9106 0.027663
131.4869 0.026574
132.0266 0.025573
134.1993 0.022605
135.8331 0.020233
137.1572 0.018590
138.2904 0.017824
139.2679 0.017363
140.1518 0.016727
140.9517 0.016121
141.6966 0.015661
142.3791 0.014858
143.0159 0.014569
143.6136 0.014040
144.1781 0.014213
144.7150 0.013956
145.2307 0.013579
145.7200 0.013408
146.1907 0.013209
146.6417 0.013265
147.0776 0.013118
147.4988 0.013282
147.9035 0.013189
148.3005 0.013059
148.6872 0.013132
149.0586 0.013075
149.4274 0.013019
149.7801 0.012881
150.1324 0.012781
150.4700 0.012623
150.7994 0.012522
151.1263 0.012393
151.4460 0.012241
151.7587 0.012122
152.0662 0.011906
152.3694 0.011912
152.6679 0.011804
152.9585 0.011710
153.2471 0.011877
153.5318 0.011701
153.8095 0.011689
154.0880 0.011573
154.3580 0.011495
154.6263 0.011588
154.8930 0.011467
155.1556 0.011411
155.4169 0.011244
155.6747 0.011267
155.9294 0.011249
156.1825 0.011158
156.4345 0.011201
156.6812 0.011160
156.9241 0.011125
157.1672 0.010998
157.4091 0.010942
157.6472 0.011000
157.8839 0.010985
158.1180 0.010864
158.3554 0.010883
158.5890 0.010841
158.8209 0.010857
159.0485 0.010832
159.2783 0.010693
159.5048 0.010659
159.7269 0.010689
159.9506 0.010666
160.1727 0.010666
160.3936 0.010596
160.6139 0.010542
160.8317 0.010617
161.0507 0.010591
161.2686 0.010623
161.4875 0.010667
161.7042 0.010619
161.9208 0.010564
162.1357 0.010583
162.3506 0.010544
162.5599 0.010649
162.7730 0.010735
162.9846 0.010755
163.1960 0.010779
163.4074 0.010664
163.6195 0.010788
163.8297 0.010763
164.0379 0.010740
164.2471 0.010769
164.4564 0.010690
164.6660 0.010545
164.8765 0.010489
165.0842 0.010474
165.2911 0.010458
165.5002 0.010405
165.7059 0.010450
165.9148 0.010430
166.1224 0.010391
166.3301 0.010462
166.5364 0.010417
166.7457 0.010376
166.9537 0.010301
167.1594 0.010494
167.3677 0.010355
167.5778 0.010597
167.7850 0.010638
167.9940 0.010847
168.2026 0.010999
168.4115 0.011026
168.6236 0.011062
168.8353 0.010973
169.0474 0.011041
169.2590 0.011095
169.4737 0.011099
169.6846 0.011128
169.8987 0.011244
170.1132 0.011226
170.3272 0.011281
170.5444 0.011324
170.7599 0.011302
170.9770 0.011347
171.1940 0.011349
171.4124 0.011401
171.6288 0.011441
171.8489 0.011646
172.0697 0.011804
172.2884 0.011737
172.5145 0.011648
172.7396 0.011685
172.9685 0.011757
173.1923 0.011778
173.4233 0.011713
173.6554 0.011731
173.8859 0.011790
174.1157 0.011719
174.3502 0.011678
174.5834 0.011673
174.8223 0.011693
175.0596 0.011866
175.2996 0.012139
175.5406 0.012094
175.7827 0.012196
176.0268 0.012170
176.2781 0.012156
176.5278 0.012226
176.7782 0.012360
177.0324 0.012419
177.2908 0.012721
177.5514 0.012573
177.8153 0.012655
178.0836 0.012801
178.3498 0.012713
178.6198 0.012885
178.8947 0.012862
179.1700 0.012858
179.4539 0.012970
179.7404 0.013145
180.0314 0.013251
180.3245 0.013379
180.6213 0.013517
180.9166 0.013728
181.2210 0.013882
181.5337 0.013882
181.8473 0.014046
182.1668 0.013920
182.4928 0.013960
182.8240 0.014042
183.1584 0.014155
183.5044 0.014320
183.8551 0.014373
184.2126 0.014309
184.5762 0.014518
184.9516 0.014655
185.3338 0.014844
185.7277 0.015033
186.1321 0.015098
186.5428 0.015518
186.9646 0.015460
187.4004 0.015429
187.8485 0.015603
188.3086 0.015941
188.7813 0.016262
189.2764 0.016430
189.7876 0.016993
190.3308 0.017276
190.8872 0.017557
191.4662 0.017889
192.0676 0.018396
192.7094 0.018757
193.3900 0.019271
194.1016 0.020065
194.8595 0.020453
195.6757 0.020924
196.5381 0.021723
197.4914 0.022223
198.5363 0.023289
199.7066 0.024776
201.0093 0.026806
202.5296 0.030340
204.3633 0.033379
206.6336 0.035615
209.6970 0.040494
210.4638 0.041065
211.3370 0.042979
212.2749 0.044789
213.3608 0.047581
214.6052 0.052596
216.1228 0.056292
218.0206 0.061044
220.6430 0.073968
225.1905 0.101054
229.5609 0.135971
234.6685 0.210124
238.5891 0.277002
tr1s-08-2 3 1
121.1204 0.164880
123.3603 0.122141
126.5276 0.088174
129.1533 0.063181
131.9626 0.047078
133.6747 0.041529
134.9633 0.037317
136.0291 0.032963
136.9034 0.031126
137.6593 0.029538
138.3240 0.028494
138.9236 0.027086
139.4588 0.026047
141.6725 0.023126
143.3217 0.021639
144.6745 0.019936
145.8238 0.019165
146.8398 0.018238
147.7501 0.017465
148.5660 0.016313
149.3143 0.015797
149.9955 0.015275
150.6377 0.015198
151.2468 0.014828
151.8224 0.014544
152.3764 0.014195
152.8987 0.014213
153.3956 0.014353
153.8711 0.014310
154.3298 0.014108
154.7801 0.013960
155.2117 0.013856
155.6297 0.013777
156.0322 0.013439
156.4237 0.013469
156.7994 0.013381
157.1674 0.013075
157.5285 0.013049
157.8834 0.012992
158.2295 0.012829
158.5695 0.012757
158.8981 0.012448
159.2221 0.012483
159.5385 0.012386
159.8532 0.012515
160.1608 0.012433
160.4603 0.012313
160.7545 0.012169
161.0464 0.012052
161.3347 0.011755
161.6216 0.011686
161.9000 0.011615
162.1758 0.011631
162.4508 0.011494
162.7220 0.011187
162.9862 0.011161
163.2526 0.011218
163.5127 0.011148
163.7729 0.011052
164.0275 0.011062
164.2794 0.011239
164.5288 0.011262
164.7767 0.011184
165.0224 0.011108
165.2675 0.011131
165.5092 0.011147
165.7474 0.011197
165.9882 0.011087
166.2265 0.010980
166.4630 0.011082
166.6976 0.011160
166.9325 0.011043
167.1649 0.010876
167.3926 0.010897
167.6205 0.010753
167.8477 0.010778
168.0739 0.010765
168.3013 0.010810
168.5283 0.010881
168.7503 0.010881
168.9714 0.010868
169.1976 0.010860
169.4173 0.010917
169.6344 0.010907
169.8539 0.010811
170.0713 0.010781
170.2844 0.010707
170.5012 0.010764
170.7196 0.010824
170.9353 0.010854
171.1475 0.010870
171.3601 0.010913
171.5744 0.010906
171.7874 0.011020
171.9988 0.011059
172.2088 0.011072
172.4233 0.011052
172.6376 0.011114
172.8494 0.011176
173.0613 0.011136
173.2709 0.011203
173.4825 0.011148
173.6915 0.011243
173.9037 0.011243
174.1107 0.011124
174.3226 0.011172
174.5338 0.011127
174.7438 0.011228
174.9553 0.011248
175.1641 0.011246
175.3767 0.011268
175.5862 0.011306
175.7990 0.011229
176.0109 0.011289
176.2259 0.011308
176.4381 0.011347
176.6528 0.011388
176.8652 0.011470
177.0782 0.011575
177.2920 0.011636
177.5066 0.011496
177.7213 0.011524
177.9382 0.011473
178.1561 0.011463
178.3725 0.011376
178.5916 0.011449
178.8096 0.011427
179.0265 0.011457
179.2467 0.011466
179.4697 0.011525
179.6951 0.011570
179.9179 0.011649
180.1416 0.011748
180.3649 0.011678
180.5913 0.011618
180.8193 0.011725
181.0496 0.011694
181.2796 0.011626
181.5094 0.011765
181.7421 0.011790
181.9770 0.011724
182.2126 0.011856
182.4469 0.012051
182.6829 0.012119
182.9228 0.012203
183.1615 0.012192
183.4064 0.012195
183.6539 0.012398
183.9044 0.012300
184.1555 0.012309
184.4065 0.012369
184.6585 0.012459
184.9106 0.012438
185.1687 0.012414
185.4273 0.012449
185.6906 0.012572
185.9564 0.012537
186.2257 0.012550
186.4977 0.012487
186.7745 0.012631
187.0493 0.012764
187.3302 0.012895
187.6154 0.013007
187.9059 0.013192
188.1979 0.013262
188.4938 0.013360
188.7957 0.013444
189.0980 0.013492
189.4075 0.013505
189.7211 0.013666
190.0436 0.013515
190.3688 0.013681
190.6993 0.013901
191.0313 0.013970
191.3771 0.013939
191.7260 0.014229
192.0788 0.014306
192.4404 0.014584
192.8130 0.014633
193.1886 0.014545
193.5707 0.014455
193.9663 0.014525
194.3677 0.014738
194.7828 0.015018
195.2097 0.015132
195.6539 0.015459
196.1021 0.015809
196.5659 0.015931
197.0471 0.016106
197.5466 0.016208
198.0646 0.016615
198.6061 0.017039
199.1640 0.017312
199.7483 0.017668
200.3712 0.018061
201.0129 0.018812
201.6909 0.019254
202.4096 0.019792
203.1838 0.019956
204.0106 0.020816
204.8992 0.021662
205.8596 0.022665
206.9128 0.024666
208.1060 0.026372
209.4525 0.028057
210.9656 0.030657
212.7866 0.033032
215.1096 0.035014
218.1945 0.041862
218.9698 0.042089
219.8294 0.044228
220.8175 0.047027
221.9111 0.046951
223.1411 0.051289
224.6795 0.056067
226.6597 0.061179
229.2963 0.071919
233.8128 0.105908
238.0659 0.145388
243.4952 0.205099
247.0158 0.279555
 tr2-08-2 3 1
127.8325 0.154457
130.2665 0.117789
133.6763 0.088440
136.3471 0.064734
139.2457 0.050686
141.0612 0.044964
142.3945 0.040203
143.4955 0.036159
144.3803 0.033503
145.1638 0.031222
145.8571 0.029603
146.4784 0.029102
147.0442 0.027339
149.3017 0.023121
151.0309 0.020814
152.4004 0.019020
153.5924 0.018379
154.6396 0.017827
155.5722 0.017129
156.4151 0.016467
157.1974 0.015945
157.9251 0.015813
158.5992 0.015361
159.2220 0.014793
159.8183 0.014617
160.3753 0.014272
160.9136 0.014328
161.4285 0.014134
161.9197 0.014224
162.3921 0.013989
162.8478 0.013742
163.2936 0.013552
163.7165 0.013489
164.1305 0.013438
164.5324 0.013140
164.9237 0.013356
165.3140 0.013089
165.6907 0.013070
166.0530 0.013080
166.4112 0.013133
166.7574 0.013014
167.0985 0.013053
167.4313 0.013078
167.7615 0.013164
168.0872 0.013013
168.4026 0.013073
168.7138 0.012858
169.0208 0.012554
169.3249 0.012542
169.6205 0.012557
169.9151 0.012190
170.2056 0.012127
170.4951 0.011849
170.7821 0.011805
171.0596 0.011658
171.3368 0.011627
171.6074 0.011677
171.8788 0.011725
172.1446 0.011765
172.4087 0.011729
172.6681 0.011695
172.9288 0.011628
173.1878 0.011454
173.4399 0.011389
173.6926 0.011393
173.9428 0.011313
174.1937 0.011244
174.4394 0.011314
174.6861 0.011324
174.9263 0.011359
175.1666 0.011369
175.4054 0.011228
175.6421 0.011265
175.8806 0.011376
176.1167 0.011379
176.3510 0.011310
176.5826 0.011150
176.8163 0.011155
177.0460 0.010994
177.2755 0.010991
177.5045 0.011009
177.7316 0.010997
177.9574 0.011105
178.1808 0.011107
178.4109 0.010992
178.6341 0.010957
178.8592 0.011075
179.0807 0.011098
179.2999 0.011140
179.5220 0.011177
179.7445 0.011190
179.9637 0.011175
180.1850 0.011274
180.4021 0.011373
180.6228 0.011303
180.8411 0.011316
181.0608 0.011421
181.2802 0.011482
181.4947 0.011437
181.7123 0.011371
181.9311 0.011341
182.1458 0.011375
182.3644 0.011424
182.5815 0.011488
182.7956 0.011488
183.0130 0.011467
183.2301 0.011346
183.4468 0.011298
183.6663 0.011218
183.8826 0.011317
184.1005 0.011339
184.3184 0.011285
184.5370 0.011204
184.7540 0.011276
184.9705 0.011274
185.1928 0.011288
185.4123 0.011205
185.6313 0.011208
185.8496 0.011172
186.0701 0.011320
186.2905 0.011346
186.5116 0.011418
186.7354 0.011360
186.9568 0.011533
187.1786 0.011570
187.4010 0.011560
187.6289 0.011464
187.8514 0.011588
188.0758 0.011652
188.3048 0.011748
188.5306 0.011687
188.7604 0.011709
188.9916 0.011733
189.2230 0.011727
189.4555 0.011724
189.6915 0.011760
189.9287 0.011864
190.1668 0.011807
190.4035 0.011938
190.6428 0.011946
190.8852 0.012033
191.1299 0.012006
191.3732 0.012077
191.6170 0.012289
191.8659 0.012239
192.1127 0.012374
192.3663 0.012320
192.6162 0.012340
192.8701 0.012286
193.1255 0.012299
193.3806 0.012252
193.6402 0.012324
193.9025 0.012352
194.1712 0.012492
194.4391 0.012458
194.7108 0.012536
194.9852 0.012589
195.2622 0.012730
195.5405 0.012945
195.8216 0.013174
196.1072 0.013229
196.3938 0.013456
196.6846 0.013481
196.9798 0.013465
197.2826 0.013626
197.5890 0.013832
197.8940 0.013801
198.2039 0.014021
198.5200 0.014188
198.8451 0.014174
199.1714 0.014122
199.5001 0.014269
199.8410 0.014481
200.1834 0.014564
200.5351 0.014570
200.8881 0.014818
201.2564 0.014776
201.6320 0.014742
202.0109 0.014861
202.3983 0.015009
202.8005 0.015058
203.2054 0.015113
203.6204 0.015553
204.0467 0.015909
204.4910 0.016132
204.9436 0.016177
205.4102 0.016453
205.8888 0.016807
206.3809 0.016922
206.8887 0.017245
207.4209 0.017386
207.9731 0.017580
208.5480 0.017867
209.1486 0.018265
209.7859 0.018536
210.4449 0.019375
211.1477 0.019831
211.8906 0.020034
212.6813 0.020949
213.5250 0.022235
214.4403 0.022698
215.4399 0.023621
216.5259 0.023768
217.7190 0.024431
219.0851 0.026259
220.6691 0.027959
222.5729 0.030402
224.9041 0.035565
228.0861 0.040655
228.8692 0.041901
229.7455 0.043675
230.7347 0.046502
231.8652 0.050210
233.2043 0.052112
234.8150 0.057709
236.8507 0.065572
239.5804 0.076913
244.1034 0.103367
248.2588 0.146010
253.9106 0.217042
257.9939 0.296827
tr2s-08-2 3 1
135.4671 0.165030
137.9071 0.125503
141.1345 0.087101
143.8641 0.065160
146.8959 0.051469
148.7676 0.042410
150.0752 0.039450
151.1707 0.036209
152.0749 0.033649
152.8577 0.031420
153.5654 0.030300
154.1841 0.028275
154.7559 0.026974
157.0394 0.023989
158.7764 0.021951
160.1903 0.020080
161.3842 0.018823
162.4397 0.018139
163.3888 0.017668
164.2490 0.017795
165.0284 0.017134
165.7414 0.016705
166.4090 0.016151
167.0457 0.016067
167.6477 0.015671
168.2131 0.015369
168.7502 0.014805
169.2672 0.014545
169.7656 0.014541
170.2418 0.013998
170.7073 0.013794
171.1498 0.013614
171.5789 0.013545
171.9976 0.013569
172.4050 0.013545
172.8039 0.013553
173.1846 0.013283
173.5623 0.013130
173.9261 0.013240
174.2812 0.013077
174.6386 0.012970
174.9825 0.012724
175.3205 0.012818
175.6509 0.012671
175.9753 0.012636
176.2946 0.012694
176.6134 0.012456
176.9233 0.012441
177.2285 0.012282
177.5318 0.012129
177.8287 0.012072
178.1184 0.011956
178.4039 0.011808
178.6908 0.011749
178.9719 0.011795
179.2518 0.011715
179.5267 0.011684
179.7982 0.011574
180.0672 0.011613
180.3349 0.011416
180.6012 0.011409
180.8589 0.011455
181.1168 0.011454
181.3751 0.011444
181.6301 0.011435
181.8799 0.011434
182.1303 0.011402
182.3775 0.011440
182.6264 0.011434
182.8693 0.011317
183.1134 0.011246
183.3557 0.011305
183.5975 0.011313
183.8345 0.011418
184.0688 0.011439
184.3051 0.011300
184.5399 0.011295
184.7775 0.011230
185.0095 0.011296
185.2399 0.011266
185.4694 0.011242
185.6998 0.011160
185.9245 0.011230
186.1516 0.011250
186.3784 0.011187
186.6033 0.011171
186.8298 0.011203
187.0541 0.011292
187.2751 0.011260
187.4995 0.011346
187.7197 0.011497
187.9411 0.011455
188.1607 0.011377
188.3815 0.011431
188.6015 0.011413
188.8219 0.011319
189.0428 0.011362
189.2600 0.011410
189.4772 0.011424
189.6959 0.011484
189.9139 0.011438
190.1317 0.011461
190.3457 0.011467
190.5626 0.011458
190.7798 0.011571
190.9992 0.011513
191.2144 0.011514
191.4310 0.011514
191.6499 0.011619
191.8702 0.011496
192.0892 0.011464
192.3086 0.011430
192.5275 0.011362
192.7472 0.011315
192.9669 0.011236
193.1879 0.011198
193.4095 0.011217
193.6334 0.011142
193.8566 0.011016
194.0782 0.010967
194.3025 0.010803
194.5275 0.010899
194.7527 0.010958
194.9757 0.011111
195.2018 0.011042
195.4233 0.011148
195.6463 0.011151
195.8757 0.011083
196.1035 0.011203
196.3323 0.011299
196.5641 0.011284
196.7960 0.011287
197.0274 0.011405
197.2600 0.011466
197.4965 0.011485
197.7322 0.011591
197.9698 0.011701
198.2047 0.011610
198.4424 0.011799
198.6828 0.011791
198.9229 0.011909
199.1670 0.011992
199.4146 0.011911
199.6600 0.011947
199.9051 0.012009
200.1534 0.012047
200.4044 0.012014
200.6566 0.012100
200.9101 0.011976
201.1684 0.011916
201.4290 0.011914
201.6908 0.011944
201.9568 0.011992
202.2229 0.012136
202.4908 0.012261
202.7647 0.012334
203.0410 0.012567
203.3197 0.012606
203.5982 0.012733
203.8846 0.012818
204.1709 0.013073
204.4619 0.013187
204.7549 0.013304
205.0531 0.013326
205.3539 0.013316
205.6621 0.013375
205.9724 0.013528
206.2876 0.013662
206.6065 0.013600
206.9322 0.013631
207.2622 0.013623
207.6014 0.013647
207.9358 0.013949
208.2833 0.014102
208.6376 0.014174
208.9936 0.014154
209.3616 0.014225
209.7339 0.014563
210.1183 0.014738
210.5128 0.015043
210.9110 0.015187
211.3229 0.015360
211.7428 0.015459
212.1677 0.015610
212.6144 0.016032
213.0626 0.015967
213.5321 0.016148
214.0147 0.016288
214.5123 0.016608
215.0278 0.016924
215.5603 0.017146
216.1187 0.017664
216.6929 0.017906
217.3011 0.018363
217.9357 0.018686
218.6061 0.019213
219.3054 0.019948
220.0447 0.020677
220.8474 0.021038
221.6972 0.021585
222.6064 0.022206
223.5966 0.022365
224.6874 0.023532
225.9208 0.025410
227.2860 0.027591
228.8683 0.028244
230.7415 0.030755
233.1028 0.033196
236.2955 0.039219
237.0842 0.040816
237.9961 0.044812
239.0093 0.046720
240.1445 0.051245
241.4679 0.054852
243.0944 0.060699
245.1715 0.067368
247.9308 0.077679
252.3924 0.106464
256.6966 0.151839
262.3816 0.214488
266.2868 0.294739
