Copyright (C) 1998 James G. MacKinnon, Alfred A. Haug, and Leo Michelis.
 lm0-03-4 2 1
  7.2097 0.016453
  7.6394 0.013404
  8.2391 0.010296
  8.7564 0.007875
  9.3280 0.006468
  9.6976 0.005458
  9.9706 0.004851
 10.1957 0.004469
 10.3854 0.004226
 10.5529 0.004023
 10.7020 0.003888
 10.8368 0.003792
 10.9598 0.003702
 11.4615 0.003118
 11.8480 0.003019
 12.1658 0.002884
 12.4369 0.002754
 12.6796 0.002625
 12.8991 0.002554
 13.0970 0.002465
 13.2822 0.002418
 13.4551 0.002412
 13.6165 0.002377
 13.7698 0.002396
 13.9172 0.002362
 14.0559 0.002335
 14.1895 0.002302
 14.3171 0.002230
 14.4407 0.002232
 14.5611 0.002186
 14.6764 0.002129
 14.7881 0.002111
 14.8972 0.002085
 15.0038 0.002044
 15.1085 0.002009
 15.2098 0.001994
 15.3096 0.002001
 15.4069 0.002018
 15.5027 0.001994
 15.5961 0.002003
 15.6880 0.002003
 15.7780 0.001977
 15.8668 0.001968
 15.9545 0.002010
 16.0404 0.002008
 16.1249 0.002000
 16.2082 0.002000
 16.2904 0.001995
 16.3719 0.001984
 16.4523 0.001967
 16.5324 0.001971
 16.6118 0.001971
 16.6898 0.001951
 16.7673 0.001942
 16.8429 0.001949
 16.9190 0.001940
 16.9943 0.001947
 17.0684 0.001952
 17.1423 0.001942
 17.2160 0.001939
 17.2890 0.001961
 17.3612 0.001950
 17.4327 0.001972
 17.5041 0.001945
 17.5743 0.001953
 17.6449 0.001941
 17.7151 0.001921
 17.7842 0.001897
 17.8531 0.001911
 17.9223 0.001897
 17.9911 0.001873
 18.0596 0.001869
 18.1274 0.001876
 18.1952 0.001879
 18.2630 0.001882
 18.3305 0.001880
 18.3970 0.001866
 18.4638 0.001862
 18.5304 0.001871
 18.5972 0.001866
 18.6632 0.001849
 18.7294 0.001869
 18.7957 0.001888
 18.8618 0.001889
 18.9278 0.001881
 18.9932 0.001901
 19.0589 0.001911
 19.1246 0.001906
 19.1904 0.001891
 19.2560 0.001920
 19.3214 0.001933
 19.3868 0.001938
 19.4521 0.001929
 19.5178 0.001936
 19.5825 0.001940
 19.6476 0.001962
 19.7134 0.001956
 19.7790 0.001965
 19.8449 0.001967
 19.9107 0.001976
 19.9759 0.001982
 20.0420 0.001979
 20.1077 0.001988
 20.1736 0.002020
 20.2401 0.002005
 20.3064 0.002029
 20.3735 0.002013
 20.4399 0.002027
 20.5065 0.002056
 20.5726 0.002066
 20.6400 0.002062
 20.7069 0.002068
 20.7745 0.002056
 20.8420 0.002054
 20.9103 0.002044
 20.9780 0.002063
 21.0466 0.002067
 21.1148 0.002065
 21.1836 0.002059
 21.2526 0.002048
 21.3222 0.002058
 21.3917 0.002043
 21.4613 0.002039
 21.5316 0.002055
 21.6026 0.002059
 21.6738 0.002076
 21.7454 0.002113
 21.8170 0.002128
 21.8890 0.002129
 21.9615 0.002141
 22.0348 0.002149
 22.1078 0.002181
 22.1822 0.002168
 22.2565 0.002197
 22.3310 0.002197
 22.4061 0.002187
 22.4817 0.002210
 22.5578 0.002226
 22.6348 0.002206
 22.7125 0.002227
 22.7917 0.002238
 22.8706 0.002273
 22.9511 0.002287
 23.0314 0.002269
 23.1127 0.002280
 23.1949 0.002301
 23.2774 0.002304
 23.3612 0.002295
 23.4456 0.002320
 23.5306 0.002325
 23.6168 0.002373
 23.7037 0.002393
 23.7919 0.002382
 23.8811 0.002386
 23.9708 0.002427
 24.0618 0.002434
 24.1536 0.002406
 24.2470 0.002401
 24.3408 0.002418
 24.4357 0.002423
 24.5322 0.002448
 24.6317 0.002466
 24.7316 0.002499
 24.8332 0.002495
 24.9358 0.002526
 25.0397 0.002576
 25.1454 0.002634
 25.2530 0.002701
 25.3629 0.002745
 25.4750 0.002764
 25.5885 0.002822
 25.7048 0.002804
 25.8234 0.002778
 25.9438 0.002825
 26.0669 0.002899
 26.1931 0.002899
 26.3219 0.002950
 26.4533 0.003000
 26.5878 0.003086
 26.7268 0.003123
 26.8695 0.003143
 27.0144 0.003235
 27.1636 0.003299
 27.3171 0.003327
 27.4757 0.003381
 27.6387 0.003452
 27.8084 0.003560
 27.9842 0.003634
 28.1673 0.003625
 28.3565 0.003693
 28.5532 0.003788
 28.7579 0.003895
 28.9735 0.003879
 29.1988 0.004048
 29.4358 0.004224
 29.6869 0.004357
 29.9497 0.004519
 30.2334 0.004717
 30.5362 0.004748
 30.8606 0.004838
 31.2129 0.004981
 31.5969 0.005318
 32.0222 0.005718
 32.5031 0.006011
 33.0476 0.006494
 33.6830 0.006752
 34.4432 0.007259
 35.4125 0.008106
 36.7385 0.009605
 37.0786 0.010081
 37.4595 0.010764
 37.8793 0.011131
 38.3615 0.012126
 38.9346 0.012700
 39.6354 0.013661
 40.5163 0.016064
 41.7488 0.019429
 43.8027 0.026592
 45.7689 0.039284
 48.3823 0.059050
 50.3317 0.081777
 lm1-03-4 2 1
  8.8558 0.018802
  9.3218 0.014274
  9.9660 0.010231
 10.5276 0.008423
 11.1602 0.006273
 11.5531 0.005357
 11.8546 0.005042
 12.0985 0.004820
 12.3015 0.004453
 12.4827 0.004304
 12.6423 0.004160
 12.7871 0.004097
 12.9208 0.003997
 13.4616 0.003534
 13.8785 0.003337
 14.2199 0.003102
 14.5136 0.003043
 14.7726 0.002804
 15.0079 0.002680
 15.2229 0.002658
 15.4223 0.002608
 15.6073 0.002591
 15.7805 0.002445
 15.9443 0.002347
 16.0994 0.002331
 16.2491 0.002315
 16.3917 0.002281
 16.5290 0.002233
 16.6616 0.002235
 16.7889 0.002242
 16.9127 0.002207
 17.0331 0.002198
 17.1497 0.002162
 17.2633 0.002144
 17.3747 0.002138
 17.4827 0.002158
 17.5886 0.002164
 17.6915 0.002142
 17.7928 0.002127
 17.8925 0.002102
 17.9901 0.002099
 18.0851 0.002075
 18.1799 0.002068
 18.2720 0.002075
 18.3634 0.002056
 18.4527 0.002029
 18.5415 0.002035
 18.6297 0.002046
 18.7162 0.002022
 18.8020 0.002027
 18.8867 0.002013
 18.9706 0.002020
 19.0532 0.002020
 19.1354 0.002033
 19.2163 0.002010
 19.2964 0.001997
 19.3757 0.001989
 19.4545 0.001964
 19.5326 0.001946
 19.6100 0.001936
 19.6868 0.001941
 19.7634 0.001941
 19.8394 0.001975
 19.9145 0.001973
 19.9895 0.001981
 20.0638 0.001959
 20.1385 0.001947
 20.2123 0.001950
 20.2860 0.001955
 20.3586 0.001948
 20.4313 0.001922
 20.5039 0.001899
 20.5760 0.001916
 20.6477 0.001930
 20.7189 0.001931
 20.7901 0.001922
 20.8613 0.001960
 20.9314 0.001947
 21.0017 0.001956
 21.0724 0.001935
 21.1426 0.001936
 21.2127 0.001948
 21.2823 0.001959
 21.3521 0.001963
 21.4214 0.002007
 21.4903 0.002010
 21.5598 0.002030
 21.6290 0.002040
 21.6981 0.002034
 21.7674 0.002042
 21.8359 0.002040
 21.9050 0.002062
 21.9742 0.002080
 22.0429 0.002099
 22.1121 0.002084
 22.1811 0.002083
 22.2496 0.002060
 22.3188 0.002044
 22.3884 0.002065
 22.4576 0.002078
 22.5270 0.002086
 22.5967 0.002082
 22.6664 0.002062
 22.7353 0.002086
 22.8055 0.002094
 22.8752 0.002103
 22.9450 0.002104
 23.0149 0.002104
 23.0848 0.002115
 23.1551 0.002143
 23.2257 0.002144
 23.2969 0.002149
 23.3680 0.002151
 23.4392 0.002132
 23.5110 0.002130
 23.5827 0.002132
 23.6544 0.002143
 23.7267 0.002173
 23.7991 0.002170
 23.8717 0.002174
 23.9445 0.002192
 24.0175 0.002184
 24.0909 0.002192
 24.1651 0.002205
 24.2394 0.002200
 24.3144 0.002179
 24.3891 0.002204
 24.4650 0.002183
 24.5405 0.002183
 24.6171 0.002218
 24.6937 0.002256
 24.7714 0.002271
 24.8490 0.002294
 24.9275 0.002300
 25.0059 0.002308
 25.0850 0.002335
 25.1646 0.002373
 25.2449 0.002332
 25.3256 0.002344
 25.4069 0.002361
 25.4894 0.002353
 25.5724 0.002332
 25.6562 0.002308
 25.7407 0.002310
 25.8256 0.002311
 25.9116 0.002339
 25.9984 0.002367
 26.0859 0.002394
 26.1733 0.002420
 26.2625 0.002427
 26.3529 0.002468
 26.4437 0.002506
 26.5358 0.002504
 26.6295 0.002509
 26.7233 0.002526
 26.8188 0.002587
 26.9153 0.002565
 27.0132 0.002584
 27.1115 0.002630
 27.2120 0.002619
 27.3135 0.002636
 27.4157 0.002662
 27.5199 0.002698
 27.6262 0.002709
 27.7335 0.002728
 27.8431 0.002786
 27.9546 0.002833
 28.0681 0.002863
 28.1830 0.002859
 28.3000 0.002882
 28.4185 0.002936
 28.5397 0.002980
 28.6644 0.003022
 28.7911 0.003024
 28.9205 0.003091
 29.0520 0.003140
 29.1863 0.003240
 29.3239 0.003247
 29.4639 0.003283
 29.6084 0.003290
 29.7571 0.003309
 29.9099 0.003325
 30.0661 0.003392
 30.2269 0.003411
 30.3936 0.003432
 30.5655 0.003516
 30.7418 0.003570
 30.9264 0.003651
 31.1158 0.003713
 31.3134 0.003770
 31.5188 0.003739
 31.7329 0.003788
 31.9568 0.003916
 32.1907 0.003988
 32.4369 0.004187
 32.6959 0.004306
 32.9733 0.004396
 33.2669 0.004467
 33.5793 0.004574
 33.9198 0.004846
 34.2860 0.005081
 34.6868 0.005263
 35.1288 0.005700
 35.6284 0.005954
 36.1915 0.006293
 36.8513 0.006821
 37.6425 0.007529
 38.6364 0.008444
 40.0150 0.009939
 40.3668 0.010330
 40.7619 0.010664
 41.1957 0.011652
 41.6977 0.012800
 42.2923 0.013382
 43.0265 0.014383
 43.9230 0.016281
 45.1860 0.019909
 47.2871 0.026936
 49.3364 0.037783
 51.9715 0.058347
 53.9727 0.082109
lm1s-03-4 2 1
  9.6752 0.018203
 10.1177 0.014643
 10.7915 0.010777
 11.3660 0.008066
 11.9839 0.006663
 12.3829 0.005570
 12.6822 0.005126
 12.9247 0.004787
 13.1305 0.004460
 13.3103 0.004368
 13.4723 0.004178
 13.6199 0.004036
 13.7509 0.003981
 14.2889 0.003653
 14.7029 0.003276
 15.0454 0.003072
 15.3398 0.002899
 15.5997 0.002863
 15.8335 0.002728
 16.0466 0.002563
 16.2443 0.002502
 16.4292 0.002506
 16.6029 0.002419
 16.7668 0.002342
 16.9236 0.002309
 17.0721 0.002321
 17.2139 0.002273
 17.3510 0.002294
 17.4824 0.002272
 17.6105 0.002214
 17.7351 0.002203
 17.8550 0.002183
 17.9722 0.002185
 18.0849 0.002164
 18.1949 0.002128
 18.3029 0.002148
 18.4085 0.002152
 18.5122 0.002099
 18.6133 0.002113
 18.7133 0.002097
 18.8112 0.002103
 18.9071 0.002116
 19.0013 0.002061
 19.0946 0.002066
 19.1854 0.002068
 19.2752 0.002060
 19.3639 0.002067
 19.4517 0.002068
 19.5383 0.002074
 19.6234 0.002045
 19.7065 0.002018
 19.7895 0.001995
 19.8720 0.001994
 19.9533 0.001969
 20.0342 0.001967
 20.1144 0.001963
 20.1942 0.001955
 20.2731 0.001954
 20.3516 0.001931
 20.4294 0.001929
 20.5061 0.001950
 20.5825 0.001929
 20.6584 0.001935
 20.7335 0.001929
 20.8082 0.001935
 20.8834 0.001964
 20.9574 0.001964
 21.0314 0.001967
 21.1049 0.001974
 21.1777 0.001961
 21.2501 0.001957
 21.3227 0.001973
 21.3942 0.001973
 21.4655 0.001958
 21.5368 0.001942
 21.6074 0.001940
 21.6779 0.001965
 21.7483 0.001989
 21.8187 0.001993
 21.8889 0.002004
 21.9588 0.002000
 22.0282 0.002026
 22.0981 0.002011
 22.1676 0.002028
 22.2371 0.002048
 22.3064 0.002086
 22.3758 0.002068
 22.4448 0.002093
 22.5139 0.002084
 22.5826 0.002090
 22.6517 0.002079
 22.7213 0.002093
 22.7898 0.002114
 22.8588 0.002125
 22.9279 0.002113
 22.9968 0.002103
 23.0658 0.002098
 23.1346 0.002102
 23.2039 0.002084
 23.2733 0.002093
 23.3428 0.002094
 23.4121 0.002082
 23.4813 0.002104
 23.5505 0.002081
 23.6205 0.002080
 23.6902 0.002094
 23.7606 0.002093
 23.8306 0.002099
 23.9005 0.002097
 23.9710 0.002093
 24.0416 0.002117
 24.1128 0.002146
 24.1837 0.002163
 24.2550 0.002147
 24.3263 0.002143
 24.3972 0.002138
 24.4692 0.002140
 24.5412 0.002130
 24.6129 0.002134
 24.6857 0.002127
 24.7587 0.002134
 24.8322 0.002155
 24.9061 0.002163
 24.9801 0.002189
 25.0543 0.002192
 25.1291 0.002222
 25.2036 0.002230
 25.2790 0.002240
 25.3544 0.002245
 25.4307 0.002272
 25.5078 0.002290
 25.5850 0.002293
 25.6626 0.002268
 25.7409 0.002271
 25.8198 0.002302
 25.8996 0.002319
 25.9789 0.002308
 26.0593 0.002315
 26.1396 0.002304
 26.2212 0.002290
 26.3028 0.002323
 26.3856 0.002350
 26.4695 0.002372
 26.5542 0.002409
 26.6397 0.002419
 26.7253 0.002428
 26.8119 0.002445
 26.8994 0.002437
 26.9881 0.002434
 27.0772 0.002430
 27.1674 0.002432
 27.2585 0.002479
 27.3500 0.002482
 27.4429 0.002498
 27.5371 0.002509
 27.6319 0.002543
 27.7277 0.002548
 27.8249 0.002568
 27.9245 0.002598
 28.0244 0.002607
 28.1257 0.002651
 28.2290 0.002664
 28.3334 0.002697
 28.4391 0.002762
 28.5465 0.002781
 28.6563 0.002775
 28.7673 0.002803
 28.8803 0.002836
 28.9949 0.002849
 29.1119 0.002872
 29.2309 0.002926
 29.3525 0.002981
 29.4758 0.003003
 29.6011 0.002995
 29.7306 0.003042
 29.8620 0.003095
 29.9966 0.003130
 30.1330 0.003222
 30.2737 0.003278
 30.4183 0.003342
 30.5677 0.003376
 30.7194 0.003379
 30.8762 0.003403
 31.0370 0.003458
 31.2032 0.003455
 31.3742 0.003518
 31.5513 0.003515
 31.7332 0.003585
 31.9224 0.003617
 32.1197 0.003696
 32.3239 0.003725
 32.5385 0.003781
 32.7621 0.003885
 32.9972 0.004003
 33.2419 0.004227
 33.5017 0.004324
 33.7762 0.004461
 34.0702 0.004589
 34.3836 0.004716
 34.7231 0.004907
 35.0882 0.005026
 35.4924 0.005258
 35.9328 0.005342
 36.4294 0.005738
 36.9937 0.006325
 37.6524 0.006804
 38.4433 0.007681
 39.4358 0.008444
 40.8233 0.009955
 41.1752 0.010528
 41.5629 0.011018
 42.0021 0.011888
 42.5132 0.012752
 43.1036 0.013220
 43.8100 0.014548
 44.7186 0.016960
 45.9863 0.020052
 48.0727 0.027200
 50.1144 0.038402
 52.7583 0.059104
 54.8249 0.085480
 lm2-03-4 2 1
 10.5769 0.019505
 11.0731 0.015960
 11.7794 0.011297
 12.3853 0.008923
 13.0520 0.006807
 13.4817 0.006095
 13.8075 0.005595
 14.0709 0.005262
 14.2920 0.005082
 14.4855 0.004803
 14.6568 0.004552
 14.8115 0.004491
 14.9541 0.004255
 15.5380 0.003830
 15.9805 0.003544
 16.3456 0.003331
 16.6589 0.003127
 16.9351 0.002905
 17.1844 0.002872
 17.4128 0.002730
 17.6246 0.002725
 17.8205 0.002728
 18.0057 0.002635
 18.1794 0.002621
 18.3434 0.002535
 18.5010 0.002490
 18.6525 0.002418
 18.7976 0.002361
 18.9368 0.002362
 19.0731 0.002311
 19.2042 0.002321
 19.3309 0.002238
 19.4538 0.002232
 19.5745 0.002175
 19.6918 0.002133
 19.8057 0.002174
 19.9167 0.002215
 20.0256 0.002151
 20.1323 0.002157
 20.2373 0.002170
 20.3410 0.002160
 20.4425 0.002161
 20.5413 0.002162
 20.6400 0.002169
 20.7359 0.002177
 20.8301 0.002178
 20.9239 0.002144
 21.0159 0.002134
 21.1064 0.002177
 21.1967 0.002192
 21.2847 0.002182
 21.3728 0.002166
 21.4599 0.002174
 21.5458 0.002110
 21.6317 0.002106
 21.7161 0.002112
 21.8002 0.002087
 21.8832 0.002057
 21.9658 0.002053
 22.0477 0.002042
 22.1290 0.002067
 22.2089 0.002076
 22.2891 0.002044
 22.3682 0.002058
 22.4474 0.002077
 22.5263 0.002070
 22.6042 0.002076
 22.6817 0.002042
 22.7592 0.002032
 22.8360 0.002030
 22.9124 0.002025
 22.9891 0.002055
 23.0644 0.002051
 23.1398 0.002053
 23.2149 0.002047
 23.2896 0.002071
 23.3630 0.002073
 23.4375 0.002095
 23.5117 0.002115
 23.5861 0.002091
 23.6592 0.002091
 23.7325 0.002078
 23.8055 0.002085
 23.8789 0.002099
 23.9516 0.002106
 24.0246 0.002135
 24.0974 0.002154
 24.1698 0.002153
 24.2427 0.002153
 24.3148 0.002150
 24.3867 0.002150
 24.4590 0.002157
 24.5313 0.002161
 24.6033 0.002171
 24.6759 0.002190
 24.7480 0.002194
 24.8205 0.002212
 24.8926 0.002219
 24.9653 0.002214
 25.0378 0.002197
 25.1103 0.002224
 25.1830 0.002200
 25.2555 0.002184
 25.3282 0.002168
 25.4012 0.002188
 25.4745 0.002203
 25.5478 0.002213
 25.6210 0.002248
 25.6938 0.002269
 25.7679 0.002281
 25.8415 0.002275
 25.9159 0.002278
 25.9901 0.002286
 26.0648 0.002261
 26.1393 0.002267
 26.2137 0.002288
 26.2891 0.002324
 26.3645 0.002347
 26.4402 0.002346
 26.5159 0.002345
 26.5918 0.002348
 26.6682 0.002342
 26.7459 0.002365
 26.8231 0.002357
 26.9007 0.002348
 26.9794 0.002333
 27.0582 0.002352
 27.1378 0.002361
 27.2169 0.002376
 27.2967 0.002384
 27.3762 0.002370
 27.4568 0.002396
 27.5381 0.002427
 27.6197 0.002450
 27.7021 0.002471
 27.7849 0.002517
 27.8682 0.002515
 27.9520 0.002542
 28.0365 0.002541
 28.1227 0.002572
 28.2085 0.002583
 28.2946 0.002611
 28.3820 0.002602
 28.4696 0.002635
 28.5586 0.002607
 28.6480 0.002626
 28.7387 0.002634
 28.8304 0.002633
 28.9222 0.002646
 29.0152 0.002687
 29.1092 0.002715
 29.2048 0.002740
 29.3011 0.002731
 29.3986 0.002756
 29.4963 0.002765
 29.5959 0.002818
 29.6968 0.002837
 29.7990 0.002816
 29.9022 0.002851
 30.0064 0.002880
 30.1118 0.002880
 30.2190 0.002883
 30.3282 0.002900
 30.4397 0.002900
 30.5522 0.002932
 30.6661 0.002962
 30.7818 0.002999
 30.8999 0.003053
 31.0198 0.003091
 31.1416 0.003110
 31.2650 0.003134
 31.3899 0.003141
 31.5184 0.003136
 31.6510 0.003177
 31.7850 0.003185
 31.9220 0.003170
 32.0617 0.003171
 32.2047 0.003204
 32.3501 0.003276
 32.5007 0.003288
 32.6548 0.003294
 32.8128 0.003373
 32.9746 0.003427
 33.1409 0.003416
 33.3128 0.003442
 33.4911 0.003491
 33.6746 0.003559
 33.8655 0.003619
 34.0633 0.003730
 34.2677 0.003804
 34.4798 0.003837
 34.7016 0.003975
 34.9344 0.004104
 35.1779 0.004162
 35.4349 0.004274
 35.7045 0.004418
 35.9894 0.004573
 36.2925 0.004670
 36.6149 0.004876
 36.9646 0.004984
 37.3445 0.005212
 37.7607 0.005400
 38.2180 0.005541
 38.7312 0.005911
 39.3173 0.006101
 39.9971 0.006440
 40.8209 0.006642
 41.8470 0.007548
 43.2768 0.009588
 43.6403 0.009940
 44.0405 0.010450
 44.4808 0.011322
 44.9961 0.012161
 45.6079 0.013279
 46.3391 0.015286
 47.2739 0.018034
 48.5700 0.021308
 50.7418 0.030016
 52.8325 0.038508
 55.5762 0.061770
 57.6587 0.083712
lm2s-03-4 2 1
 11.4511 0.020613
 11.9577 0.015274
 12.6665 0.010666
 13.2576 0.008682
 13.9229 0.006744
 14.3540 0.005999
 14.6735 0.005491
 14.9305 0.004943
 15.1538 0.004638
 15.3449 0.004379
 15.5180 0.004231
 15.6745 0.004044
 15.8170 0.004024
 16.3930 0.003574
 16.8328 0.003342
 17.1967 0.003121
 17.5090 0.002907
 17.7847 0.002851
 18.0341 0.002784
 18.2614 0.002712
 18.4700 0.002606
 18.6637 0.002615
 18.8476 0.002564
 19.0208 0.002522
 19.1853 0.002477
 19.3425 0.002490
 19.4929 0.002353
 19.6375 0.002352
 19.7781 0.002316
 19.9122 0.002324
 20.0416 0.002256
 20.1686 0.002266
 20.2914 0.002254
 20.4111 0.002231
 20.5281 0.002252
 20.6420 0.002269
 20.7529 0.002249
 20.8615 0.002207
 20.9681 0.002197
 21.0717 0.002174
 21.1745 0.002196
 21.2757 0.002162
 21.3752 0.002158
 21.4722 0.002165
 21.5687 0.002135
 21.6627 0.002125
 21.7567 0.002127
 21.8484 0.002115
 21.9391 0.002101
 22.0292 0.002074
 22.1182 0.002086
 22.2059 0.002067
 22.2923 0.002064
 22.3779 0.002059
 22.4633 0.002077
 22.5485 0.002072
 22.6319 0.002046
 22.7149 0.002061
 22.7972 0.002077
 22.8791 0.002081
 22.9605 0.002068
 23.0404 0.002073
 23.1201 0.002076
 23.1995 0.002048
 23.2780 0.002061
 23.3563 0.002069
 23.4342 0.002072
 23.5116 0.002076
 23.5891 0.002068
 23.6653 0.002087
 23.7413 0.002071
 23.8171 0.002071
 23.8925 0.002088
 23.9673 0.002067
 24.0419 0.002095
 24.1170 0.002105
 24.1918 0.002093
 24.2662 0.002114
 24.3398 0.002123
 24.4134 0.002114
 24.4861 0.002097
 24.5593 0.002089
 24.6324 0.002082
 24.7056 0.002104
 24.7783 0.002117
 24.8509 0.002132
 24.9234 0.002133
 24.9961 0.002133
 25.0679 0.002129
 25.1405 0.002142
 25.2130 0.002113
 25.2852 0.002099
 25.3578 0.002087
 25.4302 0.002102
 25.5023 0.002093
 25.5745 0.002122
 25.6470 0.002134
 25.7188 0.002129
 25.7914 0.002132
 25.8635 0.002153
 25.9361 0.002147
 26.0084 0.002131
 26.0811 0.002166
 26.1539 0.002150
 26.2268 0.002149
 26.2999 0.002172
 26.3717 0.002181
 26.4445 0.002184
 26.5176 0.002180
 26.5908 0.002169
 26.6646 0.002160
 26.7389 0.002168
 26.8129 0.002186
 26.8873 0.002168
 26.9617 0.002182
 27.0366 0.002201
 27.1115 0.002228
 27.1868 0.002231
 27.2623 0.002231
 27.3380 0.002232
 27.4139 0.002232
 27.4904 0.002236
 27.5672 0.002216
 27.6441 0.002195
 27.7223 0.002238
 27.7999 0.002261
 27.8783 0.002284
 27.9571 0.002316
 28.0364 0.002359
 28.1166 0.002400
 28.1966 0.002394
 28.2769 0.002434
 28.3575 0.002437
 28.4390 0.002449
 28.5211 0.002449
 28.6034 0.002458
 28.6866 0.002475
 28.7702 0.002476
 28.8554 0.002477
 28.9408 0.002495
 29.0268 0.002502
 29.1130 0.002532
 29.1999 0.002528
 29.2883 0.002544
 29.3771 0.002577
 29.4666 0.002594
 29.5566 0.002626
 29.6477 0.002664
 29.7394 0.002703
 29.8324 0.002700
 29.9267 0.002723
 30.0202 0.002754
 30.1164 0.002774
 30.2134 0.002792
 30.3123 0.002816
 30.4116 0.002839
 30.5119 0.002833
 30.6138 0.002850
 30.7173 0.002889
 30.8208 0.002949
 30.9261 0.002990
 31.0334 0.003017
 31.1422 0.003040
 31.2526 0.003037
 31.3649 0.003031
 31.4786 0.003051
 31.5953 0.003056
 31.7126 0.003058
 31.8319 0.003062
 31.9534 0.003081
 32.0768 0.003146
 32.2023 0.003134
 32.3305 0.003106
 32.4609 0.003157
 32.5951 0.003207
 32.7320 0.003213
 32.8717 0.003210
 33.0149 0.003188
 33.1609 0.003243
 33.3103 0.003238
 33.4632 0.003281
 33.6214 0.003318
 33.7847 0.003384
 33.9517 0.003426
 34.1255 0.003484
 34.3031 0.003556
 34.4866 0.003560
 34.6772 0.003630
 34.8739 0.003756
 35.0782 0.003832
 35.2910 0.003842
 35.5121 0.003933
 35.7447 0.004006
 35.9865 0.004166
 36.2414 0.004328
 36.5109 0.004484
 36.7980 0.004586
 37.1015 0.004648
 37.4260 0.004737
 37.7765 0.004993
 38.1550 0.005101
 38.5673 0.005266
 39.0247 0.005344
 39.5368 0.005677
 40.1203 0.006078
 40.8013 0.006349
 41.6158 0.007092
 42.6504 0.007697
 44.0704 0.009663
 44.4332 0.010347
 44.8286 0.010802
 45.2844 0.011539
 45.8001 0.012860
 46.3974 0.013882
 47.1409 0.015086
 48.0844 0.017456
 49.3742 0.021367
 51.5299 0.028653
 53.6347 0.040304
 56.3564 0.062916
 58.3988 0.084430
 tr0-03-4 2 1
 14.4253 0.032219
 15.2278 0.025995
 16.4105 0.018548
 17.3983 0.014339
 18.5031 0.011706
 19.1937 0.010063
 19.7104 0.009276
 20.1300 0.008753
 20.4834 0.008143
 20.7994 0.007925
 21.0747 0.007365
 21.3303 0.007248
 21.5561 0.007080
 22.4829 0.006287
 23.1972 0.005689
 23.7813 0.005325
 24.2817 0.005060
 24.7262 0.004769
 25.1231 0.004685
 25.4867 0.004582
 25.8202 0.004397
 26.1325 0.004259
 26.4243 0.004084
 26.7010 0.004051
 26.9613 0.003954
 27.2087 0.003838
 27.4461 0.003824
 27.6753 0.003775
 27.8936 0.003709
 28.1034 0.003691
 28.3082 0.003658
 28.5063 0.003628
 28.6994 0.003675
 28.8857 0.003668
 29.0681 0.003643
 29.2452 0.003599
 29.4189 0.003605
 29.5892 0.003523
 29.7547 0.003489
 29.9170 0.003437
 30.0771 0.003480
 30.2327 0.003493
 30.3864 0.003454
 30.5366 0.003473
 30.6847 0.003505
 30.8310 0.003529
 30.9761 0.003569
 31.1179 0.003543
 31.2581 0.003450
 31.3963 0.003463
 31.5340 0.003479
 31.6694 0.003424
 31.8032 0.003380
 31.9350 0.003375
 32.0655 0.003373
 32.1947 0.003356
 32.3222 0.003434
 32.4492 0.003428
 32.5739 0.003426
 32.6987 0.003358
 32.8221 0.003338
 32.9437 0.003302
 33.0651 0.003306
 33.1851 0.003310
 33.3052 0.003273
 33.4238 0.003280
 33.5417 0.003295
 33.6593 0.003245
 33.7762 0.003250
 33.8916 0.003226
 34.0072 0.003228
 34.1217 0.003184
 34.2361 0.003180
 34.3496 0.003211
 34.4625 0.003186
 34.5741 0.003190
 34.6859 0.003159
 34.7980 0.003163
 34.9095 0.003180
 35.0200 0.003157
 35.1297 0.003086
 35.2394 0.003083
 35.3489 0.003104
 35.4581 0.003124
 35.5676 0.003161
 35.6766 0.003134
 35.7852 0.003154
 35.8934 0.003137
 36.0018 0.003157
 36.1097 0.003111
 36.2177 0.003120
 36.3251 0.003130
 36.4310 0.003138
 36.5398 0.003125
 36.6477 0.003107
 36.7548 0.003085
 36.8629 0.003085
 36.9710 0.003077
 37.0783 0.003044
 37.1857 0.003048
 37.2926 0.003045
 37.4008 0.003078
 37.5082 0.003056
 37.6156 0.003045
 37.7222 0.003035
 37.8300 0.003005
 37.9374 0.003013
 38.0455 0.003032
 38.1533 0.003042
 38.2624 0.003038
 38.3713 0.003022
 38.4800 0.003008
 38.5885 0.003027
 38.6976 0.003040
 38.8068 0.003075
 38.9161 0.003088
 39.0259 0.003064
 39.1360 0.003107
 39.2454 0.003151
 39.3560 0.003133
 39.4670 0.003183
 39.5787 0.003221
 39.6905 0.003226
 39.8028 0.003260
 39.9152 0.003264
 40.0285 0.003278
 40.1423 0.003300
 40.2562 0.003275
 40.3704 0.003275
 40.4859 0.003310
 40.6018 0.003366
 40.7184 0.003369
 40.8355 0.003363
 40.9532 0.003361
 41.0711 0.003387
 41.1903 0.003448
 41.3101 0.003467
 41.4312 0.003469
 41.5531 0.003472
 41.6756 0.003512
 41.7983 0.003539
 41.9228 0.003588
 42.0472 0.003586
 42.1737 0.003595
 42.3004 0.003597
 42.4292 0.003634
 42.5580 0.003650
 42.6873 0.003662
 42.8189 0.003705
 42.9518 0.003720
 43.0856 0.003705
 43.2213 0.003723
 43.3569 0.003690
 43.4937 0.003732
 43.6327 0.003741
 43.7725 0.003762
 43.9153 0.003817
 44.0589 0.003851
 44.2033 0.003853
 44.3504 0.003872
 44.4994 0.003904
 44.6497 0.003945
 44.8037 0.003984
 44.9587 0.003983
 45.1150 0.003961
 45.2762 0.003975
 45.4384 0.004009
 45.6024 0.004063
 45.7696 0.004146
 45.9385 0.004132
 46.1138 0.004220
 46.2902 0.004272
 46.4683 0.004335
 46.6494 0.004406
 46.8345 0.004402
 47.0251 0.004488
 47.2192 0.004471
 47.4187 0.004584
 47.6233 0.004657
 47.8312 0.004716
 48.0433 0.004691
 48.2592 0.004807
 48.4819 0.004903
 48.7128 0.005005
 48.9504 0.005062
 49.1943 0.005196
 49.4433 0.005344
 49.7025 0.005388
 49.9702 0.005332
 50.2475 0.005383
 50.5381 0.005414
 50.8377 0.005656
 51.1530 0.005737
 51.4830 0.005819
 51.8276 0.005954
 52.1949 0.006132
 52.5792 0.006290
 52.9874 0.006272
 53.4210 0.006557
 53.8890 0.006778
 54.3965 0.006984
 54.9485 0.007342
 55.5497 0.007582
 56.2249 0.008192
 56.9978 0.008772
 57.8877 0.009371
 58.9581 0.010316
 60.2990 0.011492
 62.1391 0.013653
 62.6029 0.014444
 63.1169 0.015058
 63.6870 0.015772
 64.3432 0.016642
 65.1176 0.017896
 66.0685 0.019825
 67.2648 0.021988
 68.8875 0.027354
 71.5905 0.035133
 74.1437 0.047329
 77.5442 0.074877
 80.0130 0.100572
 tr1-03-4 2 1
 18.1838 0.037012
 19.0729 0.028025
 20.3616 0.020800
 21.4812 0.016241
 22.6842 0.012805
 23.4520 0.010650
 24.0411 0.009882
 24.5107 0.009331
 24.9099 0.008456
 25.2530 0.007973
 25.5627 0.007708
 25.8395 0.007282
 26.0947 0.006932
 27.1231 0.006233
 27.9040 0.005849
 28.5448 0.005446
 29.0943 0.005316
 29.5774 0.005097
 30.0124 0.004885
 30.4091 0.004856
 30.7769 0.004738
 31.1175 0.004605
 31.4351 0.004528
 31.7367 0.004398
 32.0210 0.004325
 32.2915 0.004224
 32.5529 0.004153
 32.8022 0.004096
 33.0414 0.004023
 33.2752 0.003941
 33.4989 0.003952
 33.7127 0.003958
 33.9223 0.003999
 34.1252 0.003995
 34.3257 0.003921
 34.5172 0.003843
 34.7057 0.003832
 34.8911 0.003749
 35.0717 0.003676
 35.2490 0.003709
 35.4222 0.003675
 35.5923 0.003688
 35.7597 0.003668
 35.9244 0.003635
 36.0858 0.003578
 36.2442 0.003617
 36.4005 0.003563
 36.5551 0.003571
 36.7077 0.003583
 36.8568 0.003617
 37.0041 0.003630
 37.1511 0.003674
 37.2956 0.003645
 37.4382 0.003561
 37.5802 0.003545
 37.7202 0.003516
 37.8580 0.003526
 37.9956 0.003476
 38.1316 0.003441
 38.2654 0.003457
 38.3988 0.003442
 38.5308 0.003422
 38.6621 0.003426
 38.7925 0.003425
 38.9218 0.003417
 39.0501 0.003416
 39.1771 0.003408
 39.3037 0.003429
 39.4291 0.003464
 39.5543 0.003492
 39.6783 0.003438
 39.8017 0.003441
 39.9251 0.003459
 40.0471 0.003486
 40.1683 0.003494
 40.2894 0.003499
 40.4106 0.003530
 40.5313 0.003555
 40.6508 0.003556
 40.7701 0.003531
 40.8880 0.003520
 41.0074 0.003485
 41.1256 0.003442
 41.2439 0.003432
 41.3611 0.003432
 41.4788 0.003419
 41.5953 0.003430
 41.7117 0.003447
 41.8287 0.003444
 41.9454 0.003445
 42.0613 0.003439
 42.1775 0.003377
 42.2930 0.003380
 42.4101 0.003359
 42.5252 0.003415
 42.6407 0.003429
 42.7560 0.003424
 42.8711 0.003424
 42.9865 0.003417
 43.1021 0.003432
 43.2178 0.003449
 43.3340 0.003437
 43.4492 0.003460
 43.5652 0.003488
 43.6807 0.003497
 43.7962 0.003474
 43.9117 0.003464
 44.0276 0.003478
 44.1446 0.003487
 44.2603 0.003501
 44.3761 0.003488
 44.4927 0.003553
 44.6098 0.003590
 44.7260 0.003603
 44.8436 0.003594
 44.9605 0.003606
 45.0781 0.003627
 45.1957 0.003615
 45.3138 0.003642
 45.4328 0.003659
 45.5511 0.003698
 45.6692 0.003713
 45.7893 0.003687
 45.9090 0.003742
 46.0304 0.003712
 46.1506 0.003717
 46.2725 0.003698
 46.3950 0.003663
 46.5170 0.003679
 46.6405 0.003673
 46.7640 0.003674
 46.8886 0.003685
 47.0140 0.003702
 47.1396 0.003647
 47.2662 0.003677
 47.3931 0.003663
 47.5210 0.003698
 47.6490 0.003708
 47.7782 0.003723
 47.9094 0.003723
 48.0405 0.003758
 48.1737 0.003774
 48.3070 0.003831
 48.4411 0.003870
 48.5779 0.003876
 48.7158 0.003860
 48.8526 0.003863
 48.9910 0.003870
 49.1309 0.003881
 49.2714 0.003849
 49.4148 0.003859
 49.5588 0.003849
 49.7047 0.003838
 49.8507 0.003840
 49.9987 0.003836
 50.1480 0.003881
 50.2985 0.003913
 50.4520 0.003962
 50.6062 0.004014
 50.7634 0.004017
 50.9217 0.004082
 51.0835 0.004077
 51.2471 0.004100
 51.4114 0.004073
 51.5789 0.004018
 51.7474 0.004055
 51.9199 0.004093
 52.0956 0.004083
 52.2727 0.004165
 52.4538 0.004253
 52.6360 0.004268
 52.8239 0.004230
 53.0138 0.004307
 53.2084 0.004318
 53.4070 0.004351
 53.6080 0.004444
 53.8154 0.004465
 54.0252 0.004560
 54.2405 0.004563
 54.4602 0.004587
 54.6853 0.004666
 54.9183 0.004699
 55.1544 0.004771
 55.3980 0.004862
 55.6481 0.004954
 55.9086 0.005050
 56.1754 0.005067
 56.4508 0.005215
 56.7364 0.005389
 57.0339 0.005423
 57.3383 0.005516
 57.6589 0.005604
 57.9920 0.005721
 58.3404 0.005902
 58.7050 0.006136
 59.0907 0.006377
 59.4974 0.006366
 59.9280 0.006458
 60.3886 0.006564
 60.8824 0.006810
 61.4138 0.006986
 61.9905 0.007290
 62.6269 0.007647
 63.3385 0.008044
 64.1441 0.008616
 65.0871 0.009329
 66.2166 0.010229
 67.6299 0.011445
 69.5564 0.013838
 70.0542 0.014658
 70.5923 0.015305
 71.1970 0.015982
 71.8978 0.017241
 72.7130 0.018915
 73.7004 0.020780
 74.9535 0.023554
 76.6540 0.028603
 79.5554 0.038484
 82.2020 0.050634
 85.5562 0.076456
 88.2262 0.107281
tr1s-03-4 2 1
 21.2106 0.037106
 22.1358 0.028759
 23.4895 0.021021
 24.5891 0.015572
 25.8074 0.011940
 26.5818 0.010477
 27.1577 0.009908
 27.6259 0.009273
 28.0268 0.008318
 28.3765 0.008235
 28.6840 0.007810
 28.9635 0.007562
 29.2157 0.007277
 30.2361 0.006581
 31.0137 0.006118
 31.6496 0.005749
 32.1963 0.005456
 32.6791 0.005242
 33.1115 0.005024
 33.5038 0.004735
 33.8656 0.004509
 34.2052 0.004375
 34.5235 0.004286
 34.8214 0.004203
 35.1040 0.004190
 35.3731 0.004135
 35.6314 0.004154
 35.8795 0.004064
 36.1171 0.004111
 36.3448 0.004033
 36.5667 0.003972
 36.7808 0.003935
 36.9884 0.003935
 37.1917 0.003872
 37.3892 0.003828
 37.5806 0.003838
 37.7684 0.003801
 37.9519 0.003803
 38.1332 0.003864
 38.3083 0.003863
 38.4805 0.003818
 38.6479 0.003755
 38.8133 0.003757
 38.9750 0.003747
 39.1358 0.003726
 39.2931 0.003679
 39.4485 0.003641
 39.6015 0.003660
 39.7529 0.003638
 39.9014 0.003629
 40.0485 0.003599
 40.1950 0.003618
 40.3387 0.003569
 40.4810 0.003535
 40.6211 0.003567
 40.7599 0.003536
 40.8970 0.003485
 41.0334 0.003491
 41.1670 0.003509
 41.3002 0.003507
 41.4321 0.003510
 41.5626 0.003511
 41.6928 0.003476
 41.8227 0.003488
 41.9509 0.003476
 42.0786 0.003427
 42.2056 0.003455
 42.3313 0.003409
 42.4562 0.003431
 42.5800 0.003434
 42.7041 0.003433
 42.8275 0.003447
 42.9488 0.003420
 43.0709 0.003411
 43.1921 0.003382
 43.3130 0.003444
 43.4328 0.003427
 43.5519 0.003380
 43.6707 0.003383
 43.7897 0.003375
 43.9081 0.003417
 44.0258 0.003431
 44.1428 0.003432
 44.2606 0.003402
 44.3770 0.003400
 44.4934 0.003418
 44.6098 0.003401
 44.7261 0.003417
 44.8415 0.003429
 44.9578 0.003453
 45.0741 0.003473
 45.1900 0.003467
 45.3051 0.003428
 45.4206 0.003430
 45.5351 0.003435
 45.6491 0.003444
 45.7641 0.003463
 45.8783 0.003469
 45.9926 0.003477
 46.1068 0.003524
 46.2217 0.003518
 46.3363 0.003482
 46.4510 0.003510
 46.5658 0.003499
 46.6796 0.003534
 46.7949 0.003498
 46.9100 0.003503
 47.0249 0.003547
 47.1401 0.003557
 47.2555 0.003584
 47.3710 0.003601
 47.4863 0.003577
 47.6024 0.003569
 47.7181 0.003575
 47.8343 0.003550
 47.9510 0.003517
 48.0674 0.003509
 48.1848 0.003503
 48.3024 0.003523
 48.4209 0.003552
 48.5387 0.003563
 48.6580 0.003593
 48.7767 0.003625
 48.8961 0.003640
 49.0155 0.003651
 49.1360 0.003659
 49.2565 0.003721
 49.3786 0.003685
 49.5002 0.003659
 49.6227 0.003622
 49.7452 0.003642
 49.8691 0.003643
 49.9936 0.003676
 50.1193 0.003694
 50.2453 0.003672
 50.3726 0.003705
 50.4997 0.003752
 50.6277 0.003770
 50.7567 0.003801
 50.8870 0.003823
 51.0172 0.003794
 51.1484 0.003825
 51.2818 0.003830
 51.4158 0.003845
 51.5497 0.003857
 51.6863 0.003851
 51.8227 0.003822
 51.9617 0.003829
 52.0998 0.003851
 52.2401 0.003881
 52.3812 0.003914
 52.5238 0.003893
 52.6682 0.003895
 52.8142 0.003933
 52.9606 0.003962
 53.1104 0.003985
 53.2605 0.003950
 53.4140 0.003959
 53.5681 0.003909
 53.7242 0.003959
 53.8826 0.003996
 54.0428 0.004014
 54.2061 0.003990
 54.3709 0.003996
 54.5383 0.004025
 54.7075 0.004030
 54.8797 0.003987
 55.0543 0.004042
 55.2305 0.004080
 55.4103 0.004110
 55.5937 0.004251
 55.7803 0.004236
 55.9699 0.004258
 56.1631 0.004281
 56.3603 0.004352
 56.5610 0.004308
 56.7666 0.004355
 56.9769 0.004366
 57.1907 0.004453
 57.4098 0.004479
 57.6359 0.004618
 57.8645 0.004592
 58.1006 0.004681
 58.3423 0.004796
 58.5931 0.004843
 58.8496 0.004898
 59.1161 0.004892
 59.3894 0.005050
 59.6731 0.005086
 59.9679 0.005263
 60.2744 0.005298
 60.5914 0.005424
 60.9242 0.005538
 61.2704 0.005719
 61.6367 0.006024
 62.0166 0.006234
 62.4224 0.006488
 62.8552 0.006673
 63.3119 0.006809
 63.8027 0.006979
 64.3354 0.007399
 64.9110 0.007759
 65.5503 0.007866
 66.2600 0.008498
 67.0676 0.009158
 68.0046 0.009724
 69.1375 0.010206
 70.5477 0.011568
 72.4664 0.013549
 72.9615 0.014170
 73.5024 0.015436
 74.1143 0.016454
 74.8042 0.017055
 75.6153 0.018944
 76.5835 0.021085
 77.8287 0.024407
 79.5584 0.028775
 82.3904 0.039001
 85.0485 0.052667
 88.4335 0.080058
 91.0832 0.111148
 tr2-03-4 2 1
 22.2525 0.039164
 23.2834 0.030123
 24.7700 0.022068
 25.9995 0.016628
 27.3525 0.012717
 28.2072 0.011728
 28.8426 0.010789
 29.3624 0.010517
 29.7912 0.009681
 30.1720 0.009061
 30.5064 0.008721
 30.8104 0.008393
 31.0861 0.008239
 32.2053 0.007356
 33.0649 0.006834
 33.7695 0.006483
 34.3624 0.006314
 34.8915 0.006096
 35.3654 0.005771
 35.7953 0.005516
 36.1904 0.005227
 36.5598 0.005093
 36.9045 0.004861
 37.2313 0.004801
 37.5388 0.004601
 37.8307 0.004634
 38.1093 0.004477
 38.3765 0.004414
 38.6345 0.004327
 38.8811 0.004333
 39.1212 0.004279
 39.3527 0.004209
 39.5791 0.004226
 39.7985 0.004163
 40.0127 0.004146
 40.2207 0.004065
 40.4232 0.004062
 40.6207 0.004018
 40.8146 0.003999
 41.0035 0.004003
 41.1888 0.004000
 41.3716 0.003915
 41.5525 0.003899
 41.7286 0.003897
 41.9018 0.003893
 42.0729 0.003864
 42.2415 0.003792
 42.4056 0.003735
 42.5677 0.003658
 42.7296 0.003700
 42.8889 0.003711
 43.0452 0.003699
 43.1994 0.003710
 43.3515 0.003700
 43.5030 0.003708
 43.6524 0.003678
 43.7995 0.003683
 43.9452 0.003665
 44.0907 0.003672
 44.2341 0.003629
 44.3757 0.003620
 44.5156 0.003624
 44.6556 0.003632
 44.7949 0.003608
 44.9324 0.003583
 45.0690 0.003554
 45.2052 0.003556
 45.3399 0.003532
 45.4750 0.003527
 45.6091 0.003494
 45.7407 0.003502
 45.8726 0.003504
 46.0042 0.003502
 46.1345 0.003497
 46.2632 0.003485
 46.3929 0.003515
 46.5227 0.003537
 46.6502 0.003555
 46.7782 0.003551
 46.9052 0.003551
 47.0316 0.003555
 47.1577 0.003546
 47.2837 0.003601
 47.4086 0.003627
 47.5332 0.003593
 47.6583 0.003587
 47.7828 0.003565
 47.9068 0.003565
 48.0306 0.003559
 48.1538 0.003585
 48.2771 0.003615
 48.4001 0.003619
 48.5230 0.003612
 48.6464 0.003659
 48.7699 0.003652
 48.8935 0.003636
 49.0158 0.003679
 49.1384 0.003682
 49.2607 0.003665
 49.3838 0.003642
 49.5067 0.003624
 49.6288 0.003593
 49.7509 0.003564
 49.8738 0.003537
 49.9960 0.003585
 50.1182 0.003591
 50.2413 0.003615
 50.3637 0.003607
 50.4869 0.003649
 50.6099 0.003701
 50.7336 0.003759
 50.8560 0.003755
 50.9790 0.003743
 51.1027 0.003747
 51.2271 0.003796
 51.3516 0.003827
 51.4759 0.003841
 51.6004 0.003841
 51.7259 0.003825
 51.8521 0.003798
 51.9780 0.003848
 52.1046 0.003801
 52.2325 0.003765
 52.3600 0.003774
 52.4875 0.003740
 52.6158 0.003756
 52.7443 0.003752
 52.8739 0.003778
 53.0033 0.003751
 53.1341 0.003781
 53.2661 0.003789
 53.3978 0.003802
 53.5307 0.003787
 53.6634 0.003776
 53.7975 0.003791
 53.9316 0.003791
 54.0679 0.003750
 54.2042 0.003734
 54.3408 0.003760
 54.4792 0.003749
 54.6184 0.003762
 54.7582 0.003757
 54.9000 0.003771
 55.0436 0.003798
 55.1857 0.003800
 55.3294 0.003867
 55.4747 0.003820
 55.6209 0.003851
 55.7697 0.003888
 55.9196 0.003878
 56.0713 0.003928
 56.2245 0.003942
 56.3775 0.003939
 56.5323 0.003944
 56.6878 0.003972
 56.8484 0.003965
 57.0078 0.004000
 57.1706 0.004017
 57.3348 0.004053
 57.5021 0.004102
 57.6694 0.004189
 57.8388 0.004216
 58.0110 0.004257
 58.1847 0.004299
 58.3612 0.004326
 58.5405 0.004348
 58.7230 0.004346
 58.9096 0.004292
 59.0953 0.004329
 59.2869 0.004356
 59.4806 0.004397
 59.6780 0.004486
 59.8792 0.004517
 60.0844 0.004700
 60.2925 0.004673
 60.5059 0.004726
 60.7235 0.004709
 60.9450 0.004735
 61.1709 0.004798
 61.4039 0.004903
 61.6414 0.005037
 61.8834 0.005096
 62.1331 0.005145
 62.3893 0.005170
 62.6543 0.005258
 62.9273 0.005373
 63.2075 0.005506
 63.4968 0.005666
 63.7959 0.005726
 64.1060 0.005840
 64.4274 0.005979
 64.7639 0.005991
 65.1122 0.006002
 65.4756 0.006101
 65.8607 0.006258
 66.2632 0.006412
 66.6873 0.006502
 67.1391 0.006489
 67.6241 0.006658
 68.1427 0.006961
 68.7011 0.007309
 69.3112 0.007570
 69.9778 0.007814
 70.7293 0.008224
 71.5795 0.008660
 72.5612 0.009679
 73.7352 0.010451
 75.2154 0.012001
 77.2327 0.014910
 77.7435 0.015244
 78.3028 0.015509
 78.9319 0.016593
 79.6567 0.017838
 80.4952 0.019310
 81.5293 0.021222
 82.8416 0.024032
 84.5970 0.029500
 87.5320 0.039863
 90.4277 0.051576
 94.0602 0.080835
 96.7973 0.115211
tr2s-03-4 2 1
 25.7169 0.040857
 26.7365 0.033271
 28.1550 0.022410
 29.4023 0.017805
 30.7147 0.014325
 31.5546 0.012092
 32.1782 0.010696
 32.6788 0.009976
 33.0983 0.009421
 33.4677 0.009088
 33.7957 0.008547
 34.0940 0.008163
 34.3670 0.008007
 35.4718 0.007421
 36.3087 0.006740
 36.9979 0.006144
 37.5882 0.005796
 38.1037 0.005639
 38.5651 0.005462
 38.9869 0.005216
 39.3725 0.005022
 39.7353 0.004870
 40.0757 0.004886
 40.3953 0.004809
 40.6978 0.004581
 40.9866 0.004422
 41.2628 0.004375
 41.5250 0.004320
 41.7782 0.004279
 42.0223 0.004222
 42.2586 0.004231
 42.4881 0.004223
 42.7095 0.004235
 42.9228 0.004160
 43.1334 0.004134
 43.3388 0.004053
 43.5383 0.003985
 43.7339 0.003904
 43.9241 0.003908
 44.1094 0.003962
 44.2924 0.003907
 44.4716 0.003940
 44.6488 0.003894
 44.8214 0.003857
 44.9925 0.003901
 45.1603 0.003868
 45.3251 0.003935
 45.4884 0.003854
 45.6485 0.003830
 45.8073 0.003808
 45.9636 0.003758
 46.1187 0.003713
 46.2705 0.003720
 46.4213 0.003674
 46.5700 0.003726
 46.7173 0.003682
 46.8637 0.003690
 47.0077 0.003681
 47.1518 0.003703
 47.2938 0.003696
 47.4344 0.003656
 47.5730 0.003594
 47.7116 0.003592
 47.8484 0.003540
 47.9851 0.003523
 48.1202 0.003542
 48.2551 0.003487
 48.3888 0.003497
 48.5218 0.003495
 48.6530 0.003507
 48.7834 0.003497
 48.9133 0.003501
 49.0422 0.003546
 49.1712 0.003530
 49.2986 0.003491
 49.4260 0.003443
 49.5532 0.003385
 49.6797 0.003395
 49.8064 0.003394
 49.9318 0.003407
 50.0563 0.003445
 50.1803 0.003451
 50.3049 0.003437
 50.4289 0.003441
 50.5535 0.003429
 50.6766 0.003421
 50.8000 0.003436
 50.9228 0.003465
 51.0445 0.003482
 51.1670 0.003506
 51.2887 0.003539
 51.4104 0.003530
 51.5311 0.003535
 51.6533 0.003530
 51.7743 0.003526
 51.8951 0.003530
 52.0174 0.003542
 52.1388 0.003580
 52.2593 0.003601
 52.3803 0.003571
 52.5019 0.003580
 52.6226 0.003580
 52.7442 0.003585
 52.8643 0.003587
 52.9853 0.003597
 53.1065 0.003631
 53.2270 0.003600
 53.3488 0.003572
 53.4709 0.003555
 53.5922 0.003551
 53.7135 0.003582
 53.8358 0.003593
 53.9583 0.003640
 54.0816 0.003651
 54.2055 0.003669
 54.3287 0.003709
 54.4522 0.003700
 54.5772 0.003705
 54.7012 0.003680
 54.8259 0.003676
 54.9511 0.003698
 55.0766 0.003669
 55.2027 0.003702
 55.3281 0.003731
 55.4547 0.003734
 55.5816 0.003720
 55.7095 0.003689
 55.8382 0.003705
 55.9667 0.003706
 56.0962 0.003715
 56.2265 0.003715
 56.3581 0.003709
 56.4898 0.003698
 56.6229 0.003732
 56.7562 0.003721
 56.8906 0.003737
 57.0250 0.003768
 57.1602 0.003801
 57.2969 0.003832
 57.4348 0.003842
 57.5724 0.003845
 57.7103 0.003861
 57.8511 0.003903
 57.9922 0.003906
 58.1340 0.003908
 58.2771 0.003913
 58.4223 0.003963
 58.5689 0.003962
 58.7151 0.003982
 58.8620 0.004047
 59.0106 0.004076
 59.1612 0.004069
 59.3146 0.004131
 59.4689 0.004149
 59.6237 0.004210
 59.7817 0.004227
 59.9409 0.004220
 60.1018 0.004280
 60.2655 0.004332
 60.4306 0.004338
 60.5964 0.004398
 60.7667 0.004384
 60.9370 0.004401
 61.1101 0.004410
 61.2835 0.004411
 61.4634 0.004425
 61.6445 0.004478
 61.8284 0.004503
 62.0149 0.004552
 62.2039 0.004554
 62.3974 0.004576
 62.5927 0.004662
 62.7923 0.004734
 62.9952 0.004737
 63.2018 0.004779
 63.4122 0.004802
 63.6270 0.004798
 63.8494 0.004817
 64.0748 0.004933
 64.3029 0.004993
 64.5392 0.004982
 64.7803 0.004983
 65.0290 0.005048
 65.2838 0.005152
 65.5471 0.005179
 65.8167 0.005261
 66.0963 0.005425
 66.3842 0.005441
 66.6814 0.005533
 66.9884 0.005612
 67.3063 0.005708
 67.6410 0.005861
 67.9886 0.005952
 68.3518 0.006014
 68.7333 0.006130
 69.1351 0.006294
 69.5574 0.006643
 70.0061 0.006863
 70.4870 0.006907
 71.0029 0.007168
 71.5576 0.007448
 72.1657 0.007711
 72.8376 0.008005
 73.5831 0.008512
 74.4220 0.008952
 75.4005 0.009420
 76.5769 0.010825
 78.0534 0.012221
 80.0608 0.014487
 80.5815 0.015227
 81.1380 0.016029
 81.7681 0.017072
 82.4958 0.018457
 83.3316 0.020160
 84.3474 0.021984
 85.6085 0.024678
 87.3856 0.030530
 90.3360 0.041782
 93.2155 0.055897
 96.8418 0.079660
 99.5882 0.114850
