Copyright (C) 1998 James G. MacKinnon, Alfred A. Haug, and Leo Michelis.
 lm0-10-6 3 1
 43.4780 0.078754
 44.4617 0.061127
 45.6552 0.042609
 46.6730 0.031160
 47.7478 0.023741
 48.4233 0.020589
 48.8987 0.019021
 49.3159 0.017257
 49.6636 0.015837
 49.9744 0.014650
 50.2458 0.014172
 50.4890 0.013251
 50.7076 0.012972
 51.5863 0.011968
 52.2551 0.010676
 52.8082 0.009780
 53.2781 0.009304
 53.6934 0.009034
 54.0652 0.008915
 54.4014 0.008546
 54.7058 0.008268
 54.9947 0.008051
 55.2673 0.008034
 55.5197 0.007927
 55.7623 0.007609
 55.9919 0.007308
 56.2106 0.007355
 56.4253 0.007312
 56.6300 0.007212
 56.8260 0.006995
 57.0161 0.007023
 57.1999 0.006900
 57.3793 0.006962
 57.5499 0.006842
 57.7162 0.006710
 57.8817 0.006558
 58.0408 0.006598
 58.1948 0.006618
 58.3501 0.006574
 58.4982 0.006635
 58.6450 0.006638
 58.7887 0.006641
 58.9288 0.006554
 59.0675 0.006557
 59.2057 0.006460
 59.3413 0.006482
 59.4712 0.006502
 59.6009 0.006480
 59.7288 0.006431
 59.8542 0.006392
 59.9769 0.006396
 60.1001 0.006351
 60.2228 0.006344
 60.3449 0.006226
 60.4666 0.006223
 60.5859 0.006241
 60.7021 0.006286
 60.8186 0.006220
 60.9335 0.006133
 61.0455 0.006098
 61.1603 0.006122
 61.2718 0.006080
 61.3836 0.006114
 61.4939 0.006099
 61.6026 0.006141
 61.7111 0.006138
 61.8200 0.006246
 61.9268 0.006242
 62.0349 0.006231
 62.1416 0.006269
 62.2461 0.006336
 62.3522 0.006340
 62.4556 0.006382
 62.5596 0.006288
 62.6613 0.006391
 62.7635 0.006423
 62.8660 0.006360
 62.9670 0.006318
 63.0697 0.006303
 63.1682 0.006443
 63.2688 0.006430
 63.3674 0.006498
 63.4674 0.006496
 63.5665 0.006466
 63.6669 0.006557
 63.7671 0.006634
 63.8681 0.006719
 63.9667 0.006768
 64.0650 0.006766
 64.1647 0.006698
 64.2640 0.006677
 64.3635 0.006709
 64.4641 0.006736
 64.5623 0.006787
 64.6602 0.006877
 64.7602 0.006928
 64.8587 0.007003
 64.9558 0.007017
 65.0540 0.006931
 65.1540 0.006970
 65.2523 0.007006
 65.3506 0.006986
 65.4503 0.006939
 65.5474 0.006951
 65.6456 0.006977
 65.7434 0.006968
 65.8410 0.006953
 65.9397 0.006914
 66.0390 0.006965
 66.1384 0.006986
 66.2386 0.006994
 66.3378 0.006972
 66.4373 0.007029
 66.5392 0.007076
 66.6398 0.007075
 66.7401 0.007134
 66.8425 0.007222
 66.9442 0.007269
 67.0470 0.007280
 67.1474 0.007389
 67.2495 0.007388
 67.3533 0.007361
 67.4557 0.007355
 67.5580 0.007401
 67.6613 0.007451
 67.7650 0.007461
 67.8711 0.007479
 67.9770 0.007395
 68.0820 0.007343
 68.1893 0.007263
 68.2934 0.007265
 68.4010 0.007200
 68.5089 0.007214
 68.6173 0.007237
 68.7257 0.007286
 68.8361 0.007277
 68.9467 0.007201
 69.0594 0.007281
 69.1713 0.007331
 69.2852 0.007367
 69.3980 0.007364
 69.5126 0.007469
 69.6264 0.007490
 69.7410 0.007443
 69.8586 0.007527
 69.9777 0.007626
 70.0979 0.007648
 70.2178 0.007590
 70.3397 0.007579
 70.4631 0.007374
 70.5867 0.007363
 70.7112 0.007413
 70.8369 0.007454
 70.9676 0.007437
 71.0954 0.007587
 71.2258 0.007640
 71.3560 0.007702
 71.4899 0.007762
 71.6239 0.007873
 71.7610 0.007978
 71.9001 0.008051
 72.0395 0.008252
 72.1834 0.008268
 72.3263 0.008274
 72.4719 0.008316
 72.6221 0.008322
 72.7738 0.008413
 72.9264 0.008504
 73.0776 0.008585
 73.2357 0.008741
 73.3986 0.008816
 73.5593 0.008768
 73.7253 0.008758
 73.8939 0.008767
 74.0692 0.008911
 74.2466 0.009014
 74.4281 0.009137
 74.6138 0.009196
 74.8019 0.009107
 74.9937 0.009277
 75.1890 0.009303
 75.3910 0.009382
 75.6041 0.009570
 75.8217 0.009577
 76.0438 0.009685
 76.2729 0.009922
 76.5057 0.010143
 76.7519 0.010428
 77.0029 0.010605
 77.2635 0.010978
 77.5353 0.011078
 77.8198 0.011129
 78.1114 0.011163
 78.4184 0.011586
 78.7440 0.011644
 79.0884 0.011668
 79.4593 0.012128
 79.8452 0.012585
 80.2563 0.013412
 80.7051 0.013268
 81.1848 0.013656
 81.7126 0.014136
 82.2829 0.015362
 82.9313 0.016538
 83.6736 0.017500
 84.5267 0.018840
 85.5421 0.021293
 86.8281 0.024139
 88.5828 0.029663
 89.0269 0.031240
 89.5200 0.033133
 90.0845 0.034428
 90.7431 0.036521
 91.4779 0.038181
 92.3892 0.042610
 93.5363 0.048254
 95.0791 0.057751
 97.8007 0.080228
100.3575 0.108748
103.5497 0.165789
106.0369 0.234047
 lm1-10-6 3 1
 46.0304 0.080019
 46.9176 0.064759
 48.1591 0.042235
 49.2073 0.033108
 50.3314 0.024342
 51.0224 0.022066
 51.5261 0.019936
 51.9386 0.018101
 52.2937 0.016383
 52.5966 0.015460
 52.8707 0.014531
 53.1171 0.013997
 53.3436 0.013330
 54.2613 0.012050
 54.9510 0.011369
 55.5131 0.010294
 55.9898 0.009879
 56.4126 0.009182
 56.7901 0.008805
 57.1346 0.008770
 57.4553 0.008446
 57.7457 0.008524
 58.0204 0.008274
 58.2809 0.008041
 58.5238 0.007949
 58.7575 0.007734
 58.9842 0.007642
 59.2016 0.007391
 59.4040 0.007270
 59.6019 0.007289
 59.7964 0.007257
 59.9821 0.007140
 60.1618 0.007064
 60.3354 0.007019
 60.5078 0.006950
 60.6731 0.006970
 60.8364 0.006827
 60.9944 0.006717
 61.1490 0.006509
 61.3030 0.006458
 61.4551 0.006564
 61.6004 0.006600
 61.7422 0.006602
 61.8843 0.006659
 62.0247 0.006528
 62.1610 0.006365
 62.2965 0.006291
 62.4292 0.006269
 62.5594 0.006284
 62.6885 0.006328
 62.8156 0.006300
 62.9407 0.006388
 63.0651 0.006247
 63.1893 0.006305
 63.3114 0.006318
 63.4313 0.006356
 63.5497 0.006361
 63.6681 0.006484
 63.7846 0.006380
 63.8997 0.006404
 64.0149 0.006412
 64.1287 0.006402
 64.2416 0.006526
 64.3544 0.006483
 64.4665 0.006458
 64.5795 0.006541
 64.6897 0.006514
 64.7970 0.006589
 64.9061 0.006591
 65.0137 0.006627
 65.1229 0.006589
 65.2287 0.006529
 65.3346 0.006523
 65.4404 0.006531
 65.5471 0.006582
 65.6527 0.006543
 65.7581 0.006531
 65.8623 0.006535
 65.9645 0.006496
 66.0667 0.006486
 66.1712 0.006476
 66.2735 0.006456
 66.3745 0.006526
 66.4771 0.006483
 66.5787 0.006400
 66.6803 0.006427
 66.7816 0.006486
 66.8813 0.006483
 66.9823 0.006510
 67.0852 0.006540
 67.1859 0.006494
 67.2872 0.006434
 67.3872 0.006428
 67.4871 0.006422
 67.5869 0.006403
 67.6884 0.006413
 67.7881 0.006462
 67.8873 0.006520
 67.9883 0.006619
 68.0875 0.006668
 68.1876 0.006676
 68.2877 0.006696
 68.3878 0.006726
 68.4883 0.006718
 68.5899 0.006640
 68.6906 0.006661
 68.7904 0.006610
 68.8912 0.006712
 68.9928 0.006736
 69.0935 0.006696
 69.1948 0.006704
 69.2945 0.006767
 69.3965 0.006812
 69.4993 0.006819
 69.6008 0.006766
 69.7025 0.006789
 69.8066 0.006888
 69.9099 0.006877
 70.0120 0.006850
 70.1146 0.006860
 70.2190 0.006957
 70.3244 0.006997
 70.4297 0.007004
 70.5347 0.007029
 70.6410 0.006989
 70.7472 0.007030
 70.8530 0.007030
 70.9609 0.007063
 71.0685 0.007036
 71.1757 0.007049
 71.2844 0.007085
 71.3943 0.007005
 71.5046 0.007106
 71.6133 0.007175
 71.7254 0.007217
 71.8365 0.007268
 71.9502 0.007323
 72.0636 0.007385
 72.1795 0.007381
 72.2946 0.007337
 72.4098 0.007352
 72.5258 0.007399
 72.6434 0.007427
 72.7608 0.007466
 72.8798 0.007464
 72.9999 0.007580
 73.1171 0.007687
 73.2421 0.007638
 73.3656 0.007668
 73.4888 0.007755
 73.6135 0.007695
 73.7402 0.007815
 73.8673 0.007855
 73.9979 0.007774
 74.1300 0.007799
 74.2610 0.007802
 74.3947 0.007870
 74.5292 0.007879
 74.6668 0.007955
 74.8038 0.008063
 74.9419 0.008087
 75.0843 0.008079
 75.2308 0.008190
 75.3753 0.008327
 75.5266 0.008222
 75.6778 0.008292
 75.8322 0.008319
 75.9853 0.008539
 76.1442 0.008596
 76.3052 0.008676
 76.4680 0.008688
 76.6340 0.008710
 76.8046 0.008710
 76.9792 0.008689
 77.1567 0.008646
 77.3350 0.008687
 77.5203 0.008805
 77.7046 0.008799
 77.8991 0.008989
 78.0950 0.009186
 78.2979 0.009437
 78.5066 0.009352
 78.7213 0.009414
 78.9414 0.009390
 79.1672 0.009691
 79.4012 0.009778
 79.6415 0.010097
 79.8930 0.010499
 80.1515 0.010794
 80.4203 0.011040
 80.6949 0.011184
 80.9822 0.011221
 81.2816 0.011170
 81.5996 0.011627
 81.9323 0.012139
 82.2771 0.012640
 82.6462 0.013163
 83.0404 0.013830
 83.4594 0.014192
 83.9151 0.014659
 84.4001 0.015108
 84.9319 0.015326
 85.5077 0.016120
 86.1627 0.016726
 86.9167 0.017990
 87.7887 0.019404
 88.8215 0.021792
 90.0984 0.025236
 91.9129 0.029054
 92.3761 0.030532
 92.8742 0.032104
 93.4373 0.034708
 94.1111 0.038116
 94.8902 0.041652
 95.8015 0.044972
 96.9473 0.049805
 98.5635 0.057992
101.2639 0.079635
103.9378 0.106041
107.3008 0.164687
109.5915 0.236552
lm1s-10-6 3 1
 46.7439 0.079706
 47.6241 0.061171
 48.9247 0.042507
 49.9346 0.033684
 51.0756 0.025941
 51.7525 0.021979
 52.2546 0.019918
 52.6714 0.017453
 53.0267 0.016153
 53.3519 0.015483
 53.6293 0.014317
 53.8787 0.013794
 54.1028 0.013426
 54.9988 0.011985
 55.6941 0.011006
 56.2525 0.010089
 56.7347 0.009502
 57.1574 0.009436
 57.5381 0.009270
 57.8816 0.009021
 58.1949 0.008678
 58.4907 0.008578
 58.7662 0.008170
 59.0241 0.007943
 59.2728 0.007715
 59.5093 0.007716
 59.7327 0.007592
 59.9495 0.007327
 60.1528 0.007247
 60.3513 0.007174
 60.5465 0.007214
 60.7328 0.006939
 60.9129 0.006902
 61.0889 0.006789
 61.2599 0.006720
 61.4286 0.006596
 61.5912 0.006630
 61.7506 0.006569
 61.9055 0.006636
 62.0566 0.006562
 62.2073 0.006458
 62.3531 0.006496
 62.4986 0.006420
 62.6399 0.006434
 62.7790 0.006484
 62.9173 0.006423
 63.0524 0.006343
 63.1846 0.006294
 63.3162 0.006415
 63.4453 0.006391
 63.5732 0.006463
 63.6995 0.006490
 63.8225 0.006498
 63.9447 0.006522
 64.0648 0.006614
 64.1838 0.006642
 64.3023 0.006623
 64.4205 0.006515
 64.5388 0.006406
 64.6544 0.006494
 64.7685 0.006462
 64.8840 0.006563
 64.9977 0.006615
 65.1101 0.006611
 65.2218 0.006610
 65.3329 0.006672
 65.4426 0.006562
 65.5533 0.006523
 65.6620 0.006481
 65.7702 0.006479
 65.8773 0.006560
 65.9854 0.006523
 66.0916 0.006525
 66.1981 0.006514
 66.3030 0.006460
 66.4062 0.006588
 66.5097 0.006538
 66.6139 0.006492
 66.7188 0.006460
 66.8218 0.006378
 66.9246 0.006384
 67.0268 0.006407
 67.1297 0.006446
 67.2321 0.006405
 67.3332 0.006413
 67.4352 0.006450
 67.5376 0.006472
 67.6389 0.006473
 67.7405 0.006449
 67.8420 0.006425
 67.9425 0.006434
 68.0422 0.006413
 68.1416 0.006470
 68.2421 0.006451
 68.3433 0.006441
 68.4422 0.006483
 68.5415 0.006508
 68.6428 0.006500
 68.7432 0.006538
 68.8417 0.006596
 68.9424 0.006616
 69.0443 0.006663
 69.1448 0.006674
 69.2450 0.006683
 69.3451 0.006672
 69.4450 0.006654
 69.5465 0.006650
 69.6462 0.006663
 69.7470 0.006637
 69.8482 0.006660
 69.9493 0.006585
 70.0507 0.006530
 70.1512 0.006613
 70.2533 0.006592
 70.3554 0.006591
 70.4594 0.006637
 70.5608 0.006736
 70.6651 0.006770
 70.7696 0.006812
 70.8704 0.006837
 70.9746 0.006822
 71.0804 0.006772
 71.1837 0.006875
 71.2897 0.006891
 71.3955 0.006910
 71.5028 0.006908
 71.6100 0.006948
 71.7166 0.007001
 71.8226 0.007045
 71.9305 0.007174
 72.0385 0.007181
 72.1460 0.007161
 72.2562 0.007313
 72.3674 0.007326
 72.4765 0.007363
 72.5889 0.007377
 72.7019 0.007372
 72.8154 0.007449
 72.9301 0.007591
 73.0439 0.007659
 73.1591 0.007661
 73.2780 0.007692
 73.3970 0.007727
 73.5132 0.007642
 73.6309 0.007747
 73.7521 0.007733
 73.8722 0.007792
 73.9961 0.007797
 74.1196 0.007682
 74.2454 0.007736
 74.3723 0.007728
 74.4987 0.007703
 74.6267 0.007670
 74.7558 0.007753
 74.8867 0.007760
 75.0176 0.007782
 75.1515 0.007793
 75.2882 0.007788
 75.4237 0.007826
 75.5614 0.007948
 75.7030 0.007983
 75.8458 0.008108
 75.9892 0.008303
 76.1345 0.008473
 76.2813 0.008542
 76.4334 0.008603
 76.5859 0.008734
 76.7382 0.008782
 76.8986 0.008783
 77.0618 0.008927
 77.2233 0.008835
 77.3887 0.008968
 77.5589 0.009017
 77.7305 0.008877
 77.9057 0.008898
 78.0860 0.009077
 78.2707 0.009007
 78.4572 0.009024
 78.6519 0.009033
 78.8481 0.008964
 79.0497 0.008902
 79.2584 0.009199
 79.4714 0.009268
 79.6933 0.009390
 79.9189 0.009596
 80.1498 0.010055
 80.3929 0.010342
 80.6425 0.010517
 80.9009 0.010761
 81.1644 0.010914
 81.4410 0.011224
 81.7285 0.011428
 82.0309 0.011778
 82.3431 0.011799
 82.6727 0.012149
 83.0226 0.012899
 83.3958 0.013435
 83.7878 0.013856
 84.2158 0.014565
 84.6677 0.014849
 85.1559 0.015217
 85.6767 0.015221
 86.2623 0.016157
 86.9283 0.016997
 87.6799 0.017818
 88.5436 0.019533
 89.5637 0.021422
 90.8717 0.024466
 92.6677 0.029056
 93.1328 0.029773
 93.6397 0.031691
 94.2255 0.034228
 94.8771 0.037296
 95.6329 0.041544
 96.5631 0.044779
 97.7078 0.049353
 99.3436 0.059517
102.0597 0.079327
104.6428 0.105036
108.0196 0.161268
110.3255 0.242673
 lm2-10-6 3 1
 48.4861 0.083217
 49.4036 0.061441
 50.7423 0.042044
 51.7682 0.031647
 52.9109 0.026179
 53.6200 0.021050
 54.1718 0.018891
 54.6017 0.018455
 54.9566 0.016974
 55.2708 0.015811
 55.5446 0.014680
 55.7890 0.014508
 56.0127 0.013679
 56.9244 0.012575
 57.6320 0.011466
 58.2021 0.011079
 58.6898 0.010362
 59.1237 0.009594
 59.5154 0.009417
 59.8639 0.008683
 60.1846 0.008442
 60.4872 0.008036
 60.7639 0.007663
 61.0303 0.007563
 61.2784 0.007537
 61.5173 0.007390
 61.7461 0.007434
 61.9616 0.007330
 62.1717 0.007296
 62.3790 0.007195
 62.5764 0.007044
 62.7627 0.007121
 62.9453 0.007119
 63.1262 0.007152
 63.3007 0.007163
 63.4718 0.007157
 63.6372 0.007121
 63.7983 0.007112
 63.9571 0.007058
 64.1141 0.007050
 64.2638 0.007022
 64.4127 0.007106
 64.5602 0.007140
 64.7031 0.007158
 64.8455 0.007054
 64.9866 0.007006
 65.1226 0.006988
 65.2579 0.006972
 65.3919 0.007014
 65.5243 0.007038
 65.6559 0.007052
 65.7814 0.007042
 65.9066 0.007147
 66.0312 0.007180
 66.1559 0.007244
 66.2787 0.007191
 66.3994 0.007228
 66.5184 0.007224
 66.6363 0.007116
 66.7572 0.007100
 66.8760 0.006919
 66.9906 0.006859
 67.1072 0.006910
 67.2221 0.006931
 67.3349 0.006871
 67.4483 0.006921
 67.5603 0.006826
 67.6735 0.006808
 67.7845 0.006794
 67.8961 0.006814
 68.0080 0.006807
 68.1174 0.006777
 68.2240 0.006714
 68.3318 0.006770
 68.4391 0.006790
 68.5453 0.006709
 68.6518 0.006663
 68.7573 0.006603
 68.8627 0.006598
 68.9676 0.006640
 69.0722 0.006672
 69.1755 0.006708
 69.2812 0.006652
 69.3856 0.006647
 69.4899 0.006682
 69.5927 0.006664
 69.6954 0.006609
 69.7983 0.006601
 69.9016 0.006587
 70.0050 0.006617
 70.1074 0.006643
 70.2099 0.006712
 70.3124 0.006792
 70.4140 0.006790
 70.5160 0.006790
 70.6191 0.006774
 70.7196 0.006855
 70.8221 0.006918
 70.9242 0.006852
 71.0255 0.006827
 71.1266 0.006818
 71.2286 0.006813
 71.3311 0.006816
 71.4342 0.006821
 71.5362 0.006815
 71.6367 0.006813
 71.7372 0.006773
 71.8391 0.006717
 71.9424 0.006695
 72.0446 0.006703
 72.1480 0.006708
 72.2506 0.006740
 72.3544 0.006789
 72.4588 0.006809
 72.5649 0.006724
 72.6695 0.006691
 72.7742 0.006715
 72.8768 0.006741
 72.9813 0.006787
 73.0866 0.006803
 73.1939 0.006808
 73.2997 0.006849
 73.4061 0.006942
 73.5133 0.006941
 73.6200 0.006952
 73.7284 0.006934
 73.8365 0.006999
 73.9468 0.007041
 74.0567 0.007132
 74.1652 0.007196
 74.2776 0.007181
 74.3889 0.007327
 74.4991 0.007462
 74.6104 0.007454
 74.7245 0.007517
 74.8381 0.007595
 74.9521 0.007615
 75.0657 0.007595
 75.1823 0.007601
 75.2995 0.007624
 75.4134 0.007662
 75.5328 0.007686
 75.6527 0.007791
 75.7713 0.007801
 75.8921 0.007788
 76.0153 0.007895
 76.1400 0.007901
 76.2663 0.007849
 76.3918 0.007865
 76.5186 0.007972
 76.6467 0.008049
 76.7750 0.008135
 76.9031 0.008016
 77.0344 0.008052
 77.1670 0.008063
 77.3012 0.008124
 77.4384 0.008178
 77.5771 0.008189
 77.7175 0.008191
 77.8586 0.008123
 78.0039 0.008114
 78.1473 0.008109
 78.2943 0.008134
 78.4440 0.008148
 78.5945 0.008104
 78.7445 0.008207
 78.9015 0.008283
 79.0590 0.008310
 79.2205 0.008356
 79.3828 0.008306
 79.5490 0.008373
 79.7175 0.008438
 79.8876 0.008505
 80.0654 0.008585
 80.2448 0.008610
 80.4263 0.008630
 80.6139 0.008749
 80.8056 0.008946
 80.9980 0.008805
 81.2008 0.008699
 81.4042 0.008792
 81.6182 0.008945
 81.8326 0.009035
 82.0567 0.009180
 82.2846 0.009360
 82.5244 0.009725
 82.7631 0.009868
 83.0147 0.010132
 83.2718 0.010350
 83.5434 0.010410
 83.8203 0.011052
 84.1071 0.011123
 84.4185 0.011130
 84.7377 0.011420
 85.0714 0.011951
 85.4247 0.012263
 85.8033 0.012431
 86.1970 0.012698
 86.6255 0.013514
 87.0794 0.014130
 87.5839 0.014618
 88.1264 0.015624
 88.7261 0.016292
 89.3908 0.017066
 90.1401 0.017885
 91.0195 0.020001
 92.0838 0.022141
 93.4140 0.024748
 95.2425 0.029648
 95.6954 0.030816
 96.2073 0.032427
 96.8008 0.033955
 97.4417 0.035339
 98.2261 0.038881
 99.1367 0.041991
100.3213 0.046935
102.0541 0.057067
104.6995 0.079647
107.3278 0.111834
110.8888 0.179321
113.2900 0.237524
lm2s-10-6 3 1
 49.2306 0.083452
 50.1607 0.062144
 51.4839 0.042988
 52.5028 0.032471
 53.6434 0.024481
 54.3935 0.021042
 54.9292 0.018477
 55.3436 0.017325
 55.7032 0.016468
 56.0135 0.015142
 56.2977 0.014800
 56.5490 0.014370
 56.7740 0.014384
 57.6884 0.012851
 58.3921 0.011429
 58.9628 0.010721
 59.4586 0.010220
 59.8834 0.009571
 60.2692 0.009150
 60.6174 0.008804
 60.9397 0.008539
 61.2336 0.008406
 61.5161 0.008153
 61.7843 0.008092
 62.0349 0.007900
 62.2784 0.007761
 62.5070 0.007689
 62.7229 0.007545
 62.9340 0.007548
 63.1391 0.007596
 63.3310 0.007523
 63.5216 0.007407
 63.7052 0.007384
 63.8832 0.007378
 64.0575 0.007377
 64.2278 0.007329
 64.3939 0.007422
 64.5546 0.007396
 64.7136 0.007359
 64.8698 0.007226
 65.0218 0.007058
 65.1703 0.007069
 65.3154 0.007013
 65.4594 0.007067
 65.6037 0.007153
 65.7448 0.007060
 65.8820 0.007169
 66.0166 0.007138
 66.1489 0.007095
 66.2807 0.007086
 66.4092 0.007115
 66.5386 0.007132
 66.6644 0.007075
 66.7898 0.007019
 66.9116 0.006948
 67.0349 0.006993
 67.1585 0.006976
 67.2768 0.007026
 67.3966 0.007022
 67.5155 0.007062
 67.6333 0.006984
 67.7499 0.006911
 67.8649 0.006917
 67.9811 0.006808
 68.0947 0.006775
 68.2085 0.006773
 68.3214 0.006836
 68.4330 0.006770
 68.5430 0.006774
 68.6532 0.006777
 68.7604 0.006772
 68.8694 0.006793
 68.9792 0.006755
 69.0851 0.006680
 69.1921 0.006668
 69.2973 0.006592
 69.4039 0.006563
 69.5105 0.006567
 69.6174 0.006568
 69.7239 0.006572
 69.8288 0.006637
 69.9344 0.006651
 70.0391 0.006595
 70.1428 0.006630
 70.2462 0.006589
 70.3510 0.006595
 70.4537 0.006597
 70.5569 0.006569
 70.6595 0.006603
 70.7620 0.006598
 70.8641 0.006639
 70.9671 0.006633
 71.0701 0.006680
 71.1743 0.006660
 71.2756 0.006637
 71.3763 0.006691
 71.4775 0.006685
 71.5815 0.006702
 71.6817 0.006710
 71.7830 0.006690
 71.8848 0.006660
 71.9843 0.006617
 72.0863 0.006592
 72.1891 0.006639
 72.2906 0.006652
 72.3929 0.006683
 72.4957 0.006649
 72.5978 0.006664
 72.7001 0.006727
 72.8047 0.006781
 72.9090 0.006798
 73.0120 0.006865
 73.1167 0.006881
 73.2200 0.006788
 73.3224 0.006830
 73.4260 0.006790
 73.5296 0.006823
 73.6345 0.006842
 73.7387 0.006827
 73.8450 0.006862
 73.9499 0.006933
 74.0561 0.007039
 74.1635 0.007040
 74.2713 0.007023
 74.3784 0.007137
 74.4847 0.007197
 74.5912 0.007212
 74.7000 0.007244
 74.8099 0.007251
 74.9188 0.007386
 75.0305 0.007386
 75.1411 0.007449
 75.2522 0.007524
 75.3652 0.007497
 75.4779 0.007560
 75.5908 0.007632
 75.7038 0.007660
 75.8197 0.007614
 75.9362 0.007649
 76.0526 0.007680
 76.1722 0.007698
 76.2906 0.007615
 76.4100 0.007712
 76.5291 0.007705
 76.6516 0.007708
 76.7740 0.007730
 76.8963 0.007777
 77.0203 0.007815
 77.1469 0.007911
 77.2732 0.007838
 77.4025 0.007855
 77.5330 0.007882
 77.6604 0.007813
 77.7915 0.007976
 77.9258 0.007966
 78.0631 0.007973
 78.1989 0.007984
 78.3371 0.008059
 78.4757 0.008090
 78.6166 0.008004
 78.7581 0.008071
 78.9025 0.008210
 79.0500 0.008184
 79.1981 0.008205
 79.3486 0.008166
 79.5017 0.008248
 79.6574 0.008299
 79.8152 0.008308
 79.9746 0.008285
 80.1376 0.008308
 80.3062 0.008331
 80.4765 0.008309
 80.6499 0.008454
 80.8276 0.008558
 81.0049 0.008639
 81.1864 0.008763
 81.3726 0.008673
 81.5661 0.008671
 81.7611 0.008710
 81.9613 0.008772
 82.1657 0.008797
 82.3767 0.008950
 82.5939 0.009070
 82.8133 0.009367
 83.0395 0.009487
 83.2768 0.009647
 83.5199 0.009822
 83.7695 0.010089
 84.0316 0.010374
 84.2995 0.010603
 84.5827 0.010859
 84.8726 0.011059
 85.1740 0.011239
 85.4932 0.011612
 85.8300 0.012055
 86.1835 0.012243
 86.5541 0.012636
 86.9536 0.013198
 87.3840 0.013628
 87.8467 0.014348
 88.3464 0.015103
 88.8864 0.015338
 89.4750 0.016358
 90.1460 0.017241
 90.8987 0.018566
 91.7797 0.020059
 92.8416 0.021964
 94.1635 0.024875
 95.9982 0.030243
 96.4517 0.031303
 96.9609 0.032101
 97.5408 0.033662
 98.1916 0.035707
 98.9434 0.038186
 99.8791 0.042620
101.0988 0.047029
102.8059 0.056307
105.5263 0.083792
108.0111 0.107620
111.7317 0.180049
113.9736 0.232774
 tr0-10-6 3 1
231.3555 0.240714
234.8748 0.185643
239.6785 0.119434
243.5036 0.093671
247.5866 0.070454
250.1141 0.061348
251.9943 0.055021
253.5250 0.051206
254.8283 0.049462
255.9561 0.044925
256.9573 0.043239
257.8410 0.041162
258.6558 0.038968
261.8471 0.033668
264.2373 0.031638
266.1803 0.029496
267.8335 0.027378
269.2756 0.026144
270.5623 0.024711
271.7297 0.024479
272.7915 0.023140
273.7771 0.023038
274.6951 0.022017
275.5677 0.021787
276.3959 0.021287
277.1870 0.021163
277.9323 0.020648
278.6435 0.020410
279.3164 0.020240
279.9642 0.019955
280.5919 0.020140
281.1997 0.019772
281.7878 0.019587
282.3592 0.019447
282.9141 0.019473
283.4467 0.018888
283.9727 0.018832
284.4833 0.019023
284.9840 0.018725
285.4655 0.018791
285.9366 0.018795
286.4058 0.018374
286.8654 0.018244
287.3082 0.018065
287.7453 0.018250
288.1776 0.018215
288.6015 0.017948
289.0176 0.017880
289.4321 0.017762
289.8352 0.017668
290.2351 0.017531
290.6264 0.017329
291.0142 0.017120
291.3953 0.016907
291.7757 0.016690
292.1515 0.016540
292.5227 0.016412
292.8915 0.016380
293.2504 0.016420
293.6032 0.016277
293.9550 0.016216
294.3061 0.016170
294.6593 0.016221
295.0060 0.016174
295.3533 0.015947
295.6929 0.015762
296.0240 0.015800
296.3588 0.015738
296.6897 0.015613
297.0190 0.015563
297.3466 0.015580
297.6705 0.015658
297.9944 0.015698
298.3154 0.015543
298.6346 0.015517
298.9498 0.015296
299.2600 0.015357
299.5786 0.015216
299.8908 0.015148
300.1989 0.015096
300.5107 0.015116
300.8194 0.015026
301.1210 0.015133
301.4212 0.015046
301.7224 0.014942
302.0233 0.014822
302.3252 0.014737
302.6226 0.014640
302.9196 0.014566
303.2183 0.014643
303.5179 0.014496
303.8164 0.014355
304.1112 0.014296
304.4058 0.014267
304.6975 0.014211
304.9935 0.014156
305.2843 0.014138
305.5791 0.014225
305.8705 0.014208
306.1629 0.014266
306.4538 0.014275
306.7486 0.014396
307.0372 0.014518
307.3314 0.014509
307.6249 0.014550
307.9132 0.014583
308.2066 0.014304
308.4993 0.014118
308.7904 0.014162
309.0844 0.014274
309.3766 0.014448
309.6704 0.014272
309.9602 0.014307
310.2521 0.014214
310.5476 0.014305
310.8374 0.014406
311.1280 0.014483
311.4223 0.014454
311.7124 0.014276
312.0089 0.014293
312.3021 0.014261
312.6011 0.014242
312.8972 0.014221
313.1947 0.014046
313.4949 0.014029
313.7931 0.014044
314.0950 0.014088
314.3953 0.014133
314.7006 0.014324
315.0060 0.014584
315.3096 0.014651
315.6133 0.014520
315.9237 0.014299
316.2329 0.014410
316.5438 0.014492
316.8514 0.014523
317.1657 0.014388
317.4835 0.014273
317.7957 0.014265
318.1155 0.014400
318.4371 0.014672
318.7588 0.014519
319.0826 0.014565
319.4108 0.014593
319.7430 0.014587
320.0723 0.014851
320.4018 0.014692
320.7397 0.014664
321.0777 0.014603
321.4185 0.014558
321.7599 0.014774
322.1037 0.014959
322.4516 0.015077
322.8022 0.015267
323.1540 0.015424
323.5110 0.015410
323.8743 0.015589
324.2422 0.015668
324.6117 0.015620
324.9888 0.015749
325.3671 0.015947
325.7473 0.016177
326.1350 0.016287
326.5243 0.016390
326.9238 0.016617
327.3244 0.016782
327.7355 0.016688
328.1505 0.016837
328.5680 0.017108
328.9899 0.017172
329.4297 0.017358
329.8686 0.017816
330.3119 0.017719
330.7680 0.017782
331.2345 0.018236
331.7077 0.018462
332.1930 0.018910
332.6816 0.018956
333.1811 0.018801
333.6878 0.018681
334.2083 0.018691
334.7438 0.019262
335.2985 0.019427
335.8654 0.019622
336.4408 0.020055
337.0394 0.020374
337.6477 0.020660
338.2673 0.021048
338.9197 0.021029
339.6005 0.020630
340.3022 0.020777
341.0159 0.021291
341.7689 0.021960
342.5454 0.022730
343.3652 0.023305
344.2194 0.023611
345.1343 0.024805
346.1020 0.025764
347.1478 0.026889
348.2454 0.027776
349.4450 0.029299
350.7194 0.030217
352.1363 0.030683
353.6936 0.032306
355.4501 0.034956
357.5364 0.036697
359.9859 0.041342
363.0757 0.044740
367.1291 0.051558
368.1628 0.052990
369.3100 0.056326
370.5838 0.058173
372.0248 0.061204
373.7225 0.067823
375.6823 0.074047
378.3022 0.084065
381.8209 0.101798
387.6583 0.139076
393.0855 0.182313
400.0271 0.263741
405.3368 0.360348
 tr1-10-6 3 1
249.0392 0.256537
252.4707 0.186374
257.5236 0.126361
261.4924 0.094993
265.7429 0.071869
268.3973 0.064581
270.3320 0.059650
271.8956 0.054380
273.2035 0.050394
274.3461 0.047553
275.3425 0.044875
276.2673 0.043112
277.0962 0.041854
280.4031 0.035108
282.9006 0.031448
284.9250 0.028563
286.6039 0.026630
288.1002 0.025704
289.4301 0.024945
290.6416 0.023727
291.7420 0.023473
292.7687 0.023110
293.7095 0.023101
294.6001 0.022646
295.4547 0.022336
296.2565 0.021845
297.0182 0.020962
297.7515 0.020621
298.4460 0.020272
299.1206 0.020355
299.7652 0.020221
300.3889 0.020343
300.9902 0.020279
301.5726 0.020078
302.1441 0.019966
302.7008 0.019353
303.2328 0.019152
303.7614 0.019013
304.2722 0.018849
304.7726 0.018528
305.2652 0.018448
305.7437 0.018304
306.2109 0.018095
306.6626 0.017894
307.1134 0.017872
307.5591 0.017426
307.9924 0.017313
308.4195 0.017294
308.8437 0.017330
309.2694 0.017160
309.6850 0.017106
310.0905 0.017152
310.4899 0.017110
310.8860 0.017045
311.2746 0.016891
311.6529 0.016756
312.0372 0.016526
312.4156 0.016500
312.7876 0.016582
313.1547 0.016479
313.5215 0.016358
313.8827 0.016218
314.2389 0.016240
314.5933 0.016261
314.9447 0.016211
315.2958 0.016264
315.6412 0.016119
315.9870 0.015954
316.3290 0.015951
316.6677 0.015806
317.0021 0.015783
317.3323 0.015610
317.6626 0.015674
317.9932 0.015605
318.3197 0.015778
318.6435 0.015720
318.9680 0.015721
319.2914 0.015601
319.6102 0.015779
319.9255 0.015841
320.2422 0.015777
320.5562 0.015850
320.8709 0.015862
321.1851 0.015856
321.4986 0.015867
321.8080 0.015736
322.1172 0.015691
322.4280 0.015481
322.7356 0.015521
323.0426 0.015380
323.3467 0.015541
323.6532 0.015343
323.9573 0.015265
324.2614 0.015076
324.5627 0.015296
324.8641 0.015270
325.1687 0.015239
325.4689 0.015327
325.7731 0.015252
326.0713 0.015128
326.3715 0.015125
326.6756 0.015026
326.9787 0.015156
327.2746 0.015225
327.5759 0.015206
327.8738 0.015274
328.1705 0.015136
328.4709 0.015307
328.7702 0.015283
329.0753 0.015265
329.3756 0.015260
329.6742 0.015212
329.9772 0.015133
330.2777 0.015194
330.5770 0.015174
330.8769 0.015193
331.1720 0.015117
331.4748 0.015198
331.7805 0.015162
332.0850 0.015163
332.3885 0.015198
332.6959 0.015141
332.9996 0.015134
333.3065 0.015138
333.6086 0.014955
333.9166 0.014977
334.2236 0.015157
334.5356 0.015210
334.8441 0.015197
335.1577 0.015239
335.4715 0.015348
335.7877 0.015319
336.1027 0.015429
336.4244 0.015516
336.7450 0.015598
337.0641 0.015500
337.3893 0.015563
337.7050 0.015465
338.0281 0.015638
338.3545 0.015810
338.6800 0.015980
339.0104 0.016059
339.3443 0.016078
339.6753 0.016420
340.0140 0.016389
340.3541 0.016339
340.6961 0.016341
341.0374 0.016557
341.3889 0.016424
341.7357 0.016461
342.0873 0.016634
342.4434 0.016757
342.8033 0.016597
343.1667 0.016485
343.5314 0.016318
343.8987 0.016287
344.2708 0.016565
344.6489 0.016606
345.0300 0.016578
345.4169 0.016866
345.8069 0.016988
346.2027 0.017155
346.5949 0.017363
346.9944 0.017615
347.4015 0.017579
347.8121 0.017630
348.2273 0.017889
348.6517 0.017802
349.0872 0.018074
349.5200 0.018354
349.9653 0.018561
350.4143 0.018592
350.8709 0.018598
351.3330 0.018753
351.8105 0.019003
352.2984 0.019054
352.7959 0.019190
353.2963 0.019670
353.8159 0.019857
354.3416 0.020009
354.8790 0.020295
355.4297 0.020573
355.9894 0.020870
356.5670 0.021092
357.1558 0.021455
357.7699 0.021846
358.3963 0.022276
359.0459 0.022616
359.7099 0.022633
360.3978 0.022965
361.1128 0.023286
361.8551 0.023501
362.6356 0.023721
363.4405 0.023551
364.2972 0.024076
365.1839 0.024498
366.1214 0.024782
367.1069 0.025590
368.1541 0.025955
369.2828 0.026866
370.4834 0.028191
371.8144 0.029783
373.2477 0.030925
374.8460 0.032672
376.6667 0.035973
378.7312 0.038015
381.2169 0.041329
384.3128 0.045542
388.4889 0.052458
389.5665 0.053271
390.7247 0.055519
392.0190 0.058073
393.5425 0.062411
395.3572 0.067075
397.5277 0.073650
400.1672 0.087976
403.8050 0.107219
409.3960 0.139761
415.1203 0.181475
422.3923 0.277435
427.3124 0.376261
tr1s-10-6 3 1
258.3989 0.263275
262.2154 0.192140
267.0697 0.123659
271.0532 0.095446
275.4176 0.074424
278.0672 0.065496
280.0632 0.058980
281.6690 0.054250
283.0109 0.051245
284.1344 0.047940
285.1396 0.045038
286.0556 0.043012
286.8884 0.042047
290.2157 0.037110
292.7109 0.032687
294.7057 0.029011
296.4257 0.026764
297.9224 0.025658
299.2597 0.025212
300.4673 0.024691
301.5888 0.023526
302.6192 0.023160
303.5816 0.022940
304.4838 0.022623
305.3369 0.021963
306.1441 0.021387
306.9086 0.021222
307.6363 0.020969
308.3337 0.020636
309.0069 0.020750
309.6585 0.020369
310.2777 0.020214
310.8915 0.019895
311.4783 0.019740
312.0511 0.019558
312.6031 0.019210
313.1396 0.019009
313.6662 0.018882
314.1781 0.018810
314.6794 0.018684
315.1694 0.018449
315.6546 0.018269
316.1260 0.018143
316.5888 0.018240
317.0450 0.018324
317.4916 0.018174
317.9306 0.017851
318.3613 0.017865
318.7875 0.017528
319.2023 0.017462
319.6162 0.017243
320.0258 0.017135
320.4273 0.017188
320.8253 0.017179
321.2146 0.016875
321.6043 0.016816
321.9860 0.016587
322.3612 0.016601
322.7370 0.016634
323.1048 0.016549
323.4742 0.016263
323.8368 0.016280
324.1911 0.016281
324.5438 0.016403
324.8987 0.016311
325.2481 0.016201
325.5957 0.016006
325.9416 0.015857
326.2863 0.016020
326.6291 0.016038
326.9641 0.016125
327.3002 0.016073
327.6276 0.015943
327.9598 0.015893
328.2889 0.015831
328.6168 0.015923
328.9386 0.016020
329.2589 0.016023
329.5798 0.015876
329.8974 0.015872
330.2179 0.015732
330.5328 0.015976
330.8504 0.015944
331.1660 0.016031
331.4773 0.016040
331.7908 0.015964
332.1028 0.015767
332.4140 0.015789
332.7260 0.015759
333.0302 0.015612
333.3412 0.015620
333.6509 0.015618
333.9540 0.015635
334.2582 0.015849
334.5557 0.015985
334.8594 0.015970
335.1634 0.015849
335.4664 0.015757
335.7709 0.015512
336.0736 0.015519
336.3768 0.015589
336.6750 0.015628
336.9743 0.015538
337.2745 0.015430
337.5772 0.015381
337.8796 0.015354
338.1785 0.015388
338.4798 0.015300
338.7809 0.015226
339.0803 0.015185
339.3787 0.015299
339.6781 0.015224
339.9832 0.015290
340.2821 0.015320
340.5845 0.015509
340.8851 0.015487
341.1895 0.015397
341.4920 0.015251
341.7937 0.015317
342.0977 0.015414
342.4051 0.015342
342.7127 0.015099
343.0185 0.014857
343.3300 0.014723
343.6367 0.014847
343.9442 0.014919
344.2498 0.014803
344.5574 0.014777
344.8727 0.014872
345.1841 0.014748
345.4991 0.014812
345.8117 0.015047
346.1313 0.015154
346.4514 0.015372
346.7703 0.015469
347.0941 0.015517
347.4150 0.015686
347.7416 0.015727
348.0689 0.015716
348.3949 0.015811
348.7270 0.015905
349.0557 0.015910
349.3870 0.015982
349.7245 0.016154
350.0602 0.016244
350.3993 0.016184
350.7402 0.016119
351.0875 0.016358
351.4339 0.016478
351.7860 0.016597
352.1350 0.016756
352.4905 0.016831
352.8506 0.017005
353.2110 0.017099
353.5779 0.017182
353.9486 0.017369
354.3211 0.017258
354.6930 0.017172
355.0755 0.017238
355.4586 0.017431
355.8460 0.017318
356.2388 0.017170
356.6390 0.017092
357.0467 0.017227
357.4575 0.017235
357.8708 0.017488
358.2984 0.017669
358.7262 0.017794
359.1558 0.018090
359.5946 0.018039
360.0428 0.018155
360.4925 0.018479
360.9506 0.018540
361.4211 0.018750
361.8970 0.018866
362.3880 0.018788
362.8828 0.018856
363.3812 0.019138
363.8933 0.019625
364.4173 0.019949
364.9558 0.020278
365.5100 0.020699
366.0797 0.020563
366.6473 0.020665
367.2449 0.020828
367.8555 0.021125
368.4934 0.021178
369.1345 0.021643
369.8024 0.022087
370.5027 0.022538
371.2287 0.022647
371.9774 0.023166
372.7527 0.023422
373.5547 0.024378
374.3967 0.024435
375.2864 0.024439
376.2300 0.024805
377.2224 0.025969
378.2780 0.026529
379.3954 0.027239
380.6210 0.028446
381.9455 0.029442
383.4134 0.031442
385.0113 0.033755
386.8478 0.036292
388.9353 0.038308
391.4298 0.040991
394.5116 0.045447
398.7006 0.051825
399.7746 0.052472
400.9594 0.056016
402.3231 0.060070
403.8271 0.065397
405.6165 0.072710
407.7098 0.079540
410.3492 0.092041
413.9146 0.102264
419.6744 0.133780
425.3725 0.177176
432.6492 0.284090
437.4753 0.379843
 tr2-10-6 3 1
267.3121 0.238587
270.9300 0.188772
275.9254 0.136931
280.0317 0.101140
284.4277 0.076022
287.2379 0.065984
289.2441 0.060310
290.8844 0.053381
292.1684 0.049987
293.3519 0.047143
294.4174 0.045368
295.3706 0.042992
296.2077 0.042553
299.6327 0.036668
302.2112 0.033650
304.2759 0.030695
306.0113 0.028311
307.5450 0.026324
308.9030 0.024946
310.1321 0.024510
311.2641 0.023738
312.3150 0.022793
313.2979 0.022591
314.2180 0.021940
315.0841 0.021554
315.9119 0.020895
316.6895 0.020272
317.4455 0.020052
318.1732 0.019957
318.8583 0.019653
319.5173 0.018954
320.1583 0.018842
320.7793 0.018303
321.3740 0.017918
321.9590 0.017728
322.5346 0.017797
323.0866 0.017665
323.6286 0.017837
324.1554 0.017670
324.6743 0.017626
325.1756 0.017683
325.6690 0.017493
326.1522 0.017583
326.6220 0.017516
327.0859 0.017346
327.5430 0.016905
327.9962 0.016568
328.4395 0.016581
328.8737 0.016692
329.3031 0.016676
329.7238 0.016419
330.1437 0.016408
330.5557 0.016304
330.9605 0.016215
331.3635 0.016083
331.7580 0.016090
332.1463 0.015995
332.5323 0.016208
332.9100 0.016124
333.2879 0.015953
333.6658 0.015983
334.0360 0.016037
334.4041 0.016118
334.7747 0.015963
335.1354 0.015715
335.4964 0.015554
335.8472 0.015653
336.1994 0.015455
336.5510 0.015675
336.8990 0.015536
337.2438 0.015619
337.5896 0.015475
337.9272 0.015329
338.2675 0.015444
338.6039 0.015455
338.9401 0.015515
339.2649 0.015490
339.5946 0.015559
339.9207 0.015536
340.2488 0.015637
340.5733 0.015642
340.8976 0.015470
341.2202 0.015375
341.5438 0.015534
341.8668 0.015640
342.1848 0.015507
342.5002 0.015467
342.8178 0.015438
343.1343 0.015427
343.4529 0.015439
343.7684 0.015404
344.0805 0.015289
344.3947 0.015211
344.7069 0.015215
345.0221 0.015366
345.3305 0.015318
345.6407 0.015491
345.9487 0.015699
346.2599 0.015554
346.5684 0.015499
346.8729 0.015356
347.1782 0.015460
347.4845 0.015462
347.7935 0.015485
348.1037 0.015348
348.4116 0.015170
348.7210 0.015305
349.0275 0.015416
349.3328 0.015391
349.6389 0.015301
349.9420 0.015475
350.2508 0.015444
350.5535 0.015406
350.8672 0.015432
351.1757 0.015348
351.4868 0.015314
351.7973 0.015300
352.1108 0.015261
352.4199 0.015297
352.7290 0.015283
353.0386 0.015259
353.3534 0.015241
353.6674 0.015152
353.9817 0.015237
354.2957 0.015212
354.6142 0.015355
354.9314 0.015384
355.2558 0.015285
355.5737 0.015293
355.8979 0.015201
356.2167 0.015097
356.5357 0.015023
356.8589 0.014928
357.1846 0.014919
357.5109 0.014916
357.8412 0.014975
358.1685 0.015087
358.5006 0.015140
358.8376 0.015150
359.1736 0.015171
359.5101 0.015222
359.8489 0.015398
360.1906 0.015303
360.5359 0.015575
360.8848 0.015553
361.2324 0.015539
361.5836 0.015567
361.9378 0.015757
362.2959 0.015884
362.6554 0.015884
363.0177 0.015952
363.3803 0.016084
363.7507 0.016052
364.1205 0.016359
364.4909 0.016595
364.8679 0.016650
365.2509 0.016732
365.6369 0.016741
366.0276 0.016949
366.4228 0.016885
366.8218 0.016755
367.2220 0.016874
367.6287 0.016831
368.0430 0.017084
368.4551 0.017267
368.8799 0.017133
369.3081 0.017223
369.7393 0.017309
370.1814 0.017522
370.6327 0.017538
371.0884 0.017849
371.5487 0.017927
372.0210 0.018178
372.4913 0.018072
372.9774 0.018161
373.4751 0.018468
373.9856 0.018651
374.5060 0.018810
375.0249 0.018953
375.5609 0.019443
376.1114 0.019627
376.6712 0.020047
377.2554 0.020406
377.8530 0.020516
378.4625 0.020721
379.0797 0.020717
379.7132 0.020748
380.3683 0.020979
381.0538 0.021288
381.7587 0.021524
382.4796 0.021973
383.2535 0.022089
384.0484 0.022722
384.8708 0.023212
385.7372 0.023864
386.6596 0.024161
387.6221 0.024703
388.6470 0.025772
389.7202 0.026884
390.8806 0.027470
392.1236 0.028191
393.4725 0.029356
394.9646 0.030880
396.6048 0.032971
398.4653 0.035028
400.5892 0.036826
403.1201 0.040752
406.3074 0.044463
410.6550 0.051886
411.7287 0.054298
412.9442 0.055930
414.3201 0.058282
415.8150 0.064097
417.6279 0.069737
419.7268 0.076250
422.4328 0.086752
426.1026 0.102327
432.0086 0.135962
437.6615 0.179899
445.2469 0.285642
450.5496 0.390287
tr2s-10-6 3 1
277.2093 0.254936
280.6424 0.192130
285.7335 0.134029
289.8392 0.103281
294.3366 0.078747
297.1394 0.065340
299.1458 0.061123
300.7646 0.055075
302.0878 0.051970
303.2596 0.049021
304.3023 0.047307
305.2502 0.045116
306.1290 0.043866
309.5640 0.037443
312.1454 0.032438
314.1839 0.029694
315.9625 0.028008
317.4785 0.026496
318.8311 0.025563
320.0645 0.023983
321.1906 0.023207
322.2531 0.023157
323.2442 0.022806
324.1628 0.021849
325.0311 0.021465
325.8579 0.021629
326.6489 0.021165
327.3970 0.020761
328.1143 0.019834
328.7996 0.019537
329.4661 0.019165
330.1107 0.018957
330.7295 0.018865
331.3270 0.018803
331.9098 0.018676
332.4785 0.018572
333.0414 0.018134
333.5807 0.018192
334.1095 0.017901
334.6254 0.018121
335.1328 0.017689
335.6264 0.017553
336.1122 0.017526
336.5940 0.017474
337.0632 0.017552
337.5206 0.017392
337.9651 0.017235
338.4077 0.017132
338.8433 0.016894
339.2704 0.016906
339.6904 0.016510
340.1105 0.016689
340.5216 0.016755
340.9293 0.016521
341.3356 0.016464
341.7328 0.016244
342.1240 0.016279
342.5127 0.016076
342.8935 0.016118
343.2710 0.016094
343.6417 0.016118
344.0104 0.016143
344.3813 0.016144
344.7503 0.016200
345.1154 0.015952
345.4719 0.015783
345.8257 0.015661
346.1803 0.015728
346.5329 0.015526
346.8822 0.015554
347.2247 0.015566
347.5688 0.015531
347.9112 0.015567
348.2529 0.015610
348.5874 0.015489
348.9244 0.015685
349.2574 0.015634
349.5901 0.015675
349.9202 0.015694
350.2460 0.015458
350.5743 0.015466
350.8979 0.015511
351.2198 0.015570
351.5423 0.015482
351.8639 0.015488
352.1823 0.015414
352.5051 0.015452
352.8250 0.015493
353.1436 0.015637
353.4590 0.015493
353.7691 0.015373
354.0818 0.015428
354.3951 0.015603
354.7056 0.015530
355.0170 0.015522
355.3319 0.015510
355.6429 0.015514
355.9498 0.015437
356.2603 0.015616
356.5708 0.015546
356.8781 0.015350
357.1856 0.015363
357.4945 0.015367
357.8014 0.015250
358.1067 0.015245
358.4178 0.015135
358.7253 0.015087
359.0341 0.015011
359.3403 0.015155
359.6452 0.015067
359.9545 0.015011
360.2566 0.014980
360.5663 0.014970
360.8774 0.014961
361.1885 0.014851
361.4970 0.014763
361.8042 0.014781
362.1140 0.014705
362.4247 0.014671
362.7342 0.014719
363.0465 0.014606
363.3621 0.014520
363.6745 0.014738
363.9900 0.014762
364.3041 0.014748
364.6188 0.014682
364.9387 0.014471
365.2562 0.014546
365.5801 0.014602
365.8994 0.014673
366.2213 0.014695
366.5428 0.014792
366.8666 0.014828
367.1894 0.015068
367.5189 0.015115
367.8452 0.015265
368.1741 0.015392
368.5065 0.015365
368.8380 0.015301
369.1770 0.015257
369.5177 0.015377
369.8570 0.015539
370.1992 0.015527
370.5438 0.015623
370.8920 0.015666
371.2414 0.015744
371.5901 0.015809
371.9440 0.016028
372.3035 0.016148
372.6639 0.016397
373.0239 0.016567
373.3894 0.016437
373.7606 0.016384
374.1351 0.016330
374.5159 0.016382
374.8964 0.016343
375.2743 0.016491
375.6606 0.016416
376.0482 0.016463
376.4420 0.016523
376.8406 0.016579
377.2437 0.016746
377.6516 0.016928
378.0681 0.016917
378.4845 0.017006
378.9083 0.017124
379.3418 0.017306
379.7792 0.017375
380.2148 0.017592
380.6652 0.017945
381.1224 0.017912
381.5857 0.018122
382.0520 0.018317
382.5300 0.018578
383.0171 0.018702
383.5137 0.018765
384.0198 0.018598
384.5325 0.018677
385.0585 0.018881
385.5999 0.018995
386.1448 0.019134
386.7087 0.019248
387.2773 0.019602
387.8763 0.020069
388.4931 0.020257
389.1169 0.020472
389.7547 0.020905
390.4190 0.020967
391.1007 0.021360
391.8092 0.021793
392.5353 0.021943
393.3018 0.022608
394.0942 0.022889
394.9191 0.023761
395.7894 0.023979
396.7077 0.023975
397.6624 0.024944
398.6767 0.026093
399.7624 0.027113
400.9254 0.028164
402.1732 0.028386
403.5348 0.029614
405.0136 0.030527
406.6766 0.031731
408.5278 0.034716
410.6599 0.037323
413.2137 0.040963
416.4108 0.045205
420.8047 0.051876
421.8680 0.054946
423.0960 0.058108
424.4231 0.061214
425.9585 0.065269
427.7448 0.067258
429.8914 0.072981
432.5780 0.083792
436.2195 0.099395
442.1322 0.134051
448.0198 0.182099
455.2473 0.275419
460.5243 0.380304
