Copyright (C) 1998 James G. MacKinnon, Alfred A. Haug, and Leo Michelis.
 lm0-06-4 2 1
 20.0762 0.026097
 20.7021 0.020116
 21.6052 0.014333
 22.3383 0.010569
 23.1541 0.008362
 23.6616 0.007318
 24.0432 0.006464
 24.3561 0.006185
 24.6168 0.005837
 24.8438 0.005470
 25.0466 0.005392
 25.2257 0.005078
 25.3943 0.005042
 26.0639 0.004334
 26.5793 0.003893
 27.0029 0.003580
 27.3635 0.003427
 27.6844 0.003265
 27.9711 0.003192
 28.2339 0.003001
 28.4743 0.002984
 28.7006 0.003014
 28.9125 0.002906
 29.1110 0.002752
 29.2991 0.002706
 29.4797 0.002678
 29.6518 0.002638
 29.8183 0.002593
 29.9770 0.002529
 30.1293 0.002501
 30.2783 0.002547
 30.4227 0.002551
 30.5623 0.002587
 30.6986 0.002571
 30.8308 0.002546
 30.9606 0.002528
 31.0861 0.002487
 31.2099 0.002475
 31.3310 0.002437
 31.4495 0.002396
 31.5657 0.002404
 31.6800 0.002455
 31.7920 0.002465
 31.9025 0.002439
 32.0118 0.002425
 32.1185 0.002446
 32.2242 0.002424
 32.3286 0.002434
 32.4308 0.002479
 32.5329 0.002454
 32.6330 0.002430
 32.7320 0.002444
 32.8289 0.002418
 32.9266 0.002439
 33.0223 0.002441
 33.1181 0.002421
 33.2127 0.002434
 33.3054 0.002448
 33.3975 0.002464
 33.4896 0.002458
 33.5798 0.002479
 33.6696 0.002474
 33.7585 0.002470
 33.8482 0.002486
 33.9364 0.002486
 34.0245 0.002457
 34.1116 0.002457
 34.1982 0.002495
 34.2845 0.002450
 34.3697 0.002454
 34.4545 0.002421
 34.5389 0.002410
 34.6231 0.002416
 34.7065 0.002419
 34.7897 0.002392
 34.8724 0.002396
 34.9549 0.002419
 35.0377 0.002429
 35.1199 0.002444
 35.2021 0.002423
 35.2837 0.002429
 35.3661 0.002416
 35.4472 0.002415
 35.5289 0.002415
 35.6093 0.002420
 35.6904 0.002397
 35.7710 0.002396
 35.8510 0.002376
 35.9314 0.002385
 36.0119 0.002388
 36.0920 0.002372
 36.1717 0.002365
 36.2514 0.002382
 36.3310 0.002351
 36.4112 0.002348
 36.4911 0.002336
 36.5707 0.002322
 36.6509 0.002343
 36.7314 0.002387
 36.8112 0.002386
 36.8919 0.002393
 36.9719 0.002390
 37.0519 0.002420
 37.1324 0.002434
 37.2135 0.002452
 37.2941 0.002504
 37.3749 0.002516
 37.4558 0.002549
 37.5368 0.002573
 37.6177 0.002596
 37.6997 0.002610
 37.7811 0.002581
 37.8633 0.002603
 37.9459 0.002579
 38.0282 0.002602
 38.1109 0.002594
 38.1931 0.002608
 38.2761 0.002589
 38.3589 0.002588
 38.4428 0.002599
 38.5265 0.002627
 38.6104 0.002651
 38.6951 0.002657
 38.7798 0.002678
 38.8648 0.002674
 38.9504 0.002679
 39.0369 0.002728
 39.1240 0.002741
 39.2108 0.002752
 39.2980 0.002749
 39.3862 0.002788
 39.4745 0.002788
 39.5627 0.002803
 39.6515 0.002782
 39.7418 0.002775
 39.8325 0.002771
 39.9237 0.002792
 40.0154 0.002781
 40.1082 0.002812
 40.2008 0.002814
 40.2954 0.002835
 40.3895 0.002847
 40.4846 0.002865
 40.5814 0.002879
 40.6787 0.002890
 40.7766 0.002902
 40.8752 0.002908
 40.9746 0.002919
 41.0746 0.002930
 41.1767 0.002986
 41.2787 0.003013
 41.3821 0.002965
 41.4868 0.002993
 41.5920 0.002984
 41.6986 0.003008
 41.8062 0.003016
 41.9149 0.003019
 42.0264 0.003057
 42.1387 0.003079
 42.2525 0.003064
 42.3674 0.003068
 42.4842 0.003096
 42.6025 0.003103
 42.7219 0.003130
 42.8444 0.003163
 42.9684 0.003157
 43.0943 0.003175
 43.2214 0.003189
 43.3519 0.003189
 43.4831 0.003178
 43.6172 0.003246
 43.7529 0.003233
 43.8934 0.003232
 44.0358 0.003255
 44.1807 0.003218
 44.3288 0.003254
 44.4797 0.003319
 44.6338 0.003351
 44.7923 0.003371
 44.9549 0.003447
 45.1211 0.003489
 45.2918 0.003541
 45.4664 0.003565
 45.6462 0.003659
 45.8324 0.003794
 46.0242 0.003880
 46.2215 0.003978
 46.4278 0.004034
 46.6423 0.004085
 46.8626 0.004152
 47.0920 0.004223
 47.3308 0.004289
 47.5819 0.004418
 47.8448 0.004445
 48.1200 0.004589
 48.4105 0.004793
 48.7188 0.004851
 49.0475 0.005088
 49.3970 0.005292
 49.7729 0.005496
 50.1807 0.005580
 50.6219 0.006128
 51.1158 0.006515
 51.6674 0.006830
 52.2931 0.007286
 53.0187 0.007836
 53.8872 0.008420
 54.9905 0.009472
 56.5070 0.011051
 56.8935 0.011458
 57.3210 0.011952
 57.8007 0.012906
 58.3438 0.013897
 59.0033 0.014867
 59.7888 0.016467
 60.7822 0.018494
 62.1880 0.021843
 64.5186 0.030562
 66.7089 0.043510
 69.5750 0.064989
 71.6196 0.088381
 lm1-06-4 3 1
 22.3057 0.046140
 22.9445 0.034281
 23.8527 0.026313
 24.6150 0.019871
 25.4603 0.014496
 26.0022 0.012496
 26.4016 0.011485
 26.7228 0.010501
 26.9949 0.009775
 27.2408 0.009288
 27.4489 0.008813
 27.6383 0.008484
 27.8124 0.008334
 28.5245 0.007407
 29.0603 0.007029
 29.4932 0.006552
 29.8703 0.006154
 30.2077 0.005883
 30.5072 0.005700
 30.7789 0.005617
 31.0319 0.005537
 31.2643 0.005428
 31.4806 0.005299
 31.6900 0.005126
 31.8861 0.004953
 32.0734 0.005037
 32.2548 0.004994
 32.4275 0.004989
 32.5903 0.004935
 32.7503 0.004830
 32.9047 0.004744
 33.0539 0.004661
 33.2000 0.004641
 33.3419 0.004689
 33.4799 0.004582
 33.6146 0.004577
 33.7452 0.004614
 33.8723 0.004564
 33.9994 0.004528
 34.1208 0.004569
 34.2394 0.004527
 34.3572 0.004503
 34.4737 0.004487
 34.5872 0.004472
 34.6987 0.004457
 34.8096 0.004391
 34.9176 0.004373
 35.0253 0.004344
 35.1301 0.004368
 35.2359 0.004336
 35.3402 0.004315
 35.4436 0.004356
 35.5444 0.004325
 35.6449 0.004308
 35.7447 0.004302
 35.8421 0.004329
 35.9399 0.004306
 36.0351 0.004317
 36.1305 0.004306
 36.2250 0.004339
 36.3199 0.004311
 36.4123 0.004297
 36.5048 0.004324
 36.5952 0.004280
 36.6864 0.004323
 36.7769 0.004268
 36.8678 0.004229
 36.9573 0.004264
 37.0458 0.004245
 37.1345 0.004192
 37.2220 0.004200
 37.3086 0.004164
 37.3967 0.004178
 37.4830 0.004178
 37.5688 0.004199
 37.6543 0.004179
 37.7400 0.004209
 37.8248 0.004196
 37.9090 0.004163
 37.9931 0.004247
 38.0773 0.004243
 38.1612 0.004222
 38.2460 0.004211
 38.3286 0.004242
 38.4123 0.004242
 38.4960 0.004295
 38.5797 0.004283
 38.6635 0.004300
 38.7469 0.004354
 38.8297 0.004363
 38.9126 0.004386
 38.9950 0.004415
 39.0782 0.004409
 39.1613 0.004403
 39.2444 0.004394
 39.3261 0.004388
 39.4092 0.004394
 39.4915 0.004384
 39.5742 0.004425
 39.6568 0.004457
 39.7388 0.004480
 39.8223 0.004454
 39.9059 0.004448
 39.9890 0.004421
 40.0716 0.004445
 40.1557 0.004471
 40.2379 0.004449
 40.3209 0.004499
 40.4050 0.004507
 40.4880 0.004497
 40.5711 0.004476
 40.6547 0.004463
 40.7401 0.004491
 40.8258 0.004502
 40.9100 0.004513
 40.9950 0.004517
 41.0799 0.004532
 41.1655 0.004560
 41.2505 0.004568
 41.3366 0.004585
 41.4228 0.004564
 41.5102 0.004584
 41.5975 0.004613
 41.6853 0.004582
 41.7734 0.004618
 41.8620 0.004617
 41.9504 0.004611
 42.0394 0.004608
 42.1291 0.004635
 42.2201 0.004715
 42.3112 0.004759
 42.4029 0.004766
 42.4947 0.004799
 42.5877 0.004815
 42.6801 0.004817
 42.7744 0.004821
 42.8659 0.004767
 42.9616 0.004799
 43.0565 0.004849
 43.1531 0.004868
 43.2508 0.004912
 43.3479 0.004951
 43.4466 0.004980
 43.5458 0.005050
 43.6449 0.005094
 43.7450 0.005111
 43.8465 0.005109
 43.9485 0.005030
 44.0533 0.005028
 44.1564 0.005060
 44.2631 0.005166
 44.3692 0.005175
 44.4770 0.005246
 44.5852 0.005335
 44.6954 0.005370
 44.8070 0.005395
 44.9197 0.005402
 45.0349 0.005434
 45.1495 0.005492
 45.2674 0.005504
 45.3853 0.005540
 45.5050 0.005620
 45.6261 0.005673
 45.7482 0.005750
 45.8717 0.005751
 45.9991 0.005731
 46.1279 0.005823
 46.2593 0.005808
 46.3919 0.005852
 46.5259 0.005848
 46.6644 0.005881
 46.8052 0.005925
 46.9478 0.005927
 47.0935 0.005884
 47.2430 0.005918
 47.3959 0.005996
 47.5531 0.006088
 47.7140 0.006174
 47.8759 0.006328
 48.0406 0.006407
 48.2095 0.006540
 48.3857 0.006605
 48.5615 0.006660
 48.7458 0.006685
 48.9361 0.006659
 49.1358 0.006842
 49.3402 0.006932
 49.5518 0.007121
 49.7697 0.007088
 49.9958 0.007259
 50.2297 0.007490
 50.4755 0.007665
 50.7333 0.007876
 50.9992 0.008000
 51.2820 0.008301
 51.5822 0.008607
 51.8943 0.008859
 52.2302 0.009109
 52.5900 0.009538
 52.9757 0.010026
 53.3955 0.010543
 53.8540 0.010735
 54.3635 0.011284
 54.9328 0.011709
 55.5763 0.012645
 56.3239 0.013508
 57.2193 0.014907
 58.3577 0.016673
 59.9120 0.020487
 60.3005 0.021261
 60.7376 0.022182
 61.2519 0.023667
 61.8062 0.026008
 62.4865 0.027599
 63.3007 0.029214
 64.3161 0.031522
 65.7274 0.037529
 68.0876 0.053385
 70.3324 0.073652
 73.1939 0.109382
 75.4115 0.154401
lm1s-06-4 3 1
 23.0863 0.045155
 23.6526 0.032942
 24.5978 0.025078
 25.3740 0.018537
 26.2235 0.014301
 26.7587 0.012658
 27.1531 0.011442
 27.4845 0.010317
 27.7584 0.009575
 27.9974 0.009109
 28.2128 0.008538
 28.4030 0.008400
 28.5797 0.008259
 29.2788 0.007455
 29.8151 0.007063
 30.2514 0.006500
 30.6288 0.006165
 30.9613 0.006099
 31.2600 0.005925
 31.5340 0.005792
 31.7861 0.005409
 32.0199 0.005309
 32.2407 0.005158
 32.4485 0.005121
 32.6448 0.005170
 32.8322 0.005125
 33.0121 0.004954
 33.1846 0.004911
 33.3502 0.004882
 33.5103 0.004843
 33.6650 0.004801
 33.8164 0.004752
 33.9641 0.004743
 34.1048 0.004683
 34.2418 0.004675
 34.3729 0.004669
 34.5039 0.004633
 34.6305 0.004655
 34.7563 0.004594
 34.8783 0.004567
 34.9980 0.004535
 35.1166 0.004569
 35.2339 0.004497
 35.3483 0.004512
 35.4615 0.004477
 35.5716 0.004528
 35.6814 0.004504
 35.7897 0.004470
 35.8959 0.004467
 36.0004 0.004424
 36.1038 0.004431
 36.2057 0.004422
 36.3068 0.004432
 36.4064 0.004447
 36.5050 0.004465
 36.6037 0.004431
 36.7009 0.004445
 36.7980 0.004398
 36.8921 0.004398
 36.9867 0.004358
 37.0813 0.004323
 37.1738 0.004299
 37.2669 0.004300
 37.3591 0.004255
 37.4498 0.004211
 37.5400 0.004189
 37.6295 0.004121
 37.7188 0.004142
 37.8077 0.004160
 37.8965 0.004140
 37.9847 0.004168
 38.0710 0.004174
 38.1573 0.004106
 38.2433 0.004061
 38.3299 0.004040
 38.4164 0.004072
 38.5016 0.004097
 38.5874 0.004103
 38.6727 0.004134
 38.7571 0.004144
 38.8418 0.004178
 38.9253 0.004239
 39.0095 0.004232
 39.0945 0.004272
 39.1794 0.004306
 39.2628 0.004277
 39.3460 0.004243
 39.4284 0.004240
 39.5114 0.004205
 39.5952 0.004248
 39.6786 0.004236
 39.7605 0.004284
 39.8434 0.004272
 39.9258 0.004255
 40.0084 0.004267
 40.0913 0.004291
 40.1738 0.004342
 40.2566 0.004361
 40.3397 0.004395
 40.4229 0.004390
 40.5059 0.004409
 40.5879 0.004416
 40.6703 0.004466
 40.7543 0.004454
 40.8384 0.004494
 40.9215 0.004523
 41.0048 0.004561
 41.0886 0.004584
 41.1721 0.004591
 41.2557 0.004577
 41.3391 0.004585
 41.4226 0.004564
 41.5071 0.004623
 41.5910 0.004614
 41.6747 0.004651
 41.7603 0.004663
 41.8449 0.004661
 41.9312 0.004652
 42.0172 0.004669
 42.1041 0.004651
 42.1905 0.004720
 42.2778 0.004729
 42.3653 0.004718
 42.4527 0.004732
 42.5398 0.004763
 42.6297 0.004771
 42.7187 0.004785
 42.8074 0.004823
 42.8969 0.004870
 42.9876 0.004862
 43.0780 0.004908
 43.1685 0.004960
 43.2610 0.004998
 43.3533 0.005051
 43.4475 0.005044
 43.5416 0.005074
 43.6353 0.005153
 43.7292 0.005130
 43.8256 0.005064
 43.9214 0.005003
 44.0179 0.004985
 44.1140 0.005002
 44.2110 0.005064
 44.3108 0.005032
 44.4104 0.005057
 44.5119 0.005036
 44.6130 0.005029
 44.7150 0.005016
 44.8197 0.005068
 44.9245 0.005094
 45.0307 0.005117
 45.1369 0.005127
 45.2451 0.005182
 45.3533 0.005204
 45.4622 0.005306
 45.5745 0.005339
 45.6877 0.005401
 45.8010 0.005447
 45.9188 0.005529
 46.0348 0.005593
 46.1530 0.005594
 46.2705 0.005647
 46.3913 0.005658
 46.5148 0.005693
 46.6401 0.005660
 46.7687 0.005675
 46.8979 0.005717
 47.0280 0.005731
 47.1606 0.005682
 47.2963 0.005707
 47.4348 0.005888
 47.5752 0.005882
 47.7186 0.005930
 47.8636 0.005900
 48.0121 0.005933
 48.1629 0.006066
 48.3201 0.006138
 48.4776 0.006247
 48.6408 0.006216
 48.8055 0.006257
 48.9758 0.006332
 49.1520 0.006475
 49.3318 0.006521
 49.5167 0.006629
 49.7083 0.006723
 49.9068 0.006934
 50.1108 0.007005
 50.3220 0.007007
 50.5364 0.007184
 50.7615 0.007298
 50.9958 0.007390
 51.2416 0.007499
 51.4977 0.007790
 51.7673 0.007974
 52.0492 0.008427
 52.3456 0.008723
 52.6664 0.009009
 52.9982 0.009267
 53.3565 0.009498
 53.7439 0.009862
 54.1602 0.009982
 54.6243 0.010378
 55.1347 0.011011
 55.6987 0.011684
 56.3364 0.012397
 57.0807 0.013401
 57.9762 0.014288
 59.1071 0.016203
 60.6661 0.019949
 61.0652 0.020477
 61.4985 0.021784
 61.9955 0.023874
 62.5793 0.025880
 63.2546 0.026460
 64.0583 0.028713
 65.0559 0.031425
 66.4705 0.037458
 68.8302 0.054668
 71.0952 0.077052
 73.9499 0.114859
 76.2394 0.154148
 lm2-06-4 3 1
 24.5063 0.049884
 25.1556 0.037935
 26.1589 0.026158
 26.9591 0.020036
 27.8303 0.015038
 28.3818 0.013297
 28.7978 0.012323
 29.1424 0.011680
 29.4238 0.011190
 29.6712 0.010507
 29.8907 0.010000
 30.0889 0.009828
 30.2699 0.009345
 30.9938 0.007904
 31.5542 0.007297
 32.0119 0.006730
 32.4037 0.006423
 32.7476 0.006271
 33.0597 0.006291
 33.3431 0.005982
 33.6003 0.005765
 33.8475 0.005591
 34.0731 0.005515
 34.2886 0.005301
 34.4909 0.005202
 34.6829 0.005043
 34.8662 0.005000
 35.0429 0.004903
 35.2139 0.004787
 35.3787 0.004774
 35.5374 0.004694
 35.6920 0.004680
 35.8401 0.004588
 35.9868 0.004540
 36.1273 0.004510
 36.2663 0.004557
 36.4016 0.004510
 36.5346 0.004450
 36.6647 0.004464
 36.7906 0.004459
 36.9144 0.004415
 37.0365 0.004454
 37.1560 0.004435
 37.2747 0.004374
 37.3899 0.004377
 37.5047 0.004329
 37.6173 0.004355
 37.7281 0.004363
 37.8375 0.004354
 37.9448 0.004353
 38.0507 0.004390
 38.1560 0.004363
 38.2602 0.004353
 38.3642 0.004345
 38.4665 0.004335
 38.5675 0.004328
 38.6679 0.004344
 38.7664 0.004333
 38.8633 0.004306
 38.9609 0.004308
 39.0570 0.004341
 39.1526 0.004341
 39.2476 0.004340
 39.3418 0.004401
 39.4360 0.004374
 39.5278 0.004359
 39.6212 0.004357
 39.7132 0.004363
 39.8055 0.004359
 39.8962 0.004373
 39.9858 0.004345
 40.0756 0.004364
 40.1662 0.004400
 40.2559 0.004366
 40.3451 0.004410
 40.4334 0.004423
 40.5221 0.004455
 40.6101 0.004459
 40.6972 0.004495
 40.7842 0.004496
 40.8705 0.004531
 40.9573 0.004524
 41.0437 0.004524
 41.1299 0.004485
 41.2177 0.004522
 41.3025 0.004541
 41.3883 0.004520
 41.4743 0.004517
 41.5612 0.004519
 41.6476 0.004544
 41.7322 0.004558
 41.8182 0.004585
 41.9027 0.004626
 41.9892 0.004623
 42.0730 0.004658
 42.1582 0.004687
 42.2429 0.004675
 42.3277 0.004659
 42.4119 0.004605
 42.4973 0.004587
 42.5819 0.004566
 42.6674 0.004624
 42.7523 0.004671
 42.8372 0.004670
 42.9227 0.004667
 43.0081 0.004672
 43.0937 0.004686
 43.1798 0.004663
 43.2658 0.004637
 43.3517 0.004650
 43.4383 0.004664
 43.5253 0.004693
 43.6123 0.004717
 43.6997 0.004679
 43.7863 0.004677
 43.8739 0.004676
 43.9629 0.004667
 44.0513 0.004645
 44.1402 0.004660
 44.2280 0.004713
 44.3174 0.004673
 44.4073 0.004709
 44.4974 0.004748
 44.5873 0.004722
 44.6770 0.004762
 44.7676 0.004810
 44.8583 0.004827
 44.9502 0.004842
 45.0418 0.004837
 45.1354 0.004793
 45.2292 0.004851
 45.3226 0.004830
 45.4168 0.004853
 45.5124 0.004883
 45.6078 0.004912
 45.7034 0.004936
 45.7993 0.004919
 45.8974 0.004971
 45.9965 0.005004
 46.0956 0.005023
 46.1953 0.004978
 46.2937 0.005019
 46.3947 0.005096
 46.4966 0.005067
 46.5986 0.005073
 46.7019 0.005077
 46.8040 0.005065
 46.9107 0.005073
 47.0180 0.005068
 47.1244 0.005093
 47.2329 0.005112
 47.3432 0.005105
 47.4548 0.005130
 47.5671 0.005219
 47.6811 0.005294
 47.7940 0.005277
 47.9098 0.005275
 48.0256 0.005295
 48.1431 0.005415
 48.2633 0.005523
 48.3854 0.005509
 48.5084 0.005555
 48.6330 0.005605
 48.7600 0.005597
 48.8884 0.005639
 49.0188 0.005684
 49.1495 0.005840
 49.2840 0.005891
 49.4209 0.005917
 49.5608 0.005888
 49.7033 0.005959
 49.8467 0.006029
 49.9921 0.006106
 50.1430 0.006158
 50.2965 0.006175
 50.4517 0.006222
 50.6122 0.006273
 50.7757 0.006279
 50.9420 0.006261
 51.1127 0.006273
 51.2868 0.006439
 51.4661 0.006436
 51.6518 0.006562
 51.8458 0.006717
 52.0429 0.006808
 52.2440 0.006958
 52.4543 0.007117
 52.6727 0.007218
 52.8955 0.007261
 53.1288 0.007402
 53.3718 0.007536
 53.6259 0.007884
 53.8876 0.007980
 54.1614 0.008216
 54.4507 0.008413
 54.7585 0.008475
 55.0804 0.008625
 55.4249 0.009003
 55.7925 0.009261
 56.1918 0.009358
 56.6170 0.010008
 57.0869 0.010586
 57.5982 0.010990
 58.1707 0.011689
 58.8262 0.012482
 59.5849 0.013570
 60.5032 0.014886
 61.6551 0.017006
 63.2587 0.020312
 63.6618 0.020962
 64.1141 0.021487
 64.6166 0.022892
 65.1888 0.023967
 65.8607 0.026815
 66.6870 0.030759
 67.7274 0.034316
 69.1835 0.041076
 71.5448 0.057808
 73.8436 0.078047
 76.8242 0.118966
 78.9795 0.165136
lm2s-06-4 3 1
 25.1937 0.048949
 25.9142 0.036857
 26.9293 0.026510
 27.7365 0.019696
 28.5978 0.015155
 29.1604 0.013367
 29.5805 0.012448
 29.9188 0.011858
 30.2074 0.011264
 30.4526 0.010651
 30.6702 0.010232
 30.8689 0.009675
 31.0439 0.009292
 31.7728 0.007985
 32.3246 0.007186
 32.7796 0.006819
 33.1728 0.006542
 33.5182 0.006259
 33.8316 0.005963
 34.1153 0.005780
 34.3779 0.005629
 34.6199 0.005655
 34.8468 0.005525
 35.0618 0.005409
 35.2646 0.005235
 35.4557 0.005197
 35.6404 0.005081
 35.8175 0.004977
 35.9874 0.004907
 36.1517 0.004814
 36.3102 0.004717
 36.4637 0.004728
 36.6121 0.004621
 36.7570 0.004544
 36.8984 0.004494
 37.0378 0.004445
 37.1736 0.004516
 37.3051 0.004535
 37.4338 0.004548
 37.5615 0.004477
 37.6861 0.004462
 37.8073 0.004467
 37.9276 0.004473
 38.0473 0.004488
 38.1638 0.004456
 38.2771 0.004528
 38.3902 0.004520
 38.5007 0.004482
 38.6099 0.004447
 38.7180 0.004427
 38.8241 0.004444
 38.9300 0.004500
 39.0334 0.004443
 39.1364 0.004415
 39.2383 0.004377
 39.3395 0.004395
 39.4388 0.004357
 39.5381 0.004368
 39.6359 0.004348
 39.7340 0.004339
 39.8304 0.004361
 39.9258 0.004424
 40.0210 0.004401
 40.1163 0.004371
 40.2095 0.004381
 40.3019 0.004392
 40.3941 0.004402
 40.4875 0.004411
 40.5779 0.004405
 40.6693 0.004384
 40.7598 0.004415
 40.8508 0.004390
 40.9405 0.004400
 41.0299 0.004368
 41.1192 0.004333
 41.2072 0.004334
 41.2953 0.004351
 41.3828 0.004359
 41.4704 0.004391
 41.5578 0.004377
 41.6442 0.004367
 41.7312 0.004379
 41.8171 0.004445
 41.9047 0.004457
 41.9915 0.004524
 42.0775 0.004552
 42.1635 0.004562
 42.2496 0.004578
 42.3345 0.004545
 42.4204 0.004550
 42.5057 0.004550
 42.5915 0.004538
 42.6769 0.004515
 42.7617 0.004545
 42.8461 0.004553
 42.9304 0.004548
 43.0147 0.004530
 43.0989 0.004541
 43.1842 0.004546
 43.2693 0.004511
 43.3563 0.004545
 43.4408 0.004546
 43.5273 0.004596
 43.6127 0.004545
 43.6968 0.004595
 43.7818 0.004584
 43.8688 0.004561
 43.9543 0.004614
 44.0397 0.004622
 44.1271 0.004623
 44.2127 0.004697
 44.2993 0.004695
 44.3868 0.004728
 44.4747 0.004731
 44.5631 0.004737
 44.6499 0.004739
 44.7374 0.004728
 44.8250 0.004772
 44.9139 0.004795
 45.0035 0.004843
 45.0926 0.004844
 45.1816 0.004857
 45.2715 0.004867
 45.3609 0.004835
 45.4514 0.004874
 45.5417 0.004918
 45.6321 0.004881
 45.7245 0.004938
 45.8171 0.004963
 45.9104 0.004925
 46.0016 0.004918
 46.0954 0.004909
 46.1899 0.004889
 46.2851 0.004891
 46.3805 0.004941
 46.4774 0.004940
 46.5732 0.004942
 46.6705 0.004993
 46.7673 0.004974
 46.8658 0.004983
 46.9648 0.005020
 47.0658 0.005026
 47.1667 0.005018
 47.2693 0.004978
 47.3722 0.005010
 47.4762 0.005033
 47.5810 0.005068
 47.6874 0.005060
 47.7931 0.005076
 47.9000 0.005059
 48.0086 0.005135
 48.1179 0.005203
 48.2294 0.005212
 48.3404 0.005267
 48.4527 0.005325
 48.5675 0.005411
 48.6827 0.005403
 48.8001 0.005454
 48.9189 0.005429
 49.0399 0.005526
 49.1597 0.005552
 49.2828 0.005562
 49.4085 0.005570
 49.5351 0.005583
 49.6617 0.005687
 49.7923 0.005697
 49.9240 0.005783
 50.0593 0.005822
 50.1970 0.005877
 50.3365 0.005949
 50.4771 0.005902
 50.6201 0.006007
 50.7673 0.006059
 50.9183 0.006080
 51.0708 0.006101
 51.2264 0.006223
 51.3864 0.006251
 51.5491 0.006310
 51.7173 0.006370
 51.8892 0.006459
 52.0657 0.006489
 52.2451 0.006557
 52.4295 0.006697
 52.6184 0.006854
 52.8125 0.006974
 53.0161 0.007116
 53.2235 0.007186
 53.4419 0.007227
 53.6636 0.007310
 53.8952 0.007527
 54.1361 0.007697
 54.3840 0.007911
 54.6507 0.008004
 54.9249 0.008180
 55.2139 0.008265
 55.5205 0.008575
 55.8470 0.008850
 56.1922 0.008924
 56.5593 0.009265
 56.9556 0.009625
 57.3804 0.010016
 57.8517 0.010478
 58.3674 0.011181
 58.9435 0.011820
 59.5908 0.012393
 60.3565 0.013283
 61.2686 0.014424
 62.4207 0.016644
 64.0296 0.019752
 64.4263 0.020185
 64.8773 0.021654
 65.3852 0.022538
 65.9625 0.024824
 66.6317 0.026556
 67.4553 0.029962
 68.4869 0.033566
 69.9190 0.041522
 72.2913 0.058470
 74.6533 0.076858
 77.6960 0.117436
 79.6977 0.162491
 tr0-06-4 2 1
 68.7792 0.074612
 70.5611 0.057730
 73.0296 0.040111
 75.1182 0.031274
 77.3690 0.023432
 78.8012 0.019994
 79.8323 0.017637
 80.6729 0.016488
 81.3877 0.015276
 81.9953 0.014026
 82.5455 0.013523
 83.0367 0.013014
 83.4847 0.012517
 85.2785 0.011149
 86.6378 0.009971
 87.7436 0.009264
 88.6858 0.009138
 89.5111 0.008897
 90.2501 0.008517
 90.9196 0.008194
 91.5391 0.007948
 92.1107 0.007720
 92.6457 0.007397
 93.1469 0.007187
 93.6244 0.007116
 94.0771 0.007005
 94.5108 0.006837
 94.9216 0.006857
 95.3132 0.006741
 95.6967 0.006538
 96.0642 0.006432
 96.4204 0.006309
 96.7644 0.006144
 97.0967 0.006231
 97.4226 0.006225
 97.7389 0.006284
 98.0489 0.006243
 98.3511 0.006153
 98.6455 0.006233
 98.9320 0.006222
 99.2147 0.006123
 99.4903 0.006064
 99.7608 0.006015
100.0284 0.005973
100.2906 0.005968
100.5459 0.005875
100.7968 0.005842
101.0450 0.005745
101.2911 0.005691
101.5336 0.005709
101.7712 0.005718
102.0060 0.005647
102.2373 0.005580
102.4671 0.005606
102.6935 0.005606
102.9166 0.005521
103.1363 0.005542
103.3551 0.005549
103.5728 0.005541
103.7884 0.005551
104.0017 0.005540
104.2128 0.005586
104.4215 0.005600
104.6288 0.005635
104.8347 0.005652
105.0382 0.005608
105.2402 0.005617
105.4399 0.005574
105.6410 0.005545
105.8380 0.005540
106.0362 0.005541
106.2316 0.005455
106.4270 0.005491
106.6188 0.005459
106.8123 0.005453
107.0037 0.005428
107.1947 0.005397
107.3850 0.005425
107.5716 0.005472
107.7595 0.005446
107.9466 0.005477
108.1321 0.005431
108.3171 0.005442
108.5027 0.005456
108.6869 0.005353
108.8701 0.005346
109.0538 0.005373
109.2353 0.005406
109.4178 0.005433
109.5978 0.005455
109.7780 0.005430
109.9590 0.005426
110.1402 0.005491
110.3199 0.005521
110.4993 0.005525
110.6781 0.005531
110.8560 0.005496
111.0345 0.005477
111.2126 0.005458
111.3919 0.005517
111.5702 0.005497
111.7493 0.005519
111.9277 0.005500
112.1053 0.005532
112.2840 0.005596
112.4629 0.005653
112.6415 0.005604
112.8195 0.005579
112.9986 0.005550
113.1781 0.005542
113.3573 0.005540
113.5368 0.005558
113.7169 0.005590
113.8965 0.005582
114.0758 0.005668
114.2574 0.005646
114.4379 0.005660
114.6181 0.005643
114.7979 0.005713
114.9810 0.005708
115.1630 0.005759
115.3447 0.005713
115.5286 0.005710
115.7135 0.005730
115.8972 0.005730
116.0826 0.005721
116.2687 0.005730
116.4551 0.005791
116.6434 0.005805
116.8297 0.005823
117.0184 0.005805
117.2090 0.005742
117.3976 0.005743
117.5890 0.005786
117.7803 0.005786
117.9740 0.005767
118.1680 0.005703
118.3642 0.005758
118.5596 0.005784
118.7578 0.005779
118.9576 0.005806
119.1579 0.005891
119.3595 0.005941
119.5637 0.005981
119.7692 0.005973
119.9743 0.005949
120.1818 0.005933
120.3915 0.005913
120.6013 0.005976
120.8126 0.005956
121.0267 0.005949
121.2424 0.005998
121.4589 0.006035
121.6807 0.006051
121.9049 0.006082
122.1302 0.006034
122.3585 0.006065
122.5875 0.006086
122.8208 0.006160
123.0552 0.006167
123.2925 0.006245
123.5318 0.006335
123.7761 0.006347
124.0217 0.006350
124.2709 0.006433
124.5223 0.006384
124.7786 0.006462
125.0362 0.006563
125.3010 0.006531
125.5699 0.006642
125.8440 0.006709
126.1222 0.006713
126.4033 0.006713
126.6901 0.006778
126.9839 0.006768
127.2809 0.006853
127.5856 0.006837
127.8959 0.006939
128.2115 0.007100
128.5349 0.007246
128.8669 0.007351
129.2078 0.007433
129.5524 0.007594
129.9132 0.007651
130.2818 0.007793
130.6624 0.007893
131.0505 0.008015
131.4550 0.008211
131.8673 0.008295
132.2981 0.008539
132.7421 0.008726
133.2065 0.008819
133.6896 0.008877
134.1916 0.009120
134.7232 0.009320
135.2759 0.009483
135.8650 0.009471
136.4893 0.009684
137.1545 0.009843
137.8623 0.009995
138.6286 0.010505
139.4571 0.010812
140.3717 0.011098
141.3861 0.011466
142.5387 0.012262
143.8668 0.013191
145.4488 0.014492
147.4391 0.016058
150.1632 0.019917
150.8572 0.020434
151.6093 0.021351
152.4491 0.021925
153.4224 0.023636
154.5606 0.025565
155.9390 0.028812
157.6494 0.034046
160.0357 0.039972
163.8822 0.054852
167.6895 0.072257
172.2424 0.104282
175.6308 0.144065
 tr1-06-4 2 1
 78.4435 0.078005
 80.1837 0.058528
 82.8452 0.040479
 85.0790 0.031352
 87.4658 0.023759
 88.9635 0.019596
 90.0661 0.018203
 90.9700 0.016526
 91.7121 0.015587
 92.3670 0.014995
 92.9359 0.014716
 93.4512 0.014451
 93.9288 0.013314
 95.8295 0.010953
 97.2638 0.010415
 98.4294 0.009493
 99.4237 0.009150
100.3039 0.008738
101.0852 0.008848
101.7930 0.008366
102.4418 0.008276
103.0412 0.008023
103.6039 0.007706
104.1343 0.007465
104.6363 0.007356
105.1129 0.007414
105.5634 0.007255
105.9967 0.007127
106.4148 0.006898
106.8161 0.006968
107.2026 0.006971
107.5778 0.006899
107.9450 0.006844
108.2955 0.006716
108.6371 0.006714
108.9703 0.006644
109.2947 0.006501
109.6119 0.006349
109.9215 0.006239
110.2271 0.006248
110.5218 0.006234
110.8115 0.006211
111.0938 0.006139
111.3753 0.006015
111.6481 0.005984
111.9172 0.006008
112.1815 0.005973
112.4435 0.005915
112.7011 0.005880
112.9543 0.005768
113.2032 0.005809
113.4515 0.005847
113.6935 0.005816
113.9333 0.005802
114.1695 0.005686
114.4054 0.005681
114.6380 0.005658
114.8684 0.005716
115.0944 0.005711
115.3195 0.005630
115.5433 0.005654
115.7640 0.005699
115.9823 0.005703
116.2011 0.005662
116.4172 0.005685
116.6323 0.005706
116.8455 0.005652
117.0556 0.005748
117.2639 0.005724
117.4717 0.005661
117.6784 0.005712
117.8829 0.005727
118.0856 0.005659
118.2882 0.005687
118.4900 0.005726
118.6894 0.005665
118.8885 0.005640
119.0870 0.005655
119.2851 0.005607
119.4805 0.005587
119.6757 0.005638
119.8709 0.005638
120.0642 0.005680
120.2580 0.005686
120.4499 0.005687
120.6425 0.005634
120.8346 0.005638
121.0265 0.005675
121.2185 0.005612
121.4084 0.005611
121.5981 0.005628
121.7871 0.005670
121.9751 0.005712
122.1634 0.005745
122.3516 0.005780
122.5401 0.005813
122.7277 0.005786
122.9159 0.005795
123.1044 0.005791
123.2933 0.005837
123.4794 0.005807
123.6670 0.005772
123.8535 0.005818
124.0410 0.005860
124.2276 0.005894
124.4140 0.005912
124.6001 0.005907
124.7868 0.005913
124.9749 0.005896
125.1634 0.005917
125.3495 0.005982
125.5381 0.006081
125.7264 0.006040
125.9143 0.006071
126.1028 0.006024
126.2932 0.006006
126.4805 0.005972
126.6706 0.005970
126.8605 0.006024
127.0486 0.005992
127.2389 0.006016
127.4305 0.006000
127.6225 0.005991
127.8146 0.005903
128.0070 0.005934
128.1999 0.006010
128.3940 0.006023
128.5879 0.006002
128.7839 0.006013
128.9786 0.006046
129.1765 0.005980
129.3749 0.005974
129.5726 0.006046
129.7724 0.006079
129.9725 0.006124
130.1754 0.006071
130.3788 0.006049
130.5853 0.006058
130.7916 0.006031
130.9975 0.006048
131.2050 0.006058
131.4158 0.005933
131.6274 0.005982
131.8393 0.005957
132.0529 0.005972
132.2687 0.006007
132.4840 0.006040
132.7032 0.006109
132.9230 0.006052
133.1445 0.006084
133.3684 0.006109
133.5944 0.006121
133.8246 0.006078
134.0559 0.006134
134.2879 0.006192
134.5224 0.006192
134.7596 0.006166
134.9992 0.006208
135.2416 0.006250
135.4855 0.006369
135.7330 0.006462
135.9852 0.006588
136.2385 0.006520
136.4944 0.006595
136.7547 0.006529
137.0176 0.006622
137.2846 0.006742
137.5550 0.006836
137.8322 0.006924
138.1113 0.007032
138.3979 0.007102
138.6870 0.007055
138.9800 0.007269
139.2790 0.007227
139.5830 0.007253
139.8941 0.007236
140.2121 0.007445
140.5365 0.007427
140.8670 0.007498
141.2034 0.007705
141.5489 0.007747
141.9043 0.007797
142.2664 0.007833
142.6412 0.007867
143.0246 0.007976
143.4141 0.008191
143.8218 0.008296
144.2398 0.008565
144.6705 0.008697
145.1191 0.008638
145.5882 0.008818
146.0731 0.008746
146.5778 0.009178
147.1036 0.009395
147.6564 0.009663
148.2351 0.009807
148.8488 0.010009
149.4949 0.010239
150.1857 0.010508
150.9216 0.010936
151.7191 0.011090
152.5864 0.011763
153.5331 0.012117
154.5899 0.012939
155.7898 0.013635
157.1721 0.014523
158.8233 0.015250
160.8937 0.016931
163.6920 0.019699
164.3965 0.021264
165.1926 0.022267
166.0623 0.023230
167.0651 0.024333
168.2406 0.026159
169.6436 0.028866
171.4151 0.033966
173.8602 0.040449
177.9163 0.055409
181.7817 0.071961
186.7138 0.110347
190.3877 0.147512
tr1s-06-4 2 1
 84.1011 0.079633
 85.9637 0.059034
 88.5518 0.041478
 90.8104 0.031785
 93.2104 0.024697
 94.7510 0.022125
 95.8712 0.019164
 96.7788 0.016649
 97.5326 0.015454
 98.1860 0.015236
 98.7694 0.014590
 99.3014 0.014060
 99.7705 0.013739
101.6857 0.011472
103.1257 0.010575
104.3092 0.009707
105.3150 0.009293
106.1949 0.008836
106.9764 0.008530
107.6843 0.008315
108.3348 0.008022
108.9414 0.007941
109.5075 0.007638
110.0426 0.007494
110.5461 0.007416
111.0251 0.007239
111.4806 0.007257
111.9189 0.006987
112.3418 0.006880
112.7502 0.006595
113.1414 0.006499
113.5174 0.006649
113.8826 0.006496
114.2362 0.006429
114.5787 0.006450
114.9121 0.006256
115.2389 0.006246
115.5534 0.006180
115.8629 0.006120
116.1684 0.006124
116.4631 0.006080
116.7545 0.005997
117.0402 0.006004
117.3196 0.006079
117.5932 0.006167
117.8640 0.006131
118.1281 0.006096
118.3901 0.006030
118.6498 0.005983
118.9058 0.005961
119.1578 0.005979
119.4070 0.005959
119.6537 0.006028
119.8969 0.005975
120.1355 0.006020
120.3716 0.006047
120.6059 0.005975
120.8358 0.005996
121.0650 0.005978
121.2912 0.005990
121.5151 0.005971
121.7367 0.005991
121.9544 0.005965
122.1726 0.005949
122.3874 0.005915
122.6019 0.005913
122.8155 0.005915
123.0281 0.005886
123.2374 0.005904
123.4462 0.005873
123.6529 0.005872
123.8595 0.005892
124.0625 0.005844
124.2663 0.005864
124.4692 0.005811
124.6708 0.005801
124.8705 0.005679
125.0703 0.005710
125.2688 0.005720
125.4663 0.005694
125.6632 0.005713
125.8599 0.005726
126.0561 0.005639
126.2505 0.005640
126.4437 0.005721
126.6356 0.005697
126.8283 0.005654
127.0195 0.005675
127.2102 0.005620
127.4018 0.005565
127.5918 0.005569
127.7818 0.005566
127.9723 0.005549
128.1621 0.005537
128.3518 0.005529
128.5412 0.005550
128.7284 0.005634
128.9161 0.005743
129.1048 0.005708
129.2928 0.005749
129.4799 0.005722
129.6666 0.005764
129.8545 0.005794
130.0427 0.005805
130.2304 0.005718
130.4164 0.005668
130.6046 0.005751
130.7920 0.005750
130.9802 0.005789
131.1669 0.005828
131.3548 0.005837
131.5432 0.005884
131.7329 0.005882
131.9218 0.005859
132.1111 0.005855
132.3003 0.005858
132.4906 0.005905
132.6795 0.005952
132.8707 0.005960
133.0616 0.006006
133.2529 0.005946
133.4452 0.005979
133.6371 0.005904
133.8302 0.005924
134.0236 0.005903
134.2179 0.005869
134.4136 0.005938
134.6086 0.005927
134.8038 0.005926
135.0004 0.005912
135.1975 0.005948
135.3958 0.006016
135.5959 0.005994
135.7966 0.005932
135.9983 0.005919
136.1996 0.005942
136.4045 0.005961
136.6094 0.006006
136.8154 0.005986
137.0231 0.005925
137.2314 0.005937
137.4424 0.006082
137.6548 0.006146
137.8690 0.006118
138.0835 0.006109
138.2994 0.006140
138.5173 0.006141
138.7360 0.006134
138.9567 0.006150
139.1803 0.006176
139.4052 0.006067
139.6324 0.006142
139.8627 0.006164
140.0948 0.006188
140.3287 0.006262
140.5630 0.006285
140.8004 0.006340
141.0389 0.006362
141.2826 0.006484
141.5276 0.006502
141.7754 0.006433
142.0259 0.006564
142.2778 0.006603
142.5344 0.006714
142.7961 0.006780
143.0615 0.006860
143.3310 0.006798
143.6040 0.006824
143.8802 0.006781
144.1601 0.006798
144.4436 0.006788
144.7321 0.006765
145.0298 0.006790
145.3304 0.006930
145.6350 0.007117
145.9453 0.007147
146.2631 0.007198
146.5884 0.007283
146.9191 0.007225
147.2586 0.007286
147.6041 0.007337
147.9617 0.007428
148.3253 0.007621
148.7003 0.007739
149.0853 0.007786
149.4802 0.007947
149.8879 0.007924
150.3091 0.008065
150.7402 0.008263
151.1902 0.008557
151.6551 0.008666
152.1412 0.008906
152.6441 0.009048
153.1772 0.009187
153.7340 0.009608
154.3165 0.009764
154.9290 0.010141
155.5729 0.010421
156.2615 0.010686
157.0017 0.011183
157.7994 0.011732
158.6694 0.011639
159.6205 0.012329
160.6829 0.013203
161.8838 0.014085
163.2710 0.014308
164.9187 0.015544
166.9817 0.017042
169.8051 0.020053
170.5210 0.021335
171.3059 0.022825
172.1787 0.024091
173.1843 0.025666
174.3361 0.026819
175.7635 0.029413
177.5375 0.032709
179.9772 0.040357
184.0194 0.052913
187.9424 0.074704
192.9088 0.111478
196.4331 0.155195
 tr2-06-4 3 1
 87.9665 0.143697
 90.1703 0.107555
 93.1910 0.075689
 95.5309 0.056877
 98.0524 0.042639
 99.6487 0.037346
100.8355 0.033214
101.7735 0.031665
102.5623 0.029273
103.2569 0.027956
103.8769 0.026718
104.4422 0.026032
104.9381 0.025453
106.9366 0.021677
108.4510 0.019317
109.6883 0.018178
110.7456 0.017594
111.6675 0.016730
112.4855 0.015708
113.2257 0.015061
113.9106 0.014837
114.5397 0.014379
115.1368 0.013572
115.6936 0.013095
116.2177 0.012679
116.7196 0.012601
117.1951 0.012360
117.6490 0.012568
118.0924 0.012322
118.5157 0.012454
118.9190 0.012300
119.3089 0.012174
119.6899 0.011806
120.0562 0.011777
120.4158 0.011562
120.7618 0.011438
121.1006 0.011216
121.4269 0.011042
121.7496 0.010795
122.0660 0.010721
122.3779 0.010719
122.6852 0.010794
122.9871 0.010728
123.2782 0.010636
123.5651 0.010649
123.8442 0.010566
124.1212 0.010554
124.4001 0.010524
124.6710 0.010442
124.9367 0.010362
125.1955 0.010340
125.4552 0.010149
125.7115 0.010140
125.9630 0.010097
126.2123 0.010236
126.4616 0.010236
126.7041 0.010210
126.9453 0.010135
127.1835 0.010111
127.4188 0.010020
127.6505 0.010079
127.8819 0.009960
128.1058 0.009955
128.3341 0.009903
128.5603 0.009922
128.7826 0.010010
129.0021 0.010089
129.2252 0.010185
129.4437 0.010228
129.6612 0.010198
129.8760 0.010245
130.0904 0.010238
130.3032 0.010226
130.5175 0.010268
130.7280 0.010315
130.9374 0.010275
131.1488 0.010318
131.3567 0.010304
131.5631 0.010150
131.7693 0.010131
131.9761 0.009989
132.1787 0.009928
132.3812 0.010023
132.5839 0.010037
132.7859 0.010030
132.9863 0.010109
133.1874 0.010126
133.3871 0.010137
133.5886 0.010078
133.7880 0.010085
133.9870 0.010122
134.1852 0.010242
134.3821 0.010303
134.5794 0.010324
134.7772 0.010406
134.9728 0.010516
135.1694 0.010479
135.3674 0.010469
135.5624 0.010504
135.7572 0.010627
135.9513 0.010673
136.1452 0.010654
136.3385 0.010706
136.5348 0.010569
136.7279 0.010578
136.9197 0.010538
137.1118 0.010548
137.3064 0.010531
137.5022 0.010628
137.6956 0.010631
137.8914 0.010704
138.0857 0.010690
138.2811 0.010824
138.4771 0.010974
138.6749 0.010844
138.8701 0.010775
139.0662 0.010796
139.2629 0.010752
139.4612 0.010714
139.6605 0.010771
139.8600 0.010758
140.0595 0.010808
140.2591 0.010797
140.4610 0.010814
140.6610 0.010854
140.8653 0.010940
141.0665 0.011055
141.2713 0.011073
141.4747 0.010996
141.6808 0.010879
141.8867 0.010719
142.0944 0.010536
142.3035 0.010490
142.5101 0.010586
142.7203 0.010638
142.9318 0.010581
143.1447 0.010657
143.3589 0.010561
143.5739 0.010537
143.7880 0.010593
144.0037 0.010637
144.2213 0.010720
144.4407 0.010667
144.6608 0.010794
144.8840 0.010978
145.1063 0.010824
145.3308 0.011034
145.5607 0.011033
145.7907 0.011135
146.0243 0.011222
146.2572 0.011250
146.4941 0.011258
146.7287 0.011149
146.9683 0.011125
147.2118 0.011336
147.4545 0.011263
147.7024 0.011197
147.9541 0.011262
148.2097 0.011285
148.4644 0.011403
148.7201 0.011457
148.9842 0.011682
149.2522 0.011957
149.5212 0.012142
149.7900 0.012233
150.0658 0.012309
150.3464 0.012483
150.6281 0.012480
150.9177 0.012530
151.2078 0.012508
151.5058 0.012791
151.8093 0.012976
152.1164 0.012995
152.4295 0.013058
152.7460 0.013080
153.0661 0.013244
153.3982 0.013318
153.7364 0.013331
154.0847 0.013408
154.4393 0.013486
154.7976 0.013705
155.1705 0.013738
155.5485 0.013790
155.9332 0.013987
156.3307 0.014296
156.7331 0.014716
157.1565 0.014766
157.5929 0.014991
158.0404 0.015003
158.5055 0.015159
158.9871 0.015599
159.4914 0.015971
160.0086 0.016050
160.5556 0.016134
161.1268 0.016147
161.7267 0.016471
162.3588 0.017130
163.0367 0.017427
163.7553 0.017794
164.5205 0.018242
165.3434 0.019167
166.2487 0.020254
167.2383 0.021252
168.3383 0.022053
169.5870 0.022876
171.0343 0.024780
172.7338 0.026918
174.8767 0.029175
177.7631 0.035653
178.4904 0.038288
179.2837 0.040728
180.1996 0.042605
181.2444 0.045289
182.4849 0.049152
183.9277 0.054276
185.7532 0.058861
188.2728 0.070474
192.5521 0.093727
196.4921 0.121275
201.8370 0.195970
205.5439 0.257471
tr2s-06-4 3 1
 94.2971 0.147266
 96.3023 0.106051
 99.2124 0.079138
101.5945 0.058565
104.0763 0.042434
105.6756 0.038559
106.9036 0.034759
107.8488 0.032459
108.6288 0.030134
109.3258 0.028654
109.9261 0.026910
110.4722 0.025989
110.9695 0.024128
112.9868 0.020589
114.5107 0.019181
115.7267 0.018218
116.7605 0.016763
117.6791 0.016452
118.5010 0.015361
119.2512 0.014953
119.9309 0.014549
120.5693 0.014191
121.1624 0.013896
121.7236 0.013383
122.2430 0.013239
122.7442 0.013061
123.2186 0.012753
123.6727 0.012534
124.1046 0.012496
124.5260 0.012287
124.9309 0.011972
125.3306 0.011833
125.7093 0.011654
126.0773 0.011746
126.4384 0.011441
126.7878 0.011234
127.1246 0.011184
127.4591 0.010968
127.7827 0.010880
128.0992 0.010772
128.4094 0.010664
128.7103 0.010849
129.0048 0.010953
129.2963 0.010882
129.5827 0.010898
129.8674 0.010926
130.1482 0.010876
130.4180 0.010789
130.6836 0.010836
130.9456 0.010737
131.2054 0.010649
131.4638 0.010524
131.7172 0.010560
131.9707 0.010604
132.2227 0.010426
132.4699 0.010424
132.7095 0.010341
132.9497 0.010414
133.1892 0.010363
133.4240 0.010286
133.6580 0.010306
133.8904 0.010171
134.1182 0.010153
134.3431 0.010242
134.5685 0.010338
134.7921 0.010250
135.0127 0.010255
135.2317 0.010419
135.4508 0.010329
135.6711 0.010350
135.8893 0.010432
136.1032 0.010419
136.3185 0.010507
136.5313 0.010497
136.7431 0.010449
136.9510 0.010396
137.1580 0.010443
137.3637 0.010335
137.5705 0.010239
137.7783 0.010177
137.9852 0.010275
138.1885 0.010153
138.3921 0.010216
138.5948 0.010140
138.7962 0.010180
138.9960 0.010211
139.1954 0.010261
139.3942 0.010233
139.5925 0.010220
139.7899 0.010287
139.9902 0.010319
140.1872 0.010394
140.3832 0.010452
140.5771 0.010555
140.7719 0.010592
140.9688 0.010540
141.1667 0.010538
141.3591 0.010539
141.5516 0.010500
141.7459 0.010549
141.9393 0.010684
142.1327 0.010715
142.3248 0.010724
142.5225 0.010651
142.7191 0.010588
142.9160 0.010674
143.1117 0.010676
143.3079 0.010691
143.5048 0.010624
143.6994 0.010632
143.8928 0.010710
144.0883 0.010670
144.2822 0.010642
144.4817 0.010618
144.6777 0.010577
144.8736 0.010585
145.0686 0.010586
145.2660 0.010669
145.4630 0.010590
145.6619 0.010704
145.8611 0.010712
146.0583 0.010770
146.2561 0.010830
146.4584 0.010824
146.6587 0.010748
146.8582 0.010746
147.0647 0.010863
147.2695 0.010809
147.4754 0.010767
147.6788 0.010784
147.8859 0.010740
148.0941 0.010617
148.3023 0.010775
148.5090 0.010807
148.7194 0.010832
148.9284 0.010804
149.1417 0.010891
149.3512 0.010775
149.5653 0.010750
149.7786 0.010772
149.9932 0.010820
150.2122 0.010902
150.4326 0.010904
150.6513 0.011047
150.8709 0.010935
151.0964 0.010975
151.3235 0.011048
151.5530 0.011158
151.7829 0.011208
152.0144 0.011228
152.2476 0.011303
152.4834 0.011376
152.7201 0.011409
152.9606 0.011401
153.2038 0.011543
153.4482 0.011660
153.6960 0.011772
153.9431 0.011816
154.1960 0.011815
154.4498 0.012025
154.7090 0.012011
154.9744 0.011948
155.2388 0.012037
155.5075 0.012318
155.7798 0.012307
156.0557 0.012404
156.3320 0.012457
156.6155 0.012442
156.9042 0.012503
157.1928 0.012634
157.4881 0.012643
157.7875 0.012722
158.0922 0.012891
158.4080 0.012956
158.7252 0.012986
159.0480 0.012899
159.3757 0.012996
159.7096 0.013055
160.0543 0.013011
160.4058 0.013231
160.7650 0.013320
161.1351 0.013657
161.5120 0.013851
161.9016 0.013875
162.3002 0.014165
162.7101 0.014304
163.1307 0.014292
163.5606 0.014423
164.0082 0.014856
164.4721 0.015231
164.9536 0.015574
165.4569 0.015901
165.9864 0.016087
166.5344 0.016506
167.1018 0.016573
167.6995 0.016987
168.3384 0.017515
169.0117 0.017880
169.7214 0.018302
170.4938 0.018823
171.3161 0.019685
172.2227 0.020494
173.2238 0.021256
174.3327 0.022303
175.5572 0.023770
176.9962 0.025770
178.7037 0.027836
180.8363 0.031440
183.7371 0.036549
184.4576 0.038368
185.2812 0.040542
186.1663 0.042391
187.1738 0.045685
188.4017 0.048630
189.9105 0.053402
191.7903 0.059221
194.3379 0.067374
198.5324 0.089183
202.5261 0.119640
207.6007 0.186650
211.1630 0.265489
