Copyright (C) 1998 James G. MacKinnon, Alfred A. Haug, and Leo Michelis.
 lm0-11-7 3 1
 50.9522 0.064847
 51.8603 0.047916
 53.1521 0.032341
 54.2341 0.024362
 55.4037 0.018485
 56.1307 0.016584
 56.6639 0.015279
 57.0988 0.014002
 57.4683 0.013233
 57.7889 0.012743
 58.0729 0.012255
 58.3346 0.011755
 58.5659 0.011042
 59.5023 0.009632
 60.2051 0.008984
 60.7820 0.008528
 61.2715 0.007911
 61.7109 0.007752
 62.1058 0.007188
 62.4615 0.007013
 62.7912 0.006911
 63.0941 0.006831
 63.3756 0.006584
 63.6451 0.006606
 63.8993 0.006323
 64.1415 0.006107
 64.3741 0.006049
 64.5985 0.006091
 64.8162 0.006116
 65.0187 0.006159
 65.2181 0.006142
 65.4091 0.006028
 65.5966 0.005999
 65.7781 0.005902
 65.9537 0.005874
 66.1249 0.005872
 66.2938 0.005779
 66.4574 0.005708
 66.6179 0.005650
 66.7731 0.005582
 66.9274 0.005514
 67.0780 0.005478
 67.2252 0.005466
 67.3698 0.005403
 67.5136 0.005338
 67.6527 0.005388
 67.7926 0.005375
 67.9279 0.005276
 68.0642 0.005342
 68.1969 0.005333
 68.3278 0.005267
 68.4567 0.005219
 68.5849 0.005231
 68.7105 0.005183
 68.8350 0.005106
 68.9572 0.005127
 69.0809 0.005091
 69.2034 0.005071
 69.3250 0.005111
 69.4444 0.005089
 69.5615 0.005051
 69.6803 0.005031
 69.7960 0.005056
 69.9122 0.005024
 70.0272 0.005005
 70.1412 0.004974
 70.2545 0.004967
 70.3684 0.004993
 70.4812 0.005041
 70.5925 0.005070
 70.7036 0.005065
 70.8135 0.005081
 70.9227 0.005043
 71.0315 0.005075
 71.1389 0.005111
 71.2461 0.005109
 71.3533 0.005165
 71.4603 0.005240
 71.5676 0.005243
 71.6740 0.005303
 71.7797 0.005278
 71.8858 0.005315
 71.9906 0.005336
 72.0947 0.005333
 72.2005 0.005322
 72.3048 0.005295
 72.4088 0.005276
 72.5119 0.005264
 72.6163 0.005273
 72.7200 0.005302
 72.8228 0.005296
 72.9270 0.005346
 73.0313 0.005296
 73.1345 0.005327
 73.2387 0.005374
 73.3414 0.005355
 73.4462 0.005378
 73.5489 0.005370
 73.6511 0.005357
 73.7539 0.005315
 73.8562 0.005323
 73.9601 0.005310
 74.0630 0.005313
 74.1659 0.005267
 74.2690 0.005281
 74.3724 0.005342
 74.4751 0.005358
 74.5778 0.005414
 74.6814 0.005474
 74.7858 0.005466
 74.8897 0.005398
 74.9935 0.005409
 75.0986 0.005436
 75.2035 0.005457
 75.3070 0.005460
 75.4127 0.005528
 75.5168 0.005549
 75.6230 0.005574
 75.7291 0.005627
 75.8350 0.005581
 75.9415 0.005611
 76.0479 0.005570
 76.1565 0.005563
 76.2635 0.005570
 76.3725 0.005557
 76.4807 0.005518
 76.5904 0.005533
 76.6989 0.005539
 76.8095 0.005511
 76.9213 0.005561
 77.0336 0.005556
 77.1448 0.005590
 77.2584 0.005600
 77.3712 0.005663
 77.4867 0.005663
 77.6034 0.005694
 77.7188 0.005662
 77.8357 0.005727
 77.9508 0.005808
 78.0689 0.005836
 78.1874 0.005903
 78.3074 0.005900
 78.4280 0.005868
 78.5512 0.005880
 78.6730 0.006010
 78.7971 0.006064
 78.9225 0.006072
 79.0479 0.006051
 79.1760 0.006070
 79.3047 0.006107
 79.4325 0.006149
 79.5626 0.006227
 79.6942 0.006242
 79.8272 0.006210
 79.9634 0.006262
 80.0988 0.006254
 80.2354 0.006252
 80.3755 0.006278
 80.5162 0.006357
 80.6587 0.006390
 80.8027 0.006420
 80.9499 0.006459
 81.0999 0.006498
 81.2493 0.006529
 81.4012 0.006584
 81.5559 0.006519
 81.7157 0.006556
 81.8770 0.006668
 82.0392 0.006725
 82.2043 0.006854
 82.3720 0.006932
 82.5443 0.006956
 82.7186 0.007107
 82.8951 0.007049
 83.0740 0.007027
 83.2614 0.007150
 83.4501 0.007276
 83.6429 0.007318
 83.8416 0.007406
 84.0443 0.007625
 84.2512 0.007726
 84.4642 0.007908
 84.6798 0.008062
 84.9026 0.008191
 85.1315 0.008418
 85.3692 0.008423
 85.6165 0.008654
 85.8692 0.008798
 86.1329 0.009011
 86.4046 0.009136
 86.6854 0.009161
 86.9786 0.009369
 87.2863 0.009501
 87.6095 0.009765
 87.9453 0.009997
 88.3028 0.010154
 88.6814 0.010446
 89.0839 0.010537
 89.5117 0.010772
 89.9745 0.010828
 90.4793 0.011252
 91.0184 0.011738
 91.6190 0.012523
 92.2869 0.012898
 93.0493 0.014327
 93.9348 0.015210
 94.9920 0.016893
 96.3192 0.018952
 98.1748 0.022333
 98.6393 0.023045
 99.1564 0.023977
 99.7319 0.025309
100.3942 0.027366
101.1729 0.030281
102.0972 0.033947
103.2506 0.037517
104.8860 0.045256
107.6232 0.061710
110.2980 0.086856
113.5805 0.132289
116.2928 0.180399
 lm1-11-7 3 1
 53.5521 0.065281
 54.5071 0.048084
 55.7762 0.034222
 56.8456 0.027296
 58.0149 0.021565
 58.7452 0.018304
 59.2957 0.015843
 59.7362 0.014799
 60.1174 0.014279
 60.4422 0.013534
 60.7303 0.013020
 60.9840 0.012527
 61.2296 0.011991
 62.1814 0.010383
 62.9080 0.009340
 63.5039 0.008547
 63.9977 0.008299
 64.4349 0.007951
 64.8263 0.007712
 65.1884 0.007553
 65.5227 0.007484
 65.8355 0.007247
 66.1280 0.007030
 66.4019 0.006895
 66.6604 0.006829
 66.9061 0.006762
 67.1417 0.006708
 67.3694 0.006603
 67.5852 0.006577
 67.7962 0.006419
 67.9966 0.006299
 68.1919 0.006181
 68.3845 0.006063
 68.5646 0.005941
 68.7453 0.005800
 68.9198 0.005715
 69.0903 0.005639
 69.2589 0.005480
 69.4218 0.005427
 69.5791 0.005412
 69.7361 0.005349
 69.8906 0.005327
 70.0419 0.005259
 70.1909 0.005238
 70.3365 0.005223
 70.4801 0.005181
 70.6215 0.005168
 70.7608 0.005172
 70.8988 0.005141
 71.0319 0.005061
 71.1657 0.005090
 71.2972 0.005086
 71.4277 0.005063
 71.5567 0.005078
 71.6857 0.005138
 71.8128 0.005204
 71.9373 0.005237
 72.0605 0.005225
 72.1821 0.005250
 72.3040 0.005227
 72.4247 0.005212
 72.5443 0.005124
 72.6619 0.005085
 72.7785 0.005078
 72.8959 0.005077
 73.0097 0.005157
 73.1245 0.005219
 73.2392 0.005264
 73.3525 0.005232
 73.4654 0.005179
 73.5780 0.005161
 73.6890 0.005183
 73.8001 0.005226
 73.9117 0.005306
 74.0241 0.005326
 74.1339 0.005298
 74.2437 0.005312
 74.3517 0.005359
 74.4606 0.005337
 74.5693 0.005336
 74.6769 0.005331
 74.7833 0.005317
 74.8886 0.005290
 74.9955 0.005262
 75.1022 0.005240
 75.2088 0.005221
 75.3156 0.005197
 75.4206 0.005182
 75.5263 0.005194
 75.6307 0.005232
 75.7366 0.005239
 75.8418 0.005207
 75.9468 0.005211
 76.0514 0.005273
 76.1562 0.005268
 76.2623 0.005221
 76.3654 0.005241
 76.4699 0.005300
 76.5760 0.005314
 76.6796 0.005311
 76.7831 0.005330
 76.8870 0.005328
 76.9924 0.005335
 77.0977 0.005312
 77.2024 0.005365
 77.3090 0.005404
 77.4163 0.005455
 77.5207 0.005485
 77.6256 0.005503
 77.7313 0.005532
 77.8369 0.005513
 77.9426 0.005524
 78.0498 0.005570
 78.1571 0.005584
 78.2632 0.005652
 78.3703 0.005660
 78.4789 0.005690
 78.5868 0.005717
 78.6952 0.005733
 78.8035 0.005751
 78.9123 0.005750
 79.0214 0.005785
 79.1327 0.005818
 79.2433 0.005868
 79.3530 0.005945
 79.4643 0.005998
 79.5748 0.005989
 79.6864 0.005951
 79.7985 0.005972
 79.9102 0.005934
 80.0222 0.005956
 80.1358 0.005954
 80.2510 0.005930
 80.3678 0.005963
 80.4833 0.005947
 80.6008 0.005993
 80.7182 0.006016
 80.8365 0.006020
 80.9542 0.005958
 81.0746 0.005963
 81.1971 0.006001
 81.3175 0.005977
 81.4391 0.006005
 81.5623 0.005943
 81.6852 0.005995
 81.8094 0.005941
 81.9363 0.005903
 82.0632 0.005993
 82.1918 0.006024
 82.3226 0.006006
 82.4539 0.006027
 82.5882 0.006059
 82.7212 0.006068
 82.8586 0.006105
 82.9944 0.006208
 83.1328 0.006270
 83.2725 0.006377
 83.4150 0.006416
 83.5602 0.006519
 83.7055 0.006602
 83.8532 0.006634
 84.0010 0.006630
 84.1520 0.006719
 84.3041 0.006758
 84.4567 0.006810
 84.6136 0.006832
 84.7710 0.006780
 84.9331 0.006841
 85.0989 0.006814
 85.2651 0.006832
 85.4376 0.006817
 85.6105 0.006837
 85.7880 0.006933
 85.9678 0.006990
 86.1512 0.007064
 86.3398 0.007122
 86.5289 0.007226
 86.7265 0.007284
 86.9253 0.007368
 87.1291 0.007353
 87.3364 0.007498
 87.5518 0.007582
 87.7716 0.007571
 88.0016 0.007685
 88.2361 0.007955
 88.4764 0.008085
 88.7230 0.008304
 88.9808 0.008453
 89.2479 0.008631
 89.5237 0.008715
 89.8097 0.008897
 90.1088 0.009003
 90.4208 0.009148
 90.7516 0.009415
 91.0936 0.009899
 91.4563 0.010070
 91.8354 0.010370
 92.2432 0.010694
 92.6785 0.011221
 93.1443 0.011586
 93.6503 0.012199
 94.2033 0.012583
 94.8109 0.013455
 95.4950 0.014044
 96.2636 0.014729
 97.1611 0.016184
 98.2391 0.017827
 99.6027 0.019815
101.4580 0.023421
101.9271 0.024640
102.4540 0.025480
103.0285 0.025928
103.6888 0.027857
104.4924 0.029697
105.4332 0.032132
106.6308 0.035873
108.2878 0.044557
111.0310 0.064586
113.6576 0.087681
117.2281 0.131682
119.7096 0.177440
lm1s-11-7 3 1
 54.3444 0.062942
 55.1832 0.048545
 56.5315 0.034812
 57.5943 0.026487
 58.7438 0.021493
 59.4773 0.018201
 60.0444 0.016115
 60.4835 0.015083
 60.8595 0.014331
 61.1839 0.013384
 61.4734 0.012838
 61.7343 0.012198
 61.9746 0.011582
 62.9296 0.010203
 63.6618 0.009062
 64.2450 0.008724
 64.7420 0.008031
 65.1836 0.007942
 65.5782 0.007857
 65.9449 0.007689
 66.2809 0.007362
 66.5915 0.007199
 66.8822 0.007083
 67.1562 0.006994
 67.4175 0.006895
 67.6628 0.006845
 67.8983 0.006857
 68.1238 0.006736
 68.3413 0.006637
 68.5490 0.006501
 68.7496 0.006366
 68.9453 0.006159
 69.1345 0.006139
 69.3177 0.006028
 69.4979 0.005942
 69.6702 0.005825
 69.8410 0.005661
 70.0086 0.005510
 70.1728 0.005420
 70.3327 0.005356
 70.4880 0.005288
 70.6430 0.005262
 70.7945 0.005254
 70.9433 0.005176
 71.0880 0.005219
 71.2317 0.005171
 71.3724 0.005171
 71.5124 0.005171
 71.6496 0.005184
 71.7858 0.005253
 71.9184 0.005371
 72.0510 0.005377
 72.1811 0.005312
 72.3095 0.005341
 72.4372 0.005296
 72.5625 0.005238
 72.6863 0.005222
 72.8107 0.005231
 72.9334 0.005211
 73.0550 0.005208
 73.1754 0.005228
 73.2944 0.005285
 73.4124 0.005310
 73.5290 0.005274
 73.6466 0.005294
 73.7627 0.005313
 73.8785 0.005256
 73.9931 0.005280
 74.1065 0.005277
 74.2192 0.005302
 74.3326 0.005274
 74.4441 0.005309
 74.5547 0.005265
 74.6666 0.005282
 74.7772 0.005271
 74.8876 0.005272
 74.9954 0.005213
 75.1052 0.005230
 75.2131 0.005308
 75.3202 0.005320
 75.4292 0.005328
 75.5369 0.005240
 75.6444 0.005199
 75.7514 0.005205
 75.8590 0.005206
 75.9649 0.005229
 76.0708 0.005206
 76.1762 0.005234
 76.2814 0.005276
 76.3876 0.005300
 76.4940 0.005347
 76.5984 0.005332
 76.7008 0.005310
 76.8046 0.005311
 76.9101 0.005339
 77.0139 0.005383
 77.1184 0.005346
 77.2232 0.005387
 77.3290 0.005414
 77.4351 0.005490
 77.5395 0.005517
 77.6446 0.005539
 77.7487 0.005597
 77.8537 0.005553
 77.9583 0.005580
 78.0628 0.005634
 78.1676 0.005639
 78.2732 0.005606
 78.3801 0.005577
 78.4857 0.005586
 78.5915 0.005613
 78.6974 0.005682
 78.8035 0.005685
 78.9099 0.005762
 79.0175 0.005783
 79.1255 0.005742
 79.2328 0.005777
 79.3403 0.005834
 79.4471 0.005862
 79.5555 0.005877
 79.6652 0.005843
 79.7727 0.005877
 79.8817 0.005866
 79.9922 0.005930
 80.1007 0.005957
 80.2125 0.005927
 80.3257 0.005880
 80.4372 0.005846
 80.5492 0.005860
 80.6628 0.005966
 80.7760 0.005971
 80.8912 0.005911
 81.0042 0.005932
 81.1199 0.005928
 81.2377 0.005908
 81.3544 0.005901
 81.4711 0.005922
 81.5899 0.005945
 81.7077 0.006006
 81.8268 0.005941
 81.9460 0.005924
 82.0683 0.005915
 82.1903 0.005930
 82.3160 0.005900
 82.4420 0.005911
 82.5679 0.005971
 82.6940 0.005976
 82.8208 0.005993
 82.9489 0.006050
 83.0803 0.006163
 83.2099 0.006177
 83.3425 0.006237
 83.4780 0.006259
 83.6122 0.006288
 83.7494 0.006339
 83.8874 0.006366
 84.0278 0.006382
 84.1685 0.006553
 84.3122 0.006560
 84.4556 0.006618
 84.6022 0.006630
 84.7489 0.006557
 84.8982 0.006674
 85.0508 0.006697
 85.2045 0.006809
 85.3620 0.006872
 85.5202 0.006778
 85.6822 0.006849
 85.8490 0.006860
 86.0181 0.006795
 86.1880 0.006888
 86.3610 0.006898
 86.5379 0.006938
 86.7184 0.007088
 86.9009 0.007190
 87.0917 0.007230
 87.2822 0.007239
 87.4774 0.007363
 87.6777 0.007389
 87.8812 0.007468
 88.0911 0.007562
 88.3079 0.007672
 88.5288 0.007795
 88.7570 0.008049
 88.9888 0.008131
 89.2287 0.008262
 89.4771 0.008334
 89.7334 0.008427
 90.0020 0.008640
 90.2796 0.008718
 90.5668 0.008897
 90.8671 0.008905
 91.1827 0.009190
 91.5078 0.009532
 91.8529 0.009698
 92.2121 0.010086
 92.5966 0.010374
 93.0036 0.010645
 93.4353 0.011076
 93.9018 0.011348
 94.4017 0.011787
 94.9567 0.012601
 95.5666 0.013211
 96.2444 0.013849
 97.0142 0.014506
 97.9125 0.016092
 99.0015 0.017593
100.3495 0.019693
102.2080 0.023499
102.6792 0.023799
103.2022 0.024482
103.7751 0.026225
104.4692 0.027139
105.2494 0.030093
106.1837 0.032654
107.3878 0.035657
109.0507 0.045357
111.7964 0.064801
114.4115 0.087877
118.0379 0.137059
120.4354 0.179063
 lm2-11-7 3 1
 56.1887 0.080712
 57.0639 0.060906
 58.3776 0.043472
 59.4303 0.034522
 60.6404 0.026533
 61.3905 0.022842
 61.9461 0.020868
 62.3947 0.019828
 62.7779 0.018447
 63.1084 0.016861
 63.4076 0.015928
 63.6743 0.015657
 63.9142 0.014947
 64.8773 0.012920
 65.6189 0.012266
 66.2206 0.011377
 66.7300 0.011047
 67.1755 0.010865
 67.5742 0.010292
 67.9432 0.010075
 68.2806 0.009819
 68.5981 0.009662
 68.8933 0.009477
 69.1764 0.009142
 69.4371 0.008873
 69.6897 0.008603
 69.9275 0.008521
 70.1577 0.008295
 70.3783 0.008270
 70.5913 0.008147
 70.7957 0.008008
 70.9915 0.007780
 71.1883 0.007757
 71.3791 0.007713
 71.5609 0.007608
 71.7383 0.007456
 71.9121 0.007286
 72.0809 0.007301
 72.2463 0.007244
 72.4088 0.007275
 72.5680 0.007290
 72.7264 0.007258
 72.8804 0.007240
 73.0290 0.007326
 73.1750 0.007286
 73.3199 0.007179
 73.4636 0.007139
 73.6054 0.007009
 73.7448 0.007013
 73.8832 0.006949
 74.0179 0.006935
 74.1522 0.006985
 74.2858 0.007026
 74.4171 0.007040
 74.5470 0.007002
 74.6763 0.006992
 74.8032 0.006928
 74.9287 0.006897
 75.0531 0.006959
 75.1778 0.006901
 75.2994 0.006823
 75.4208 0.006763
 75.5398 0.006880
 75.6587 0.006920
 75.7787 0.006847
 75.8975 0.006850
 76.0136 0.006945
 76.1287 0.007043
 76.2418 0.007026
 76.3569 0.007026
 76.4712 0.007050
 76.5830 0.007041
 76.6976 0.007028
 76.8120 0.007061
 76.9235 0.007056
 77.0335 0.006951
 77.1440 0.006872
 77.2546 0.006888
 77.3626 0.006757
 77.4744 0.006782
 77.5839 0.006832
 77.6925 0.006796
 77.8019 0.006852
 77.9106 0.006792
 78.0186 0.006744
 78.1267 0.006857
 78.2344 0.006833
 78.3432 0.006853
 78.4515 0.006804
 78.5585 0.006790
 78.6651 0.006834
 78.7715 0.006801
 78.8778 0.006860
 78.9824 0.006847
 79.0899 0.006877
 79.1960 0.006883
 79.3015 0.006925
 79.4091 0.006887
 79.5163 0.006953
 79.6229 0.006968
 79.7303 0.006912
 79.8360 0.006896
 79.9410 0.006967
 80.0473 0.007059
 80.1548 0.007038
 80.2619 0.006972
 80.3694 0.006908
 80.4769 0.006962
 80.5843 0.007001
 80.6924 0.006993
 80.8005 0.006990
 80.9072 0.007028
 81.0154 0.007029
 81.1232 0.006975
 81.2321 0.006970
 81.3419 0.006895
 81.4504 0.006864
 81.5593 0.006910
 81.6690 0.006986
 81.7787 0.007008
 81.8879 0.007010
 81.9982 0.006943
 82.1081 0.007003
 82.2201 0.007019
 82.3310 0.007044
 82.4437 0.007014
 82.5573 0.007009
 82.6718 0.006990
 82.7879 0.006985
 82.9025 0.007083
 83.0162 0.007062
 83.1323 0.007159
 83.2482 0.007189
 83.3632 0.007190
 83.4833 0.007251
 83.6006 0.007237
 83.7197 0.007264
 83.8413 0.007327
 83.9623 0.007411
 84.0842 0.007502
 84.2063 0.007599
 84.3295 0.007691
 84.4542 0.007743
 84.5822 0.007779
 84.7097 0.007749
 84.8372 0.007809
 84.9642 0.007868
 85.0931 0.007928
 85.2237 0.007977
 85.3577 0.008019
 85.4899 0.008123
 85.6236 0.008202
 85.7603 0.008110
 85.8967 0.008203
 86.0356 0.008199
 86.1756 0.008176
 86.3183 0.008342
 86.4616 0.008383
 86.6055 0.008346
 86.7517 0.008398
 86.9015 0.008415
 87.0509 0.008527
 87.2058 0.008530
 87.3601 0.008583
 87.5213 0.008701
 87.6802 0.008748
 87.8414 0.008838
 88.0061 0.009038
 88.1721 0.009156
 88.3423 0.009292
 88.5147 0.009353
 88.6887 0.009309
 88.8671 0.009396
 89.0510 0.009478
 89.2357 0.009540
 89.4254 0.009529
 89.6210 0.009604
 89.8197 0.009688
 90.0233 0.009875
 90.2338 0.010155
 90.4467 0.010217
 90.6670 0.010098
 90.8912 0.010271
 91.1182 0.010412
 91.3536 0.010597
 91.5977 0.010862
 91.8526 0.011101
 92.1111 0.011233
 92.3770 0.011398
 92.6569 0.011631
 92.9477 0.011817
 93.2518 0.012053
 93.5686 0.012295
 93.9026 0.012652
 94.2519 0.013045
 94.6209 0.013197
 95.0119 0.013745
 95.4273 0.014065
 95.8651 0.014467
 96.3389 0.014951
 96.8526 0.015191
 97.4218 0.016115
 98.0435 0.016520
 98.7368 0.017091
 99.5192 0.018260
100.4225 0.019496
101.5134 0.021558
102.8837 0.024137
104.7528 0.028934
105.2339 0.030499
105.7702 0.032032
106.3713 0.034510
107.0448 0.037053
107.8426 0.039672
108.8052 0.044805
110.0065 0.050946
111.6207 0.059653
114.3541 0.082555
117.0921 0.118865
120.5622 0.161517
123.0340 0.228021
lm2s-11-7 3 1
 56.8924 0.082389
 57.7617 0.062109
 59.1253 0.043965
 60.1602 0.034289
 61.4057 0.026310
 62.1554 0.023043
 62.7103 0.021224
 63.1500 0.019494
 63.5393 0.018161
 63.8676 0.017367
 64.1661 0.016354
 64.4302 0.015690
 64.6630 0.015310
 65.6283 0.012991
 66.3623 0.011934
 66.9667 0.011248
 67.4808 0.010847
 67.9263 0.010432
 68.3327 0.010329
 68.6976 0.010070
 69.0383 0.009811
 69.3507 0.009622
 69.6479 0.009212
 69.9260 0.009183
 70.1955 0.008762
 70.4486 0.008853
 70.6870 0.008613
 70.9147 0.008362
 71.1377 0.008135
 71.3498 0.008061
 71.5532 0.007913
 71.7531 0.007755
 71.9465 0.007623
 72.1350 0.007473
 72.3179 0.007413
 72.4960 0.007424
 72.6676 0.007370
 72.8378 0.007441
 73.0039 0.007331
 73.1647 0.007230
 73.3255 0.007274
 73.4823 0.007209
 73.6339 0.007167
 73.7850 0.007147
 73.9342 0.007184
 74.0798 0.007050
 74.2227 0.006975
 74.3655 0.007144
 74.5031 0.007139
 74.6422 0.007076
 74.7798 0.007110
 74.9137 0.007065
 75.0457 0.007053
 75.1758 0.007131
 75.3043 0.007156
 75.4331 0.007051
 75.5589 0.007128
 75.6826 0.006983
 75.8087 0.006974
 75.9319 0.006840
 76.0543 0.006856
 76.1755 0.006960
 76.2961 0.007045
 76.4167 0.007004
 76.5339 0.007095
 76.6508 0.007097
 76.7698 0.007112
 76.8851 0.007072
 77.0000 0.006953
 77.1130 0.006994
 77.2266 0.006969
 77.3410 0.006954
 77.4542 0.007008
 77.5685 0.006966
 77.6779 0.006980
 77.7909 0.007047
 77.9023 0.007027
 78.0130 0.007016
 78.1235 0.006916
 78.2342 0.006890
 78.3436 0.006853
 78.4525 0.006854
 78.5610 0.006868
 78.6698 0.006885
 78.7795 0.006854
 78.8871 0.006796
 78.9934 0.006702
 79.1000 0.006743
 79.2084 0.006776
 79.3156 0.006845
 79.4223 0.006833
 79.5291 0.006854
 79.6362 0.006852
 79.7438 0.006936
 79.8504 0.006993
 79.9556 0.007008
 80.0624 0.007014
 80.1679 0.007115
 80.2736 0.007116
 80.3798 0.007050
 80.4873 0.006962
 80.5959 0.006998
 80.7026 0.006916
 80.8096 0.006901
 80.9174 0.006893
 81.0231 0.006925
 81.1305 0.006943
 81.2389 0.006977
 81.3457 0.006944
 81.4515 0.006914
 81.5592 0.006919
 81.6683 0.006928
 81.7769 0.006941
 81.8836 0.006827
 81.9901 0.006805
 82.0983 0.006772
 82.2070 0.006825
 82.3148 0.006776
 82.4234 0.006726
 82.5341 0.006777
 82.6449 0.006723
 82.7552 0.006764
 82.8649 0.006870
 82.9749 0.006901
 83.0872 0.006972
 83.2028 0.007051
 83.3154 0.007111
 83.4293 0.007160
 83.5438 0.007199
 83.6579 0.007236
 83.7745 0.007262
 83.8914 0.007230
 84.0089 0.007243
 84.1226 0.007254
 84.2413 0.007358
 84.3618 0.007356
 84.4832 0.007419
 84.6037 0.007549
 84.7257 0.007573
 84.8471 0.007609
 84.9694 0.007625
 85.0935 0.007653
 85.2172 0.007680
 85.3438 0.007774
 85.4686 0.007858
 85.5957 0.007905
 85.7247 0.007890
 85.8544 0.007927
 85.9859 0.007969
 86.1169 0.007970
 86.2486 0.008158
 86.3811 0.008098
 86.5159 0.008197
 86.6524 0.008188
 86.7923 0.008293
 86.9334 0.008407
 87.0748 0.008359
 87.2182 0.008322
 87.3645 0.008167
 87.5141 0.008280
 87.6622 0.008232
 87.8133 0.008271
 87.9656 0.008314
 88.1201 0.008475
 88.2782 0.008544
 88.4361 0.008656
 88.5981 0.008844
 88.7620 0.008912
 88.9264 0.009086
 89.0947 0.009212
 89.2686 0.009259
 89.4469 0.009225
 89.6234 0.009418
 89.8056 0.009492
 89.9903 0.009666
 90.1813 0.009695
 90.3778 0.009811
 90.5767 0.009839
 90.7799 0.009810
 90.9881 0.009965
 91.2022 0.010105
 91.4221 0.010175
 91.6423 0.010408
 91.8714 0.010563
 92.1052 0.010570
 92.3467 0.010750
 92.5991 0.011101
 92.8566 0.011488
 93.1279 0.011561
 93.4092 0.011803
 93.7018 0.012053
 94.0053 0.012349
 94.3252 0.012409
 94.6516 0.012784
 94.9988 0.013286
 95.3680 0.013459
 95.7584 0.013594
 96.1713 0.014062
 96.6138 0.014440
 97.0933 0.015008
 97.6049 0.015132
 98.1675 0.015767
 98.7955 0.016271
 99.4868 0.017020
100.2729 0.017950
101.1604 0.019617
102.2530 0.021468
103.6217 0.024035
105.5330 0.029291
106.0130 0.030660
106.5375 0.032138
107.1307 0.034494
107.8104 0.036652
108.5977 0.040803
109.5283 0.044975
110.7460 0.051565
112.3854 0.062511
115.1402 0.084061
117.8553 0.115730
121.3488 0.165434
123.7854 0.228739
 tr0-11-7 3 1
296.4795 0.272670
300.2670 0.204416
305.6534 0.139614
310.1303 0.103177
314.8341 0.079848
317.7995 0.066998
319.9868 0.060937
321.6524 0.055457
323.1153 0.052522
324.3861 0.051111
325.4803 0.048923
326.4646 0.047162
327.3865 0.045720
330.9710 0.038085
333.6897 0.034484
335.8926 0.032174
337.7751 0.029471
339.4133 0.028002
340.8598 0.026677
342.1573 0.025790
343.3636 0.024943
344.4939 0.024420
345.5391 0.024224
346.5184 0.023635
347.4450 0.023016
348.3240 0.022795
349.1624 0.022303
349.9589 0.021888
350.7135 0.021473
351.4352 0.020989
352.1415 0.021028
352.8262 0.020800
353.4879 0.020846
354.1221 0.020670
354.7506 0.020639
355.3568 0.020357
355.9407 0.020292
356.5141 0.019876
357.0679 0.019618
357.6135 0.019257
358.1510 0.018965
358.6742 0.018663
359.1875 0.018655
359.6917 0.018632
360.1831 0.018791
360.6749 0.019085
361.1486 0.019058
361.6119 0.018953
362.0768 0.018988
362.5314 0.018905
362.9808 0.018946
363.4189 0.018779
363.8540 0.018646
364.2813 0.018565
364.7096 0.018201
365.1308 0.018277
365.5454 0.018385
365.9568 0.018499
366.3643 0.018439
366.7712 0.018406
367.1659 0.018525
367.5542 0.018542
367.9462 0.018531
368.3263 0.018537
368.7089 0.018289
369.0882 0.018235
369.4625 0.018180
369.8276 0.018171
370.1961 0.017989
370.5625 0.018004
370.9263 0.018088
371.2872 0.018026
371.6472 0.018000
372.0103 0.017803
372.3651 0.017765
372.7191 0.017642
373.0684 0.017631
373.4193 0.017448
373.7673 0.017331
374.1123 0.017277
374.4538 0.017223
374.7987 0.017284
375.1402 0.017082
375.4770 0.016926
375.8176 0.016812
376.1527 0.016904
376.4906 0.016855
376.8260 0.016844
377.1606 0.016889
377.4928 0.016959
377.8276 0.017013
378.1570 0.016851
378.4870 0.016830
378.8157 0.016810
379.1475 0.016669
379.4764 0.016795
379.8029 0.016638
380.1336 0.016713
380.4594 0.016909
380.7867 0.016954
381.1104 0.016840
381.4389 0.016812
381.7650 0.016800
382.0927 0.016981
382.4172 0.017008
382.7403 0.016879
383.0677 0.016975
383.3900 0.017049
383.7142 0.017052
384.0361 0.017054
384.3598 0.016960
384.6861 0.017050
385.0078 0.017104
385.3387 0.017110
385.6635 0.016993
385.9904 0.017183
386.3149 0.017212
386.6421 0.017241
386.9716 0.017490
387.3020 0.017665
387.6390 0.017599
387.9669 0.017736
388.2997 0.017604
388.6337 0.017616
388.9650 0.017592
389.2993 0.017930
389.6308 0.017934
389.9640 0.017905
390.3017 0.018032
390.6394 0.017970
390.9778 0.017959
391.3188 0.017990
391.6576 0.017979
392.0025 0.017992
392.3441 0.018144
392.6883 0.018242
393.0326 0.018226
393.3849 0.018229
393.7374 0.018383
394.0916 0.018204
394.4476 0.018342
394.8028 0.018245
395.1615 0.018372
395.5207 0.018462
395.8901 0.018525
396.2583 0.018600
396.6271 0.018543
397.0001 0.018327
397.3746 0.018336
397.7508 0.018452
398.1313 0.018270
398.5180 0.018297
398.9058 0.018167
399.3007 0.018041
399.6942 0.017813
400.0951 0.017890
400.4996 0.017934
400.9063 0.018306
401.3206 0.018508
401.7335 0.018674
402.1526 0.018824
402.5776 0.019199
403.0107 0.019356
403.4441 0.019324
403.8857 0.019444
404.3350 0.019516
404.7936 0.019657
405.2468 0.020132
405.7128 0.020366
406.1858 0.020521
406.6695 0.020705
407.1528 0.020780
407.6510 0.021143
408.1557 0.021295
408.6676 0.021585
409.1938 0.021752
409.7334 0.022085
410.2816 0.021828
410.8408 0.022069
411.4091 0.022346
411.9799 0.022787
412.5657 0.022817
413.1701 0.022874
413.7974 0.023272
414.4350 0.023829
415.0864 0.023984
415.7659 0.024156
416.4626 0.024559
417.1771 0.024911
417.9262 0.025016
418.7149 0.025168
419.5194 0.025716
420.3585 0.025528
421.2150 0.026264
422.1245 0.026811
423.0807 0.027235
424.0878 0.027520
425.1495 0.027638
426.2831 0.027834
427.4883 0.028897
428.7932 0.029805
430.1864 0.031657
431.7445 0.032469
433.4916 0.034770
435.4483 0.037421
437.6819 0.039271
440.3716 0.042665
443.7215 0.048347
448.2530 0.054773
449.4127 0.056105
450.7011 0.058730
452.1201 0.061234
453.6904 0.065076
455.5862 0.069278
457.8759 0.075935
460.6664 0.087101
464.5240 0.101427
470.8883 0.139891
476.9343 0.204041
484.5489 0.294177
490.4005 0.415207
 tr1-11-7 3 1
315.9919 0.294128
319.9341 0.212205
325.6099 0.143372
330.1446 0.104963
335.0357 0.082843
338.0817 0.074162
340.2679 0.065703
342.0690 0.061182
343.5442 0.056716
344.8495 0.053345
345.9836 0.050372
346.9745 0.048286
347.8896 0.047102
351.6222 0.040381
354.3825 0.036116
356.6513 0.033831
358.5627 0.031225
360.2327 0.029727
361.7074 0.028483
363.0724 0.027101
364.3118 0.025792
365.4589 0.025362
366.5194 0.025185
367.5297 0.024885
368.4852 0.024357
369.3909 0.023796
370.2418 0.023360
371.0574 0.022837
371.8369 0.022233
372.5938 0.022098
373.3084 0.021844
374.0067 0.021256
374.6848 0.020950
375.3461 0.020956
375.9783 0.020834
376.6036 0.020476
377.2052 0.020655
377.7913 0.020317
378.3724 0.019980
378.9292 0.019684
379.4829 0.019668
380.0152 0.019700
380.5430 0.019911
381.0538 0.019779
381.5572 0.019463
382.0487 0.019454
382.5321 0.018799
383.0164 0.018932
383.4835 0.018947
383.9499 0.018771
384.4103 0.018879
384.8660 0.018879
385.3147 0.018967
385.7491 0.018895
386.1890 0.018809
386.6174 0.018709
387.0413 0.018780
387.4570 0.018768
387.8707 0.018728
388.2810 0.018473
388.6859 0.018136
389.0943 0.018279
389.4925 0.018080
389.8898 0.017993
390.2828 0.018061
390.6717 0.017923
391.0580 0.018027
391.4376 0.017602
391.8121 0.017543
392.1869 0.017539
392.5639 0.017568
392.9354 0.017620
393.3059 0.017774
393.6752 0.017741
394.0442 0.017550
394.4093 0.017455
394.7688 0.017310
395.1274 0.017614
395.4920 0.017681
395.8479 0.017669
396.1999 0.017340
396.5532 0.017417
396.8996 0.017344
397.2468 0.017168
397.5940 0.017105
397.9336 0.017128
398.2742 0.017118
398.6198 0.017105
398.9596 0.017076
399.3019 0.016859
399.6432 0.016961
399.9826 0.016942
400.3215 0.016884
400.6600 0.016768
400.9985 0.016848
401.3351 0.016811
401.6758 0.016936
402.0096 0.016749
402.3403 0.016778
402.6795 0.016714
403.0151 0.016742
403.3487 0.016876
403.6831 0.016887
404.0183 0.016906
404.3549 0.016922
404.6887 0.016614
405.0188 0.016651
405.3482 0.016441
405.6806 0.016431
406.0140 0.016512
406.3498 0.016446
406.6847 0.016511
407.0177 0.016564
407.3507 0.016560
407.6809 0.016430
408.0156 0.016362
408.3527 0.016452
408.6911 0.016666
409.0332 0.016664
409.3704 0.016740
409.7102 0.016871
410.0465 0.016911
410.3883 0.017074
410.7233 0.017184
411.0634 0.017154
411.4093 0.017306
411.7501 0.017294
412.0943 0.017436
412.4361 0.017501
412.7796 0.017580
413.1230 0.017639
413.4716 0.017693
413.8246 0.017748
414.1786 0.017704
414.5319 0.017778
414.8894 0.017931
415.2441 0.018072
415.6016 0.018181
415.9648 0.018111
416.3283 0.018061
416.6922 0.018107
417.0570 0.018196
417.4268 0.018227
417.7988 0.018216
418.1714 0.018267
418.5499 0.018489
418.9314 0.018399
419.3149 0.018216
419.6952 0.018542
420.0824 0.018418
420.4706 0.018433
420.8648 0.018623
421.2685 0.018620
421.6628 0.018742
422.0680 0.018821
422.4732 0.018789
422.8811 0.018853
423.2977 0.018819
423.7170 0.018720
424.1415 0.018670
424.5684 0.018880
425.0009 0.019043
425.4413 0.019077
425.8851 0.019222
426.3365 0.019581
426.7883 0.019634
427.2528 0.019744
427.7202 0.019829
428.1916 0.020120
428.6809 0.020315
429.1766 0.020308
429.6761 0.020487
430.1801 0.020639
430.7004 0.020910
431.2202 0.020646
431.7547 0.020756
432.3015 0.020774
432.8524 0.021063
433.4203 0.021114
433.9967 0.021833
434.5870 0.022243
435.2005 0.022426
435.8189 0.022866
436.4499 0.022935
437.1050 0.023225
437.7787 0.023610
438.4671 0.024133
439.1807 0.024187
439.9131 0.024743
440.6825 0.025246
441.4744 0.025544
442.2942 0.025517
443.1510 0.026016
444.0469 0.026929
444.9823 0.027619
445.9619 0.028047
446.9936 0.028305
448.0783 0.028472
449.2565 0.029099
450.4890 0.030086
451.8216 0.030503
453.2771 0.032479
454.8739 0.033531
456.6165 0.035371
458.5846 0.036838
460.8987 0.039501
463.6544 0.041415
467.0994 0.046971
471.6868 0.057346
472.8734 0.060981
474.1865 0.061115
475.5956 0.064839
477.2088 0.069954
479.1549 0.074614
481.4980 0.080743
484.3898 0.091180
488.3207 0.115053
494.8195 0.154207
501.1399 0.198467
508.7429 0.294838
514.3445 0.398655
tr1s-11-7 3 1
326.9778 0.292359
330.7694 0.212593
336.4324 0.145256
340.8783 0.108160
345.6924 0.084664
348.8203 0.073041
351.0521 0.065254
352.8242 0.059678
354.3372 0.056167
355.6048 0.052977
356.7636 0.051259
357.7701 0.048235
358.6876 0.046431
362.3932 0.040472
365.2277 0.036969
367.5079 0.034543
369.4171 0.031579
371.1028 0.029673
372.6160 0.028399
373.9834 0.027429
375.2223 0.027026
376.3631 0.026270
377.4253 0.025688
378.4354 0.025414
379.3864 0.025433
380.2865 0.024295
381.1370 0.023573
381.9477 0.022953
382.7425 0.023035
383.4927 0.022861
384.2237 0.022794
384.9266 0.022673
385.5998 0.022101
386.2523 0.021506
386.8912 0.021100
387.5052 0.020446
388.1103 0.020452
388.6999 0.020285
389.2779 0.020050
389.8408 0.020006
390.3853 0.019810
390.9251 0.019704
391.4513 0.019835
391.9692 0.019915
392.4821 0.019521
392.9786 0.019584
393.4675 0.019370
393.9466 0.019430
394.4235 0.019639
394.8852 0.019487
395.3426 0.019323
395.8012 0.019143
396.2499 0.018972
396.6897 0.018708
397.1324 0.018466
397.5610 0.018217
397.9874 0.017865
398.4099 0.018156
398.8299 0.018090
399.2375 0.018014
399.6469 0.018184
400.0533 0.018000
400.4560 0.017963
400.8520 0.018171
401.2438 0.018085
401.6407 0.018177
402.0250 0.018150
402.4088 0.018223
402.7893 0.018070
403.1685 0.018078
403.5428 0.018039
403.9141 0.017925
404.2793 0.017709
404.6477 0.017670
405.0106 0.017597
405.3791 0.017495
405.7401 0.017461
406.1035 0.017300
406.4619 0.017212
406.8200 0.017101
407.1749 0.016971
407.5261 0.017130
407.8752 0.017184
408.2263 0.017115
408.5771 0.016845
408.9250 0.016884
409.2697 0.016831
409.6137 0.016793
409.9585 0.016721
410.2990 0.016675
410.6407 0.016776
410.9838 0.016800
411.3211 0.016587
411.6600 0.016469
411.9958 0.016348
412.3355 0.016509
412.6698 0.016476
413.0064 0.016569
413.3452 0.016598
413.6807 0.016507
414.0168 0.016577
414.3495 0.016415
414.6863 0.016371
415.0196 0.016535
415.3547 0.016842
415.6912 0.016848
416.0264 0.016786
416.3565 0.016659
416.6927 0.016610
417.0236 0.016432
417.3554 0.016630
417.6912 0.016875
418.0262 0.016802
418.3602 0.016961
418.6949 0.017158
419.0286 0.017093
419.3661 0.017180
419.6996 0.017198
420.0343 0.017295
420.3712 0.017221
420.7125 0.017401
421.0558 0.017580
421.3959 0.017479
421.7361 0.017643
422.0768 0.017728
422.4183 0.017858
422.7646 0.017778
423.1091 0.017602
423.4526 0.017642
423.8012 0.017704
424.1480 0.017717
424.4961 0.017743
424.8479 0.017651
425.1998 0.017725
425.5507 0.017824
425.9052 0.017822
426.2588 0.017751
426.6113 0.017863
426.9743 0.017724
427.3361 0.017740
427.7061 0.017745
428.0756 0.017758
428.4489 0.017923
428.8212 0.017908
429.1957 0.018147
429.5716 0.018337
429.9506 0.018297
430.3326 0.018497
430.7174 0.018789
431.1092 0.018709
431.5086 0.018657
431.9017 0.018884
432.2979 0.019057
432.7024 0.019116
433.1095 0.019054
433.5179 0.019084
433.9339 0.019332
434.3505 0.019398
434.7738 0.019231
435.1964 0.019294
435.6257 0.019359
436.0583 0.019455
436.5008 0.019530
436.9482 0.019733
437.4038 0.019826
437.8663 0.019964
438.3293 0.019987
438.8050 0.020040
439.2820 0.020151
439.7698 0.020232
440.2617 0.020327
440.7595 0.020319
441.2632 0.020640
441.7819 0.020502
442.3042 0.020552
442.8342 0.021023
443.3835 0.021303
443.9384 0.021793
444.5012 0.022096
445.0830 0.022106
445.6802 0.022390
446.2900 0.022665
446.9131 0.022601
447.5500 0.022839
448.2047 0.022860
448.8896 0.023148
449.5865 0.023783
450.2994 0.023815
451.0355 0.024591
451.7987 0.024862
452.5896 0.025166
453.4163 0.025725
454.2730 0.026149
455.1634 0.026712
456.0913 0.027117
457.0635 0.027195
458.0947 0.027806
459.1894 0.029042
460.3516 0.030054
461.5954 0.030615
462.9484 0.031468
464.3765 0.032184
465.9779 0.033707
467.7457 0.035316
469.7514 0.035423
472.0362 0.038036
474.7918 0.042571
478.2010 0.047914
482.8459 0.055845
484.0380 0.057436
485.3353 0.059112
486.8157 0.063613
488.4708 0.065772
490.3985 0.071334
492.7205 0.077536
495.6226 0.088618
499.6258 0.106796
506.1866 0.154788
512.5364 0.212341
519.9218 0.304263
525.5695 0.388212
 tr2-11-7 3 1
336.4007 0.297140
340.4191 0.227714
346.0005 0.156012
350.6846 0.116173
355.6909 0.088430
358.8209 0.077237
361.1355 0.067650
362.9676 0.062098
364.4698 0.058756
365.8105 0.053626
366.9835 0.050622
368.0440 0.048747
368.9910 0.047602
372.8116 0.040103
375.6524 0.036204
377.9632 0.033464
379.9414 0.031413
381.6491 0.029667
383.1993 0.028213
384.5830 0.027501
385.8627 0.026623
387.0353 0.025556
388.1368 0.025706
389.1676 0.024845
390.1428 0.024248
391.0514 0.023743
391.9181 0.023619
392.7540 0.023504
393.5596 0.023325
394.3195 0.022791
395.0672 0.022690
395.7831 0.022570
396.4673 0.022443
397.1478 0.022021
397.8054 0.021232
398.4464 0.020682
399.0684 0.021080
399.6665 0.020368
400.2624 0.019836
400.8352 0.019803
401.3982 0.019767
401.9514 0.020046
402.4901 0.019993
403.0175 0.019666
403.5330 0.019914
404.0398 0.019788
404.5400 0.019995
405.0410 0.019868
405.5244 0.019515
405.9956 0.019500
406.4632 0.019435
406.9239 0.019337
407.3814 0.019251
407.8302 0.019253
408.2752 0.019074
408.7168 0.019147
409.1496 0.018945
409.5755 0.018731
410.0015 0.018631
410.4238 0.018633
410.8400 0.018627
411.2546 0.018801
411.6624 0.018869
412.0687 0.018952
412.4707 0.018759
412.8709 0.018767
413.2717 0.018889
413.6659 0.018788
414.0594 0.018878
414.4383 0.018540
414.8285 0.018426
415.2052 0.018473
415.5792 0.018628
415.9549 0.018308
416.3249 0.018257
416.6992 0.018050
417.0683 0.017902
417.4322 0.017858
417.7943 0.017998
418.1508 0.017794
418.5087 0.017933
418.8730 0.017954
419.2310 0.017919
419.5906 0.017991
419.9425 0.017894
420.3005 0.018144
420.6481 0.018192
420.9973 0.018094
421.3487 0.018178
421.6973 0.018220
422.0487 0.018265
422.3976 0.018250
422.7503 0.018374
423.0927 0.018169
423.4329 0.018114
423.7745 0.017942
424.1202 0.017944
424.4631 0.017857
424.8007 0.017910
425.1494 0.017650
425.4911 0.017400
425.8348 0.017430
426.1782 0.017360
426.5194 0.017361
426.8604 0.017162
427.2056 0.017072
427.5405 0.017124
427.8875 0.017127
428.2270 0.017168
428.5695 0.017200
428.9090 0.017197
429.2478 0.017180
429.5899 0.017299
429.9289 0.017254
430.2738 0.017491
430.6193 0.017469
430.9608 0.017453
431.3029 0.017535
431.6481 0.017734
431.9917 0.017669
432.3388 0.017610
432.6880 0.017463
433.0343 0.017465
433.3852 0.017611
433.7361 0.017442
434.0880 0.017365
434.4397 0.017349
434.7932 0.017136
435.1472 0.017289
435.5047 0.017371
435.8591 0.017344
436.2140 0.017470
436.5747 0.017630
436.9416 0.017666
437.3047 0.017607
437.6678 0.017777
438.0297 0.017888
438.3979 0.017971
438.7667 0.018008
439.1362 0.018078
439.5139 0.018080
439.8872 0.018127
440.2658 0.018048
440.6471 0.018159
441.0308 0.018194
441.4167 0.018297
441.8072 0.018275
442.1999 0.018328
442.5900 0.018441
442.9850 0.018641
443.3854 0.018756
443.7900 0.018636
444.1928 0.018756
444.6071 0.018769
445.0215 0.018863
445.4348 0.018860
445.8530 0.018912
446.2762 0.018839
446.7043 0.019226
447.1338 0.019366
447.5747 0.019328
448.0223 0.019444
448.4696 0.019554
448.9251 0.019538
449.3821 0.019833
449.8538 0.020204
450.3303 0.020368
450.8079 0.020473
451.2877 0.020437
451.7771 0.020790
452.2750 0.021072
452.7848 0.021634
453.3043 0.021713
453.8320 0.021593
454.3757 0.021681
454.9182 0.021703
455.4815 0.022040
456.0488 0.022098
456.6256 0.022174
457.2203 0.022116
457.8247 0.022429
458.4501 0.022783
459.0860 0.022461
459.7342 0.022699
460.3999 0.022575
461.0904 0.022834
461.7894 0.023227
462.5272 0.023346
463.2804 0.023612
464.0598 0.023831
464.8680 0.024010
465.7147 0.024187
466.5844 0.024677
467.4902 0.025075
468.4395 0.026174
469.4365 0.026883
470.4835 0.027601
471.5904 0.028504
472.7634 0.029368
474.0419 0.029470
475.4093 0.030856
476.8720 0.031730
478.5213 0.033717
480.3308 0.036036
482.3628 0.036929
484.7036 0.041090
487.5211 0.044455
490.9893 0.050157
495.7645 0.061517
496.9450 0.064684
498.2311 0.069671
499.6675 0.073015
501.3593 0.075338
503.3226 0.079434
505.7188 0.086973
508.6859 0.098443
512.7390 0.116544
519.2558 0.156255
525.5686 0.215047
533.8246 0.312116
539.4111 0.405136
tr2s-11-7 3 1
347.5642 0.289990
351.2130 0.222369
356.9125 0.152707
361.7632 0.120083
366.6275 0.094945
369.6885 0.078178
372.0394 0.067817
373.8574 0.058845
375.3949 0.056912
376.7216 0.054110
377.9237 0.052273
378.9578 0.049208
379.9214 0.047399
383.7339 0.039294
386.6068 0.036530
388.9311 0.033497
390.8947 0.031350
392.6223 0.029830
394.1366 0.029383
395.5301 0.028482
396.8012 0.026977
397.9902 0.026544
399.0864 0.026243
400.1090 0.025850
401.0784 0.025164
402.0043 0.024558
402.8802 0.024143
403.7175 0.024089
404.5229 0.023290
405.2991 0.023406
406.0488 0.023258
406.7677 0.022597
407.4583 0.021939
408.1349 0.021764
408.7877 0.021533
409.4256 0.021446
410.0443 0.021121
410.6517 0.020697
411.2345 0.020415
411.8102 0.020425
412.3659 0.020274
412.9123 0.020130
413.4548 0.020153
413.9739 0.019851
414.4936 0.020019
415.0027 0.019944
415.5083 0.019750
416.0020 0.019529
416.4846 0.019467
416.9624 0.019343
417.4336 0.019251
417.8975 0.019408
418.3606 0.019227
418.8116 0.018949
419.2644 0.018814
419.7022 0.018618
420.1379 0.018919
420.5671 0.018812
420.9902 0.018788
421.4109 0.018554
421.8314 0.018309
422.2426 0.018175
422.6452 0.018167
423.0486 0.018194
423.4549 0.018269
423.8541 0.018294
424.2484 0.018238
424.6431 0.018268
425.0401 0.018355
425.4258 0.018139
425.8018 0.017953
426.1816 0.018135
426.5634 0.018130
426.9370 0.018151
427.3052 0.018006
427.6736 0.017992
428.0450 0.017855
428.4117 0.017822
428.7770 0.017999
429.1455 0.018021
429.5023 0.017854
429.8609 0.017770
430.2201 0.017610
430.5763 0.017387
430.9318 0.017509
431.2865 0.017500
431.6440 0.017456
431.9963 0.017371
432.3471 0.017379
432.6966 0.017114
433.0475 0.016943
433.3938 0.016957
433.7437 0.017216
434.0889 0.017242
434.4392 0.017147
434.7821 0.017357
435.1282 0.017429
435.4707 0.017407
435.8095 0.017422
436.1542 0.017495
436.4994 0.017502
436.8432 0.017454
437.1841 0.017390
437.5269 0.017544
437.8652 0.017625
438.2078 0.017602
438.5494 0.017365
438.8893 0.017269
439.2334 0.017401
439.5777 0.017308
439.9213 0.017283
440.2607 0.017386
440.6020 0.017393
440.9413 0.017396
441.2819 0.017293
441.6302 0.017307
441.9716 0.017230
442.3168 0.017482
442.6634 0.017394
443.0067 0.017185
443.3491 0.017196
443.6956 0.017125
444.0423 0.017051
444.3911 0.017227
444.7430 0.017451
445.0944 0.017604
445.4483 0.017631
445.8001 0.017689
446.1575 0.017627
446.5126 0.017707
446.8658 0.017644
447.2253 0.017769
447.5815 0.017872
447.9421 0.017887
448.3034 0.017824
448.6705 0.017573
449.0367 0.017668
449.4065 0.017675
449.7707 0.017734
450.1386 0.017838
450.5092 0.017768
450.8884 0.017813
451.2664 0.017844
451.6509 0.017937
452.0336 0.017921
452.4195 0.017929
452.8111 0.018035
453.2036 0.018198
453.5975 0.018200
453.9875 0.018340
454.3873 0.018271
454.7847 0.018524
455.1892 0.018821
455.5968 0.018897
456.0114 0.019046
456.4253 0.019141
456.8491 0.019145
457.2800 0.019196
457.7100 0.019405
458.1452 0.019470
458.5836 0.019467
459.0330 0.019660
459.4788 0.019641
459.9328 0.019677
460.3930 0.019856
460.8605 0.020003
461.3272 0.020055
461.8132 0.020146
462.3030 0.020185
462.8029 0.020410
463.3043 0.020327
463.8169 0.020501
464.3315 0.020657
464.8630 0.020645
465.4048 0.020785
465.9558 0.020876
466.5131 0.021281
467.0844 0.021424
467.6686 0.021180
468.2572 0.021506
468.8661 0.021766
469.4822 0.022126
470.1232 0.022199
470.7673 0.022403
471.4507 0.022773
472.1430 0.023046
472.8473 0.023054
473.5835 0.023569
474.3400 0.023920
475.1143 0.024552
475.9312 0.024802
476.7680 0.025024
477.6260 0.024892
478.5369 0.025067
479.4940 0.025383
480.4986 0.025885
481.5505 0.026254
482.6603 0.027067
483.8430 0.028107
485.1009 0.029490
486.4618 0.029979
487.9177 0.031687
489.5421 0.032499
491.3395 0.033680
493.3746 0.036612
495.7571 0.039465
498.6139 0.044018
502.0947 0.051806
506.8255 0.060230
507.9766 0.063891
509.2913 0.066561
510.8153 0.069723
512.5083 0.075889
514.4120 0.079400
516.7377 0.086244
519.7077 0.094652
523.7655 0.112847
530.3011 0.160367
536.7111 0.212681
545.1566 0.320223
550.9234 0.414243
