Copyright (C) 1998 James G. MacKinnon, Alfred A. Haug, and Leo Michelis.
 lm0-03-0 2 1
  2.1524 0.007170
  2.3131 0.005589
  2.5703 0.004123
  2.7956 0.003543
  3.0590 0.002721
  3.2327 0.002570
  3.3698 0.002296
  3.4799 0.002139
  3.5751 0.001980
  3.6594 0.001934
  3.7349 0.001904
  3.8031 0.001846
  3.8661 0.001828
  4.1287 0.001715
  4.3352 0.001566
  4.5085 0.001566
  4.6600 0.001485
  4.7949 0.001463
  4.9187 0.001375
  5.0321 0.001338
  5.1378 0.001321
  5.2372 0.001346
  5.3315 0.001350
  5.4215 0.001361
  5.5069 0.001356
  5.5887 0.001320
  5.6674 0.001300
  5.7439 0.001315
  5.8186 0.001298
  5.8904 0.001322
  5.9605 0.001323
  6.0286 0.001314
  6.0949 0.001291
  6.1593 0.001294
  6.2228 0.001305
  6.2851 0.001296
  6.3463 0.001305
  6.4062 0.001289
  6.4654 0.001286
  6.5234 0.001285
  6.5804 0.001276
  6.6364 0.001274
  6.6919 0.001278
  6.7466 0.001266
  6.8004 0.001258
  6.8540 0.001262
  6.9067 0.001260
  6.9591 0.001255
  7.0110 0.001268
  7.0621 0.001294
  7.1126 0.001283
  7.1628 0.001279
  7.2123 0.001285
  7.2617 0.001270
  7.3104 0.001295
  7.3590 0.001291
  7.4074 0.001301
  7.4557 0.001295
  7.5032 0.001297
  7.5506 0.001301
  7.5978 0.001297
  7.6449 0.001307
  7.6919 0.001309
  7.7386 0.001333
  7.7849 0.001336
  7.8309 0.001316
  7.8769 0.001321
  7.9227 0.001338
  7.9685 0.001337
  8.0141 0.001343
  8.0595 0.001358
  8.1052 0.001354
  8.1504 0.001370
  8.1957 0.001357
  8.2404 0.001359
  8.2846 0.001362
  8.3292 0.001384
  8.3737 0.001400
  8.4186 0.001406
  8.4633 0.001409
  8.5081 0.001410
  8.5521 0.001396
  8.5967 0.001398
  8.6411 0.001404
  8.6860 0.001419
  8.7306 0.001397
  8.7751 0.001383
  8.8196 0.001383
  8.8639 0.001378
  8.9087 0.001370
  8.9533 0.001386
  8.9980 0.001386
  9.0426 0.001397
  9.0877 0.001389
  9.1325 0.001377
  9.1774 0.001392
  9.2221 0.001380
  9.2672 0.001372
  9.3128 0.001367
  9.3580 0.001352
  9.4035 0.001350
  9.4488 0.001350
  9.4941 0.001354
  9.5403 0.001347
  9.5860 0.001356
  9.6321 0.001361
  9.6780 0.001368
  9.7244 0.001374
  9.7707 0.001389
  9.8172 0.001405
  9.8641 0.001408
  9.9110 0.001418
  9.9584 0.001426
 10.0061 0.001424
 10.0535 0.001431
 10.1011 0.001439
 10.1493 0.001444
 10.1973 0.001470
 10.2457 0.001476
 10.2943 0.001476
 10.3432 0.001480
 10.3927 0.001468
 10.4422 0.001453
 10.4920 0.001456
 10.5420 0.001469
 10.5919 0.001479
 10.6429 0.001496
 10.6942 0.001518
 10.7455 0.001506
 10.7975 0.001525
 10.8504 0.001522
 10.9032 0.001541
 10.9565 0.001555
 11.0096 0.001585
 11.0634 0.001599
 11.1177 0.001604
 11.1724 0.001604
 11.2274 0.001615
 11.2833 0.001631
 11.3395 0.001628
 11.3967 0.001627
 11.4541 0.001653
 11.5116 0.001671
 11.5700 0.001669
 11.6290 0.001681
 11.6885 0.001704
 11.7485 0.001709
 11.8095 0.001712
 11.8712 0.001728
 11.9333 0.001724
 11.9962 0.001745
 12.0596 0.001754
 12.1241 0.001780
 12.1892 0.001820
 12.2554 0.001828
 12.3220 0.001837
 12.3898 0.001827
 12.4589 0.001817
 12.5286 0.001825
 12.5997 0.001834
 12.6717 0.001858
 12.7451 0.001887
 12.8199 0.001911
 12.8955 0.001923
 12.9718 0.001933
 13.0488 0.001967
 13.1280 0.002001
 13.2087 0.002026
 13.2909 0.002035
 13.3748 0.002089
 13.4605 0.002080
 13.5474 0.002118
 13.6360 0.002126
 13.7269 0.002180
 13.8194 0.002210
 13.9141 0.002244
 14.0110 0.002254
 14.1104 0.002250
 14.2123 0.002291
 14.3178 0.002323
 14.4253 0.002360
 14.5364 0.002381
 14.6503 0.002408
 14.7684 0.002452
 14.8898 0.002510
 15.0156 0.002515
 15.1458 0.002575
 15.2804 0.002655
 15.4210 0.002698
 15.5663 0.002754
 15.7181 0.002811
 15.8778 0.002828
 16.0441 0.002946
 16.2201 0.003061
 16.4053 0.003202
 16.6017 0.003232
 16.8090 0.003397
 17.0303 0.003539
 17.2681 0.003760
 17.5241 0.003901
 17.8029 0.004101
 18.1087 0.004253
 18.4447 0.004498
 18.8241 0.004703
 19.2578 0.005111
 19.7653 0.005735
 20.3847 0.006240
 21.1665 0.007067
 22.2479 0.008500
 22.5305 0.008960
 22.8409 0.009360
 23.1911 0.009677
 23.5961 0.010679
 24.0733 0.011479
 24.6529 0.012782
 25.3891 0.014722
 26.4183 0.017890
 28.1390 0.022505
 29.8803 0.032892
 32.0196 0.048609
 33.6364 0.072656
 lm1-03-0 2 1
  3.5554 0.009212
  3.7864 0.007546
  4.1433 0.005461
  4.4516 0.004521
  4.7936 0.003658
  5.0210 0.003363
  5.1948 0.003034
  5.3354 0.002836
  5.4561 0.002685
  5.5605 0.002616
  5.6561 0.002585
  5.7420 0.002495
  5.8221 0.002434
  6.1475 0.002151
  6.4010 0.002045
  6.6118 0.002004
  6.7969 0.001836
  6.9620 0.001763
  7.1105 0.001724
  7.2476 0.001730
  7.3760 0.001718
  7.4957 0.001656
  7.6082 0.001589
  7.7155 0.001592
  7.8174 0.001576
  7.9160 0.001576
  8.0100 0.001571
  8.1004 0.001532
  8.1882 0.001517
  8.2729 0.001509
  8.3552 0.001498
  8.4348 0.001501
  8.5124 0.001486
  8.5886 0.001500
  8.6629 0.001476
  8.7359 0.001455
  8.8070 0.001471
  8.8773 0.001448
  8.9463 0.001435
  9.0135 0.001460
  9.0803 0.001453
  9.1460 0.001476
  9.2104 0.001486
  9.2739 0.001473
  9.3367 0.001463
  9.3986 0.001479
  9.4601 0.001493
  9.5210 0.001499
  9.5809 0.001506
  9.6402 0.001503
  9.6985 0.001497
  9.7567 0.001487
  9.8144 0.001473
  9.8714 0.001464
  9.9279 0.001459
  9.9838 0.001461
 10.0394 0.001447
 10.0950 0.001437
 10.1494 0.001434
 10.2039 0.001449
 10.2583 0.001450
 10.3125 0.001457
 10.3664 0.001472
 10.4193 0.001476
 10.4722 0.001479
 10.5249 0.001465
 10.5769 0.001476
 10.6295 0.001477
 10.6817 0.001477
 10.7338 0.001463
 10.7860 0.001466
 10.8374 0.001488
 10.8889 0.001491
 10.9400 0.001509
 10.9913 0.001533
 11.0427 0.001518
 11.0937 0.001497
 11.1446 0.001499
 11.1951 0.001495
 11.2456 0.001515
 11.2963 0.001509
 11.3464 0.001521
 11.3967 0.001521
 11.4469 0.001540
 11.4973 0.001546
 11.5480 0.001557
 11.5983 0.001542
 11.6488 0.001540
 11.6989 0.001546
 11.7493 0.001540
 11.7995 0.001544
 11.8501 0.001544
 11.9006 0.001544
 11.9510 0.001556
 12.0016 0.001578
 12.0521 0.001592
 12.1027 0.001578
 12.1531 0.001579
 12.2039 0.001586
 12.2549 0.001579
 12.3060 0.001568
 12.3572 0.001569
 12.4082 0.001571
 12.4594 0.001578
 12.5111 0.001581
 12.5629 0.001604
 12.6142 0.001624
 12.6663 0.001624
 12.7183 0.001618
 12.7704 0.001616
 12.8231 0.001615
 12.8758 0.001631
 12.9285 0.001628
 12.9815 0.001632
 13.0349 0.001639
 13.0882 0.001639
 13.1421 0.001644
 13.1962 0.001660
 13.2504 0.001665
 13.3048 0.001675
 13.3596 0.001680
 13.4145 0.001699
 13.4699 0.001728
 13.5254 0.001730
 13.5813 0.001749
 13.6374 0.001762
 13.6943 0.001749
 13.7511 0.001762
 13.8088 0.001774
 13.8662 0.001767
 13.9242 0.001761
 13.9828 0.001745
 14.0413 0.001764
 14.1008 0.001765
 14.1601 0.001765
 14.2199 0.001771
 14.2808 0.001787
 14.3421 0.001774
 14.4042 0.001774
 14.4666 0.001774
 14.5299 0.001764
 14.5935 0.001760
 14.6572 0.001801
 14.7212 0.001806
 14.7861 0.001801
 14.8514 0.001811
 14.9181 0.001833
 14.9848 0.001826
 15.0527 0.001852
 15.1215 0.001858
 15.1912 0.001871
 15.2610 0.001895
 15.3314 0.001905
 15.4026 0.001899
 15.4750 0.001926
 15.5488 0.001955
 15.6236 0.001976
 15.6990 0.001999
 15.7751 0.002006
 15.8526 0.002022
 15.9313 0.002040
 16.0114 0.002071
 16.0927 0.002091
 16.1752 0.002122
 16.2590 0.002106
 16.3444 0.002122
 16.4316 0.002153
 16.5196 0.002184
 16.6089 0.002199
 16.7004 0.002238
 16.7930 0.002255
 16.8876 0.002291
 16.9854 0.002320
 17.0852 0.002345
 17.1873 0.002393
 17.2912 0.002393
 17.3976 0.002450
 17.5061 0.002498
 17.6170 0.002587
 17.7310 0.002640
 17.8479 0.002694
 17.9681 0.002715
 18.0921 0.002753
 18.2195 0.002810
 18.3510 0.002852
 18.4867 0.002890
 18.6273 0.002962
 18.7740 0.003003
 18.9249 0.003037
 19.0836 0.003026
 19.2470 0.003033
 19.4183 0.003146
 19.5983 0.003173
 19.7871 0.003265
 19.9862 0.003383
 20.1967 0.003402
 20.4204 0.003543
 20.6583 0.003730
 20.9140 0.003810
 21.1887 0.004095
 21.4887 0.004180
 21.8179 0.004388
 22.1804 0.004609
 22.5881 0.004703
 23.0496 0.005011
 23.5955 0.005492
 24.2516 0.006191
 25.0841 0.007169
 26.2388 0.008373
 26.5359 0.008831
 26.8634 0.009335
 27.2343 0.009853
 27.6597 0.010514
 28.1477 0.011444
 28.7596 0.012497
 29.5348 0.014239
 30.6281 0.017054
 32.4329 0.023073
 34.1785 0.032884
 36.4577 0.050209
 38.1519 0.071762
lm1s-03-0 2 1
  4.1116 0.010140
  4.3623 0.007941
  4.7292 0.006018
  5.0462 0.004640
  5.4069 0.003792
  5.6393 0.003329
  5.8188 0.003174
  5.9655 0.002933
  6.0896 0.002840
  6.2007 0.002707
  6.2975 0.002693
  6.3866 0.002600
  6.4682 0.002520
  6.8038 0.002205
  7.0658 0.002011
  7.2845 0.001907
  7.4736 0.001822
  7.6416 0.001808
  7.7940 0.001740
  7.9346 0.001743
  8.0650 0.001714
  8.1873 0.001763
  8.3024 0.001757
  8.4120 0.001705
  8.5167 0.001685
  8.6159 0.001694
  8.7115 0.001704
  8.8038 0.001672
  8.8924 0.001650
  8.9793 0.001637
  9.0637 0.001654
  9.1452 0.001616
  9.2244 0.001613
  9.3026 0.001602
  9.3779 0.001559
  9.4519 0.001535
  9.5245 0.001537
  9.5963 0.001534
  9.6667 0.001552
  9.7359 0.001533
  9.8031 0.001518
  9.8702 0.001526
  9.9360 0.001540
 10.0007 0.001516
 10.0643 0.001507
 10.1279 0.001495
 10.1898 0.001481
 10.2512 0.001475
 10.3120 0.001472
 10.3724 0.001471
 10.4322 0.001484
 10.4912 0.001504
 10.5491 0.001495
 10.6068 0.001506
 10.6644 0.001504
 10.7212 0.001496
 10.7777 0.001504
 10.8337 0.001466
 10.8895 0.001444
 10.9449 0.001454
 10.9998 0.001471
 11.0545 0.001461
 11.1089 0.001446
 11.1629 0.001455
 11.2167 0.001489
 11.2704 0.001473
 11.3234 0.001479
 11.3764 0.001465
 11.4295 0.001472
 11.4819 0.001467
 11.5343 0.001468
 11.5863 0.001459
 11.6387 0.001450
 11.6909 0.001451
 11.7430 0.001452
 11.7947 0.001439
 11.8463 0.001446
 11.8981 0.001442
 11.9496 0.001443
 12.0007 0.001453
 12.0517 0.001456
 12.1027 0.001479
 12.1535 0.001480
 12.2047 0.001512
 12.2558 0.001515
 12.3069 0.001525
 12.3574 0.001519
 12.4082 0.001513
 12.4587 0.001519
 12.5095 0.001505
 12.5602 0.001513
 12.6109 0.001520
 12.6617 0.001515
 12.7126 0.001521
 12.7636 0.001526
 12.8147 0.001524
 12.8662 0.001524
 12.9172 0.001529
 12.9686 0.001528
 13.0201 0.001535
 13.0714 0.001547
 13.1232 0.001540
 13.1751 0.001542
 13.2268 0.001546
 13.2791 0.001552
 13.3315 0.001560
 13.3840 0.001572
 13.4366 0.001570
 13.4891 0.001598
 13.5417 0.001618
 13.5943 0.001633
 13.6477 0.001646
 13.7008 0.001658
 13.7539 0.001688
 13.8078 0.001695
 13.8616 0.001710
 13.9157 0.001714
 13.9703 0.001705
 14.0247 0.001703
 14.0797 0.001706
 14.1349 0.001716
 14.1901 0.001713
 14.2461 0.001719
 14.3020 0.001729
 14.3582 0.001746
 14.4152 0.001764
 14.4720 0.001778
 14.5295 0.001772
 14.5876 0.001765
 14.6456 0.001788
 14.7038 0.001787
 14.7627 0.001800
 14.8220 0.001805
 14.8815 0.001810
 14.9414 0.001802
 15.0020 0.001826
 15.0632 0.001828
 15.1246 0.001838
 15.1869 0.001852
 15.2498 0.001870
 15.3124 0.001869
 15.3759 0.001875
 15.4392 0.001868
 15.5042 0.001901
 15.5696 0.001915
 15.6356 0.001916
 15.7022 0.001932
 15.7699 0.001930
 15.8380 0.001927
 15.9070 0.001969
 15.9773 0.001966
 16.0478 0.001987
 16.1196 0.002014
 16.1917 0.002010
 16.2645 0.002005
 16.3388 0.002023
 16.4137 0.002055
 16.4899 0.002065
 16.5671 0.002095
 16.6447 0.002105
 16.7244 0.002110
 16.8052 0.002099
 16.8866 0.002120
 16.9693 0.002148
 17.0538 0.002183
 17.1393 0.002200
 17.2268 0.002194
 17.3156 0.002209
 17.4054 0.002222
 17.4977 0.002263
 17.5915 0.002313
 17.6866 0.002359
 17.7842 0.002414
 17.8848 0.002424
 17.9868 0.002452
 18.0906 0.002494
 18.1981 0.002510
 18.3075 0.002553
 18.4185 0.002571
 18.5338 0.002630
 18.6505 0.002675
 18.7718 0.002708
 18.8953 0.002773
 19.0240 0.002792
 19.1566 0.002810
 19.2928 0.002873
 19.4347 0.002884
 19.5814 0.002927
 19.7337 0.002962
 19.8922 0.003037
 20.0576 0.003124
 20.2301 0.003172
 20.4098 0.003226
 20.5987 0.003306
 20.7998 0.003429
 21.0106 0.003532
 21.2329 0.003662
 21.4717 0.003887
 21.7287 0.003952
 22.0052 0.004126
 22.3034 0.004293
 22.6322 0.004345
 22.9944 0.004574
 23.4026 0.004648
 23.8692 0.005026
 24.4129 0.005412
 25.0747 0.006311
 25.9071 0.007175
 27.0610 0.008593
 27.3566 0.009065
 27.6852 0.009508
 28.0546 0.010006
 28.4766 0.010494
 28.9870 0.011339
 29.5977 0.013202
 30.3827 0.014916
 31.4672 0.017976
 33.2744 0.024450
 35.0228 0.035550
 37.2932 0.053297
 39.0247 0.074965
 lm2-03-0 2 1
  5.1140 0.011904
  5.3980 0.009379
  5.8237 0.006681
  6.1995 0.005352
  6.6251 0.004376
  6.8965 0.003808
  7.1017 0.003479
  7.2694 0.003375
  7.4118 0.003164
  7.5385 0.003048
  7.6498 0.002939
  7.7522 0.002856
  7.8447 0.002827
  8.2259 0.002595
  8.5225 0.002439
  8.7698 0.002300
  8.9839 0.002196
  9.1726 0.002122
  9.3441 0.002049
  9.5017 0.002052
  9.6485 0.001998
  9.7858 0.002002
  9.9149 0.001958
 10.0372 0.001868
 10.1532 0.001861
 10.2643 0.001765
 10.3705 0.001764
 10.4732 0.001756
 10.5727 0.001736
 10.6685 0.001722
 10.7626 0.001720
 10.8529 0.001723
 10.9411 0.001703
 11.0267 0.001694
 11.1112 0.001697
 11.1934 0.001691
 11.2735 0.001681
 11.3523 0.001650
 11.4298 0.001644
 11.5059 0.001627
 11.5803 0.001597
 11.6527 0.001605
 11.7251 0.001612
 11.7963 0.001595
 11.8668 0.001596
 11.9363 0.001598
 12.0049 0.001610
 12.0724 0.001573
 12.1396 0.001573
 12.2058 0.001573
 12.2717 0.001573
 12.3363 0.001583
 12.4006 0.001583
 12.4646 0.001570
 12.5279 0.001580
 12.5903 0.001596
 12.6527 0.001578
 12.7147 0.001607
 12.7761 0.001624
 12.8362 0.001619
 12.8966 0.001615
 12.9566 0.001610
 13.0159 0.001605
 13.0754 0.001608
 13.1344 0.001618
 13.1931 0.001630
 13.2513 0.001636
 13.3093 0.001648
 13.3671 0.001625
 13.4246 0.001604
 13.4823 0.001618
 13.5392 0.001603
 13.5962 0.001623
 13.6528 0.001642
 13.7099 0.001637
 13.7659 0.001630
 13.8222 0.001624
 13.8781 0.001635
 13.9339 0.001644
 13.9901 0.001654
 14.0460 0.001658
 14.1020 0.001655
 14.1575 0.001647
 14.2127 0.001650
 14.2686 0.001643
 14.3243 0.001633
 14.3801 0.001647
 14.4353 0.001641
 14.4905 0.001636
 14.5458 0.001617
 14.6009 0.001611
 14.6560 0.001600
 14.7116 0.001611
 14.7667 0.001581
 14.8223 0.001584
 14.8781 0.001594
 14.9339 0.001582
 14.9892 0.001610
 15.0450 0.001623
 15.1010 0.001646
 15.1566 0.001648
 15.2126 0.001648
 15.2682 0.001639
 15.3243 0.001641
 15.3804 0.001654
 15.4365 0.001669
 15.4930 0.001680
 15.5497 0.001688
 15.6067 0.001693
 15.6635 0.001697
 15.7207 0.001704
 15.7777 0.001725
 15.8350 0.001743
 15.8932 0.001762
 15.9512 0.001772
 16.0094 0.001783
 16.0680 0.001774
 16.1272 0.001783
 16.1859 0.001817
 16.2453 0.001828
 16.3049 0.001834
 16.3653 0.001807
 16.4258 0.001832
 16.4863 0.001814
 16.5473 0.001819
 16.6087 0.001814
 16.6697 0.001833
 16.7316 0.001816
 16.7941 0.001831
 16.8567 0.001841
 16.9193 0.001886
 16.9827 0.001880
 17.0466 0.001909
 17.1113 0.001920
 17.1758 0.001937
 17.2414 0.001930
 17.3071 0.001923
 17.3734 0.001908
 17.4403 0.001924
 17.5079 0.001944
 17.5759 0.001946
 17.6442 0.001944
 17.7128 0.001950
 17.7822 0.001937
 17.8528 0.001953
 17.9237 0.002000
 17.9957 0.002016
 18.0681 0.002063
 18.1415 0.002057
 18.2155 0.002065
 18.2910 0.002082
 18.3661 0.002063
 18.4426 0.002084
 18.5198 0.002101
 18.5986 0.002126
 18.6782 0.002148
 18.7581 0.002164
 18.8393 0.002167
 18.9219 0.002217
 19.0056 0.002232
 19.0903 0.002243
 19.1763 0.002271
 19.2635 0.002288
 19.3522 0.002319
 19.4415 0.002324
 19.5334 0.002359
 19.6267 0.002405
 19.7220 0.002401
 19.8185 0.002403
 19.9164 0.002409
 20.0162 0.002412
 20.1183 0.002437
 20.2230 0.002467
 20.3297 0.002509
 20.4382 0.002486
 20.5499 0.002553
 20.6639 0.002544
 20.7800 0.002587
 20.8990 0.002633
 21.0214 0.002663
 21.1462 0.002727
 21.2759 0.002834
 21.4088 0.002907
 21.5459 0.002976
 21.6875 0.002999
 21.8322 0.002975
 21.9818 0.003029
 22.1366 0.003096
 22.3000 0.003159
 22.4690 0.003270
 22.6433 0.003281
 22.8272 0.003374
 23.0192 0.003441
 23.2208 0.003484
 23.4331 0.003560
 23.6562 0.003634
 23.8935 0.003793
 24.1469 0.003873
 24.4165 0.004064
 24.7104 0.004185
 25.0278 0.004435
 25.3750 0.004706
 25.7602 0.004957
 26.1903 0.005280
 26.6828 0.005620
 27.2569 0.005994
 27.9452 0.006543
 28.8227 0.007374
 30.0392 0.009123
 30.3525 0.009556
 30.7023 0.010008
 31.0899 0.010635
 31.5412 0.011484
 32.0679 0.012301
 32.7044 0.013680
 33.5217 0.015101
 34.6480 0.018879
 36.5506 0.025533
 38.3878 0.034931
 40.8086 0.051538
 42.4818 0.071492
lm2s-03-0 2 1
  5.8153 0.012091
  6.1179 0.009712
  6.5520 0.007024
  6.9327 0.005176
  7.3593 0.004219
  7.6349 0.003909
  7.8391 0.003583
  8.0078 0.003352
  8.1553 0.003205
  8.2821 0.003075
  8.3956 0.002970
  8.4987 0.002934
  8.5938 0.002909
  8.9773 0.002582
  9.2755 0.002399
  9.5222 0.002217
  9.7387 0.002151
  9.9301 0.002056
 10.1031 0.001920
 10.2605 0.001849
 10.4083 0.001823
 10.5458 0.001799
 10.6753 0.001750
 10.7991 0.001743
 10.9161 0.001750
 11.0279 0.001772
 11.1354 0.001763
 11.2384 0.001767
 11.3390 0.001707
 11.4358 0.001705
 11.5296 0.001676
 11.6211 0.001665
 11.7097 0.001661
 11.7960 0.001653
 11.8799 0.001649
 11.9624 0.001653
 12.0427 0.001638
 12.1216 0.001629
 12.1991 0.001627
 12.2758 0.001633
 12.3514 0.001631
 12.4257 0.001634
 12.4986 0.001625
 12.5701 0.001631
 12.6406 0.001609
 12.7104 0.001604
 12.7794 0.001587
 12.8474 0.001601
 12.9148 0.001593
 12.9817 0.001584
 13.0480 0.001590
 13.1129 0.001587
 13.1776 0.001595
 13.2414 0.001586
 13.3046 0.001625
 13.3675 0.001645
 13.4296 0.001634
 13.4921 0.001663
 13.5536 0.001651
 13.6145 0.001654
 13.6751 0.001652
 13.7356 0.001650
 13.7951 0.001643
 13.8546 0.001638
 13.9135 0.001634
 13.9723 0.001613
 14.0309 0.001616
 14.0892 0.001640
 14.1473 0.001652
 14.2054 0.001655
 14.2629 0.001677
 14.3204 0.001675
 14.3772 0.001652
 14.4342 0.001640
 14.4911 0.001656
 14.5476 0.001638
 14.6043 0.001641
 14.6605 0.001615
 14.7166 0.001599
 14.7727 0.001567
 14.8286 0.001592
 14.8845 0.001579
 14.9403 0.001571
 14.9965 0.001575
 15.0519 0.001564
 15.1073 0.001588
 15.1630 0.001596
 15.2185 0.001593
 15.2739 0.001602
 15.3295 0.001596
 15.3851 0.001603
 15.4407 0.001640
 15.4962 0.001644
 15.5520 0.001656
 15.6073 0.001658
 15.6626 0.001680
 15.7183 0.001661
 15.7740 0.001667
 15.8295 0.001698
 15.8855 0.001714
 15.9410 0.001706
 15.9970 0.001687
 16.0532 0.001700
 16.1095 0.001700
 16.1660 0.001714
 16.2225 0.001711
 16.2795 0.001713
 16.3364 0.001722
 16.3934 0.001724
 16.4507 0.001734
 16.5082 0.001735
 16.5654 0.001724
 16.6236 0.001738
 16.6817 0.001753
 16.7401 0.001773
 16.7986 0.001794
 16.8573 0.001794
 16.9165 0.001785
 16.9756 0.001801
 17.0350 0.001820
 17.0948 0.001807
 17.1545 0.001824
 17.2151 0.001847
 17.2758 0.001867
 17.3373 0.001869
 17.3989 0.001866
 17.4604 0.001880
 17.5224 0.001897
 17.5848 0.001903
 17.6481 0.001901
 17.7112 0.001890
 17.7746 0.001891
 17.8385 0.001904
 17.9027 0.001923
 17.9673 0.001932
 18.0323 0.001934
 18.0981 0.001951
 18.1641 0.001980
 18.2312 0.002010
 18.2990 0.002021
 18.3676 0.002041
 18.4364 0.002061
 18.5054 0.002049
 18.5760 0.002042
 18.6460 0.002068
 18.7171 0.002082
 18.7890 0.002096
 18.8615 0.002119
 18.9345 0.002128
 19.0083 0.002138
 19.0832 0.002143
 19.1593 0.002122
 19.2360 0.002145
 19.3132 0.002145
 19.3920 0.002140
 19.4709 0.002111
 19.5509 0.002137
 19.6325 0.002186
 19.7149 0.002191
 19.7991 0.002188
 19.8842 0.002231
 19.9705 0.002232
 20.0580 0.002264
 20.1475 0.002255
 20.2380 0.002301
 20.3298 0.002275
 20.4234 0.002275
 20.5182 0.002285
 20.6152 0.002304
 20.7136 0.002307
 20.8135 0.002334
 20.9161 0.002373
 21.0191 0.002355
 21.1257 0.002417
 21.2354 0.002502
 21.3466 0.002564
 21.4602 0.002617
 21.5762 0.002660
 21.6958 0.002667
 21.8185 0.002667
 21.9439 0.002719
 22.0730 0.002791
 22.2056 0.002867
 22.3425 0.002962
 22.4839 0.003031
 22.6300 0.003066
 22.7818 0.003075
 22.9382 0.003127
 23.1006 0.003210
 23.2706 0.003277
 23.4452 0.003301
 23.6270 0.003382
 23.8187 0.003441
 24.0203 0.003457
 24.2315 0.003503
 24.4555 0.003550
 24.6940 0.003726
 24.9482 0.003894
 25.2193 0.004111
 25.5117 0.004374
 25.8296 0.004607
 26.1792 0.004675
 26.5627 0.004870
 26.9959 0.005186
 27.4838 0.005454
 28.0560 0.006010
 28.7489 0.006581
 29.6254 0.007809
 30.8480 0.009309
 31.1603 0.009817
 31.5055 0.010407
 31.8956 0.010963
 32.3438 0.011566
 32.8667 0.012362
 33.5076 0.013167
 34.3249 0.015200
 35.4682 0.018040
 37.3321 0.024756
 39.2254 0.033223
 41.5764 0.051424
 43.2999 0.068586
 tr0-03-0 2 1
  3.5516 0.011214
  3.8350 0.008826
  4.2358 0.006187
  4.5928 0.004958
  4.9906 0.004025
  5.2499 0.003529
  5.4528 0.003270
  5.6177 0.003218
  5.7581 0.003036
  5.8839 0.002962
  5.9960 0.002872
  6.0990 0.002804
  6.1924 0.002755
  6.5792 0.002535
  6.8785 0.002341
  7.1303 0.002288
  7.3491 0.002207
  7.5431 0.002159
  7.7205 0.002082
  7.8833 0.002012
  8.0339 0.001936
  8.1759 0.001974
  8.3102 0.001978
  8.4370 0.001911
  8.5582 0.001838
  8.6738 0.001804
  8.7856 0.001782
  8.8933 0.001714
  8.9982 0.001727
  9.0991 0.001732
  9.1967 0.001694
  9.2920 0.001676
  9.3845 0.001662
  9.4744 0.001707
  9.5629 0.001700
  9.6492 0.001696
  9.7341 0.001725
  9.8172 0.001721
  9.8988 0.001731
  9.9790 0.001745
 10.0581 0.001758
 10.1358 0.001763
 10.2123 0.001754
 10.2885 0.001757
 10.3624 0.001775
 10.4355 0.001775
 10.5079 0.001783
 10.5796 0.001782
 10.6501 0.001774
 10.7203 0.001780
 10.7895 0.001781
 10.8583 0.001793
 10.9260 0.001804
 10.9942 0.001791
 11.0613 0.001800
 11.1274 0.001801
 11.1925 0.001815
 11.2576 0.001804
 11.3222 0.001793
 11.3866 0.001774
 11.4508 0.001771
 11.5141 0.001774
 11.5772 0.001778
 11.6399 0.001768
 11.7023 0.001779
 11.7641 0.001770
 11.8259 0.001746
 11.8873 0.001746
 11.9484 0.001747
 12.0093 0.001752
 12.0702 0.001729
 12.1305 0.001738
 12.1913 0.001740
 12.2515 0.001761
 12.3113 0.001748
 12.3713 0.001732
 12.4312 0.001746
 12.4911 0.001724
 12.5509 0.001709
 12.6100 0.001714
 12.6693 0.001704
 12.7289 0.001725
 12.7883 0.001728
 12.8474 0.001752
 12.9065 0.001755
 12.9658 0.001762
 13.0250 0.001763
 13.0835 0.001762
 13.1424 0.001755
 13.2014 0.001770
 13.2601 0.001765
 13.3186 0.001762
 13.3777 0.001780
 13.4363 0.001774
 13.4952 0.001780
 13.5543 0.001781
 13.6134 0.001783
 13.6729 0.001777
 13.7324 0.001779
 13.7922 0.001814
 13.8514 0.001828
 13.9111 0.001820
 13.9707 0.001833
 14.0307 0.001814
 14.0905 0.001831
 14.1505 0.001836
 14.2111 0.001849
 14.2711 0.001858
 14.3313 0.001866
 14.3915 0.001874
 14.4523 0.001884
 14.5132 0.001883
 14.5747 0.001878
 14.6359 0.001874
 14.6974 0.001886
 14.7597 0.001915
 14.8224 0.001904
 14.8846 0.001905
 14.9475 0.001890
 15.0103 0.001909
 15.0740 0.001888
 15.1377 0.001894
 15.2019 0.001918
 15.2661 0.001936
 15.3304 0.001953
 15.3954 0.001975
 15.4607 0.001982
 15.5263 0.001994
 15.5924 0.002009
 15.6588 0.002017
 15.7254 0.002038
 15.7922 0.002034
 15.8603 0.002030
 15.9287 0.002038
 15.9975 0.002053
 16.0674 0.002075
 16.1374 0.002056
 16.2071 0.002083
 16.2784 0.002100
 16.3501 0.002101
 16.4222 0.002128
 16.4951 0.002135
 16.5687 0.002160
 16.6429 0.002173
 16.7173 0.002165
 16.7927 0.002161
 16.8695 0.002146
 16.9464 0.002147
 17.0237 0.002161
 17.1022 0.002173
 17.1819 0.002175
 17.2617 0.002169
 17.3430 0.002167
 17.4242 0.002180
 17.5069 0.002218
 17.5919 0.002224
 17.6770 0.002228
 17.7632 0.002229
 17.8506 0.002254
 17.9386 0.002284
 18.0286 0.002308
 18.1204 0.002340
 18.2134 0.002385
 18.3073 0.002402
 18.4026 0.002445
 18.4990 0.002460
 18.5973 0.002479
 18.6984 0.002501
 18.8007 0.002472
 18.9045 0.002469
 19.0104 0.002478
 19.1190 0.002494
 19.2292 0.002515
 19.3418 0.002583
 19.4566 0.002586
 19.5741 0.002616
 19.6944 0.002646
 19.8170 0.002686
 19.9427 0.002674
 20.0723 0.002730
 20.2050 0.002775
 20.3405 0.002798
 20.4801 0.002885
 20.6244 0.002965
 20.7738 0.003037
 20.9266 0.003123
 21.0859 0.003194
 21.2498 0.003276
 21.4203 0.003289
 21.5974 0.003388
 21.7818 0.003491
 21.9743 0.003566
 22.1784 0.003648
 22.3903 0.003772
 22.6127 0.003845
 22.8468 0.004032
 23.0963 0.004110
 23.3596 0.004183
 23.6426 0.004305
 23.9466 0.004499
 24.2800 0.004828
 24.6440 0.005159
 25.0427 0.005550
 25.4925 0.005808
 26.0035 0.006118
 26.6032 0.006444
 27.3242 0.007113
 28.2368 0.007993
 29.5047 0.009414
 29.8219 0.009940
 30.1849 0.010270
 30.5919 0.010711
 31.0537 0.011483
 31.5954 0.012452
 32.2629 0.013827
 33.1075 0.016123
 34.2790 0.019284
 36.2379 0.026024
 38.1377 0.036290
 40.5728 0.057723
 42.3733 0.077314
 tr1-03-0 2 1
  6.2626 0.015916
  6.6350 0.012952
  7.2180 0.008791
  7.7239 0.007506
  8.2953 0.005943
  8.6614 0.005147
  8.9439 0.004811
  9.1735 0.004547
  9.3664 0.004466
  9.5359 0.004215
  9.6873 0.004052
  9.8268 0.003883
  9.9549 0.003744
 10.4721 0.003345
 10.8757 0.003325
 11.2106 0.003144
 11.4998 0.002998
 11.7580 0.002868
 11.9907 0.002750
 12.2036 0.002661
 12.4014 0.002597
 12.5877 0.002512
 12.7610 0.002510
 12.9267 0.002535
 13.0829 0.002514
 13.2336 0.002457
 13.3778 0.002436
 13.5173 0.002406
 13.6512 0.002409
 13.7802 0.002426
 13.9060 0.002361
 14.0270 0.002337
 14.1452 0.002329
 14.2608 0.002320
 14.3740 0.002336
 14.4839 0.002355
 14.5918 0.002340
 14.6972 0.002352
 14.8003 0.002359
 14.9016 0.002350
 15.0012 0.002335
 15.1002 0.002321
 15.1961 0.002299
 15.2907 0.002314
 15.3851 0.002278
 15.4775 0.002294
 15.5686 0.002290
 15.6580 0.002273
 15.7472 0.002270
 15.8348 0.002275
 15.9217 0.002192
 16.0085 0.002204
 16.0941 0.002198
 16.1784 0.002208
 16.2624 0.002208
 16.3451 0.002207
 16.4272 0.002218
 16.5083 0.002207
 16.5891 0.002184
 16.6692 0.002183
 16.7486 0.002175
 16.8277 0.002171
 16.9064 0.002159
 16.9840 0.002166
 17.0610 0.002153
 17.1377 0.002131
 17.2142 0.002117
 17.2907 0.002143
 17.3669 0.002141
 17.4426 0.002155
 17.5178 0.002177
 17.5928 0.002171
 17.6675 0.002162
 17.7416 0.002196
 17.8153 0.002195
 17.8899 0.002173
 17.9640 0.002176
 18.0368 0.002156
 18.1098 0.002166
 18.1830 0.002164
 18.2561 0.002169
 18.3284 0.002156
 18.4014 0.002157
 18.4737 0.002166
 18.5458 0.002167
 18.6182 0.002151
 18.6899 0.002174
 18.7618 0.002157
 18.8339 0.002151
 18.9053 0.002129
 18.9770 0.002136
 19.0486 0.002134
 19.1202 0.002133
 19.1925 0.002117
 19.2640 0.002110
 19.3356 0.002114
 19.4078 0.002124
 19.4794 0.002135
 19.5511 0.002153
 19.6230 0.002188
 19.6956 0.002205
 19.7678 0.002188
 19.8404 0.002195
 19.9130 0.002188
 19.9855 0.002179
 20.0584 0.002183
 20.1307 0.002202
 20.2036 0.002175
 20.2768 0.002174
 20.3503 0.002170
 20.4238 0.002181
 20.4979 0.002195
 20.5718 0.002221
 20.6457 0.002217
 20.7200 0.002217
 20.7948 0.002224
 20.8700 0.002223
 20.9456 0.002214
 21.0213 0.002223
 21.0971 0.002237
 21.1731 0.002259
 21.2498 0.002302
 21.3268 0.002297
 21.4034 0.002323
 21.4806 0.002314
 21.5588 0.002300
 21.6372 0.002313
 21.7160 0.002315
 21.7949 0.002306
 21.8747 0.002335
 21.9547 0.002356
 22.0350 0.002365
 22.1158 0.002361
 22.1968 0.002390
 22.2788 0.002414
 22.3612 0.002429
 22.4444 0.002439
 22.5287 0.002476
 22.6131 0.002501
 22.6982 0.002529
 22.7835 0.002507
 22.8700 0.002536
 22.9568 0.002534
 23.0442 0.002572
 23.1328 0.002633
 23.2231 0.002672
 23.3136 0.002690
 23.4044 0.002730
 23.4958 0.002732
 23.5885 0.002763
 23.6822 0.002767
 23.7776 0.002801
 23.8737 0.002835
 23.9718 0.002844
 24.0701 0.002865
 24.1692 0.002871
 24.2693 0.002901
 24.3702 0.002939
 24.4717 0.002934
 24.5757 0.002965
 24.6806 0.002968
 24.7877 0.003006
 24.8962 0.003055
 25.0067 0.003053
 25.1185 0.003036
 25.2321 0.003072
 25.3474 0.003122
 25.4648 0.003170
 25.5842 0.003211
 25.7060 0.003229
 25.8297 0.003244
 25.9553 0.003216
 26.0839 0.003253
 26.2155 0.003285
 26.3489 0.003326
 26.4847 0.003318
 26.6245 0.003322
 26.7669 0.003425
 26.9133 0.003489
 27.0628 0.003543
 27.2150 0.003604
 27.3728 0.003611
 27.5355 0.003678
 27.7026 0.003783
 27.8745 0.003867
 28.0521 0.003907
 28.2335 0.003993
 28.4211 0.004049
 28.6155 0.004136
 28.8191 0.004232
 29.0315 0.004293
 29.2541 0.004384
 29.4849 0.004323
 29.7285 0.004455
 29.9828 0.004575
 30.2519 0.004640
 30.5356 0.004720
 30.8383 0.004819
 31.1609 0.004953
 31.5063 0.005242
 31.8833 0.005410
 32.2961 0.005574
 32.7497 0.006015
 33.2572 0.006458
 33.8344 0.006959
 34.5108 0.007359
 35.3211 0.007957
 36.3488 0.008648
 37.7393 0.010329
 38.0955 0.010665
 38.4929 0.011143
 38.9469 0.011962
 39.4628 0.012660
 40.0589 0.013718
 40.7843 0.015052
 41.7125 0.017008
 42.9828 0.020619
 45.1246 0.031282
 47.2044 0.042708
 50.0212 0.063270
 52.0177 0.086009
tr1s-03-0 2 1
  8.3687 0.017641
  8.8089 0.014808
  9.4652 0.010222
 10.0194 0.008209
 10.6517 0.006451
 11.0566 0.005718
 11.3589 0.005212
 11.6058 0.005013
 11.8166 0.004714
 12.0039 0.004537
 12.1667 0.004390
 12.3161 0.004233
 12.4547 0.004064
 13.0168 0.003695
 13.4476 0.003455
 13.8053 0.003352
 14.1150 0.003176
 14.3873 0.002980
 14.6313 0.002933
 14.8578 0.002833
 15.0685 0.002812
 15.2668 0.002736
 15.4523 0.002715
 15.6262 0.002652
 15.7923 0.002653
 15.9508 0.002626
 16.1032 0.002616
 16.2484 0.002615
 16.3887 0.002602
 16.5253 0.002573
 16.6573 0.002606
 16.7846 0.002567
 16.9083 0.002527
 17.0289 0.002512
 17.1475 0.002519
 17.2625 0.002504
 17.3751 0.002497
 17.4856 0.002452
 17.5942 0.002424
 17.6996 0.002395
 17.8041 0.002396
 17.9071 0.002399
 18.0079 0.002406
 18.1071 0.002389
 18.2053 0.002383
 18.3015 0.002377
 18.3970 0.002362
 18.4913 0.002322
 18.5840 0.002290
 18.6752 0.002283
 18.7661 0.002260
 18.8550 0.002299
 18.9438 0.002293
 19.0314 0.002294
 19.1184 0.002274
 19.2046 0.002247
 19.2900 0.002212
 19.3745 0.002223
 19.4585 0.002216
 19.5416 0.002187
 19.6245 0.002166
 19.7066 0.002184
 19.7886 0.002177
 19.8698 0.002179
 19.9506 0.002182
 20.0303 0.002184
 20.1100 0.002198
 20.1887 0.002196
 20.2674 0.002183
 20.3461 0.002181
 20.4240 0.002189
 20.5014 0.002203
 20.5793 0.002206
 20.6559 0.002212
 20.7327 0.002183
 20.8093 0.002176
 20.8855 0.002165
 20.9618 0.002136
 21.0380 0.002150
 21.1137 0.002159
 21.1890 0.002165
 21.2640 0.002137
 21.3389 0.002141
 21.4140 0.002160
 21.4891 0.002151
 21.5636 0.002152
 21.6381 0.002141
 21.7128 0.002159
 21.7873 0.002153
 21.8612 0.002134
 21.9357 0.002155
 22.0102 0.002136
 22.0851 0.002153
 22.1587 0.002142
 22.2325 0.002154
 22.3068 0.002154
 22.3808 0.002155
 22.4556 0.002146
 22.5302 0.002148
 22.6041 0.002165
 22.6785 0.002191
 22.7531 0.002160
 22.8278 0.002167
 22.9028 0.002178
 22.9780 0.002198
 23.0527 0.002208
 23.1278 0.002204
 23.2032 0.002213
 23.2791 0.002248
 23.3547 0.002240
 23.4303 0.002237
 23.5067 0.002268
 23.5836 0.002277
 23.6604 0.002279
 23.7373 0.002279
 23.8141 0.002303
 23.8918 0.002316
 23.9690 0.002325
 24.0475 0.002309
 24.1255 0.002317
 24.2034 0.002329
 24.2826 0.002370
 24.3616 0.002390
 24.4408 0.002410
 24.5204 0.002398
 24.6005 0.002384
 24.6808 0.002370
 24.7615 0.002410
 24.8427 0.002452
 24.9254 0.002443
 25.0075 0.002462
 25.0898 0.002503
 25.1729 0.002503
 25.2574 0.002509
 25.3420 0.002549
 25.4261 0.002576
 25.5118 0.002605
 25.5980 0.002661
 25.6851 0.002665
 25.7724 0.002711
 25.8604 0.002721
 25.9489 0.002764
 26.0376 0.002777
 26.1279 0.002770
 26.2190 0.002757
 26.3111 0.002804
 26.4040 0.002816
 26.4977 0.002792
 26.5929 0.002769
 26.6888 0.002798
 26.7851 0.002824
 26.8827 0.002847
 26.9815 0.002853
 27.0804 0.002883
 27.1810 0.002895
 27.2829 0.002919
 27.3852 0.002954
 27.4894 0.002989
 27.5949 0.003017
 27.7016 0.003052
 27.8102 0.003041
 27.9206 0.003038
 28.0319 0.003057
 28.1445 0.003069
 28.2591 0.003078
 28.3750 0.003074
 28.4932 0.003085
 28.6138 0.003099
 28.7358 0.003135
 28.8595 0.003157
 28.9860 0.003220
 29.1152 0.003190
 29.2468 0.003239
 29.3807 0.003252
 29.5183 0.003338
 29.6594 0.003413
 29.8022 0.003453
 29.9493 0.003476
 30.0993 0.003537
 30.2531 0.003565
 30.4113 0.003555
 30.5732 0.003548
 30.7383 0.003633
 30.9089 0.003742
 31.0833 0.003755
 31.2654 0.003771
 31.4532 0.003842
 31.6466 0.003910
 31.8474 0.003948
 32.0574 0.004090
 32.2745 0.004158
 32.5013 0.004197
 32.7363 0.004261
 32.9857 0.004413
 33.2448 0.004502
 33.5199 0.004550
 33.8130 0.004716
 34.1224 0.004908
 34.4516 0.005150
 34.8066 0.005388
 35.1928 0.005439
 35.6139 0.005704
 36.0817 0.006101
 36.6028 0.006572
 37.1990 0.007099
 37.8874 0.007309
 38.7190 0.007886
 39.7665 0.008543
 41.1967 0.010594
 41.5615 0.011103
 41.9658 0.011557
 42.4187 0.012197
 42.9415 0.013135
 43.5519 0.014434
 44.2977 0.015646
 45.2421 0.018480
 46.5654 0.022283
 48.7240 0.031119
 50.8913 0.042551
 53.6207 0.064323
 55.6517 0.093323
 tr2-03-0 2 1
  9.5071 0.021833
 10.0537 0.018564
 10.8361 0.013274
 11.5059 0.010522
 12.2534 0.008041
 12.7326 0.006988
 13.0967 0.006253
 13.3957 0.005908
 13.6484 0.005533
 13.8715 0.005333
 14.0694 0.005193
 14.2466 0.004881
 14.4083 0.004794
 15.0772 0.004354
 15.5860 0.004100
 16.0105 0.003827
 16.3763 0.003613
 16.6961 0.003482
 16.9873 0.003316
 17.2514 0.003255
 17.4990 0.003111
 17.7272 0.003109
 17.9429 0.003061
 18.1471 0.003030
 18.3419 0.002974
 18.5269 0.002907
 18.7034 0.002803
 18.8730 0.002760
 19.0370 0.002725
 19.1943 0.002694
 19.3480 0.002696
 19.4964 0.002694
 19.6400 0.002666
 19.7792 0.002671
 19.9158 0.002623
 20.0488 0.002641
 20.1791 0.002677
 20.3065 0.002699
 20.4312 0.002683
 20.5539 0.002667
 20.6736 0.002642
 20.7922 0.002608
 20.9086 0.002595
 21.0234 0.002569
 21.1366 0.002567
 21.2472 0.002539
 21.3558 0.002528
 21.4642 0.002529
 21.5707 0.002536
 21.6756 0.002545
 21.7795 0.002545
 21.8820 0.002509
 21.9830 0.002495
 22.0839 0.002490
 22.1834 0.002454
 22.2820 0.002425
 22.3793 0.002443
 22.4754 0.002468
 22.5709 0.002473
 22.6660 0.002482
 22.7598 0.002478
 22.8536 0.002464
 22.9465 0.002464
 23.0386 0.002424
 23.1301 0.002457
 23.2210 0.002445
 23.3121 0.002422
 23.4024 0.002446
 23.4916 0.002423
 23.5807 0.002449
 23.6696 0.002486
 23.7577 0.002462
 23.8454 0.002450
 23.9323 0.002444
 24.0197 0.002433
 24.1064 0.002438
 24.1927 0.002434
 24.2786 0.002438
 24.3651 0.002444
 24.4509 0.002478
 24.5358 0.002490
 24.6200 0.002480
 24.7052 0.002449
 24.7895 0.002443
 24.8741 0.002445
 24.9590 0.002441
 25.0429 0.002444
 25.1266 0.002430
 25.2108 0.002452
 25.2949 0.002428
 25.3786 0.002429
 25.4619 0.002420
 25.5459 0.002393
 25.6294 0.002431
 25.7136 0.002434
 25.7968 0.002437
 25.8804 0.002431
 25.9633 0.002419
 26.0468 0.002434
 26.1303 0.002458
 26.2137 0.002478
 26.2974 0.002473
 26.3814 0.002492
 26.4652 0.002473
 26.5490 0.002476
 26.6331 0.002469
 26.7167 0.002489
 26.8006 0.002500
 26.8853 0.002502
 26.9691 0.002490
 27.0536 0.002493
 27.1385 0.002476
 27.2239 0.002505
 27.3093 0.002506
 27.3949 0.002521
 27.4806 0.002547
 27.5666 0.002554
 27.6531 0.002557
 27.7400 0.002533
 27.8262 0.002548
 27.9141 0.002549
 28.0011 0.002573
 28.0889 0.002584
 28.1775 0.002566
 28.2667 0.002603
 28.3556 0.002579
 28.4456 0.002588
 28.5360 0.002598
 28.6272 0.002615
 28.7184 0.002650
 28.8098 0.002684
 28.9015 0.002697
 28.9935 0.002709
 29.0864 0.002711
 29.1807 0.002702
 29.2745 0.002732
 29.3694 0.002731
 29.4645 0.002708
 29.5612 0.002713
 29.6581 0.002724
 29.7554 0.002783
 29.8536 0.002795
 29.9521 0.002820
 30.0515 0.002810
 30.1522 0.002873
 30.2541 0.002902
 30.3560 0.002901
 30.4592 0.002938
 30.5633 0.002980
 30.6682 0.002999
 30.7750 0.003060
 30.8822 0.003070
 30.9910 0.003067
 31.1011 0.003091
 31.2118 0.003104
 31.3234 0.003149
 31.4363 0.003158
 31.5508 0.003208
 31.6673 0.003219
 31.7854 0.003258
 31.9044 0.003256
 32.0260 0.003244
 32.1486 0.003249
 32.2729 0.003343
 32.3992 0.003379
 32.5273 0.003433
 32.6575 0.003466
 32.7889 0.003470
 32.9227 0.003520
 33.0594 0.003550
 33.1982 0.003600
 33.3395 0.003614
 33.4839 0.003610
 33.6304 0.003608
 33.7796 0.003669
 33.9331 0.003685
 34.0886 0.003756
 34.2483 0.003752
 34.4106 0.003786
 34.5779 0.003822
 34.7497 0.003842
 34.9243 0.003853
 35.1050 0.003904
 35.2913 0.003933
 35.4820 0.003954
 35.6795 0.004081
 35.8826 0.004155
 36.0939 0.004203
 36.3122 0.004316
 36.5383 0.004481
 36.7742 0.004591
 37.0197 0.004666
 37.2751 0.004792
 37.5448 0.004805
 37.8251 0.004796
 38.1203 0.005040
 38.4337 0.005194
 38.7676 0.005438
 39.1243 0.005571
 39.5072 0.005744
 39.9214 0.005974
 40.3731 0.006275
 40.8728 0.006392
 41.4344 0.006745
 42.0663 0.007417
 42.8062 0.008100
 43.6853 0.008927
 44.8012 0.009641
 46.3299 0.011643
 46.7250 0.012404
 47.1624 0.012932
 47.6530 0.014031
 48.2108 0.015333
 48.8696 0.016628
 49.6585 0.018250
 50.6502 0.020480
 52.0355 0.023818
 54.3514 0.030856
 56.5914 0.040642
 59.5441 0.065576
 61.5709 0.090506
tr2s-03-0 2 1
 12.4483 0.023858
 13.0076 0.018032
 13.8274 0.012076
 14.5176 0.009751
 15.2835 0.007879
 15.7725 0.007245
 16.1379 0.006558
 16.4386 0.006040
 16.6917 0.005770
 16.9156 0.005358
 17.1098 0.005086
 17.2893 0.004973
 17.4550 0.004766
 18.1262 0.004342
 18.6404 0.004105
 19.0644 0.003946
 19.4258 0.003742
 19.7451 0.003563
 20.0327 0.003340
 20.2954 0.003158
 20.5411 0.003021
 20.7680 0.002979
 20.9825 0.002967
 21.1873 0.002890
 21.3798 0.002877
 21.5626 0.002806
 21.7394 0.002804
 21.9068 0.002769
 22.0696 0.002753
 22.2268 0.002733
 22.3794 0.002769
 22.5270 0.002782
 22.6695 0.002756
 22.8083 0.002778
 22.9436 0.002752
 23.0759 0.002737
 23.2053 0.002682
 23.3319 0.002643
 23.4556 0.002594
 23.5773 0.002595
 23.6969 0.002574
 23.8155 0.002569
 23.9305 0.002576
 24.0440 0.002570
 24.1551 0.002573
 24.2651 0.002556
 24.3742 0.002554
 24.4815 0.002553
 24.5868 0.002538
 24.6910 0.002545
 24.7949 0.002556
 24.8971 0.002505
 24.9980 0.002503
 25.0975 0.002502
 25.1961 0.002506
 25.2941 0.002510
 25.3907 0.002476
 25.4863 0.002460
 25.5820 0.002462
 25.6766 0.002451
 25.7705 0.002490
 25.8637 0.002495
 25.9564 0.002463
 26.0479 0.002431
 26.1392 0.002435
 26.2291 0.002477
 26.3191 0.002474
 26.4091 0.002468
 26.4980 0.002453
 26.5864 0.002458
 26.6749 0.002480
 26.7624 0.002465
 26.8491 0.002469
 26.9358 0.002465
 27.0221 0.002472
 27.1082 0.002437
 27.1936 0.002430
 27.2790 0.002426
 27.3647 0.002407
 27.4501 0.002383
 27.5344 0.002370
 27.6191 0.002405
 27.7039 0.002398
 27.7878 0.002394
 27.8715 0.002399
 27.9557 0.002387
 28.0402 0.002405
 28.1236 0.002420
 28.2069 0.002403
 28.2908 0.002429
 28.3739 0.002414
 28.4573 0.002451
 28.5410 0.002429
 28.6249 0.002427
 28.7081 0.002398
 28.7913 0.002413
 28.8749 0.002404
 28.9580 0.002402
 29.0410 0.002416
 29.1240 0.002417
 29.2072 0.002413
 29.2908 0.002415
 29.3747 0.002424
 29.4574 0.002436
 29.5408 0.002438
 29.6248 0.002435
 29.7090 0.002453
 29.7931 0.002442
 29.8767 0.002453
 29.9604 0.002462
 30.0451 0.002482
 30.1298 0.002513
 30.2148 0.002491
 30.2998 0.002502
 30.3849 0.002493
 30.4707 0.002524
 30.5566 0.002545
 30.6424 0.002559
 30.7292 0.002580
 30.8157 0.002598
 30.9024 0.002588
 30.9896 0.002614
 31.0777 0.002649
 31.1658 0.002655
 31.2541 0.002673
 31.3427 0.002690
 31.4325 0.002698
 31.5224 0.002719
 31.6130 0.002742
 31.7046 0.002746
 31.7957 0.002745
 31.8877 0.002808
 31.9806 0.002819
 32.0734 0.002840
 32.1669 0.002838
 32.2608 0.002840
 32.3548 0.002865
 32.4499 0.002870
 32.5456 0.002886
 32.6425 0.002885
 32.7398 0.002898
 32.8372 0.002932
 32.9354 0.002956
 33.0345 0.002988
 33.1341 0.003019
 33.2352 0.003044
 33.3374 0.003079
 33.4403 0.003087
 33.5442 0.003110
 33.6490 0.003152
 33.7557 0.003157
 33.8630 0.003189
 33.9709 0.003193
 34.0800 0.003231
 34.1905 0.003248
 34.3027 0.003269
 34.4164 0.003257
 34.5315 0.003273
 34.6481 0.003294
 34.7656 0.003322
 34.8849 0.003312
 35.0054 0.003306
 35.1282 0.003320
 35.2520 0.003377
 35.3772 0.003391
 35.5059 0.003402
 35.6358 0.003457
 35.7675 0.003479
 35.9016 0.003509
 36.0383 0.003540
 36.1775 0.003538
 36.3192 0.003567
 36.4634 0.003585
 36.6105 0.003587
 36.7602 0.003675
 36.9133 0.003701
 37.0690 0.003725
 37.2293 0.003734
 37.3923 0.003762
 37.5597 0.003794
 37.7326 0.003845
 37.9085 0.003863
 38.0896 0.003953
 38.2760 0.004034
 38.4673 0.004125
 38.6650 0.004209
 38.8693 0.004289
 39.0796 0.004403
 39.2980 0.004551
 39.5252 0.004517
 39.7606 0.004644
 40.0054 0.004703
 40.2623 0.004753
 40.5308 0.004885
 40.8130 0.004990
 41.1124 0.005118
 41.4253 0.005288
 41.7596 0.005375
 42.1150 0.005496
 42.4988 0.005865
 42.9170 0.006168
 43.3709 0.006486
 43.8733 0.006911
 44.4354 0.007147
 45.0744 0.007524
 45.8109 0.007993
 46.6977 0.008995
 47.8200 0.010259
 49.3608 0.012710
 49.7477 0.013453
 50.1856 0.013679
 50.6885 0.014767
 51.2597 0.015826
 51.9110 0.016993
 52.6950 0.017897
 53.7213 0.019479
 55.1271 0.023056
 57.4578 0.031849
 59.7571 0.045458
 62.5766 0.067050
 64.6487 0.093216
