Copyright (C) 1998 James G. MacKinnon, Alfred A. Haug, and Leo Michelis.
 lm0-10-3 3 1
 36.2828 0.053743
 37.0469 0.042088
 38.1632 0.028458
 39.0847 0.022656
 40.0622 0.018249
 40.7002 0.015446
 41.1626 0.013816
 41.5322 0.013017
 41.8408 0.012078
 42.1150 0.011706
 42.3562 0.010990
 42.5810 0.010420
 42.7852 0.009957
 43.6059 0.009316
 44.2263 0.008509
 44.7387 0.007963
 45.1744 0.007603
 45.5559 0.007189
 45.8952 0.006889
 46.2075 0.006582
 46.4956 0.006492
 46.7626 0.006267
 47.0126 0.006058
 47.2492 0.005924
 47.4733 0.005835
 47.6888 0.005678
 47.8930 0.005627
 48.0896 0.005583
 48.2782 0.005544
 48.4589 0.005420
 48.6335 0.005323
 48.8031 0.005294
 48.9687 0.005237
 49.1298 0.005089
 49.2850 0.005038
 49.4372 0.005009
 49.5865 0.004950
 49.7304 0.004840
 49.8721 0.004789
 50.0111 0.004851
 50.1473 0.004869
 50.2807 0.004792
 50.4115 0.004793
 50.5399 0.004813
 50.6671 0.004824
 50.7912 0.004779
 50.9137 0.004754
 51.0352 0.004740
 51.1546 0.004696
 51.2710 0.004762
 51.3869 0.004797
 51.5011 0.004747
 51.6150 0.004808
 51.7284 0.004822
 51.8396 0.004777
 51.9498 0.004781
 52.0590 0.004786
 52.1676 0.004760
 52.2759 0.004812
 52.3814 0.004858
 52.4862 0.004863
 52.5895 0.004760
 52.6925 0.004796
 52.7943 0.004808
 52.8963 0.004788
 52.9979 0.004762
 53.1002 0.004744
 53.2008 0.004719
 53.2997 0.004713
 53.3994 0.004714
 53.4985 0.004758
 53.5964 0.004746
 53.6941 0.004785
 53.7919 0.004761
 53.8885 0.004718
 53.9855 0.004709
 54.0819 0.004716
 54.1773 0.004737
 54.2729 0.004719
 54.3678 0.004718
 54.4622 0.004724
 54.5562 0.004711
 54.6498 0.004703
 54.7431 0.004692
 54.8375 0.004691
 54.9309 0.004673
 55.0241 0.004709
 55.1162 0.004761
 55.2106 0.004774
 55.3034 0.004762
 55.3957 0.004735
 55.4878 0.004717
 55.5800 0.004707
 55.6722 0.004678
 55.7658 0.004688
 55.8588 0.004680
 55.9498 0.004685
 56.0422 0.004720
 56.1343 0.004688
 56.2266 0.004634
 56.3193 0.004694
 56.4112 0.004760
 56.5036 0.004784
 56.5960 0.004803
 56.6887 0.004804
 56.7820 0.004756
 56.8739 0.004731
 56.9663 0.004739
 57.0594 0.004702
 57.1518 0.004668
 57.2449 0.004651
 57.3392 0.004670
 57.4336 0.004688
 57.5277 0.004690
 57.6232 0.004734
 57.7184 0.004756
 57.8137 0.004844
 57.9093 0.004786
 58.0037 0.004772
 58.0991 0.004870
 58.1949 0.004903
 58.2925 0.004946
 58.3888 0.004961
 58.4862 0.005003
 58.5838 0.005045
 58.6815 0.005038
 58.7798 0.005033
 58.8784 0.005111
 58.9770 0.005113
 59.0760 0.005105
 59.1761 0.005067
 59.2761 0.005064
 59.3783 0.005135
 59.4793 0.005177
 59.5829 0.005245
 59.6856 0.005216
 59.7899 0.005201
 59.8944 0.005269
 60.0007 0.005337
 60.1069 0.005300
 60.2145 0.005352
 60.3208 0.005440
 60.4298 0.005497
 60.5388 0.005510
 60.6492 0.005508
 60.7608 0.005539
 60.8741 0.005610
 60.9883 0.005693
 61.1047 0.005748
 61.2186 0.005758
 61.3342 0.005819
 61.4505 0.005854
 61.5695 0.005906
 61.6913 0.005934
 61.8126 0.005912
 61.9356 0.005945
 62.0596 0.005987
 62.1861 0.005972
 62.3121 0.005994
 62.4421 0.006051
 62.5710 0.006123
 62.7031 0.006177
 62.8373 0.006189
 62.9725 0.006235
 63.1090 0.006208
 63.2491 0.006292
 63.3910 0.006351
 63.5357 0.006371
 63.6843 0.006433
 63.8332 0.006470
 63.9844 0.006448
 64.1405 0.006511
 64.2970 0.006546
 64.4587 0.006515
 64.6219 0.006573
 64.7913 0.006592
 64.9619 0.006622
 65.1369 0.006709
 65.3132 0.006759
 65.4964 0.006835
 65.6851 0.006980
 65.8768 0.007116
 66.0750 0.007221
 66.2783 0.007344
 66.4857 0.007314
 66.7040 0.007391
 66.9255 0.007494
 67.1555 0.007559
 67.3971 0.007513
 67.6427 0.007541
 67.9003 0.007655
 68.1681 0.007997
 68.4508 0.008161
 68.7453 0.008329
 69.0546 0.008592
 69.3817 0.008884
 69.7292 0.009056
 70.0942 0.009488
 70.4857 0.009849
 70.9071 0.010571
 71.3593 0.010959
 71.8586 0.011291
 72.4059 0.011805
 73.0089 0.012262
 73.7109 0.012960
 74.5199 0.014098
 75.4897 0.015524
 76.7028 0.017407
 78.3793 0.021727
 78.8033 0.022699
 79.2925 0.023758
 79.8183 0.024694
 80.4238 0.027448
 81.1505 0.029096
 82.0405 0.032693
 83.1579 0.037170
 84.7038 0.044312
 87.3020 0.057901
 89.8073 0.085181
 92.8533 0.130156
 95.0737 0.171534
 lm1-10-3 3 1
 38.8767 0.051157
 39.6094 0.040954
 40.6813 0.029627
 41.6735 0.023129
 42.6985 0.017249
 43.3484 0.014957
 43.8259 0.013822
 44.2057 0.013194
 44.5394 0.012407
 44.8278 0.011514
 45.0832 0.010970
 45.3168 0.010548
 45.5262 0.010141
 46.3670 0.009131
 47.0022 0.007828
 47.5185 0.007798
 47.9572 0.007348
 48.3507 0.006952
 48.7020 0.006574
 49.0248 0.006301
 49.3197 0.006223
 49.5950 0.006166
 49.8549 0.006034
 50.0954 0.005918
 50.3252 0.005798
 50.5408 0.005735
 50.7507 0.005608
 50.9509 0.005564
 51.1423 0.005460
 51.3278 0.005421
 51.5080 0.005412
 51.6824 0.005388
 51.8507 0.005262
 52.0156 0.005203
 52.1745 0.005202
 52.3292 0.005216
 52.4795 0.005091
 52.6280 0.005111
 52.7732 0.005070
 52.9149 0.004951
 53.0532 0.005005
 53.1891 0.004977
 53.3240 0.004930
 53.4548 0.004844
 53.5841 0.004884
 53.7109 0.004922
 53.8371 0.004966
 53.9617 0.004893
 54.0841 0.004825
 54.2059 0.004782
 54.3240 0.004746
 54.4421 0.004755
 54.5590 0.004779
 54.6724 0.004715
 54.7849 0.004683
 54.8978 0.004673
 55.0095 0.004720
 55.1209 0.004742
 55.2311 0.004761
 55.3400 0.004791
 55.4469 0.004755
 55.5541 0.004697
 55.6593 0.004691
 55.7639 0.004701
 55.8680 0.004653
 55.9728 0.004652
 56.0755 0.004615
 56.1776 0.004607
 56.2796 0.004670
 56.3804 0.004687
 56.4822 0.004645
 56.5818 0.004690
 56.6831 0.004704
 56.7820 0.004752
 56.8807 0.004722
 56.9784 0.004780
 57.0763 0.004784
 57.1746 0.004776
 57.2722 0.004781
 57.3696 0.004817
 57.4651 0.004832
 57.5616 0.004853
 57.6571 0.004850
 57.7536 0.004826
 57.8503 0.004847
 57.9450 0.004850
 58.0392 0.004821
 58.1340 0.004795
 58.2282 0.004766
 58.3225 0.004798
 58.4166 0.004843
 58.5108 0.004865
 58.6050 0.004879
 58.7006 0.004864
 58.7953 0.004860
 58.8888 0.004840
 58.9834 0.004832
 59.0781 0.004857
 59.1717 0.004829
 59.2658 0.004884
 59.3597 0.004873
 59.4540 0.004926
 59.5483 0.004981
 59.6431 0.004990
 59.7379 0.005029
 59.8337 0.005058
 59.9289 0.005114
 60.0243 0.005177
 60.1190 0.005230
 60.2138 0.005264
 60.3088 0.005257
 60.4038 0.005239
 60.4994 0.005186
 60.5951 0.005230
 60.6907 0.005221
 60.7872 0.005224
 60.8834 0.005225
 60.9802 0.005262
 61.0770 0.005289
 61.1741 0.005288
 61.2727 0.005258
 61.3706 0.005265
 61.4692 0.005315
 61.5673 0.005336
 61.6667 0.005360
 61.7661 0.005338
 61.8678 0.005319
 61.9682 0.005325
 62.0697 0.005306
 62.1717 0.005355
 62.2742 0.005293
 62.3781 0.005269
 62.4804 0.005303
 62.5859 0.005293
 62.6911 0.005282
 62.7957 0.005356
 62.9037 0.005339
 63.0092 0.005393
 63.1156 0.005395
 63.2242 0.005440
 63.3351 0.005439
 63.4459 0.005476
 63.5569 0.005487
 63.6689 0.005509
 63.7815 0.005553
 63.8959 0.005566
 64.0109 0.005619
 64.1280 0.005638
 64.2469 0.005605
 64.3647 0.005663
 64.4831 0.005733
 64.6033 0.005749
 64.7229 0.005779
 64.8469 0.005861
 64.9701 0.005866
 65.0944 0.005903
 65.2224 0.005852
 65.3499 0.005837
 65.4794 0.005815
 65.6105 0.005851
 65.7440 0.005905
 65.8784 0.005875
 66.0151 0.005859
 66.1553 0.005882
 66.2958 0.005922
 66.4379 0.006005
 66.5817 0.006118
 66.7284 0.006123
 66.8782 0.006070
 67.0306 0.006040
 67.1857 0.006144
 67.3437 0.006161
 67.5036 0.006273
 67.6676 0.006345
 67.8350 0.006429
 68.0067 0.006507
 68.1809 0.006602
 68.3556 0.006669
 68.5375 0.006727
 68.7248 0.006805
 68.9166 0.006848
 69.1117 0.006839
 69.3148 0.006960
 69.5203 0.007120
 69.7361 0.007278
 69.9565 0.007410
 70.1837 0.007535
 70.4185 0.007550
 70.6580 0.007702
 70.9076 0.007845
 71.1711 0.007935
 71.4468 0.008086
 71.7359 0.008202
 72.0357 0.008549
 72.3484 0.008590
 72.6768 0.008700
 73.0319 0.009070
 73.4057 0.009213
 73.8010 0.009523
 74.2241 0.009886
 74.6864 0.010435
 75.1871 0.011203
 75.7336 0.011799
 76.3639 0.012656
 77.0672 0.014005
 77.8931 0.014995
 78.8851 0.016171
 80.1337 0.017784
 81.8637 0.021165
 82.3010 0.022185
 82.7822 0.022949
 83.3309 0.024794
 83.9720 0.026644
 84.6737 0.028315
 85.5480 0.032047
 86.6904 0.036191
 88.2630 0.044074
 90.8646 0.063082
 93.3834 0.087613
 96.6667 0.127725
 98.8594 0.167958
lm1s-10-3 3 1
 39.5388 0.053537
 40.3119 0.041841
 41.4199 0.028859
 42.3924 0.021830
 43.4145 0.017234
 44.0508 0.015579
 44.5365 0.013976
 44.9253 0.013226
 45.2652 0.012374
 45.5517 0.011501
 45.8055 0.011110
 46.0394 0.010501
 46.2439 0.010273
 47.0903 0.009025
 47.7186 0.008535
 48.2359 0.007568
 48.6849 0.007176
 49.0807 0.006805
 49.4350 0.006689
 49.7566 0.006411
 50.0520 0.006386
 50.3247 0.006220
 50.5825 0.006004
 50.8239 0.005971
 51.0555 0.005818
 51.2736 0.005663
 51.4829 0.005666
 51.6838 0.005674
 51.8759 0.005514
 52.0614 0.005483
 52.2395 0.005436
 52.4130 0.005358
 52.5815 0.005316
 52.7462 0.005168
 52.9037 0.005154
 53.0595 0.005159
 53.2085 0.005152
 53.3559 0.005020
 53.4999 0.005008
 53.6420 0.005064
 53.7819 0.005028
 53.9208 0.005015
 54.0557 0.005002
 54.1898 0.004918
 54.3188 0.004882
 54.4469 0.004830
 54.5738 0.004821
 54.6966 0.004818
 54.8186 0.004848
 54.9392 0.004762
 55.0589 0.004765
 55.1766 0.004788
 55.2955 0.004757
 55.4103 0.004737
 55.5254 0.004673
 55.6392 0.004657
 55.7499 0.004622
 55.8607 0.004667
 55.9704 0.004642
 56.0788 0.004622
 56.1856 0.004592
 56.2931 0.004588
 56.3979 0.004558
 56.5036 0.004565
 56.6083 0.004547
 56.7127 0.004579
 56.8148 0.004660
 56.9172 0.004693
 57.0190 0.004665
 57.1197 0.004705
 57.2205 0.004725
 57.3210 0.004760
 57.4217 0.004777
 57.5195 0.004759
 57.6194 0.004773
 57.7181 0.004763
 57.8165 0.004746
 57.9141 0.004711
 58.0108 0.004722
 58.1076 0.004750
 58.2044 0.004770
 58.3012 0.004738
 58.3967 0.004747
 58.4922 0.004791
 58.5869 0.004805
 58.6823 0.004862
 58.7773 0.004846
 58.8728 0.004872
 58.9680 0.004883
 59.0627 0.004832
 59.1584 0.004822
 59.2522 0.004880
 59.3477 0.004866
 59.4422 0.004832
 59.5367 0.004821
 59.6302 0.004840
 59.7257 0.004900
 59.8209 0.004917
 59.9153 0.004944
 60.0090 0.005002
 60.1025 0.005005
 60.1959 0.005042
 60.2899 0.005103
 60.3842 0.005085
 60.4792 0.005114
 60.5749 0.005121
 60.6703 0.005123
 60.7651 0.005133
 60.8595 0.005169
 60.9549 0.005189
 61.0500 0.005220
 61.1452 0.005200
 61.2403 0.005230
 61.3373 0.005275
 61.4334 0.005297
 61.5284 0.005277
 61.6249 0.005275
 61.7191 0.005327
 61.8167 0.005349
 61.9144 0.005335
 62.0116 0.005362
 62.1118 0.005370
 62.2108 0.005404
 62.3107 0.005394
 62.4116 0.005367
 62.5114 0.005354
 62.6117 0.005313
 62.7120 0.005318
 62.8137 0.005235
 62.9174 0.005229
 63.0199 0.005296
 63.1225 0.005326
 63.2266 0.005286
 63.3325 0.005267
 63.4371 0.005297
 63.5434 0.005332
 63.6487 0.005354
 63.7541 0.005379
 63.8620 0.005428
 63.9707 0.005464
 64.0806 0.005540
 64.1905 0.005535
 64.3024 0.005576
 64.4157 0.005615
 64.5268 0.005574
 64.6409 0.005580
 64.7552 0.005641
 64.8712 0.005653
 64.9875 0.005659
 65.1049 0.005706
 65.2248 0.005753
 65.3449 0.005746
 65.4643 0.005729
 65.5874 0.005712
 65.7121 0.005814
 65.8361 0.005811
 65.9621 0.005873
 66.0916 0.005892
 66.2207 0.005935
 66.3526 0.005912
 66.4868 0.005965
 66.6226 0.005933
 66.7593 0.006041
 66.8976 0.006013
 67.0393 0.005922
 67.1827 0.005941
 67.3271 0.005945
 67.4735 0.005952
 67.6228 0.006039
 67.7745 0.006181
 67.9297 0.006217
 68.0882 0.006280
 68.2474 0.006403
 68.4105 0.006448
 68.5786 0.006509
 68.7491 0.006564
 68.9229 0.006664
 69.1023 0.006713
 69.2845 0.006690
 69.4713 0.006730
 69.6626 0.006717
 69.8589 0.006795
 70.0613 0.007042
 70.2675 0.007125
 70.4793 0.007140
 70.7009 0.007252
 70.9250 0.007348
 71.1608 0.007281
 71.4036 0.007468
 71.6575 0.007760
 71.9182 0.007984
 72.1895 0.008247
 72.4780 0.008367
 72.7779 0.008500
 73.0968 0.008736
 73.4281 0.008857
 73.7760 0.009089
 74.1471 0.009220
 74.5449 0.009612
 74.9725 0.010121
 75.4338 0.010884
 75.9334 0.011507
 76.4933 0.012157
 77.1099 0.012864
 77.8158 0.014083
 78.6346 0.014728
 79.6358 0.016366
 80.8898 0.017753
 82.6082 0.021591
 83.0554 0.022107
 83.5320 0.023140
 84.0755 0.024660
 84.6907 0.026982
 85.4122 0.029348
 86.3005 0.031964
 87.4459 0.036879
 89.0134 0.044316
 91.6435 0.062547
 94.1789 0.084429
 97.3531 0.130749
 99.6495 0.175451
 lm2-10-3 3 1
 41.3889 0.055166
 42.1906 0.041519
 43.3595 0.030477
 44.3207 0.023891
 45.3662 0.018708
 46.0456 0.016007
 46.5452 0.014076
 46.9422 0.013333
 47.2715 0.012561
 47.5604 0.012090
 47.8183 0.011489
 48.0451 0.011119
 48.2515 0.010687
 49.1146 0.009134
 49.7612 0.008564
 50.2917 0.007919
 50.7466 0.007529
 51.1494 0.007137
 51.5106 0.007030
 51.8382 0.006592
 52.1402 0.006321
 52.4198 0.006271
 52.6799 0.006164
 52.9320 0.005934
 53.1634 0.005853
 53.3918 0.005687
 53.6052 0.005771
 53.8064 0.005727
 54.0029 0.005574
 54.1899 0.005512
 54.3725 0.005352
 54.5474 0.005324
 54.7198 0.005245
 54.8856 0.005260
 55.0498 0.005190
 55.2081 0.005145
 55.3624 0.005041
 55.5142 0.005021
 55.6637 0.005089
 55.8101 0.005013
 55.9534 0.005035
 56.0937 0.005035
 56.2301 0.005012
 56.3652 0.004978
 56.4964 0.004910
 56.6275 0.004912
 56.7571 0.004895
 56.8838 0.004851
 57.0094 0.004868
 57.1328 0.004882
 57.2551 0.004820
 57.3750 0.004786
 57.4943 0.004796
 57.6133 0.004776
 57.7296 0.004747
 57.8445 0.004758
 57.9578 0.004785
 58.0707 0.004774
 58.1828 0.004769
 58.2942 0.004739
 58.4056 0.004698
 58.5155 0.004695
 58.6228 0.004776
 58.7295 0.004735
 58.8353 0.004692
 58.9420 0.004721
 59.0478 0.004635
 59.1522 0.004619
 59.2560 0.004600
 59.3595 0.004646
 59.4630 0.004655
 59.5651 0.004679
 59.6667 0.004684
 59.7695 0.004589
 59.8700 0.004581
 59.9690 0.004581
 60.0687 0.004595
 60.1682 0.004607
 60.2673 0.004629
 60.3654 0.004639
 60.4633 0.004622
 60.5628 0.004544
 60.6605 0.004566
 60.7583 0.004560
 60.8569 0.004603
 60.9540 0.004656
 61.0510 0.004641
 61.1478 0.004659
 61.2458 0.004665
 61.3441 0.004728
 61.4394 0.004731
 61.5351 0.004737
 61.6309 0.004762
 61.7266 0.004807
 61.8234 0.004797
 61.9190 0.004838
 62.0155 0.004875
 62.1111 0.004913
 62.2065 0.004952
 62.3022 0.005010
 62.3983 0.004997
 62.4938 0.004990
 62.5904 0.005049
 62.6866 0.005049
 62.7833 0.005099
 62.8789 0.005073
 62.9760 0.005101
 63.0729 0.005169
 63.1695 0.005185
 63.2669 0.005198
 63.3659 0.005197
 63.4648 0.005245
 63.5614 0.005253
 63.6595 0.005296
 63.7580 0.005323
 63.8562 0.005336
 63.9548 0.005318
 64.0535 0.005387
 64.1520 0.005418
 64.2518 0.005463
 64.3521 0.005489
 64.4523 0.005490
 64.5536 0.005546
 64.6549 0.005495
 64.7568 0.005478
 64.8583 0.005472
 64.9611 0.005468
 65.0647 0.005475
 65.1682 0.005460
 65.2721 0.005453
 65.3764 0.005509
 65.4832 0.005530
 65.5891 0.005525
 65.6958 0.005509
 65.8024 0.005521
 65.9082 0.005560
 66.0166 0.005646
 66.1258 0.005711
 66.2360 0.005692
 66.3465 0.005678
 66.4572 0.005691
 66.5707 0.005709
 66.6858 0.005763
 66.7992 0.005767
 66.9153 0.005769
 67.0310 0.005760
 67.1477 0.005771
 67.2639 0.005793
 67.3837 0.005762
 67.5030 0.005766
 67.6248 0.005721
 67.7485 0.005730
 67.8729 0.005829
 67.9989 0.005807
 68.1260 0.005798
 68.2529 0.005736
 68.3814 0.005703
 68.5123 0.005772
 68.6442 0.005881
 68.7783 0.005958
 68.9148 0.006021
 69.0505 0.005968
 69.1889 0.006013
 69.3314 0.006068
 69.4709 0.006155
 69.6163 0.006123
 69.7633 0.006228
 69.9142 0.006298
 70.0663 0.006382
 70.2241 0.006422
 70.3812 0.006444
 70.5417 0.006527
 70.7077 0.006579
 70.8729 0.006591
 71.0438 0.006705
 71.2155 0.006747
 71.3934 0.006874
 71.5762 0.006828
 71.7600 0.006950
 71.9488 0.007017
 72.1455 0.007167
 72.3446 0.007274
 72.5493 0.007321
 72.7632 0.007373
 72.9807 0.007460
 73.2023 0.007535
 73.4358 0.007751
 73.6764 0.007807
 73.9234 0.008037
 74.1812 0.008175
 74.4507 0.008346
 74.7289 0.008411
 75.0206 0.008447
 75.3243 0.008654
 75.6427 0.008793
 75.9786 0.009118
 76.3320 0.009512
 76.7099 0.010011
 77.1141 0.010510
 77.5469 0.010897
 78.0218 0.011316
 78.5315 0.011936
 79.0999 0.012605
 79.7336 0.013508
 80.4581 0.013807
 81.2989 0.014817
 82.3095 0.016135
 83.5757 0.017654
 85.2970 0.020610
 85.7324 0.021719
 86.2389 0.023390
 86.7868 0.024024
 87.4220 0.026849
 88.1618 0.029062
 89.0608 0.032763
 90.1929 0.037286
 91.7941 0.046237
 94.3990 0.060527
 96.9214 0.085221
100.0354 0.130361
102.4035 0.171657
lm2s-10-3 3 1
 42.1386 0.054799
 42.8969 0.040377
 44.0769 0.028831
 45.0389 0.022917
 46.1153 0.017877
 46.7871 0.015670
 47.2727 0.014500
 47.6664 0.013679
 47.9999 0.012900
 48.2828 0.012376
 48.5432 0.011542
 48.7776 0.010847
 48.9934 0.010166
 49.8437 0.009269
 50.4908 0.008318
 51.0253 0.007686
 51.4869 0.007284
 51.8849 0.006978
 52.2475 0.006702
 52.5793 0.006811
 52.8792 0.006605
 53.1572 0.006384
 53.4231 0.006078
 53.6723 0.006080
 53.9059 0.005830
 54.1254 0.005782
 54.3403 0.005671
 54.5430 0.005593
 54.7401 0.005550
 54.9304 0.005418
 55.1110 0.005298
 55.2885 0.005257
 55.4617 0.005166
 55.6275 0.005144
 55.7916 0.005094
 55.9505 0.005105
 56.1064 0.005007
 56.2581 0.005044
 56.4067 0.005031
 56.5517 0.004979
 56.6924 0.004985
 56.8331 0.004951
 56.9715 0.004979
 57.1078 0.004962
 57.2426 0.004927
 57.3744 0.004900
 57.5024 0.004939
 57.6300 0.004856
 57.7548 0.004888
 57.8787 0.004865
 58.0006 0.004877
 58.1195 0.004817
 58.2379 0.004798
 58.3567 0.004843
 58.4740 0.004848
 58.5874 0.004879
 58.7017 0.004903
 58.8139 0.004877
 58.9263 0.004901
 59.0367 0.004797
 59.1464 0.004733
 59.2556 0.004705
 59.3627 0.004731
 59.4709 0.004656
 59.5784 0.004635
 59.6849 0.004579
 59.7911 0.004613
 59.8955 0.004613
 59.9988 0.004639
 60.1027 0.004647
 60.2063 0.004666
 60.3080 0.004686
 60.4100 0.004656
 60.5126 0.004695
 60.6133 0.004667
 60.7137 0.004694
 60.8129 0.004660
 60.9118 0.004695
 61.0110 0.004723
 61.1096 0.004748
 61.2078 0.004735
 61.3071 0.004702
 61.4047 0.004651
 61.5031 0.004642
 61.5997 0.004667
 61.6979 0.004672
 61.7954 0.004705
 61.8921 0.004707
 61.9897 0.004732
 62.0877 0.004723
 62.1850 0.004741
 62.2815 0.004761
 62.3775 0.004761
 62.4740 0.004794
 62.5694 0.004848
 62.6660 0.004847
 62.7614 0.004842
 62.8581 0.004914
 62.9534 0.004954
 63.0487 0.004945
 63.1458 0.004962
 63.2423 0.005028
 63.3389 0.005040
 63.4374 0.005032
 63.5340 0.005039
 63.6300 0.005026
 63.7267 0.005071
 63.8227 0.005049
 63.9189 0.005052
 64.0163 0.005095
 64.1133 0.005114
 64.2111 0.005142
 64.3094 0.005143
 64.4077 0.005194
 64.5059 0.005245
 64.6041 0.005258
 64.7024 0.005251
 64.8016 0.005223
 64.9010 0.005255
 65.0009 0.005285
 65.1006 0.005266
 65.2001 0.005314
 65.3003 0.005367
 65.4019 0.005350
 65.5052 0.005403
 65.6071 0.005348
 65.7098 0.005376
 65.8126 0.005423
 65.9159 0.005451
 66.0199 0.005453
 66.1238 0.005466
 66.2295 0.005454
 66.3355 0.005469
 66.4416 0.005490
 66.5479 0.005521
 66.6545 0.005573
 66.7640 0.005695
 66.8744 0.005678
 66.9852 0.005698
 67.0945 0.005734
 67.2058 0.005725
 67.3182 0.005767
 67.4326 0.005766
 67.5460 0.005697
 67.6608 0.005734
 67.7757 0.005758
 67.8937 0.005743
 68.0118 0.005729
 68.1327 0.005707
 68.2536 0.005760
 68.3738 0.005726
 68.4955 0.005723
 68.6182 0.005714
 68.7422 0.005829
 68.8679 0.005888
 68.9959 0.005897
 69.1241 0.005928
 69.2542 0.005882
 69.3859 0.005876
 69.5187 0.005889
 69.6548 0.005886
 69.7931 0.005972
 69.9340 0.006003
 70.0764 0.006128
 70.2214 0.006136
 70.3679 0.006222
 70.5144 0.006338
 70.6642 0.006409
 70.8173 0.006460
 70.9723 0.006484
 71.1297 0.006539
 71.2893 0.006637
 71.4531 0.006712
 71.6197 0.006768
 71.7897 0.006795
 71.9625 0.006898
 72.1413 0.006942
 72.3231 0.006942
 72.5086 0.006973
 72.6990 0.006964
 72.8919 0.006989
 73.0949 0.006959
 73.3017 0.007048
 73.5122 0.007209
 73.7289 0.007347
 73.9539 0.007421
 74.1839 0.007669
 74.4231 0.007844
 74.6746 0.007872
 74.9311 0.007870
 75.1953 0.008090
 75.4768 0.008233
 75.7672 0.008429
 76.0667 0.008672
 76.3850 0.008643
 76.7227 0.009018
 77.0782 0.009517
 77.4553 0.010115
 77.8593 0.010434
 78.2997 0.010823
 78.7691 0.011442
 79.2823 0.012179
 79.8506 0.012630
 80.4869 0.013098
 81.2123 0.014041
 82.0529 0.015135
 83.0579 0.016413
 84.3200 0.018632
 86.0331 0.021670
 86.4771 0.022799
 86.9782 0.023324
 87.5310 0.024596
 88.1813 0.026801
 88.9167 0.029836
 89.8198 0.032274
 90.9332 0.037353
 92.5284 0.046143
 95.1492 0.059841
 97.6798 0.086147
100.8833 0.127597
103.1294 0.169501
 tr0-10-3 3 1
181.9545 0.203430
184.9246 0.160066
188.8017 0.111116
192.1117 0.083730
195.7110 0.064530
197.9069 0.054825
199.4714 0.050117
200.8120 0.047106
201.8902 0.043104
202.8520 0.041016
203.6724 0.039470
204.4471 0.037629
205.1385 0.036356
207.9317 0.029755
210.0019 0.027684
211.6935 0.024979
213.1298 0.023885
214.3726 0.022912
215.4889 0.021952
216.5000 0.021399
217.4165 0.020415
218.2727 0.020193
219.0824 0.019465
219.8286 0.018605
220.5463 0.018152
221.2248 0.017920
221.8655 0.017495
222.4770 0.017391
223.0672 0.016983
223.6371 0.016843
224.1885 0.016839
224.7237 0.016636
225.2392 0.016455
225.7346 0.016388
226.2141 0.016188
226.6800 0.016140
227.1386 0.015881
227.5853 0.015807
228.0160 0.015495
228.4379 0.015488
228.8488 0.015346
229.2567 0.015022
229.6535 0.014838
230.0424 0.015027
230.4281 0.014809
230.8054 0.014557
231.1803 0.014364
231.5439 0.014333
231.9026 0.014339
232.2562 0.014361
232.6097 0.014361
232.9558 0.014239
233.2905 0.014270
233.6297 0.014130
233.9610 0.014114
234.2833 0.014267
234.6073 0.014230
234.9280 0.014039
235.2397 0.013876
235.5559 0.013730
235.8656 0.013759
236.1737 0.013591
236.4769 0.013356
236.7801 0.013176
237.0790 0.013065
237.3759 0.013109
237.6709 0.013117
237.9637 0.013098
238.2543 0.013088
238.5422 0.013116
238.8313 0.013055
239.1166 0.013190
239.3978 0.013047
239.6787 0.013138
239.9537 0.012918
240.2309 0.012878
240.5045 0.012821
240.7763 0.012973
241.0452 0.012989
241.3162 0.013022
241.5866 0.013115
241.8540 0.013015
242.1177 0.013045
242.3850 0.012944
242.6494 0.012878
242.9151 0.013005
243.1814 0.013046
243.4436 0.013215
243.7064 0.013207
243.9655 0.013190
244.2275 0.013174
244.4866 0.013316
244.7450 0.013175
245.0035 0.013120
245.2648 0.013221
245.5244 0.013122
245.7825 0.012917
246.0378 0.012954
246.2933 0.013077
246.5518 0.013175
246.8087 0.013270
247.0629 0.013179
247.3192 0.013302
247.5757 0.013383
247.8343 0.013358
248.0898 0.013403
248.3453 0.013399
248.6006 0.013308
248.8590 0.013413
249.1131 0.013414
249.3704 0.013499
249.6285 0.013465
249.8853 0.013489
250.1423 0.013438
250.3982 0.013409
250.6542 0.013552
250.9112 0.013536
251.1743 0.013502
251.4352 0.013684
251.6930 0.013641
251.9535 0.013728
252.2169 0.013514
252.4775 0.013649
252.7390 0.013502
252.9973 0.013407
253.2586 0.013491
253.5186 0.013583
253.7831 0.013678
254.0499 0.013642
254.3190 0.013633
254.5896 0.013543
254.8565 0.013595
255.1262 0.013671
255.3958 0.013637
255.6691 0.013434
255.9444 0.013499
256.2226 0.013480
256.4985 0.013548
256.7791 0.013463
257.0598 0.013423
257.3433 0.013479
257.6278 0.013588
257.9138 0.013547
258.2031 0.013552
258.4927 0.013616
258.7852 0.013823
259.0780 0.014027
259.3785 0.014026
259.6770 0.014000
259.9766 0.013919
260.2779 0.014072
260.5863 0.014135
260.8945 0.014204
261.2036 0.014233
261.5180 0.014354
261.8366 0.014385
262.1576 0.014624
262.4829 0.014395
262.8072 0.014429
263.1357 0.014377
263.4733 0.014564
263.8068 0.014767
264.1489 0.014722
264.4958 0.014694
264.8493 0.014829
265.2016 0.014892
265.5625 0.015008
265.9255 0.015248
266.2975 0.015240
266.6760 0.015493
267.0600 0.015764
267.4481 0.015805
267.8431 0.015875
268.2404 0.016112
268.6498 0.016220
269.0743 0.016219
269.4985 0.016396
269.9307 0.016451
270.3761 0.016574
270.8248 0.016720
271.2871 0.016993
271.7599 0.017252
272.2432 0.017433
272.7446 0.017830
273.2565 0.018012
273.7796 0.018272
274.3258 0.018501
274.8866 0.018766
275.4622 0.019270
276.0539 0.019330
276.6734 0.019323
277.3165 0.019636
277.9826 0.019726
278.6835 0.020200
279.4130 0.020650
280.1860 0.021209
281.0096 0.021500
281.8636 0.022030
282.7785 0.022773
283.7728 0.023851
284.8293 0.023980
285.9652 0.024529
287.2227 0.025509
288.6205 0.027176
290.2017 0.028246
292.0222 0.030441
294.1737 0.034312
296.8875 0.036790
300.5314 0.045365
301.4792 0.048936
302.4956 0.050814
303.6300 0.054206
304.9345 0.056301
306.5196 0.060788
308.3416 0.066699
310.5787 0.075772
313.8292 0.093120
319.0984 0.123748
323.9974 0.155201
330.2178 0.237286
334.5885 0.328267
 tr1-10-3 3 1
199.3492 0.197596
202.5298 0.158488
206.5588 0.109499
209.9464 0.081658
213.6683 0.066498
215.9852 0.057029
217.6976 0.051073
219.0492 0.047169
220.2197 0.044342
221.2073 0.042183
222.0991 0.040205
222.8914 0.038279
223.5758 0.037528
226.4605 0.032235
228.6050 0.028621
230.3638 0.026963
231.8444 0.024743
233.1399 0.023606
234.2872 0.022721
235.3533 0.021436
236.3026 0.020563
237.1925 0.019791
238.0215 0.019603
238.7962 0.019320
239.5391 0.018647
240.2376 0.018138
240.9039 0.017957
241.5392 0.017775
242.1551 0.017390
242.7484 0.016699
243.3131 0.016423
243.8654 0.016415
244.3937 0.016010
244.9080 0.015705
245.4028 0.015676
245.8848 0.015672
246.3555 0.015488
246.8152 0.015419
247.2647 0.015187
247.7029 0.014912
248.1324 0.014869
248.5566 0.014947
248.9720 0.014583
249.3769 0.014483
249.7757 0.014346
250.1597 0.014344
250.5403 0.014402
250.9200 0.014181
251.2925 0.013957
251.6619 0.014066
252.0242 0.014108
252.3810 0.014035
252.7263 0.014001
253.0698 0.014114
253.4142 0.014341
253.7543 0.014428
254.0879 0.014436
254.4232 0.014570
254.7527 0.014677
255.0777 0.014638
255.3966 0.014470
255.7116 0.014665
256.0244 0.014751
256.3340 0.014630
256.6420 0.014545
256.9471 0.014365
257.2527 0.014160
257.5550 0.014041
257.8564 0.013865
258.1536 0.014036
258.4461 0.013916
258.7405 0.013925
259.0326 0.013627
259.3213 0.013619
259.6103 0.013491
259.8962 0.013535
260.1801 0.013586
260.4612 0.013594
260.7423 0.013479
261.0259 0.013271
261.3118 0.013181
261.5888 0.013210
261.8664 0.013303
262.1425 0.013202
262.4189 0.013190
262.6896 0.013143
262.9634 0.013206
263.2352 0.013215
263.5065 0.013133
263.7759 0.013139
264.0456 0.013236
264.3141 0.013411
264.5806 0.013601
264.8517 0.013766
265.1167 0.013656
265.3863 0.013552
265.6533 0.013577
265.9210 0.013557
266.1870 0.013753
266.4537 0.013784
266.7181 0.013692
266.9803 0.013632
267.2451 0.013601
267.5085 0.013613
267.7729 0.013623
268.0384 0.013681
268.3034 0.013774
268.5688 0.013751
268.8362 0.013739
269.1034 0.013820
269.3690 0.013891
269.6316 0.013955
269.8951 0.014018
270.1623 0.014122
270.4304 0.014093
270.6978 0.014268
270.9656 0.014162
271.2327 0.014159
271.4982 0.014114
271.7692 0.014117
272.0394 0.014029
272.3076 0.014174
272.5790 0.014273
272.8497 0.014396
273.1202 0.014480
273.3902 0.014463
273.6641 0.014530
273.9389 0.014469
274.2148 0.014414
274.4929 0.014467
274.7738 0.014638
275.0494 0.014574
275.3269 0.014624
275.6103 0.014696
275.8912 0.014744
276.1745 0.014834
276.4599 0.014870
276.7526 0.014826
277.0394 0.014871
277.3293 0.014916
277.6219 0.015041
277.9156 0.015119
278.2093 0.015032
278.5038 0.015008
278.8024 0.015083
279.1028 0.015063
279.4016 0.015153
279.7067 0.015191
280.0151 0.015200
280.3256 0.015286
280.6354 0.015302
280.9446 0.015067
281.2663 0.015007
281.5835 0.015029
281.9041 0.015178
282.2334 0.015211
282.5661 0.015409
282.9025 0.015362
283.2428 0.015321
283.5839 0.015483
283.9263 0.015446
284.2762 0.015473
284.6288 0.015460
284.9865 0.015576
285.3447 0.015859
285.7073 0.015953
286.0790 0.016089
286.4564 0.016212
286.8406 0.016330
287.2293 0.016303
287.6245 0.016261
288.0213 0.016132
288.4331 0.016254
288.8478 0.016269
289.2645 0.016512
289.6946 0.016643
290.1371 0.017089
290.5865 0.017223
291.0477 0.017624
291.5155 0.017954
291.9922 0.018009
292.4831 0.017974
292.9893 0.018224
293.5007 0.018514
294.0235 0.018513
294.5618 0.018839
295.1197 0.019106
295.7060 0.019168
296.3002 0.019504
296.9216 0.019922
297.5581 0.020142
298.2181 0.020144
298.9142 0.020382
299.6278 0.020960
300.3872 0.021595
301.1711 0.021728
302.0058 0.022379
302.8872 0.022736
303.8388 0.023508
304.8436 0.023543
305.9320 0.024439
307.0985 0.025568
308.4045 0.026789
309.8320 0.028228
311.4448 0.030586
313.3330 0.033195
315.5660 0.036388
318.3641 0.040857
322.1431 0.047880
323.0744 0.050218
324.1345 0.052262
325.3058 0.054219
326.6777 0.058312
328.2243 0.063630
330.1462 0.069251
332.5344 0.079531
335.7595 0.092796
341.0256 0.123022
346.1339 0.155663
352.5267 0.239060
357.2128 0.333651
tr1s-10-3 3 1
208.6626 0.200468
211.6129 0.151939
215.7530 0.111473
219.2769 0.082980
223.0122 0.066392
225.3913 0.056507
227.1329 0.051467
228.5502 0.046644
229.6949 0.044795
230.6741 0.043483
231.5663 0.041347
232.3805 0.039946
233.0918 0.038480
235.9949 0.032795
238.1475 0.029414
239.9114 0.027774
241.4227 0.026286
242.7479 0.025067
243.9104 0.023661
244.9661 0.022575
245.9321 0.021548
246.8316 0.020534
247.6764 0.019749
248.4744 0.019415
249.2201 0.019048
249.9290 0.018609
250.6111 0.018265
251.2598 0.017753
251.8790 0.017383
252.4803 0.017053
253.0490 0.016658
253.6013 0.016149
254.1397 0.016195
254.6573 0.016008
255.1618 0.016031
255.6538 0.016017
256.1261 0.015881
256.5868 0.015580
257.0426 0.015439
257.4892 0.015270
257.9179 0.015309
258.3446 0.015084
258.7600 0.015159
259.1675 0.014882
259.5688 0.014687
259.9685 0.014914
260.3572 0.014802
260.7396 0.014786
261.1140 0.014756
261.4831 0.014869
261.8479 0.014938
262.2042 0.014799
262.5609 0.014719
262.9179 0.014824
263.2620 0.014822
263.6008 0.014583
263.9390 0.014506
264.2757 0.014561
264.6081 0.014563
264.9312 0.014635
265.2544 0.014560
265.5725 0.014610
265.8931 0.014374
266.2105 0.014228
266.5238 0.014126
266.8315 0.014002
267.1398 0.013964
267.4467 0.013930
267.7479 0.013784
268.0462 0.013755
268.3468 0.013689
268.6454 0.013781
268.9411 0.013839
269.2357 0.013905
269.5247 0.013836
269.8149 0.013845
270.1030 0.013705
270.3894 0.013859
270.6727 0.013660
270.9578 0.013713
271.2412 0.013915
271.5250 0.013904
271.8034 0.013940
272.0844 0.013857
272.3641 0.013945
272.6383 0.013849
272.9156 0.013793
273.1903 0.013705
273.4618 0.013552
273.7331 0.013486
274.0064 0.013490
274.2786 0.013321
274.5467 0.013386
274.8178 0.013398
275.0916 0.013527
275.3619 0.013498
275.6349 0.013484
275.9018 0.013558
276.1724 0.013774
276.4412 0.013767
276.7069 0.013638
276.9732 0.013772
277.2398 0.013835
277.5076 0.013929
277.7736 0.013931
278.0402 0.014050
278.3060 0.014130
278.5731 0.014132
278.8404 0.014093
279.1067 0.014015
279.3714 0.013990
279.6432 0.013933
279.9125 0.013933
280.1794 0.013988
280.4461 0.013924
280.7165 0.013933
280.9864 0.013977
281.2572 0.014101
281.5284 0.014227
281.7994 0.014332
282.0690 0.014382
282.3414 0.014374
282.6152 0.014441
282.8875 0.014493
283.1605 0.014500
283.4352 0.014433
283.7068 0.014536
283.9822 0.014382
284.2627 0.014392
284.5404 0.014535
284.8232 0.014558
285.1051 0.014613
285.3882 0.014727
285.6716 0.014779
285.9558 0.014800
286.2447 0.014703
286.5305 0.014617
286.8146 0.014536
287.1044 0.014558
287.3953 0.014547
287.6862 0.014516
287.9825 0.014691
288.2833 0.014665
288.5832 0.014803
288.8847 0.014716
289.1863 0.014764
289.4962 0.014754
289.8066 0.014869
290.1171 0.015010
290.4293 0.015026
290.7449 0.014904
291.0633 0.015081
291.3843 0.015066
291.7110 0.015093
292.0354 0.015050
292.3652 0.015174
292.6993 0.015096
293.0378 0.015064
293.3806 0.015165
293.7252 0.015217
294.0726 0.015304
294.4248 0.015251
294.7837 0.015380
295.1431 0.015498
295.5078 0.015438
295.8743 0.015689
296.2513 0.016017
296.6310 0.016135
297.0150 0.016149
297.4088 0.016143
297.8053 0.016377
298.2054 0.016846
298.6169 0.016986
299.0318 0.017138
299.4588 0.017304
299.8972 0.017239
300.3445 0.017332
300.7949 0.017761
301.2541 0.018062
301.7217 0.018021
302.2017 0.018153
302.6970 0.018238
303.2055 0.018386
303.7318 0.018525
304.2648 0.018493
304.8073 0.019080
305.3741 0.019230
305.9519 0.019555
306.5531 0.019665
307.1779 0.020337
307.8253 0.020600
308.4951 0.020908
309.1870 0.020958
309.9191 0.021034
310.6840 0.020980
311.4832 0.021681
312.3210 0.022292
313.2144 0.022832
314.1543 0.023852
315.1664 0.024612
316.2544 0.025206
317.4459 0.026539
318.7587 0.027057
320.2124 0.028053
321.8436 0.029981
323.7477 0.032443
325.9958 0.035382
328.8301 0.040631
332.5995 0.051361
333.5083 0.052759
334.5806 0.054826
335.7816 0.057219
337.1492 0.060012
338.7693 0.065771
340.6922 0.072972
343.1102 0.079641
346.3046 0.095385
351.6263 0.122899
356.6662 0.158659
363.0683 0.253197
367.6566 0.350568
 tr2-10-3 3 1
217.2241 0.224605
220.3389 0.168451
225.1020 0.113942
228.6202 0.085635
232.4243 0.068634
234.8115 0.060017
236.6458 0.052614
238.0295 0.047555
239.2127 0.044901
240.2636 0.042532
241.1407 0.040265
241.9479 0.039269
242.6874 0.038247
245.6868 0.032751
247.9161 0.030192
249.7281 0.027039
251.2392 0.025432
252.5844 0.023481
253.7892 0.022798
254.8750 0.022440
255.8732 0.021601
256.7988 0.021275
257.6618 0.020268
258.4784 0.019627
259.2460 0.018868
259.9704 0.018596
260.6563 0.017859
261.3145 0.017614
261.9395 0.017656
262.5505 0.017242
263.1351 0.017061
263.7050 0.016591
264.2470 0.016364
264.7769 0.016087
265.2913 0.015911
265.7932 0.015793
266.2846 0.015371
266.7525 0.015067
267.2180 0.014864
267.6735 0.014946
268.1168 0.014978
268.5524 0.015035
268.9797 0.015144
269.3972 0.015070
269.8073 0.014864
270.2120 0.014710
270.6124 0.014718
271.0027 0.014628
271.3847 0.014480
271.7653 0.014558
272.1392 0.014479
272.5096 0.014511
272.8737 0.014624
273.2325 0.014738
273.5845 0.014608
273.9318 0.014533
274.2778 0.014533
274.6205 0.014618
274.9593 0.014285
275.2992 0.014141
275.6329 0.014125
275.9633 0.014186
276.2866 0.014005
276.6033 0.014176
276.9239 0.014039
277.2448 0.014085
277.5613 0.013998
277.8735 0.014060
278.1826 0.013917
278.4901 0.013834
278.7944 0.013905
279.0988 0.013975
279.4009 0.013910
279.6992 0.013982
279.9946 0.014017
280.2948 0.013888
280.5894 0.013884
280.8805 0.013969
281.1719 0.013817
281.4651 0.013785
281.7563 0.013703
282.0432 0.013720
282.3298 0.013681
282.6164 0.013572
282.9019 0.013664
283.1870 0.013590
283.4699 0.013535
283.7489 0.013510
284.0285 0.013419
284.3098 0.013525
284.5846 0.013529
284.8650 0.013692
285.1410 0.013836
285.4159 0.013720
285.6954 0.013700
285.9704 0.013697
286.2480 0.013659
286.5241 0.013782
286.7984 0.013930
287.0706 0.013872
287.3426 0.013854
287.6159 0.013877
287.8866 0.013909
288.1592 0.013985
288.4325 0.013940
288.7074 0.013780
288.9817 0.013834
289.2551 0.013741
289.5276 0.013553
289.8008 0.013780
290.0768 0.013794
290.3502 0.013787
290.6277 0.013898
290.9000 0.013930
291.1737 0.014041
291.4470 0.013925
291.7244 0.013972
292.0028 0.013955
292.2806 0.014110
292.5593 0.014113
292.8373 0.014046
293.1150 0.014062
293.3925 0.014168
293.6702 0.014190
293.9499 0.014275
294.2341 0.014311
294.5159 0.014342
294.7957 0.014294
295.0824 0.014277
295.3664 0.014343
295.6546 0.014334
295.9421 0.014496
296.2292 0.014648
296.5186 0.014727
296.8116 0.014553
297.1029 0.014509
297.3941 0.014492
297.6901 0.014596
297.9902 0.014660
298.2853 0.014920
298.5893 0.014816
298.8949 0.015002
299.1972 0.014986
299.5050 0.014938
299.8100 0.014946
300.1178 0.015088
300.4288 0.014859
300.7439 0.015111
301.0603 0.015213
301.3797 0.015204
301.7028 0.015271
302.0249 0.015288
302.3498 0.015159
302.6793 0.015181
303.0145 0.015201
303.3566 0.015287
303.6961 0.015466
304.0372 0.015719
304.3840 0.015747
304.7360 0.015735
305.0981 0.015742
305.4590 0.015812
305.8248 0.015868
306.1912 0.015875
306.5677 0.015881
306.9473 0.016120
307.3330 0.016288
307.7208 0.016339
308.1192 0.016398
308.5194 0.016596
308.9277 0.016769
309.3453 0.016955
309.7595 0.017022
310.1830 0.017249
310.6180 0.017490
311.0645 0.017752
311.5148 0.017749
311.9802 0.017866
312.4487 0.018220
312.9324 0.018516
313.4251 0.018341
313.9278 0.018556
314.4368 0.018769
314.9659 0.018897
315.5064 0.018975
316.0630 0.019298
316.6338 0.019636
317.2263 0.019911
317.8384 0.020172
318.4672 0.020827
319.1234 0.020931
319.8067 0.021306
320.5112 0.021455
321.2624 0.021609
322.0417 0.021997
322.8596 0.022393
323.7250 0.022891
324.6414 0.023743
325.6159 0.024357
326.6592 0.025727
327.7766 0.026641
328.9898 0.027777
330.3258 0.029060
331.8137 0.030622
333.4635 0.032417
335.3938 0.034288
337.6922 0.037156
340.5821 0.040647
344.4477 0.048575
345.4271 0.050477
346.5204 0.052730
347.7223 0.054945
349.0886 0.057002
350.6596 0.058965
352.6505 0.067177
355.0527 0.076442
358.4063 0.094248
363.9130 0.119919
369.1155 0.171295
375.5546 0.261202
380.2316 0.359536
tr2s-10-3 3 1
226.7202 0.218320
230.1264 0.164621
234.5097 0.113594
238.1175 0.091927
242.0389 0.068693
244.4740 0.058409
246.2690 0.053876
247.6694 0.049563
248.8728 0.046766
249.9055 0.044807
250.8288 0.043029
251.6448 0.040462
252.3909 0.038413
255.3922 0.033219
257.6396 0.029632
259.4666 0.027453
261.0123 0.025857
262.3721 0.024689
263.5811 0.023475
264.6766 0.022001
265.6881 0.021445
266.5986 0.020558
267.4754 0.019599
268.2900 0.019440
269.0644 0.018986
269.7893 0.018213
270.4857 0.018140
271.1608 0.017681
271.7892 0.017524
272.3983 0.017378
272.9863 0.016787
273.5518 0.016418
274.1049 0.016420
274.6294 0.016020
275.1530 0.015942
275.6516 0.015954
276.1437 0.015732
276.6259 0.015293
277.0926 0.015339
277.5484 0.015482
277.9990 0.015861
278.4388 0.015767
278.8702 0.015789
279.2925 0.015843
279.6996 0.015820
280.1060 0.015836
280.5072 0.015656
280.9021 0.015569
281.2851 0.015392
281.6676 0.015445
282.0436 0.015330
282.4111 0.015223
282.7759 0.015170
283.1356 0.014974
283.4932 0.014813
283.8412 0.014823
284.1924 0.014926
284.5384 0.014836
284.8783 0.014700
285.2181 0.014587
285.5517 0.014554
285.8824 0.014544
286.2074 0.014465
286.5342 0.014592
286.8574 0.014507
287.1832 0.014438
287.4997 0.014702
287.8115 0.014759
288.1197 0.014928
288.4300 0.014929
288.7411 0.014877
289.0468 0.014731
289.3515 0.014587
289.6539 0.014544
289.9534 0.014547
290.2515 0.014598
290.5474 0.014644
290.8436 0.014397
291.1346 0.014350
291.4281 0.014299
291.7180 0.014316
292.0070 0.014248
292.2929 0.014214
292.5772 0.014066
292.8604 0.014082
293.1430 0.014025
293.4280 0.014056
293.7116 0.014135
293.9951 0.014070
294.2765 0.014132
294.5600 0.014012
294.8396 0.014018
295.1198 0.013830
295.4005 0.013917
295.6774 0.014032
295.9509 0.014194
296.2305 0.014116
296.5065 0.013993
296.7830 0.014134
297.0585 0.014145
297.3313 0.014163
297.6090 0.014118
297.8868 0.013997
298.1637 0.014023
298.4383 0.013823
298.7129 0.013767
298.9898 0.013833
299.2660 0.013843
299.5431 0.013863
299.8146 0.013872
300.0907 0.013928
300.3632 0.013986
300.6425 0.013995
300.9217 0.014014
301.1953 0.014105
301.4689 0.014166
301.7441 0.014075
302.0216 0.014047
302.2955 0.014088
302.5704 0.014195
302.8506 0.014210
303.1319 0.014244
303.4139 0.014211
303.6959 0.014390
303.9771 0.014441
304.2601 0.014484
304.5407 0.014568
304.8243 0.014403
305.1072 0.014501
305.3958 0.014509
305.6838 0.014560
305.9676 0.014438
306.2597 0.014422
306.5522 0.014371
306.8413 0.014252
307.1337 0.014322
307.4272 0.014422
307.7215 0.014638
308.0235 0.014750
308.3208 0.014709
308.6243 0.014801
308.9241 0.014870
309.2321 0.014835
309.5445 0.014864
309.8553 0.014923
310.1685 0.015006
310.4876 0.015016
310.8041 0.015099
311.1189 0.014904
311.4416 0.014700
311.7694 0.014790
312.0961 0.014962
312.4224 0.015152
312.7585 0.015318
313.0944 0.015293
313.4357 0.015427
313.7741 0.015391
314.1228 0.015310
314.4704 0.015364
314.8231 0.015386
315.1782 0.015397
315.5414 0.015619
315.9089 0.015790
316.2791 0.015792
316.6584 0.015771
317.0353 0.015985
317.4255 0.016147
317.8187 0.016237
318.2152 0.016233
318.6138 0.016196
319.0215 0.016394
319.4413 0.016584
319.8647 0.016956
320.2977 0.017211
320.7380 0.017540
321.1865 0.017705
321.6359 0.017634
322.0896 0.017720
322.5652 0.017961
323.0485 0.018045
323.5388 0.018089
324.0411 0.018216
324.5510 0.018779
325.0864 0.018721
325.6309 0.018827
326.1902 0.018982
326.7669 0.019293
327.3616 0.019986
327.9857 0.020327
328.6184 0.020480
329.2827 0.020833
329.9785 0.021343
330.6874 0.021935
331.4248 0.022492
332.2026 0.022972
333.0213 0.023757
333.8797 0.024427
334.7941 0.024566
335.7761 0.025380
336.8204 0.025637
337.9533 0.026281
339.1924 0.027570
340.5209 0.028854
342.0082 0.031194
343.7133 0.032518
345.6620 0.034252
347.9559 0.037179
350.8655 0.041261
354.7704 0.049296
355.7533 0.051407
356.8211 0.054749
358.0211 0.056919
359.4213 0.060388
361.0274 0.065572
362.9565 0.070597
365.3865 0.079627
368.8039 0.093447
374.2378 0.122867
379.5221 0.172289
386.2396 0.259730
390.7456 0.346137
