Copyright (C) 1998 James G. MacKinnon, Alfred A. Haug, and Leo Michelis.
 lm0-09-3 3 1
 31.6758 0.049381
 32.4175 0.038095
 33.3961 0.028111
 34.2551 0.020872
 35.1947 0.015158
 35.7782 0.013692
 36.2382 0.012149
 36.5947 0.011697
 36.8860 0.010494
 37.1508 0.009995
 37.3938 0.009677
 37.6037 0.009272
 37.7985 0.009204
 38.5696 0.007977
 39.1605 0.007253
 39.6368 0.006956
 40.0512 0.006653
 40.4133 0.006468
 40.7406 0.006334
 41.0359 0.006090
 41.3114 0.005903
 41.5678 0.005835
 41.8082 0.005684
 42.0328 0.005438
 42.2468 0.005411
 42.4505 0.005360
 42.6429 0.005248
 42.8302 0.005125
 43.0103 0.004969
 43.1855 0.004849
 43.3544 0.004764
 43.5172 0.004721
 43.6743 0.004732
 43.8266 0.004743
 43.9775 0.004823
 44.1244 0.004771
 44.2663 0.004763
 44.4056 0.004774
 44.5398 0.004758
 44.6736 0.004681
 44.8048 0.004638
 44.9341 0.004696
 45.0595 0.004641
 45.1846 0.004539
 45.3065 0.004635
 45.4258 0.004618
 45.5433 0.004636
 45.6596 0.004624
 45.7752 0.004632
 45.8869 0.004627
 45.9985 0.004608
 46.1104 0.004632
 46.2189 0.004612
 46.3264 0.004551
 46.4330 0.004504
 46.5391 0.004510
 46.6447 0.004495
 46.7483 0.004554
 46.8500 0.004495
 46.9521 0.004511
 47.0531 0.004542
 47.1529 0.004569
 47.2534 0.004513
 47.3524 0.004527
 47.4507 0.004534
 47.5483 0.004556
 47.6450 0.004618
 47.7405 0.004609
 47.8368 0.004616
 47.9318 0.004579
 48.0264 0.004609
 48.1203 0.004611
 48.2132 0.004625
 48.3071 0.004622
 48.3997 0.004683
 48.4919 0.004695
 48.5830 0.004634
 48.6749 0.004567
 48.7672 0.004554
 48.8580 0.004518
 48.9482 0.004522
 49.0398 0.004527
 49.1294 0.004546
 49.2202 0.004495
 49.3107 0.004482
 49.4003 0.004485
 49.4904 0.004491
 49.5800 0.004588
 49.6693 0.004548
 49.7589 0.004551
 49.8477 0.004550
 49.9371 0.004577
 50.0263 0.004574
 50.1160 0.004590
 50.2061 0.004587
 50.2947 0.004570
 50.3836 0.004630
 50.4711 0.004623
 50.5605 0.004621
 50.6498 0.004610
 50.7398 0.004626
 50.8293 0.004590
 50.9188 0.004638
 51.0076 0.004588
 51.0971 0.004638
 51.1871 0.004715
 51.2757 0.004667
 51.3648 0.004698
 51.4543 0.004733
 51.5444 0.004753
 51.6342 0.004748
 51.7245 0.004760
 51.8151 0.004789
 51.9056 0.004787
 51.9973 0.004731
 52.0889 0.004715
 52.1807 0.004720
 52.2718 0.004777
 52.3645 0.004809
 52.4566 0.004831
 52.5487 0.004854
 52.6414 0.004867
 52.7355 0.004862
 52.8309 0.004844
 52.9253 0.004842
 53.0198 0.004782
 53.1153 0.004734
 53.2104 0.004779
 53.3063 0.004788
 53.4035 0.004766
 53.5005 0.004802
 53.5978 0.004766
 53.6965 0.004815
 53.7949 0.004787
 53.8948 0.004832
 53.9953 0.004803
 54.0953 0.004776
 54.1966 0.004771
 54.2979 0.004770
 54.3988 0.004825
 54.5015 0.004814
 54.6054 0.004830
 54.7094 0.004863
 54.8151 0.004929
 54.9224 0.004983
 55.0298 0.005024
 55.1392 0.005116
 55.2489 0.005148
 55.3593 0.005215
 55.4709 0.005207
 55.5824 0.005224
 55.6949 0.005232
 55.8099 0.005310
 55.9267 0.005273
 56.0441 0.005334
 56.1627 0.005389
 56.2814 0.005460
 56.4026 0.005509
 56.5248 0.005589
 56.6499 0.005561
 56.7757 0.005523
 56.9037 0.005546
 57.0333 0.005609
 57.1653 0.005658
 57.2990 0.005725
 57.4338 0.005789
 57.5732 0.005778
 57.7101 0.005799
 57.8531 0.005785
 57.9989 0.005824
 58.1456 0.005933
 58.2965 0.005913
 58.4492 0.005885
 58.6037 0.005990
 58.7600 0.006094
 58.9245 0.006149
 59.0898 0.006232
 59.2578 0.006378
 59.4305 0.006504
 59.6072 0.006525
 59.7887 0.006634
 59.9767 0.006726
 60.1677 0.006777
 60.3638 0.006764
 60.5679 0.006919
 60.7796 0.007225
 60.9980 0.007332
 61.2232 0.007319
 61.4552 0.007542
 61.6958 0.007747
 61.9467 0.007927
 62.2069 0.007960
 62.4786 0.008237
 62.7646 0.008533
 63.0657 0.008638
 63.3847 0.008975
 63.7193 0.009149
 64.0759 0.009472
 64.4582 0.009940
 64.8728 0.010220
 65.3123 0.010744
 65.7970 0.011237
 66.3223 0.011917
 66.9240 0.012885
 67.5989 0.013111
 68.3765 0.013981
 69.3251 0.015225
 70.5120 0.017202
 72.1507 0.020698
 72.5591 0.021704
 73.0187 0.022931
 73.5400 0.023942
 74.1413 0.025907
 74.8537 0.028072
 75.6743 0.031298
 76.7064 0.034218
 78.1709 0.042280
 80.5848 0.061555
 82.9008 0.081305
 85.9252 0.124301
 88.1546 0.167492
 lm1-09-3 3 1
 34.1795 0.052651
 34.9288 0.039897
 35.9324 0.028305
 36.8120 0.021880
 37.7761 0.016955
 38.3983 0.015130
 38.8581 0.013396
 39.2193 0.012410
 39.5353 0.011351
 39.7995 0.010791
 40.0396 0.010578
 40.2525 0.010016
 40.4510 0.009848
 41.2544 0.008436
 41.8647 0.007611
 42.3624 0.007195
 42.7919 0.006795
 43.1692 0.006568
 43.5024 0.006490
 43.8047 0.006198
 44.0874 0.006066
 44.3515 0.005980
 44.5963 0.005833
 44.8295 0.005749
 45.0489 0.005701
 45.2591 0.005553
 45.4580 0.005420
 45.6512 0.005469
 45.8386 0.005462
 46.0135 0.005312
 46.1876 0.005206
 46.3544 0.005179
 46.5157 0.005186
 46.6720 0.005230
 46.8249 0.005124
 46.9756 0.005064
 47.1222 0.004993
 47.2653 0.004992
 47.4050 0.004912
 47.5419 0.004898
 47.6762 0.004926
 47.8065 0.004916
 47.9346 0.004854
 48.0613 0.004774
 48.1856 0.004693
 48.3093 0.004703
 48.4307 0.004686
 48.5495 0.004652
 48.6665 0.004596
 48.7838 0.004589
 48.8982 0.004576
 49.0118 0.004590
 49.1249 0.004550
 49.2373 0.004545
 49.3461 0.004458
 49.4544 0.004513
 49.5626 0.004428
 49.6679 0.004386
 49.7737 0.004367
 49.8782 0.004349
 49.9820 0.004351
 50.0855 0.004329
 50.1876 0.004340
 50.2894 0.004308
 50.3893 0.004279
 50.4884 0.004302
 50.5875 0.004360
 50.6856 0.004414
 50.7831 0.004445
 50.8807 0.004524
 50.9782 0.004541
 51.0744 0.004531
 51.1719 0.004527
 51.2677 0.004453
 51.3634 0.004422
 51.4594 0.004463
 51.5541 0.004511
 51.6482 0.004522
 51.7425 0.004542
 51.8360 0.004582
 51.9287 0.004558
 52.0218 0.004535
 52.1140 0.004554
 52.2049 0.004579
 52.2981 0.004597
 52.3884 0.004581
 52.4797 0.004538
 52.5709 0.004536
 52.6627 0.004506
 52.7532 0.004473
 52.8435 0.004504
 52.9350 0.004508
 53.0262 0.004478
 53.1174 0.004459
 53.2088 0.004461
 53.3004 0.004455
 53.3921 0.004395
 53.4820 0.004393
 53.5725 0.004389
 53.6635 0.004363
 53.7539 0.004395
 53.8457 0.004393
 53.9379 0.004388
 54.0293 0.004363
 54.1206 0.004342
 54.2112 0.004401
 54.3034 0.004396
 54.3950 0.004416
 54.4863 0.004456
 54.5786 0.004540
 54.6721 0.004571
 54.7636 0.004589
 54.8565 0.004614
 54.9497 0.004659
 55.0424 0.004638
 55.1348 0.004633
 55.2282 0.004636
 55.3219 0.004686
 55.4158 0.004716
 55.5104 0.004707
 55.6053 0.004716
 55.6999 0.004776
 55.7951 0.004757
 55.8911 0.004773
 55.9878 0.004821
 56.0833 0.004815
 56.1809 0.004790
 56.2786 0.004816
 56.3769 0.004814
 56.4759 0.004847
 56.5736 0.004919
 56.6727 0.004997
 56.7721 0.005052
 56.8742 0.005027
 56.9756 0.005050
 57.0775 0.005065
 57.1807 0.005047
 57.2840 0.005105
 57.3909 0.005160
 57.4956 0.005189
 57.6010 0.005217
 57.7083 0.005285
 57.8161 0.005267
 57.9242 0.005274
 58.0334 0.005295
 58.1418 0.005276
 58.2531 0.005271
 58.3653 0.005355
 58.4795 0.005434
 58.5945 0.005507
 58.7096 0.005510
 58.8251 0.005516
 58.9431 0.005544
 59.0614 0.005630
 59.1808 0.005677
 59.3030 0.005767
 59.4271 0.005821
 59.5504 0.005906
 59.6754 0.005930
 59.8025 0.005904
 59.9309 0.005913
 60.0601 0.005934
 60.1939 0.005959
 60.3304 0.005985
 60.4663 0.006052
 60.6048 0.006055
 60.7463 0.006078
 60.8887 0.006197
 61.0332 0.006282
 61.1814 0.006374
 61.3313 0.006352
 61.4850 0.006433
 61.6400 0.006459
 61.7998 0.006510
 61.9623 0.006604
 62.1269 0.006651
 62.2943 0.006679
 62.4689 0.006788
 62.6483 0.006764
 62.8301 0.006882
 63.0165 0.007014
 63.2055 0.007125
 63.4009 0.007282
 63.6013 0.007375
 63.8089 0.007522
 64.0230 0.007717
 64.2478 0.007838
 64.4745 0.007891
 64.7095 0.008029
 64.9574 0.008264
 65.2119 0.008433
 65.4760 0.008717
 65.7558 0.008831
 66.0488 0.009130
 66.3559 0.009224
 66.6736 0.009366
 67.0153 0.009686
 67.3775 0.010080
 67.7594 0.010403
 68.1760 0.010726
 68.6318 0.011448
 69.1226 0.011653
 69.6613 0.011922
 70.2694 0.012601
 70.9509 0.012857
 71.7489 0.014382
 72.7078 0.015569
 73.9404 0.017444
 75.5957 0.021641
 76.0118 0.022756
 76.4817 0.023939
 77.0099 0.025025
 77.5971 0.025492
 78.2878 0.028406
 79.1349 0.030420
 80.1887 0.035136
 81.6836 0.042387
 84.2209 0.060524
 86.5754 0.079919
 89.6916 0.124176
 92.1814 0.169427
lm1s-09-3 3 1
 34.8829 0.053412
 35.5843 0.040185
 36.6447 0.028831
 37.5082 0.021661
 38.4930 0.016934
 39.1140 0.014489
 39.5778 0.013407
 39.9457 0.012662
 40.2555 0.011824
 40.5256 0.011073
 40.7641 0.010308
 40.9808 0.009951
 41.1764 0.009737
 41.9812 0.008799
 42.5906 0.008070
 43.0915 0.007354
 43.5177 0.007032
 43.8918 0.006716
 44.2316 0.006445
 44.5408 0.006383
 44.8202 0.006251
 45.0831 0.005965
 45.3287 0.005805
 45.5607 0.005748
 45.7811 0.005559
 45.9908 0.005460
 46.1948 0.005379
 46.3883 0.005380
 46.5714 0.005427
 46.7502 0.005375
 46.9217 0.005279
 47.0873 0.005207
 47.2504 0.005177
 47.4087 0.005124
 47.5601 0.005122
 47.7102 0.005024
 47.8565 0.005036
 47.9985 0.004906
 48.1371 0.004889
 48.2752 0.004888
 48.4083 0.004824
 48.5409 0.004757
 48.6701 0.004778
 48.7986 0.004708
 48.9231 0.004670
 49.0443 0.004668
 49.1660 0.004638
 49.2851 0.004638
 49.4058 0.004644
 49.5217 0.004636
 49.6367 0.004586
 49.7514 0.004591
 49.8643 0.004520
 49.9757 0.004524
 50.0856 0.004553
 50.1934 0.004478
 50.3007 0.004544
 50.4072 0.004523
 50.5119 0.004557
 50.6161 0.004529
 50.7207 0.004545
 50.8229 0.004586
 50.9254 0.004586
 51.0264 0.004577
 51.1270 0.004586
 51.2275 0.004603
 51.3272 0.004587
 51.4256 0.004602
 51.5240 0.004635
 51.6225 0.004649
 51.7187 0.004602
 51.8157 0.004580
 51.9135 0.004655
 52.0093 0.004657
 52.1046 0.004665
 52.2003 0.004660
 52.2953 0.004603
 52.3888 0.004679
 52.4822 0.004651
 52.5749 0.004667
 52.6681 0.004661
 52.7613 0.004649
 52.8537 0.004619
 52.9465 0.004603
 53.0384 0.004590
 53.1307 0.004570
 53.2233 0.004541
 53.3146 0.004569
 53.4052 0.004540
 53.4971 0.004553
 53.5884 0.004495
 53.6798 0.004449
 53.7708 0.004492
 53.8616 0.004497
 53.9519 0.004493
 54.0424 0.004463
 54.1340 0.004395
 54.2245 0.004368
 54.3155 0.004405
 54.4064 0.004460
 54.4970 0.004494
 54.5891 0.004528
 54.6793 0.004524
 54.7698 0.004560
 54.8627 0.004579
 54.9546 0.004598
 55.0456 0.004602
 55.1380 0.004617
 55.2296 0.004597
 55.3216 0.004542
 55.4139 0.004598
 55.5055 0.004650
 55.5988 0.004672
 55.6915 0.004697
 55.7854 0.004705
 55.8785 0.004724
 55.9726 0.004737
 56.0668 0.004758
 56.1602 0.004737
 56.2560 0.004711
 56.3515 0.004710
 56.4463 0.004756
 56.5418 0.004760
 56.6379 0.004794
 56.7337 0.004832
 56.8300 0.004858
 56.9267 0.004906
 57.0241 0.004959
 57.1222 0.005034
 57.2203 0.005002
 57.3206 0.004998
 57.4209 0.005066
 57.5209 0.005082
 57.6215 0.005076
 57.7225 0.005030
 57.8247 0.005015
 57.9283 0.005071
 58.0316 0.005051
 58.1358 0.005052
 58.2411 0.005026
 58.3477 0.004991
 58.4540 0.005073
 58.5617 0.005151
 58.6711 0.005183
 58.7786 0.005181
 58.8901 0.005228
 59.0005 0.005289
 59.1115 0.005307
 59.2239 0.005369
 59.3389 0.005372
 59.4539 0.005373
 59.5705 0.005501
 59.6888 0.005608
 59.8086 0.005617
 59.9268 0.005643
 60.0492 0.005669
 60.1717 0.005694
 60.2977 0.005659
 60.4240 0.005712
 60.5524 0.005744
 60.6823 0.005771
 60.8144 0.005816
 60.9467 0.005913
 61.0813 0.006007
 61.2175 0.006052
 61.3562 0.006139
 61.4954 0.006191
 61.6378 0.006351
 61.7837 0.006302
 61.9318 0.006386
 62.0809 0.006479
 62.2339 0.006525
 62.3903 0.006536
 62.5495 0.006530
 62.7124 0.006702
 62.8769 0.006715
 63.0467 0.006721
 63.2229 0.006706
 63.3986 0.006858
 63.5809 0.006989
 63.7659 0.007050
 63.9554 0.007235
 64.1534 0.007387
 64.3533 0.007462
 64.5599 0.007523
 64.7732 0.007621
 64.9951 0.007835
 65.2238 0.007976
 65.4575 0.008169
 65.7030 0.008257
 65.9587 0.008681
 66.2267 0.008688
 66.5052 0.008870
 66.7977 0.009149
 67.1026 0.009142
 67.4234 0.009421
 67.7614 0.009779
 68.1271 0.010038
 68.5149 0.010373
 68.9351 0.010753
 69.3825 0.011012
 69.8686 0.011550
 70.4116 0.011704
 71.0125 0.012504
 71.7008 0.013321
 72.5008 0.014435
 73.4731 0.015659
 74.6928 0.017595
 76.3379 0.021469
 76.7607 0.022096
 77.2298 0.023100
 77.7442 0.024003
 78.3293 0.025311
 79.0353 0.027195
 79.8867 0.030697
 80.9613 0.036081
 82.4422 0.042586
 84.9302 0.060625
 87.3244 0.081628
 90.4018 0.123277
 92.9076 0.168914
 lm2-09-3 3 1
 36.6234 0.052262
 37.4200 0.040496
 38.4904 0.027940
 39.4041 0.020454
 40.3914 0.016659
 41.0068 0.015068
 41.4743 0.013523
 41.8582 0.012233
 42.1874 0.011817
 42.4700 0.010982
 42.7182 0.010569
 42.9377 0.010118
 43.1399 0.009915
 43.9601 0.008653
 44.5833 0.007821
 45.0960 0.007447
 45.5355 0.006957
 45.9206 0.006677
 46.2671 0.006470
 46.5780 0.006233
 46.8692 0.006099
 47.1382 0.006015
 47.3924 0.005995
 47.6307 0.005796
 47.8549 0.005556
 48.0681 0.005508
 48.2712 0.005465
 48.4691 0.005430
 48.6584 0.005282
 48.8420 0.005188
 49.0196 0.005132
 49.1884 0.005099
 49.3555 0.005123
 49.5158 0.005114
 49.6732 0.005074
 49.8263 0.005048
 49.9762 0.004999
 50.1231 0.005016
 50.2654 0.004962
 50.4040 0.004873
 50.5424 0.004896
 50.6783 0.004869
 50.8099 0.004824
 50.9402 0.004779
 51.0686 0.004752
 51.1955 0.004779
 51.3173 0.004730
 51.4408 0.004701
 51.5622 0.004695
 51.6823 0.004620
 51.8008 0.004571
 51.9171 0.004572
 52.0342 0.004592
 52.1471 0.004584
 52.2594 0.004577
 52.3698 0.004601
 52.4779 0.004566
 52.5867 0.004503
 52.6949 0.004499
 52.8019 0.004424
 52.9084 0.004450
 53.0141 0.004442
 53.1176 0.004512
 53.2206 0.004494
 53.3233 0.004493
 53.4263 0.004503
 53.5278 0.004477
 53.6272 0.004482
 53.7287 0.004469
 53.8296 0.004557
 53.9296 0.004530
 54.0284 0.004450
 54.1261 0.004444
 54.2239 0.004391
 54.3219 0.004400
 54.4196 0.004419
 54.5164 0.004405
 54.6121 0.004433
 54.7092 0.004480
 54.8042 0.004491
 54.8994 0.004508
 54.9936 0.004544
 55.0876 0.004540
 55.1826 0.004561
 55.2779 0.004570
 55.3720 0.004568
 55.4673 0.004575
 55.5614 0.004629
 55.6542 0.004662
 55.7482 0.004652
 55.8416 0.004630
 55.9340 0.004586
 56.0271 0.004605
 56.1200 0.004636
 56.2126 0.004662
 56.3067 0.004681
 56.3982 0.004666
 56.4908 0.004648
 56.5844 0.004606
 56.6781 0.004673
 56.7713 0.004679
 56.8643 0.004674
 56.9575 0.004686
 57.0499 0.004705
 57.1435 0.004672
 57.2370 0.004647
 57.3310 0.004637
 57.4248 0.004661
 57.5189 0.004660
 57.6125 0.004682
 57.7064 0.004723
 57.8011 0.004717
 57.8964 0.004740
 57.9915 0.004776
 58.0858 0.004774
 58.1805 0.004783
 58.2767 0.004777
 58.3719 0.004791
 58.4677 0.004889
 58.5643 0.004854
 58.6616 0.004894
 58.7593 0.004881
 58.8563 0.004884
 58.9550 0.004937
 59.0533 0.005017
 59.1514 0.005048
 59.2512 0.005064
 59.3506 0.005062
 59.4529 0.005050
 59.5523 0.005085
 59.6539 0.005097
 59.7554 0.005091
 59.8568 0.005170
 59.9603 0.005177
 60.0642 0.005189
 60.1687 0.005267
 60.2740 0.005288
 60.3797 0.005355
 60.4852 0.005395
 60.5931 0.005448
 60.7021 0.005453
 60.8118 0.005480
 60.9222 0.005540
 61.0330 0.005581
 61.1444 0.005626
 61.2567 0.005623
 61.3693 0.005609
 61.4823 0.005609
 61.5964 0.005589
 61.7132 0.005654
 61.8311 0.005653
 61.9495 0.005646
 62.0684 0.005728
 62.1902 0.005809
 62.3130 0.005854
 62.4370 0.005956
 62.5621 0.005962
 62.6904 0.005985
 62.8181 0.005988
 62.9489 0.006027
 63.0797 0.006051
 63.2117 0.006104
 63.3481 0.006178
 63.4851 0.006207
 63.6245 0.006190
 63.7645 0.006294
 63.9070 0.006326
 64.0520 0.006369
 64.1998 0.006361
 64.3520 0.006504
 64.5053 0.006567
 64.6609 0.006625
 64.8194 0.006746
 64.9817 0.006848
 65.1472 0.006858
 65.3159 0.006969
 65.4895 0.007030
 65.6657 0.007062
 65.8477 0.007185
 66.0340 0.007224
 66.2237 0.007330
 66.4198 0.007605
 66.6191 0.007589
 66.8230 0.007614
 67.0359 0.007622
 67.2534 0.007672
 67.4755 0.007791
 67.7046 0.007955
 67.9432 0.007982
 68.1918 0.008056
 68.4533 0.008183
 68.7231 0.008428
 69.0048 0.008541
 69.2997 0.008736
 69.6075 0.008950
 69.9344 0.009231
 70.2836 0.009474
 70.6549 0.009511
 71.0520 0.009847
 71.4722 0.010333
 71.9292 0.010937
 72.4314 0.011447
 72.9830 0.011831
 73.6035 0.012796
 74.3044 0.013944
 75.1087 0.014915
 76.0879 0.016214
 77.3329 0.018756
 79.0045 0.021645
 79.4390 0.022306
 79.9256 0.023815
 80.4551 0.025225
 81.0670 0.027276
 81.7850 0.029539
 82.6439 0.032299
 83.7373 0.037413
 85.3126 0.045677
 87.8726 0.058850
 90.3217 0.080224
 93.4305 0.121774
 95.8066 0.168208
lm2s-09-3 3 1
 37.3963 0.054365
 38.1406 0.040926
 39.2336 0.028283
 40.1160 0.023239
 41.1061 0.017737
 41.7274 0.015286
 42.2131 0.013542
 42.5952 0.012610
 42.9162 0.011623
 43.1933 0.011127
 43.4476 0.010603
 43.6677 0.010038
 43.8661 0.010033
 44.7040 0.008794
 45.3277 0.008182
 45.8383 0.007584
 46.2743 0.007283
 46.6575 0.006822
 47.0051 0.006518
 47.3193 0.006394
 47.6117 0.006335
 47.8822 0.006054
 48.1333 0.005906
 48.3687 0.005759
 48.5950 0.005553
 48.8123 0.005545
 49.0175 0.005431
 49.2163 0.005372
 49.4064 0.005306
 49.5899 0.005369
 49.7666 0.005308
 49.9397 0.005174
 50.1057 0.005162
 50.2665 0.005099
 50.4214 0.005092
 50.5749 0.004994
 50.7260 0.005011
 50.8722 0.004969
 51.0140 0.004870
 51.1546 0.004893
 51.2910 0.004869
 51.4251 0.004849
 51.5567 0.004823
 51.6877 0.004816
 51.8178 0.004808
 51.9446 0.004756
 52.0702 0.004698
 52.1933 0.004690
 52.3138 0.004735
 52.4325 0.004707
 52.5492 0.004643
 52.6640 0.004653
 52.7788 0.004638
 52.8901 0.004637
 53.0024 0.004556
 53.1127 0.004572
 53.2227 0.004517
 53.3323 0.004502
 53.4414 0.004471
 53.5485 0.004466
 53.6548 0.004445
 53.7607 0.004462
 53.8656 0.004476
 53.9695 0.004480
 54.0724 0.004463
 54.1730 0.004511
 54.2751 0.004560
 54.3762 0.004528
 54.4772 0.004466
 54.5775 0.004457
 54.6766 0.004482
 54.7753 0.004482
 54.8732 0.004516
 54.9723 0.004524
 55.0693 0.004546
 55.1670 0.004541
 55.2629 0.004506
 55.3586 0.004520
 55.4538 0.004520
 55.5496 0.004536
 55.6447 0.004493
 55.7406 0.004466
 55.8352 0.004455
 55.9301 0.004442
 56.0252 0.004393
 56.1193 0.004446
 56.2130 0.004521
 56.3059 0.004544
 56.3998 0.004510
 56.4931 0.004565
 56.5863 0.004579
 56.6794 0.004569
 56.7721 0.004551
 56.8654 0.004559
 56.9579 0.004588
 57.0506 0.004605
 57.1423 0.004604
 57.2361 0.004647
 57.3299 0.004669
 57.4243 0.004654
 57.5182 0.004636
 57.6110 0.004666
 57.7045 0.004686
 57.7981 0.004669
 57.8920 0.004686
 57.9861 0.004718
 58.0799 0.004707
 58.1730 0.004693
 58.2675 0.004672
 58.3618 0.004688
 58.4561 0.004705
 58.5499 0.004769
 58.6453 0.004766
 58.7403 0.004808
 58.8352 0.004827
 58.9307 0.004836
 59.0262 0.004896
 59.1212 0.004896
 59.2172 0.004948
 59.3147 0.004980
 59.4124 0.004995
 59.5093 0.004982
 59.6075 0.004999
 59.7061 0.004992
 59.8048 0.004995
 59.9029 0.005027
 60.0027 0.005022
 60.1021 0.005128
 60.2022 0.005131
 60.3030 0.005113
 60.4052 0.005086
 60.5067 0.005192
 60.6096 0.005285
 60.7133 0.005273
 60.8174 0.005239
 60.9225 0.005272
 61.0267 0.005310
 61.1337 0.005284
 61.2396 0.005318
 61.3468 0.005315
 61.4550 0.005334
 61.5626 0.005324
 61.6724 0.005328
 61.7826 0.005386
 61.8942 0.005378
 62.0060 0.005440
 62.1180 0.005455
 62.2339 0.005497
 62.3483 0.005552
 62.4660 0.005638
 62.5821 0.005712
 62.7007 0.005801
 62.8210 0.005810
 62.9421 0.005835
 63.0628 0.005870
 63.1867 0.005920
 63.3135 0.005943
 63.4386 0.006006
 63.5670 0.006028
 63.6964 0.006107
 63.8271 0.006200
 63.9610 0.006179
 64.0958 0.006211
 64.2333 0.006277
 64.3726 0.006376
 64.5148 0.006377
 64.6582 0.006393
 64.8047 0.006496
 64.9521 0.006512
 65.1038 0.006636
 65.2566 0.006688
 65.4142 0.006735
 65.5738 0.006820
 65.7368 0.006884
 65.9047 0.006953
 66.0729 0.007015
 66.2445 0.007143
 66.4212 0.007168
 66.6011 0.007320
 66.7879 0.007341
 66.9765 0.007373
 67.1693 0.007424
 67.3677 0.007550
 67.5728 0.007594
 67.7829 0.007644
 67.9983 0.007627
 68.2219 0.007826
 68.4555 0.007936
 68.6970 0.008095
 68.9468 0.008290
 69.2082 0.008261
 69.4752 0.008402
 69.7579 0.008503
 70.0514 0.008625
 70.3637 0.008816
 70.6940 0.008967
 71.0478 0.009192
 71.4151 0.009559
 71.8081 0.009878
 72.2224 0.010470
 72.6850 0.011143
 73.1853 0.011629
 73.7398 0.012126
 74.3589 0.012772
 75.0518 0.013497
 75.8657 0.014702
 76.8408 0.016376
 78.0843 0.018869
 79.7468 0.021801
 80.1857 0.022576
 80.6568 0.023758
 81.1775 0.024845
 81.7993 0.026581
 82.5127 0.028923
 83.4080 0.033186
 84.5338 0.037352
 86.1070 0.044155
 88.5921 0.058706
 91.0444 0.084452
 94.1490 0.122356
 96.5326 0.170122
 tr0-09-3 3 1
145.3354 0.178446
147.9164 0.135150
151.6372 0.096191
154.5437 0.074057
157.7656 0.055307
159.7547 0.049251
161.1860 0.044956
162.3539 0.041832
163.3383 0.038958
164.1934 0.037503
164.9680 0.034287
165.6561 0.032898
166.2809 0.031770
168.7513 0.027313
170.6293 0.024298
172.1277 0.022792
173.4049 0.021593
174.5413 0.020713
175.5529 0.020472
176.4650 0.019730
177.3051 0.018730
178.0913 0.017534
178.8140 0.016630
179.4982 0.016433
180.1465 0.016263
180.7612 0.016042
181.3440 0.015745
181.9037 0.015747
182.4420 0.015248
182.9576 0.014832
183.4553 0.014673
183.9371 0.014728
184.3971 0.014569
184.8458 0.014551
185.2788 0.014854
185.7050 0.014690
186.1196 0.014527
186.5193 0.014482
186.9142 0.014304
187.3042 0.014291
187.6826 0.014107
188.0500 0.013854
188.4147 0.013783
188.7686 0.013643
189.1155 0.013654
189.4607 0.013606
189.7950 0.013650
190.1280 0.013650
190.4580 0.013679
190.7815 0.013633
191.0996 0.013434
191.4130 0.013349
191.7199 0.013452
192.0277 0.013388
192.3321 0.013416
192.6288 0.013558
192.9202 0.013389
193.2119 0.013356
193.5006 0.013298
193.7877 0.013221
194.0703 0.012959
194.3488 0.013029
194.6267 0.012999
194.9025 0.012762
195.1776 0.012739
195.4452 0.012628
195.7100 0.012543
195.9757 0.012580
196.2409 0.012446
196.5008 0.012386
196.7585 0.012265
197.0165 0.012340
197.2741 0.012323
197.5314 0.012327
197.7829 0.012266
198.0337 0.012257
198.2834 0.012351
198.5313 0.012306
198.7797 0.012297
199.0284 0.012200
199.2723 0.012100
199.5204 0.012213
199.7634 0.012317
200.0039 0.012229
200.2443 0.012141
200.4857 0.012159
200.7274 0.012221
200.9667 0.012207
201.2050 0.012220
201.4427 0.012148
201.6798 0.012047
201.9205 0.012137
202.1579 0.012075
202.3964 0.012079
202.6334 0.012074
202.8659 0.012024
203.1015 0.012070
203.3373 0.012175
203.5731 0.012284
203.8101 0.012263
204.0442 0.012247
204.2792 0.012273
204.5151 0.012252
204.7482 0.012391
204.9816 0.012336
205.2132 0.012343
205.4454 0.012389
205.6774 0.012343
205.9083 0.012452
206.1400 0.012543
206.3734 0.012629
206.6070 0.012579
206.8385 0.012509
207.0735 0.012520
207.3084 0.012378
207.5438 0.012333
207.7793 0.012319
208.0176 0.012333
208.2542 0.012264
208.4910 0.012268
208.7302 0.012208
208.9652 0.012211
209.2071 0.012365
209.4465 0.012619
209.6868 0.012578
209.9323 0.012664
210.1741 0.012597
210.4167 0.012642
210.6635 0.012572
210.9122 0.012509
211.1569 0.012650
211.4020 0.012709
211.6525 0.012757
211.9026 0.012857
212.1548 0.012809
212.4072 0.012844
212.6609 0.013025
212.9122 0.013097
213.1696 0.013150
213.4296 0.013086
213.6862 0.013091
213.9458 0.013100
214.2074 0.013251
214.4716 0.013494
214.7352 0.013621
215.0014 0.013787
215.2730 0.013835
215.5427 0.013826
215.8194 0.013760
216.0966 0.013836
216.3751 0.013828
216.6539 0.013931
216.9346 0.013890
217.2201 0.013850
217.5076 0.013784
217.7981 0.013828
218.0914 0.013860
218.3858 0.013974
218.6833 0.014135
218.9880 0.014388
219.2963 0.014260
219.6045 0.014262
219.9134 0.014052
220.2288 0.014293
220.5482 0.014228
220.8752 0.014162
221.2068 0.014216
221.5448 0.014487
221.8813 0.014612
222.2233 0.014611
222.5717 0.014984
222.9286 0.015048
223.2923 0.015109
223.6622 0.015020
224.0431 0.015081
224.4243 0.015157
224.8129 0.015109
225.2064 0.015152
225.6121 0.015241
226.0290 0.015257
226.4527 0.015342
226.8841 0.015544
227.3295 0.015747
227.7947 0.015751
228.2610 0.016068
228.7475 0.016169
229.2495 0.016587
229.7591 0.016788
230.2942 0.017097
230.8394 0.017547
231.4165 0.017981
232.0196 0.017854
232.6358 0.018186
233.2749 0.018503
233.9490 0.019287
234.6612 0.020146
235.3967 0.020621
236.1932 0.021256
237.0432 0.021763
237.9277 0.022796
238.9060 0.023538
239.9655 0.023849
241.1422 0.024979
242.4200 0.025607
243.8747 0.027860
245.5635 0.029281
247.5813 0.031890
250.1016 0.036857
253.4976 0.040874
254.3479 0.042080
255.3094 0.044124
256.3484 0.046269
257.5346 0.049974
258.9178 0.053689
260.6437 0.061137
262.7243 0.068728
265.6526 0.085076
270.3113 0.113328
274.9953 0.164817
280.8630 0.239387
284.3086 0.330827
 tr1-09-3 3 1
161.0027 0.176580
163.4220 0.135451
167.3188 0.095285
170.4874 0.078637
173.7121 0.058908
175.8134 0.050576
177.3552 0.047282
178.5717 0.042624
179.6100 0.039570
180.4886 0.037002
181.3007 0.035564
182.0088 0.034198
182.6623 0.032610
185.2528 0.029148
187.2128 0.026020
188.7981 0.024612
190.1423 0.023420
191.3157 0.022188
192.3572 0.021293
193.3140 0.020100
194.1790 0.019577
194.9916 0.019267
195.7538 0.018483
196.4604 0.017915
197.1341 0.017442
197.7689 0.017039
198.3818 0.016717
198.9648 0.016374
199.5213 0.016668
200.0500 0.016390
200.5611 0.016250
201.0530 0.016139
201.5414 0.015976
202.0085 0.015424
202.4668 0.014970
202.9100 0.014853
203.3401 0.014699
203.7581 0.014604
204.1667 0.014738
204.5622 0.014297
204.9526 0.014259
205.3326 0.014043
205.7080 0.014091
206.0804 0.014067
206.4371 0.014150
206.7923 0.014009
207.1472 0.013850
207.4898 0.013800
207.8311 0.013770
208.1703 0.013678
208.5040 0.013656
208.8331 0.013558
209.1549 0.013521
209.4709 0.013562
209.7819 0.013439
210.0868 0.013501
210.3902 0.013339
210.6923 0.013273
210.9891 0.013105
211.2864 0.013025
211.5807 0.012951
211.8736 0.013104
212.1614 0.013053
212.4452 0.013064
212.7271 0.013118
213.0059 0.012931
213.2858 0.012788
213.5595 0.012552
213.8337 0.012458
214.1098 0.012339
214.3778 0.012256
214.6453 0.012171
214.9100 0.012295
215.1780 0.012267
215.4423 0.012172
215.7068 0.012124
215.9667 0.011999
216.2287 0.011999
216.4867 0.012027
216.7436 0.012020
217.0004 0.011936
217.2486 0.011860
217.5014 0.011869
217.7552 0.011978
218.0063 0.012007
218.2574 0.012032
218.5059 0.012004
218.7550 0.011947
219.0041 0.012036
219.2492 0.012082
219.4962 0.012168
219.7449 0.012300
219.9858 0.012398
220.2286 0.012352
220.4697 0.012431
220.7158 0.012484
220.9603 0.012683
221.2004 0.012728
221.4452 0.012717
221.6868 0.012738
221.9305 0.012755
222.1736 0.012688
222.4165 0.012621
222.6603 0.012527
222.9011 0.012776
223.1466 0.012686
223.3872 0.012714
223.6330 0.012729
223.8764 0.012658
224.1191 0.012673
224.3657 0.012737
224.6096 0.012836
224.8529 0.012809
225.0983 0.012971
225.3427 0.012913
225.5885 0.012945
225.8336 0.012894
226.0811 0.013090
226.3289 0.013241
226.5754 0.013336
226.8242 0.013309
227.0715 0.013291
227.3180 0.013293
227.5654 0.013441
227.8155 0.013468
228.0663 0.013445
228.3163 0.013485
228.5670 0.013532
228.8212 0.013530
229.0772 0.013474
229.3347 0.013563
229.5879 0.013529
229.8467 0.013550
230.1026 0.013672
230.3644 0.013592
230.6245 0.013524
230.8835 0.013490
231.1513 0.013537
231.4172 0.013509
231.6830 0.013540
231.9503 0.013633
232.2185 0.013693
232.4913 0.013739
232.7637 0.013799
233.0367 0.013976
233.3137 0.014104
233.5903 0.014163
233.8708 0.014309
234.1541 0.014380
234.4313 0.014362
234.7235 0.014328
235.0129 0.014407
235.3067 0.014431
235.6013 0.014506
235.8995 0.014532
236.1991 0.014493
236.5035 0.014728
236.8104 0.014841
237.1208 0.014792
237.4331 0.014741
237.7536 0.014799
238.0738 0.014762
238.3983 0.014894
238.7276 0.014814
239.0629 0.015120
239.4003 0.015187
239.7419 0.015256
240.0879 0.015272
240.4365 0.015247
240.7920 0.015480
241.1620 0.015606
241.5345 0.015715
241.9062 0.015899
242.2875 0.015822
242.6716 0.015810
243.0701 0.015959
243.4765 0.016193
243.8873 0.016188
244.3099 0.016399
244.7383 0.016660
245.1786 0.016913
245.6341 0.016974
246.0944 0.016953
246.5672 0.017034
247.0604 0.017179
247.5619 0.017622
248.0755 0.017726
248.6038 0.017940
249.1486 0.017903
249.7207 0.018260
250.3081 0.018601
250.9163 0.018914
251.5539 0.019301
252.2143 0.019768
252.9176 0.020521
253.6495 0.020749
254.4285 0.020904
255.2478 0.021644
256.1098 0.021957
257.0498 0.022811
258.0519 0.024027
259.1348 0.024739
260.3242 0.026024
261.6637 0.027395
263.1611 0.029013
264.9106 0.030400
266.9938 0.033172
269.5796 0.036093
273.0484 0.042231
273.9148 0.042489
274.9016 0.045069
275.9868 0.047438
277.2283 0.052725
278.6872 0.055601
280.4227 0.061352
282.5956 0.071676
285.5882 0.087215
290.6543 0.122204
295.4197 0.157524
301.5204 0.226985
305.8691 0.313469
tr1s-09-3 3 1
169.1100 0.190154
171.8482 0.148001
175.5779 0.106972
178.7845 0.078893
182.1838 0.060036
184.2664 0.054225
185.8129 0.046030
187.0449 0.041385
188.0960 0.039987
188.9974 0.038456
189.7971 0.037066
190.5039 0.034979
191.1704 0.034340
193.7992 0.029447
195.7826 0.027153
197.3858 0.024424
198.7622 0.022727
199.9420 0.021129
200.9958 0.019633
201.9669 0.019223
202.8534 0.019007
203.6806 0.018290
204.4448 0.017967
205.1663 0.017653
205.8492 0.017495
206.4889 0.017155
207.0973 0.016742
207.6932 0.016346
208.2495 0.016123
208.7933 0.015621
209.3192 0.015527
209.8234 0.015259
210.3108 0.015151
210.7872 0.014914
211.2474 0.014697
211.7006 0.014668
212.1351 0.014495
212.5550 0.014438
212.9691 0.014289
213.3751 0.013974
213.7738 0.014173
214.1625 0.014216
214.5446 0.014133
214.9202 0.013970
215.2874 0.013840
215.6491 0.013739
215.9989 0.013584
216.3438 0.013524
216.6885 0.013540
217.0247 0.013468
217.3579 0.013415
217.6831 0.013500
218.0100 0.013338
218.3311 0.013310
218.6484 0.013311
218.9608 0.013326
219.2721 0.013370
219.5752 0.013406
219.8786 0.013224
220.1755 0.013268
220.4704 0.013212
220.7615 0.013125
221.0505 0.013202
221.3412 0.012999
221.6258 0.012740
221.9108 0.012756
222.1956 0.012781
222.4723 0.012945
222.7451 0.012824
223.0195 0.012886
223.2907 0.012727
223.5609 0.012584
223.8320 0.012531
224.0976 0.012404
224.3620 0.012449
224.6312 0.012539
224.8939 0.012584
225.1550 0.012606
225.4154 0.012668
225.6716 0.012713
225.9296 0.012776
226.1856 0.012758
226.4399 0.012814
226.6949 0.012737
226.9497 0.012723
227.2033 0.012750
227.4555 0.012776
227.7036 0.012802
227.9575 0.012726
228.2074 0.012834
228.4536 0.012806
228.7044 0.012999
228.9521 0.013025
229.2000 0.012923
229.4469 0.012828
229.6932 0.012628
229.9407 0.012663
230.1863 0.012671
230.4314 0.012662
230.6776 0.012664
230.9231 0.012622
231.1681 0.012623
231.4130 0.012651
231.6584 0.012563
231.9022 0.012609
232.1485 0.012690
232.3941 0.012657
232.6419 0.012681
232.8876 0.012755
233.1315 0.012925
233.3769 0.012847
233.6225 0.012840
233.8679 0.013001
234.1177 0.012975
234.3641 0.013063
234.6110 0.013164
234.8580 0.013189
235.1040 0.013170
235.3539 0.013203
235.6056 0.013154
235.8583 0.013247
236.1117 0.013310
236.3645 0.013312
236.6170 0.013318
236.8678 0.013266
237.1185 0.013319
237.3696 0.013220
237.6227 0.013310
237.8772 0.013434
238.1357 0.013393
238.3930 0.013393
238.6536 0.013360
238.9103 0.013308
239.1729 0.013337
239.4365 0.013400
239.6951 0.013471
239.9618 0.013284
240.2280 0.013379
240.4934 0.013414
240.7608 0.013649
241.0301 0.013927
241.3038 0.014021
241.5756 0.014079
241.8490 0.014053
242.1263 0.014194
242.4039 0.014261
242.6831 0.014057
242.9620 0.014075
243.2504 0.013921
243.5378 0.013930
243.8277 0.014088
244.1203 0.013916
244.4167 0.013990
244.7148 0.014037
245.0150 0.014183
245.3186 0.014314
245.6268 0.014515
245.9356 0.014578
246.2437 0.014816
246.5568 0.014858
246.8797 0.014985
247.2090 0.014876
247.5374 0.014885
247.8703 0.014858
248.2081 0.014839
248.5459 0.014903
248.8894 0.014915
249.2395 0.014905
249.5896 0.014967
249.9462 0.015140
250.3162 0.015402
250.6892 0.015541
251.0714 0.015585
251.4567 0.015728
251.8510 0.015988
252.2504 0.015872
252.6550 0.016111
253.0675 0.016055
253.4918 0.015819
253.9171 0.016088
254.3621 0.016073
254.8204 0.016177
255.2864 0.016427
255.7637 0.016520
256.2518 0.016861
256.7607 0.017415
257.2801 0.017526
257.8132 0.017924
258.3635 0.017984
258.9379 0.018185
259.5369 0.018772
260.1475 0.019073
260.7865 0.019300
261.4670 0.019584
262.1713 0.020127
262.9143 0.020518
263.6915 0.021095
264.5240 0.021755
265.4061 0.022206
266.3463 0.023355
267.3417 0.024584
268.4266 0.025650
269.6497 0.026922
270.9922 0.027974
272.5013 0.028685
274.2563 0.029942
276.3493 0.033063
278.9551 0.036032
282.4820 0.040938
283.3881 0.043224
284.3765 0.046572
285.4640 0.049096
286.6956 0.051504
288.1111 0.056901
289.8556 0.064087
292.0951 0.072780
295.0966 0.089486
300.1555 0.121248
304.8091 0.160144
310.8635 0.240708
315.0478 0.324559
 tr2-09-3 3 1
177.0321 0.215962
179.7050 0.156786
183.7784 0.104116
186.9276 0.080156
190.4173 0.059764
192.5778 0.050048
194.1328 0.045355
195.4476 0.043183
196.5325 0.040262
197.4658 0.037609
198.2828 0.035601
199.0102 0.034770
199.6812 0.034497
202.4052 0.029846
204.4551 0.027302
206.1008 0.025255
207.4942 0.023399
208.7158 0.022542
209.8120 0.021297
210.8107 0.020275
211.7202 0.019926
212.5621 0.019365
213.3478 0.018487
214.0923 0.018340
214.7834 0.017462
215.4437 0.017385
216.0750 0.016774
216.6714 0.016479
217.2430 0.016041
217.8007 0.015918
218.3358 0.015612
218.8527 0.015373
219.3587 0.015265
219.8458 0.015371
220.3128 0.015211
220.7721 0.015208
221.2210 0.015006
221.6597 0.014963
222.0861 0.014973
222.5048 0.015059
222.9070 0.014972
223.3061 0.014979
223.6935 0.014787
224.0767 0.014723
224.4500 0.014493
224.8233 0.014119
225.1869 0.014184
225.5430 0.014149
225.8951 0.013793
226.2395 0.013761
226.5830 0.013651
226.9181 0.013425
227.2558 0.013425
227.5848 0.013620
227.9093 0.013395
228.2275 0.013344
228.5462 0.013168
228.8633 0.013044
229.1751 0.013071
229.4837 0.012987
229.7871 0.013098
230.0874 0.013014
230.3860 0.012921
230.6808 0.012945
230.9742 0.012973
231.2652 0.013007
231.5554 0.012976
231.8427 0.012979
232.1258 0.013042
232.4079 0.013168
232.6849 0.013315
232.9604 0.013430
233.2367 0.013568
233.5128 0.013657
233.7885 0.013615
234.0606 0.013579
234.3290 0.013478
234.5955 0.013415
234.8649 0.013394
235.1308 0.013450
235.3973 0.013281
235.6620 0.013304
235.9226 0.013344
236.1852 0.013320
236.4428 0.013308
236.7009 0.013370
236.9635 0.013281
237.2245 0.013360
237.4828 0.013365
237.7388 0.013325
237.9932 0.013323
238.2511 0.013342
238.5056 0.013367
238.7617 0.013248
239.0167 0.013252
239.2707 0.013242
239.5218 0.013367
239.7751 0.013341
240.0268 0.013298
240.2785 0.013224
240.5288 0.013226
240.7787 0.013076
241.0300 0.012930
241.2789 0.012845
241.5316 0.012808
241.7840 0.012829
242.0337 0.012852
242.2869 0.012885
242.5392 0.012965
242.7893 0.012936
243.0381 0.013011
243.2920 0.013061
243.5470 0.013216
243.8005 0.013314
244.0537 0.013414
244.3089 0.013597
244.5626 0.013567
244.8189 0.013559
245.0719 0.013607
245.3210 0.013566
245.5786 0.013566
245.8366 0.013545
246.0928 0.013455
246.3516 0.013567
246.6088 0.013636
246.8719 0.013714
247.1303 0.013990
247.3894 0.014100
247.6512 0.013992
247.9139 0.014128
248.1773 0.014212
248.4416 0.014287
248.7117 0.014405
248.9789 0.014295
249.2492 0.014367
249.5212 0.014316
249.7930 0.014346
250.0706 0.014291
250.3428 0.014300
250.6205 0.014348
250.9002 0.014455
251.1783 0.014484
251.4594 0.014577
251.7418 0.014567
252.0265 0.014516
252.3097 0.014640
252.5989 0.014545
252.8871 0.014586
253.1788 0.014655
253.4731 0.014888
253.7715 0.014830
254.0700 0.014838
254.3740 0.014781
254.6820 0.014724
254.9914 0.014855
255.2982 0.015030
255.6129 0.014880
255.9248 0.015050
256.2479 0.015160
256.5727 0.015285
256.9024 0.015351
257.2332 0.015419
257.5701 0.015507
257.9080 0.015542
258.2556 0.015745
258.6048 0.015831
258.9587 0.016118
259.3159 0.016203
259.6812 0.016285
260.0525 0.016371
260.4257 0.016622
260.8079 0.016614
261.1919 0.016815
261.5886 0.016877
261.9905 0.016828
262.3986 0.016777
262.8156 0.016840
263.2429 0.017079
263.6757 0.017081
264.1185 0.017292
264.5758 0.017677
265.0436 0.017687
265.5236 0.017796
266.0091 0.017745
266.5062 0.018012
267.0307 0.018313
267.5608 0.018553
268.1145 0.019012
268.6845 0.019366
269.2791 0.019595
269.8850 0.019863
270.5112 0.020155
271.1759 0.020516
271.8584 0.020714
272.5835 0.020946
273.3467 0.021304
274.1381 0.022065
274.9906 0.022390
275.8818 0.023135
276.8413 0.023718
277.8854 0.024739
279.0151 0.025001
280.2301 0.026104
281.6004 0.027309
283.1582 0.029205
284.9633 0.030997
287.0971 0.033346
289.7588 0.037112
293.3483 0.044146
294.2539 0.046069
295.2534 0.047976
296.3904 0.051676
297.6744 0.054308
299.1690 0.059966
300.9521 0.065245
303.2612 0.072179
306.4360 0.087955
311.4690 0.122157
316.3235 0.166525
322.2571 0.237702
326.7445 0.312293
tr2s-09-3 3 1
185.5637 0.200680
188.3063 0.147355
192.2732 0.102922
195.5982 0.076031
199.1254 0.059395
201.3057 0.051422
202.9066 0.045337
204.1944 0.043359
205.2862 0.039790
206.2325 0.037934
207.0617 0.036562
207.8021 0.034580
208.4925 0.033529
211.2176 0.028956
213.2339 0.026429
214.8993 0.025087
216.2898 0.023936
217.5243 0.022420
218.6503 0.021612
219.6460 0.020972
220.5613 0.020049
221.4129 0.019123
222.2101 0.018976
222.9394 0.018288
223.6408 0.017836
224.3098 0.017703
224.9469 0.017186
225.5452 0.016975
226.1226 0.016679
226.6789 0.016345
227.2194 0.016211
227.7430 0.016139
228.2448 0.016191
228.7335 0.015942
229.2033 0.015836
229.6638 0.015801
230.1130 0.015656
230.5509 0.015547
230.9794 0.015196
231.3977 0.014830
231.8062 0.014807
232.2053 0.014684
232.5967 0.014547
232.9832 0.014469
233.3641 0.014491
233.7373 0.014150
234.1010 0.014076
234.4633 0.014001
234.8210 0.013855
235.1723 0.013718
235.5110 0.013757
235.8543 0.013671
236.1880 0.013700
236.5167 0.013638
236.8460 0.013847
237.1692 0.013829
237.4907 0.013762
237.8048 0.013577
238.1177 0.013550
238.4254 0.013553
238.7295 0.013406
239.0325 0.013385
239.3316 0.013136
239.6293 0.013144
239.9225 0.013070
240.2138 0.012966
240.5063 0.012784
240.7946 0.012709
241.0826 0.012602
241.3654 0.012534
241.6473 0.012692
241.9234 0.012810
242.2052 0.012802
242.4779 0.012809
242.7517 0.012733
243.0240 0.012824
243.2946 0.012819
243.5629 0.012801
243.8299 0.012924
244.0991 0.012869
244.3630 0.012924
244.6299 0.013027
244.8930 0.012961
245.1571 0.013069
245.4199 0.013163
245.6798 0.013019
245.9408 0.013090
246.1989 0.013017
246.4588 0.012964
246.7153 0.013075
246.9704 0.013080
247.2246 0.013090
247.4801 0.012998
247.7356 0.013122
247.9935 0.013112
248.2471 0.013124
248.5022 0.013008
248.7567 0.012927
249.0094 0.012956
249.2640 0.012995
249.5160 0.012848
249.7704 0.012830
250.0248 0.012766
250.2773 0.012941
250.5303 0.013027
250.7835 0.013098
251.0386 0.013016
251.2904 0.012962
251.5460 0.012977
251.8036 0.012983
252.0563 0.013036
252.3099 0.012954
252.5635 0.013027
252.8154 0.013117
253.0687 0.013034
253.3195 0.013136
253.5756 0.013221
253.8314 0.013159
254.0849 0.013014
254.3405 0.013007
254.5971 0.012959
254.8582 0.013053
255.1161 0.013085
255.3762 0.013079
255.6357 0.013032
255.8966 0.013195
256.1594 0.013244
256.4263 0.013438
256.6883 0.013576
256.9550 0.013591
257.2188 0.013509
257.4864 0.013663
257.7549 0.013676
258.0265 0.013707
258.2970 0.013672
258.5686 0.013648
258.8426 0.013529
259.1177 0.013647
259.3913 0.013768
259.6708 0.013662
259.9503 0.013777
260.2312 0.013890
260.5138 0.014026
260.7964 0.014135
261.0848 0.014064
261.3714 0.014137
261.6619 0.014292
261.9550 0.014341
262.2450 0.014576
262.5391 0.014720
262.8388 0.014703
263.1367 0.014831
263.4369 0.014954
263.7442 0.015024
264.0513 0.015062
264.3603 0.014913
264.6744 0.014962
264.9962 0.015006
265.3180 0.015108
265.6408 0.015175
265.9745 0.015305
266.3091 0.015334
266.6462 0.015424
266.9905 0.015542
267.3341 0.015532
267.6847 0.015768
268.0391 0.015821
268.3995 0.015947
268.7640 0.015889
269.1326 0.016126
269.5121 0.016399
269.8968 0.016591
270.2887 0.016529
270.6830 0.016875
271.0873 0.016929
271.4981 0.016861
271.9170 0.017152
272.3479 0.017135
272.7841 0.017196
273.2270 0.017608
273.6784 0.017937
274.1455 0.018128
274.6242 0.018377
275.1148 0.018520
275.6239 0.018481
276.1360 0.018714
276.6741 0.018475
277.2291 0.018626
277.7972 0.018696
278.3851 0.018754
278.9942 0.019082
279.6307 0.019373
280.2999 0.019600
280.9927 0.019841
281.7120 0.020010
282.4769 0.020827
283.2710 0.020817
284.1164 0.021305
285.0155 0.022222
285.9831 0.022711
287.0326 0.023613
288.1633 0.024822
289.4047 0.026096
290.7883 0.027684
292.3523 0.029061
294.1581 0.029882
296.2826 0.033476
298.9797 0.037833
302.5709 0.043759
303.4736 0.046833
304.4751 0.049875
305.6308 0.052934
306.9293 0.055145
308.4321 0.061459
310.2435 0.067420
312.4972 0.074811
315.6777 0.086966
320.7916 0.123530
325.5097 0.161632
331.7413 0.230767
336.3116 0.322470
