Copyright (C) 1998 James G. MacKinnon, Alfred A. Haug, and Leo Michelis.
 lm0-12-8 3 1
 58.5351 0.089807
 59.4953 0.066127
 60.8144 0.046789
 61.9434 0.035955
 63.1378 0.027030
 63.9029 0.023228
 64.4904 0.021506
 64.9589 0.019829
 65.3277 0.019029
 65.6592 0.018213
 65.9606 0.017071
 66.2378 0.015948
 66.4803 0.015329
 67.4594 0.013738
 68.2036 0.012470
 68.8180 0.011625
 69.3332 0.010891
 69.7948 0.010333
 70.2083 0.010073
 70.5842 0.009896
 70.9242 0.009503
 71.2418 0.009090
 71.5384 0.008677
 71.8195 0.008731
 72.0852 0.008567
 72.3432 0.008448
 72.5878 0.008420
 72.8224 0.008219
 73.0463 0.008155
 73.2604 0.008257
 73.4669 0.008257
 73.6695 0.008076
 73.8690 0.007996
 74.0602 0.007876
 74.2445 0.007790
 74.4221 0.007653
 74.5953 0.007562
 74.7680 0.007557
 74.9319 0.007592
 75.0959 0.007573
 75.2577 0.007495
 75.4148 0.007600
 75.5708 0.007425
 75.7248 0.007413
 75.8752 0.007487
 76.0253 0.007505
 76.1718 0.007565
 76.3151 0.007500
 76.4576 0.007607
 76.5961 0.007592
 76.7344 0.007535
 76.8697 0.007422
 77.0059 0.007459
 77.1387 0.007470
 77.2696 0.007549
 77.3990 0.007491
 77.5277 0.007533
 77.6566 0.007485
 77.7824 0.007479
 77.9074 0.007339
 78.0293 0.007374
 78.1529 0.007303
 78.2752 0.007300
 78.3965 0.007136
 78.5182 0.007037
 78.6370 0.007047
 78.7577 0.006933
 78.8760 0.006836
 78.9932 0.006813
 79.1087 0.006789
 79.2250 0.006698
 79.3393 0.006677
 79.4530 0.006639
 79.5692 0.006613
 79.6801 0.006577
 79.7939 0.006616
 79.9061 0.006754
 80.0170 0.006807
 80.1273 0.006794
 80.2376 0.006836
 80.3476 0.006857
 80.4602 0.006849
 80.5698 0.006904
 80.6806 0.006993
 80.7898 0.007066
 80.8983 0.007108
 81.0040 0.007100
 81.1127 0.007118
 81.2211 0.007154
 81.3296 0.007134
 81.4377 0.007012
 81.5456 0.007051
 81.6534 0.007139
 81.7605 0.007168
 81.8667 0.007171
 81.9747 0.007127
 82.0827 0.007073
 82.1891 0.007096
 82.2962 0.007047
 82.4034 0.007005
 82.5118 0.006955
 82.6192 0.006946
 82.7264 0.006921
 82.8318 0.006887
 82.9386 0.006952
 83.0449 0.006874
 83.1508 0.006952
 83.2581 0.006956
 83.3670 0.007067
 83.4764 0.007168
 83.5862 0.007208
 83.6944 0.007201
 83.8042 0.007146
 83.9135 0.007137
 84.0219 0.007184
 84.1323 0.007235
 84.2422 0.007248
 84.3519 0.007232
 84.4621 0.007259
 84.5722 0.007356
 84.6841 0.007430
 84.7966 0.007368
 84.9088 0.007396
 85.0192 0.007486
 85.1323 0.007456
 85.2465 0.007509
 85.3614 0.007548
 85.4742 0.007621
 85.5883 0.007612
 85.7024 0.007574
 85.8188 0.007615
 85.9363 0.007631
 86.0540 0.007671
 86.1715 0.007663
 86.2891 0.007723
 86.4078 0.007656
 86.5286 0.007718
 86.6485 0.007804
 86.7698 0.007813
 86.8930 0.007788
 87.0185 0.007993
 87.1420 0.008020
 87.2660 0.008105
 87.3930 0.008096
 87.5212 0.008127
 87.6492 0.008051
 87.7794 0.008221
 87.9069 0.008173
 88.0374 0.008259
 88.1712 0.008232
 88.3061 0.008194
 88.4415 0.008132
 88.5756 0.008370
 88.7142 0.008537
 88.8531 0.008580
 88.9937 0.008642
 89.1365 0.008587
 89.2798 0.008606
 89.4271 0.008653
 89.5737 0.008708
 89.7258 0.008744
 89.8766 0.008743
 90.0328 0.008679
 90.1874 0.008631
 90.3426 0.008834
 90.5032 0.008826
 90.6708 0.008854
 90.8355 0.008826
 91.0077 0.009027
 91.1789 0.009139
 91.3548 0.009171
 91.5310 0.009175
 91.7096 0.009084
 91.8917 0.008910
 92.0771 0.008936
 92.2691 0.008907
 92.4655 0.009011
 92.6682 0.009243
 92.8725 0.009287
 93.0806 0.009491
 93.2972 0.009645
 93.5193 0.009791
 93.7462 0.009980
 93.9776 0.010046
 94.2189 0.010267
 94.4704 0.010472
 94.7265 0.010521
 94.9869 0.011017
 95.2552 0.010946
 95.5360 0.011268
 95.8305 0.011408
 96.1347 0.011387
 96.4566 0.011566
 96.7960 0.011893
 97.1505 0.012140
 97.5236 0.012545
 97.9157 0.012725
 98.3328 0.012979
 98.7774 0.013474
 99.2513 0.013828
 99.7681 0.014501
100.3277 0.015301
100.9447 0.016066
101.6446 0.017184
102.4294 0.018325
103.3409 0.019632
104.4342 0.021220
105.7916 0.024834
107.6577 0.029874
108.1357 0.031064
108.6751 0.032038
109.2899 0.034204
109.9888 0.036313
110.7829 0.039322
111.7476 0.043025
113.0019 0.049514
114.6984 0.059640
117.5365 0.078374
120.1123 0.116427
123.6349 0.175170
125.8358 0.244394
 lm1-12-8 3 1
 61.1434 0.086726
 62.0530 0.068416
 63.4170 0.047591
 64.5304 0.037343
 65.7622 0.029517
 66.5419 0.024803
 67.1151 0.021685
 67.5850 0.019085
 67.9769 0.018381
 68.3130 0.017275
 68.6174 0.016484
 68.8952 0.016132
 69.1526 0.015634
 70.1680 0.013631
 70.9332 0.012447
 71.5485 0.011733
 72.0797 0.011586
 72.5405 0.010744
 72.9559 0.010458
 73.3367 0.010031
 73.6877 0.009610
 74.0072 0.009437
 74.3077 0.009201
 74.5946 0.009065
 74.8696 0.008975
 75.1251 0.008971
 75.3727 0.008652
 75.6085 0.008509
 75.8373 0.008097
 76.0569 0.007962
 76.2668 0.008028
 76.4716 0.007917
 76.6707 0.007885
 76.8651 0.007914
 77.0558 0.007847
 77.2404 0.007890
 77.4178 0.007858
 77.5943 0.007919
 77.7649 0.007791
 77.9327 0.007834
 78.0950 0.007684
 78.2547 0.007542
 78.4122 0.007445
 78.5679 0.007430
 78.7209 0.007445
 78.8716 0.007516
 79.0204 0.007411
 79.1688 0.007380
 79.3132 0.007236
 79.4562 0.007254
 79.5947 0.007092
 79.7335 0.007151
 79.8714 0.007032
 80.0046 0.007015
 80.1344 0.007121
 80.2663 0.006918
 80.3974 0.007009
 80.5261 0.006929
 80.6546 0.006824
 80.7815 0.006848
 80.9071 0.006804
 81.0320 0.006756
 81.1576 0.006591
 81.2805 0.006574
 81.4022 0.006639
 81.5227 0.006655
 81.6411 0.006755
 81.7595 0.006695
 81.8787 0.006689
 81.9955 0.006694
 82.1109 0.006775
 82.2268 0.006820
 82.3416 0.006808
 82.4574 0.006845
 82.5715 0.006843
 82.6860 0.006751
 82.7981 0.006778
 82.9110 0.006823
 83.0231 0.006784
 83.1364 0.006798
 83.2502 0.006846
 83.3611 0.006755
 83.4727 0.006820
 83.5833 0.006917
 83.6941 0.006969
 83.8057 0.006971
 83.9150 0.006941
 84.0253 0.006924
 84.1370 0.006842
 84.2474 0.006901
 84.3550 0.006905
 84.4635 0.006912
 84.5747 0.006994
 84.6821 0.007102
 84.7921 0.007210
 84.9027 0.007204
 85.0128 0.007183
 85.1210 0.007238
 85.2288 0.007350
 85.3364 0.007249
 85.4438 0.007287
 85.5526 0.007351
 85.6617 0.007291
 85.7714 0.007358
 85.8792 0.007405
 85.9884 0.007360
 86.0991 0.007365
 86.2085 0.007451
 86.3190 0.007429
 86.4292 0.007457
 86.5396 0.007458
 86.6482 0.007539
 86.7586 0.007572
 86.8682 0.007641
 86.9782 0.007711
 87.0898 0.007624
 87.2020 0.007766
 87.3137 0.007729
 87.4262 0.007740
 87.5391 0.007684
 87.6514 0.007753
 87.7657 0.007861
 87.8782 0.007925
 87.9936 0.007876
 88.1078 0.007924
 88.2231 0.007919
 88.3381 0.007966
 88.4533 0.008058
 88.5707 0.008074
 88.6876 0.008067
 88.8026 0.008061
 88.9186 0.008100
 89.0364 0.008170
 89.1553 0.008234
 89.2779 0.008210
 89.3992 0.008179
 89.5206 0.008230
 89.6439 0.008245
 89.7677 0.008340
 89.8932 0.008354
 90.0194 0.008255
 90.1446 0.008346
 90.2702 0.008331
 90.3979 0.008263
 90.5255 0.008241
 90.6547 0.008279
 90.7881 0.008323
 90.9207 0.008411
 91.0532 0.008465
 91.1877 0.008526
 91.3236 0.008616
 91.4605 0.008678
 91.5993 0.008690
 91.7398 0.008751
 91.8808 0.008837
 92.0232 0.008956
 92.1676 0.008874
 92.3163 0.008916
 92.4634 0.008970
 92.6159 0.008978
 92.7664 0.009049
 92.9198 0.008946
 93.0755 0.008986
 93.2358 0.009101
 93.3945 0.009101
 93.5582 0.009080
 93.7236 0.009256
 93.8909 0.009181
 94.0643 0.009255
 94.2402 0.009356
 94.4145 0.009406
 94.5936 0.009481
 94.7748 0.009522
 94.9615 0.009656
 95.1544 0.009714
 95.3496 0.009865
 95.5469 0.009918
 95.7525 0.010077
 95.9579 0.010226
 96.1686 0.010286
 96.3928 0.010401
 96.6149 0.010410
 96.8441 0.010645
 97.0801 0.010922
 97.3247 0.010934
 97.5781 0.011184
 97.8367 0.011318
 98.1043 0.011509
 98.3803 0.011569
 98.6643 0.011778
 98.9590 0.012074
 99.2658 0.012593
 99.5870 0.012698
 99.9213 0.013114
100.2771 0.013374
100.6542 0.013332
101.0484 0.013518
101.4726 0.013680
101.9185 0.014166
102.4083 0.014786
102.9350 0.015329
103.5074 0.015860
104.1291 0.016221
104.8301 0.016984
105.6194 0.017909
106.5267 0.020163
107.6297 0.021508
109.0249 0.023553
110.9444 0.029730
111.4425 0.030697
111.9887 0.031916
112.5967 0.034089
113.2827 0.035871
114.0722 0.038488
115.0723 0.043857
116.3057 0.048236
118.0879 0.056287
120.8978 0.083636
123.7422 0.111572
127.1893 0.162648
129.6198 0.236123
lm1s-12-8 3 1
 61.8808 0.085839
 62.7216 0.066750
 64.1611 0.047628
 65.2528 0.037777
 66.5161 0.029683
 67.2955 0.024512
 67.8595 0.020876
 68.3207 0.019212
 68.7103 0.018148
 69.0714 0.016991
 69.3846 0.016513
 69.6673 0.015755
 69.9167 0.015873
 70.9142 0.014021
 71.6872 0.012524
 72.2951 0.011998
 72.8196 0.011135
 73.2853 0.010782
 73.7088 0.010310
 74.0884 0.009951
 74.4383 0.009744
 74.7573 0.009602
 75.0582 0.009516
 75.3470 0.009324
 75.6143 0.009022
 75.8741 0.008718
 76.1209 0.008541
 76.3593 0.008424
 76.5879 0.008084
 76.8082 0.007947
 77.0217 0.007885
 77.2260 0.007965
 77.4261 0.007840
 77.6204 0.007853
 77.8085 0.007853
 77.9928 0.007826
 78.1725 0.007776
 78.3461 0.007816
 78.5138 0.007749
 78.6825 0.007652
 78.8473 0.007544
 79.0083 0.007372
 79.1651 0.007316
 79.3221 0.007306
 79.4764 0.007248
 79.6284 0.007085
 79.7753 0.006971
 79.9242 0.006876
 80.0652 0.006938
 80.2028 0.006995
 80.3425 0.007064
 80.4802 0.007021
 80.6180 0.006949
 80.7545 0.006967
 80.8854 0.007026
 81.0174 0.006959
 81.1492 0.006962
 81.2796 0.007026
 81.4064 0.007034
 81.5334 0.006990
 81.6586 0.006924
 81.7835 0.006946
 81.9065 0.006964
 82.0276 0.007049
 82.1496 0.006967
 82.2690 0.006967
 82.3898 0.006994
 82.5086 0.007029
 82.6266 0.007036
 82.7443 0.007067
 82.8602 0.007062
 82.9761 0.007106
 83.0920 0.007140
 83.2071 0.007166
 83.3209 0.007145
 83.4370 0.007176
 83.5505 0.007111
 83.6633 0.007110
 83.7771 0.007098
 83.8888 0.007146
 84.0029 0.007066
 84.1141 0.007032
 84.2265 0.007000
 84.3389 0.007015
 84.4491 0.007012
 84.5604 0.006985
 84.6700 0.007020
 84.7806 0.007034
 84.8922 0.007017
 85.0007 0.007012
 85.1102 0.007026
 85.2196 0.007044
 85.3282 0.006977
 85.4372 0.006932
 85.5462 0.007040
 85.6552 0.007011
 85.7643 0.007036
 85.8724 0.007083
 85.9819 0.007010
 86.0906 0.007124
 86.1990 0.007207
 86.3088 0.007331
 86.4177 0.007373
 86.5264 0.007249
 86.6338 0.007321
 86.7428 0.007359
 86.8524 0.007385
 86.9604 0.007430
 87.0700 0.007515
 87.1789 0.007539
 87.2902 0.007675
 87.4024 0.007680
 87.5131 0.007682
 87.6225 0.007639
 87.7333 0.007684
 87.8458 0.007743
 87.9565 0.007732
 88.0672 0.007669
 88.1793 0.007743
 88.2918 0.007791
 88.4038 0.007796
 88.5164 0.007756
 88.6313 0.007749
 88.7451 0.007809
 88.8590 0.007866
 88.9717 0.007850
 89.0873 0.007882
 89.2029 0.007952
 89.3186 0.007932
 89.4349 0.007972
 89.5534 0.007995
 89.6742 0.008080
 89.7931 0.008073
 89.9142 0.007990
 90.0350 0.008018
 90.1570 0.008155
 90.2788 0.008205
 90.4016 0.008203
 90.5255 0.008211
 90.6492 0.008307
 90.7730 0.008237
 90.8994 0.008223
 91.0245 0.008186
 91.1509 0.008214
 91.2812 0.008213
 91.4105 0.008276
 91.5438 0.008378
 91.6772 0.008493
 91.8111 0.008679
 91.9446 0.008759
 92.0799 0.008841
 92.2170 0.008914
 92.3568 0.008967
 92.4951 0.008992
 92.6371 0.008969
 92.7799 0.008986
 92.9224 0.008967
 93.0662 0.008852
 93.2146 0.008826
 93.3664 0.008744
 93.5178 0.008793
 93.6726 0.008928
 93.8270 0.009068
 93.9846 0.009113
 94.1475 0.009187
 94.3111 0.009194
 94.4776 0.009152
 94.6459 0.009133
 94.8147 0.009162
 94.9888 0.009348
 95.1651 0.009300
 95.3452 0.009440
 95.5289 0.009544
 95.7173 0.009680
 95.9053 0.009762
 96.0981 0.009852
 96.2985 0.009824
 96.5029 0.009801
 96.7103 0.010028
 96.9235 0.010057
 97.1398 0.010193
 97.3646 0.010430
 97.5945 0.010751
 97.8330 0.010867
 98.0780 0.010941
 98.3261 0.011054
 98.5830 0.011238
 98.8504 0.011336
 99.1243 0.011692
 99.4091 0.012025
 99.7048 0.012102
100.0165 0.012455
100.3434 0.012842
100.6818 0.012917
101.0385 0.013027
101.4130 0.013405
101.8069 0.013529
102.2327 0.013744
102.6825 0.014360
103.1648 0.014855
103.6923 0.015128
104.2571 0.015994
104.8818 0.016307
105.5763 0.017426
106.3558 0.018682
107.2785 0.019834
108.3686 0.021305
109.7761 0.023855
111.6902 0.029179
112.1852 0.030696
112.7298 0.031253
113.3455 0.032671
114.0258 0.035916
114.8419 0.039540
115.8261 0.042950
117.0962 0.049989
118.8243 0.058784
121.6302 0.081433
124.4996 0.106810
127.9407 0.163211
130.3551 0.234064
 lm2-12-8 3 1
 63.7939 0.090445
 64.7232 0.066693
 66.0018 0.051273
 67.1344 0.036654
 68.4146 0.028819
 69.2011 0.024134
 69.7971 0.021434
 70.2654 0.019837
 70.6780 0.018041
 71.0291 0.017525
 71.3470 0.017198
 71.6153 0.016350
 71.8683 0.015539
 72.8893 0.013357
 73.6618 0.012667
 74.2907 0.011902
 74.8313 0.011271
 75.2981 0.011206
 75.7201 0.010817
 76.1048 0.010511
 76.4645 0.010254
 76.7991 0.009675
 77.1085 0.009556
 77.3994 0.009334
 77.6715 0.008947
 77.9289 0.008867
 78.1752 0.008641
 78.4175 0.008514
 78.6491 0.008321
 78.8739 0.008341
 79.0883 0.008332
 79.2954 0.008143
 79.4968 0.008186
 79.6950 0.008306
 79.8859 0.008318
 80.0708 0.008074
 80.2504 0.007927
 80.4277 0.007903
 80.5964 0.007920
 80.7662 0.007803
 80.9310 0.007635
 81.0968 0.007798
 81.2548 0.007689
 81.4122 0.007642
 81.5656 0.007595
 81.7174 0.007673
 81.8648 0.007556
 82.0112 0.007532
 82.1589 0.007527
 82.3049 0.007490
 82.4455 0.007450
 82.5834 0.007485
 82.7197 0.007446
 82.8559 0.007398
 82.9913 0.007458
 83.1257 0.007319
 83.2608 0.007314
 83.3927 0.007364
 83.5244 0.007288
 83.6509 0.007302
 83.7779 0.007182
 83.9035 0.007151
 84.0274 0.007122
 84.1535 0.007181
 84.2778 0.007054
 84.4004 0.006969
 84.5218 0.006928
 84.6420 0.006932
 84.7625 0.007007
 84.8820 0.007005
 85.0006 0.006929
 85.1198 0.007013
 85.2362 0.006968
 85.3523 0.007007
 85.4691 0.006998
 85.5855 0.006982
 85.7006 0.007093
 85.8147 0.007017
 85.9303 0.007053
 86.0444 0.007094
 86.1573 0.007092
 86.2730 0.007113
 86.3846 0.007163
 86.4955 0.007185
 86.6068 0.007262
 86.7189 0.007331
 86.8310 0.007286
 86.9412 0.007220
 87.0511 0.007207
 87.1615 0.007227
 87.2721 0.007268
 87.3835 0.007233
 87.4947 0.007276
 87.6056 0.007189
 87.7159 0.007175
 87.8271 0.007143
 87.9383 0.007163
 88.0485 0.007173
 88.1584 0.007242
 88.2688 0.007237
 88.3799 0.007254
 88.4908 0.007275
 88.6026 0.007329
 88.7136 0.007313
 88.8244 0.007339
 88.9334 0.007359
 89.0437 0.007384
 89.1566 0.007474
 89.2695 0.007554
 89.3803 0.007567
 89.4919 0.007559
 89.6026 0.007672
 89.7137 0.007683
 89.8262 0.007676
 89.9392 0.007636
 90.0515 0.007594
 90.1627 0.007580
 90.2749 0.007593
 90.3891 0.007687
 90.5033 0.007641
 90.6169 0.007613
 90.7323 0.007544
 90.8454 0.007592
 90.9590 0.007641
 91.0746 0.007528
 91.1913 0.007589
 91.3089 0.007584
 91.4259 0.007592
 91.5429 0.007660
 91.6622 0.007741
 91.7822 0.007833
 91.9021 0.007857
 92.0216 0.007997
 92.1417 0.008049
 92.2659 0.008116
 92.3912 0.008050
 92.5148 0.008137
 92.6386 0.008144
 92.7632 0.008199
 92.8890 0.008160
 93.0135 0.008201
 93.1408 0.008243
 93.2702 0.008169
 93.4013 0.008267
 93.5348 0.008261
 93.6663 0.008366
 93.7978 0.008453
 93.9296 0.008357
 94.0632 0.008449
 94.2009 0.008422
 94.3376 0.008555
 94.4779 0.008679
 94.6211 0.008689
 94.7635 0.008762
 94.9042 0.008753
 95.0475 0.008848
 95.1947 0.008884
 95.3420 0.008906
 95.4931 0.008939
 95.6452 0.008941
 95.7990 0.008994
 95.9562 0.009041
 96.1143 0.008968
 96.2731 0.009062
 96.4363 0.009183
 96.5999 0.009184
 96.7675 0.009264
 96.9398 0.009435
 97.1131 0.009412
 97.2877 0.009503
 97.4680 0.009612
 97.6489 0.009763
 97.8357 0.009826
 98.0222 0.010014
 98.2154 0.010086
 98.4129 0.010077
 98.6131 0.010065
 98.8187 0.010353
 99.0286 0.010462
 99.2409 0.010544
 99.4628 0.010573
 99.6936 0.010645
 99.9275 0.010890
100.1678 0.010864
100.4133 0.011200
100.6697 0.011299
100.9317 0.011401
101.2022 0.011583
101.4792 0.011583
101.7627 0.011959
102.0628 0.012340
102.3759 0.012496
102.7018 0.012632
103.0458 0.013084
103.4112 0.013151
103.7879 0.013431
104.1900 0.013596
104.6149 0.014049
105.0737 0.014730
105.5704 0.014884
106.0981 0.015814
106.6685 0.015911
107.2994 0.016743
108.0027 0.017796
108.8126 0.018829
109.7529 0.020192
110.8667 0.022527
112.2650 0.024795
114.2124 0.029081
114.7230 0.030677
115.2779 0.032410
115.8998 0.033222
116.5955 0.036048
117.4339 0.039874
118.4162 0.044458
119.6721 0.048920
121.4391 0.060657
124.2880 0.086096
127.2145 0.118702
130.6370 0.178483
133.3222 0.254854
lm2s-12-8 3 1
 64.5025 0.091342
 65.3981 0.068451
 66.7323 0.049080
 67.9174 0.036336
 69.1529 0.028258
 69.9662 0.023811
 70.5744 0.021500
 71.0415 0.019855
 71.4490 0.018672
 71.7937 0.017606
 72.0929 0.016671
 72.3708 0.016071
 72.6197 0.015813
 73.6482 0.013901
 74.4120 0.012885
 75.0441 0.011414
 75.5754 0.011240
 76.0514 0.010715
 76.4769 0.010373
 76.8645 0.009971
 77.2201 0.009681
 77.5526 0.009561
 77.8615 0.009315
 78.1484 0.009118
 78.4224 0.009055
 78.6868 0.008959
 78.9349 0.008889
 79.1738 0.008776
 79.4093 0.008436
 79.6306 0.008305
 79.8427 0.008443
 80.0511 0.008382
 80.2530 0.008258
 80.4475 0.008114
 80.6377 0.008093
 80.8231 0.007968
 81.0053 0.007943
 81.1803 0.007882
 81.3543 0.007726
 81.5248 0.007785
 81.6906 0.007812
 81.8533 0.007840
 82.0132 0.007698
 82.1715 0.007760
 82.3266 0.007720
 82.4773 0.007608
 82.6256 0.007611
 82.7735 0.007509
 82.9180 0.007419
 83.0650 0.007383
 83.2078 0.007298
 83.3481 0.007285
 83.4864 0.007259
 83.6222 0.007107
 83.7559 0.007106
 83.8892 0.007055
 84.0206 0.007054
 84.1529 0.007079
 84.2835 0.007073
 84.4124 0.007080
 84.5367 0.007108
 84.6619 0.006996
 84.7887 0.006993
 84.9156 0.006967
 85.0365 0.006919
 85.1591 0.006835
 85.2832 0.006794
 85.4026 0.006889
 85.5194 0.006818
 85.6369 0.006856
 85.7559 0.006782
 85.8730 0.006829
 85.9903 0.006811
 86.1094 0.006806
 86.2255 0.006852
 86.3402 0.006888
 86.4560 0.006955
 86.5716 0.007061
 86.6873 0.007110
 86.8015 0.007112
 86.9129 0.007104
 87.0249 0.007162
 87.1376 0.007105
 87.2502 0.007107
 87.3632 0.007195
 87.4741 0.007236
 87.5874 0.007312
 87.6997 0.007175
 87.8091 0.007150
 87.9200 0.007132
 88.0324 0.007135
 88.1429 0.007194
 88.2539 0.007261
 88.3652 0.007271
 88.4760 0.007251
 88.5866 0.007298
 88.6975 0.007238
 88.8069 0.007308
 88.9176 0.007362
 89.0269 0.007374
 89.1374 0.007350
 89.2482 0.007398
 89.3597 0.007373
 89.4695 0.007435
 89.5808 0.007450
 89.6882 0.007408
 89.7981 0.007427
 89.9104 0.007407
 90.0206 0.007468
 90.1298 0.007611
 90.2417 0.007590
 90.3539 0.007557
 90.4642 0.007587
 90.5765 0.007621
 90.6908 0.007591
 90.8052 0.007534
 90.9174 0.007557
 91.0309 0.007590
 91.1449 0.007666
 91.2582 0.007633
 91.3722 0.007743
 91.4862 0.007770
 91.6015 0.007818
 91.7155 0.007831
 91.8325 0.007912
 91.9493 0.007806
 92.0669 0.007874
 92.1851 0.007892
 92.3029 0.007942
 92.4209 0.008054
 92.5417 0.008122
 92.6605 0.008042
 92.7818 0.008039
 92.9042 0.008106
 93.0251 0.008151
 93.1475 0.008103
 93.2724 0.008072
 93.3950 0.008067
 93.5196 0.008042
 93.6459 0.008140
 93.7742 0.008145
 93.8995 0.008257
 94.0275 0.008205
 94.1561 0.008242
 94.2850 0.008254
 94.4184 0.008337
 94.5495 0.008485
 94.6833 0.008479
 94.8192 0.008646
 94.9547 0.008625
 95.0920 0.008644
 95.2321 0.008709
 95.3714 0.008832
 95.5129 0.008829
 95.6580 0.008799
 95.8028 0.008726
 95.9502 0.008810
 96.0999 0.008861
 96.2495 0.008876
 96.4013 0.008943
 96.5550 0.008884
 96.7102 0.008931
 96.8701 0.008958
 97.0316 0.009016
 97.1942 0.009178
 97.3580 0.009274
 97.5240 0.009383
 97.6965 0.009479
 97.8696 0.009501
 98.0457 0.009582
 98.2254 0.009613
 98.4076 0.009625
 98.5948 0.009700
 98.7829 0.009818
 98.9741 0.010105
 99.1689 0.010013
 99.3708 0.010070
 99.5756 0.010243
 99.7874 0.010475
100.0062 0.010650
100.2238 0.010545
100.4485 0.010730
100.6804 0.010998
100.9182 0.011074
101.1688 0.011127
101.4207 0.011075
101.6794 0.011282
101.9492 0.011553
102.2311 0.011905
102.5169 0.012137
102.8136 0.012286
103.1325 0.012649
103.4607 0.012848
103.8047 0.013084
104.1694 0.013451
104.5454 0.013534
104.9454 0.014083
105.3654 0.014373
105.8267 0.014854
106.3169 0.015545
106.8392 0.015699
107.4176 0.015979
108.0534 0.016722
108.7550 0.017995
109.5671 0.019080
110.5059 0.020848
111.6220 0.022684
113.0156 0.024714
114.9733 0.029065
115.4725 0.030467
116.0006 0.031734
116.6325 0.034322
117.3440 0.037582
118.1626 0.040705
119.1551 0.043743
120.4475 0.049787
122.2018 0.060846
125.0128 0.084393
127.8863 0.121745
131.4500 0.175013
133.9489 0.253508
 tr0-12-8 3 1
369.5764 0.392019
373.6659 0.295093
379.8281 0.193494
384.9006 0.148432
390.1407 0.114942
393.3713 0.102893
395.7312 0.089711
397.7244 0.082804
399.3797 0.075745
400.7974 0.072778
402.0301 0.070014
403.1828 0.066714
404.1869 0.063838
408.2249 0.057436
411.2205 0.052214
413.6670 0.048430
415.7114 0.045171
417.5350 0.044536
419.1331 0.042054
420.5932 0.040009
421.9464 0.039108
423.1963 0.037104
424.3521 0.036305
425.4421 0.035284
426.4723 0.033428
427.4526 0.033255
428.3981 0.032316
429.2844 0.031933
430.1218 0.032078
430.9390 0.031531
431.7213 0.030804
432.4829 0.030483
433.2201 0.030399
433.9469 0.030042
434.6427 0.029756
435.3214 0.028890
435.9628 0.028707
436.5946 0.028696
437.2101 0.028016
437.8096 0.027804
438.3966 0.027519
438.9620 0.027570
439.5279 0.027192
440.0885 0.026841
440.6360 0.026863
441.1753 0.026659
441.6950 0.026714
442.2166 0.026586
442.7256 0.026355
443.2288 0.026033
443.7273 0.025697
444.2120 0.025388
444.6990 0.025387
445.1708 0.025246
445.6416 0.025019
446.1112 0.025161
446.5735 0.025350
447.0320 0.025453
447.4802 0.025472
447.9252 0.025324
448.3638 0.025659
448.7936 0.025621
449.2235 0.025988
449.6539 0.026182
450.0758 0.025982
450.4887 0.025928
450.9048 0.025770
451.3234 0.025741
451.7350 0.025535
452.1424 0.025689
452.5456 0.025451
452.9451 0.025310
453.3407 0.025102
453.7375 0.025134
454.1307 0.025384
454.5238 0.025174
454.9113 0.025003
455.3001 0.025200
455.6840 0.024862
456.0649 0.024751
456.4472 0.024832
456.8250 0.025009
457.2025 0.024360
457.5828 0.024331
457.9627 0.024234
458.3351 0.024217
458.7062 0.023981
459.0820 0.024030
459.4551 0.024033
459.8200 0.024021
460.1783 0.023891
460.5468 0.023933
460.9076 0.023989
461.2681 0.023840
461.6274 0.023654
461.9853 0.023463
462.3514 0.023639
462.7109 0.023472
463.0698 0.023565
463.4286 0.023324
463.7891 0.023485
464.1473 0.023472
464.5077 0.023361
464.8686 0.023339
465.2240 0.023226
465.5800 0.023195
465.9407 0.023198
466.2944 0.023356
466.6581 0.023312
467.0194 0.023448
467.3812 0.023665
467.7355 0.023596
468.0924 0.023695
468.4526 0.023557
468.8101 0.023631
469.1717 0.023800
469.5330 0.023837
469.8932 0.023945
470.2561 0.023783
470.6200 0.023806
470.9890 0.023729
471.3557 0.023772
471.7267 0.023893
472.0912 0.024070
472.4584 0.024083
472.8231 0.024215
473.1916 0.024167
473.5574 0.024345
473.9308 0.024516
474.3097 0.024349
474.6851 0.024558
475.0580 0.024497
475.4352 0.024606
475.8168 0.024847
476.1927 0.024988
476.5651 0.024855
476.9503 0.024730
477.3334 0.024881
477.7267 0.025020
478.1146 0.024927
478.5037 0.025075
478.8964 0.025253
479.2938 0.024861
479.6916 0.025020
480.0975 0.025234
480.5012 0.025172
480.9129 0.025316
481.3257 0.025195
481.7360 0.025519
482.1522 0.025686
482.5741 0.025774
483.0081 0.026166
483.4399 0.025959
483.8696 0.025683
484.3036 0.025626
484.7478 0.025910
485.1900 0.026279
485.6427 0.026464
486.0929 0.026795
486.5565 0.027202
487.0203 0.027481
487.4856 0.027635
487.9528 0.027555
488.4297 0.027745
488.9114 0.027851
489.4012 0.027915
489.9002 0.028288
490.4059 0.028952
490.9165 0.028758
491.4235 0.028931
491.9548 0.028873
492.5048 0.028972
493.0469 0.028760
493.5936 0.028740
494.1563 0.028868
494.7270 0.029171
495.3133 0.029229
495.9167 0.028931
496.5098 0.028722
497.1257 0.028910
497.7553 0.028978
498.4075 0.028837
499.0631 0.029376
499.7347 0.029347
500.4185 0.029962
501.1385 0.030635
501.8785 0.031179
502.6391 0.031794
503.4267 0.031461
504.2540 0.032922
505.1047 0.033894
505.9804 0.034521
506.8971 0.034896
507.8444 0.035622
508.8400 0.036186
509.8755 0.036514
510.9722 0.037389
512.1493 0.037926
513.3953 0.038754
514.7310 0.039573
516.1630 0.040955
517.7170 0.041342
519.4088 0.043342
521.2912 0.045603
523.3747 0.049424
525.8527 0.053317
528.7652 0.055845
532.4482 0.065767
537.3956 0.079143
538.6643 0.078934
540.0736 0.083569
541.6173 0.086795
543.3634 0.092824
545.5136 0.100047
547.8956 0.109119
550.9690 0.127085
555.1847 0.151178
561.9132 0.209747
568.2853 0.266571
576.0926 0.398064
581.6699 0.552996
 tr1-12-8 3 1
391.1311 0.390837
395.5737 0.289844
401.8747 0.198772
406.9194 0.148742
412.2224 0.120931
415.5935 0.104368
418.0139 0.094385
420.0682 0.084158
421.7496 0.077406
423.1771 0.073945
424.4333 0.069286
425.5790 0.066817
426.6055 0.064669
430.7480 0.055348
433.8572 0.049477
436.4214 0.045312
438.5386 0.043834
440.4042 0.041470
442.0583 0.040393
443.5587 0.039721
444.9454 0.038168
446.2016 0.037053
447.4065 0.036834
448.5126 0.035897
449.5662 0.035715
450.5602 0.035121
451.4967 0.034076
452.3880 0.033579
453.2537 0.032478
454.0808 0.031850
454.8903 0.031199
455.6621 0.030718
456.4226 0.029987
457.1502 0.029335
457.8456 0.028800
458.5279 0.028403
459.2011 0.028305
459.8534 0.027675
460.4970 0.027481
461.1206 0.027974
461.7222 0.028129
462.3095 0.028050
462.8935 0.027873
463.4672 0.027443
464.0277 0.027418
464.5784 0.027387
465.1215 0.027306
465.6523 0.027259
466.1860 0.026953
466.6973 0.026702
467.1944 0.026168
467.6960 0.025766
468.1835 0.025392
468.6749 0.025145
469.1563 0.025138
469.6396 0.025240
470.1120 0.025373
470.5768 0.025798
471.0356 0.025286
471.4871 0.025492
471.9351 0.025650
472.3848 0.025771
472.8258 0.025899
473.2630 0.026283
473.6950 0.026462
474.1340 0.026196
474.5548 0.026290
474.9728 0.026007
475.3921 0.025757
475.8107 0.026018
476.2289 0.025937
476.6382 0.025773
477.0465 0.025670
477.4487 0.025990
477.8493 0.026001
478.2454 0.026006
478.6494 0.026100
479.0413 0.026211
479.4332 0.026059
479.8239 0.026037
480.2072 0.025721
480.5871 0.025684
480.9669 0.025551
481.3556 0.025628
481.7367 0.025575
482.1151 0.025607
482.4993 0.025743
482.8807 0.025706
483.2577 0.025606
483.6321 0.025481
484.0018 0.025354
484.3736 0.025310
484.7434 0.025285
485.1156 0.025115
485.4871 0.025318
485.8560 0.025137
486.2264 0.024875
486.5960 0.024811
486.9650 0.024613
487.3280 0.024409
487.6988 0.024256
488.0751 0.024244
488.4401 0.024279
488.8095 0.024348
489.1811 0.024478
489.5524 0.024496
489.9175 0.024235
490.2909 0.024156
490.6538 0.024117
491.0237 0.024434
491.3887 0.024588
491.7625 0.024258
492.1308 0.024374
492.5019 0.024529
492.8730 0.024156
493.2469 0.024328
493.6123 0.024090
493.9789 0.024014
494.3469 0.024237
494.7169 0.024522
495.0866 0.024285
495.4600 0.024277
495.8342 0.024299
496.2040 0.024106
496.5735 0.024121
496.9457 0.024076
497.3199 0.023949
497.6996 0.023758
498.0838 0.023710
498.4654 0.023909
498.8498 0.024090
499.2329 0.024065
499.6104 0.024668
499.9899 0.024779
500.3765 0.024980
500.7629 0.025249
501.1562 0.025197
501.5527 0.025370
501.9503 0.025604
502.3442 0.025679
502.7487 0.025460
503.1554 0.025852
503.5560 0.026174
503.9623 0.025993
504.3673 0.026209
504.7883 0.026127
505.2004 0.025743
505.6162 0.025715
506.0385 0.025887
506.4695 0.025664
506.9014 0.025179
507.3340 0.025164
507.7765 0.025067
508.2195 0.024813
508.6580 0.025005
509.1044 0.025307
509.5566 0.025179
510.0091 0.025072
510.4702 0.025043
510.9318 0.025260
511.4025 0.025438
511.8806 0.025863
512.3655 0.026070
512.8513 0.026315
513.3429 0.026521
513.8494 0.026373
514.3724 0.026207
514.8871 0.026549
515.4122 0.026772
515.9487 0.026960
516.4913 0.027174
517.0375 0.027492
517.5914 0.027894
518.1571 0.028295
518.7262 0.027982
519.3018 0.028443
519.8872 0.028643
520.4877 0.028755
521.1200 0.029490
521.7405 0.029424
522.3879 0.029474
523.0449 0.029796
523.7246 0.030450
524.4219 0.030573
525.1451 0.031663
525.8898 0.031900
526.6530 0.031978
527.4187 0.032243
528.2162 0.032687
529.0490 0.032866
529.9118 0.033043
530.8051 0.033716
531.7395 0.034845
532.7148 0.035738
533.7413 0.036258
534.8065 0.036873
535.9408 0.037769
537.1227 0.038808
538.3861 0.040569
539.7550 0.040680
541.2321 0.041429
542.7987 0.042599
544.5269 0.043321
546.4501 0.046799
548.6178 0.049934
551.1445 0.054430
554.1223 0.058806
557.8480 0.064588
562.8425 0.074441
564.1503 0.077746
565.5604 0.081910
567.1184 0.082957
568.9236 0.087260
570.9988 0.099535
573.5094 0.109317
576.7105 0.122312
580.9953 0.146530
587.8734 0.208513
594.3675 0.288760
602.7059 0.377362
608.7631 0.561880
tr1s-12-8 3 1
402.6000 0.412872
407.0111 0.294400
413.6239 0.185244
418.6908 0.152699
424.0058 0.127698
427.3635 0.110754
429.9481 0.098169
431.8610 0.087644
433.5574 0.081077
434.9419 0.076865
436.2323 0.073771
437.3870 0.070368
438.4477 0.068366
442.6241 0.055117
445.7076 0.051646
448.2516 0.048027
450.3691 0.045110
452.2242 0.042236
453.9033 0.040528
455.4109 0.038732
456.7990 0.037801
458.0783 0.036853
459.2760 0.035598
460.3857 0.035113
461.4340 0.034207
462.4286 0.032615
463.3797 0.032746
464.2922 0.032266
465.1690 0.031419
465.9941 0.031110
466.8020 0.030986
467.5807 0.030714
468.3484 0.030857
469.0714 0.030502
469.7687 0.029513
470.4532 0.029285
471.1262 0.029211
471.7743 0.028916
472.4082 0.028784
473.0340 0.028631
473.6489 0.028630
474.2503 0.028483
474.8258 0.027631
475.4050 0.027530
475.9670 0.027288
476.5194 0.027108
477.0633 0.026594
477.5944 0.026435
478.1274 0.026352
478.6408 0.025586
479.1532 0.025356
479.6543 0.025493
480.1546 0.025125
480.6406 0.025109
481.1176 0.025251
481.5968 0.025121
482.0620 0.025163
482.5300 0.025137
482.9885 0.025212
483.4486 0.025424
483.9023 0.025458
484.3516 0.025828
484.7922 0.025993
485.2289 0.026229
485.6630 0.026031
486.0955 0.026123
486.5108 0.026302
486.9353 0.025882
487.3544 0.025878
487.7747 0.025789
488.1874 0.025816
488.6065 0.025679
489.0174 0.025564
489.4218 0.025577
489.8252 0.025867
490.2218 0.026100
490.6280 0.026087
491.0270 0.026061
491.4173 0.026028
491.8046 0.026080
492.1855 0.026007
492.5769 0.025866
492.9647 0.025837
493.3473 0.026021
493.7232 0.026077
494.1041 0.026190
494.4900 0.026558
494.8701 0.026484
495.2431 0.026555
495.6226 0.026304
495.9977 0.026103
496.3714 0.026147
496.7467 0.025880
497.1203 0.025828
497.4905 0.025356
497.8617 0.025493
498.2320 0.025062
498.5993 0.024638
498.9644 0.024528
499.3339 0.024233
499.7002 0.024214
500.0683 0.024275
500.4378 0.024271
500.8097 0.024269
501.1744 0.024443
501.5433 0.024620
501.9101 0.024370
502.2817 0.024047
502.6527 0.024396
503.0195 0.024528
503.3825 0.024782
503.7516 0.024744
504.1203 0.024242
504.4847 0.024519
504.8514 0.024745
505.2199 0.024646
505.5967 0.024626
505.9730 0.024798
506.3417 0.024724
506.7067 0.024326
507.0771 0.024142
507.4470 0.023971
507.8259 0.024072
508.1988 0.024035
508.5681 0.023917
508.9444 0.023931
509.3188 0.024127
509.6990 0.024250
510.0808 0.024337
510.4595 0.024515
510.8440 0.024534
511.2218 0.024949
511.6127 0.025104
512.0005 0.024736
512.3902 0.024838
512.7841 0.024862
513.1817 0.025051
513.5769 0.025387
513.9709 0.025322
514.3716 0.025421
514.7748 0.025500
515.1805 0.025393
515.5830 0.025501
515.9885 0.025539
516.4126 0.025364
516.8283 0.025500
517.2482 0.025694
517.6711 0.025688
518.0990 0.025264
518.5240 0.025407
518.9547 0.025460
519.3777 0.025206
519.8127 0.025127
520.2540 0.025235
520.7054 0.025253
521.1487 0.025586
521.6071 0.025866
522.0579 0.025704
522.5143 0.026370
522.9847 0.026537
523.4613 0.026442
523.9429 0.026919
524.4352 0.026991
524.9267 0.027003
525.4275 0.027272
525.9367 0.027682
526.4424 0.027958
526.9572 0.027710
527.4845 0.027919
528.0088 0.028038
528.5401 0.028157
529.0847 0.027806
529.6388 0.028128
530.2089 0.028623
530.7851 0.028543
531.3632 0.028613
531.9544 0.028879
532.5587 0.029083
533.1867 0.029193
533.8141 0.029064
534.4665 0.029407
535.1226 0.029526
535.8044 0.029664
536.5081 0.029310
537.2163 0.029665
537.9503 0.030056
538.7117 0.030713
539.4914 0.031306
540.2964 0.031272
541.1289 0.032537
541.9968 0.033215
542.8975 0.034675
543.8228 0.035278
544.8038 0.035407
545.8363 0.035611
546.9282 0.036733
548.0538 0.037814
549.2430 0.037240
550.5128 0.038009
551.8914 0.038619
553.3295 0.041459
554.8916 0.041617
556.6359 0.043412
558.5938 0.046675
560.7718 0.050328
563.2823 0.055714
566.3198 0.060455
570.0575 0.065341
575.0574 0.073484
576.3404 0.076561
577.7557 0.081190
579.3750 0.087801
581.1559 0.093302
583.2647 0.103281
585.7864 0.108893
588.9161 0.128002
593.2000 0.153315
599.9796 0.209155
606.8592 0.274405
614.6878 0.390482
620.7459 0.558573
 tr2-12-8 3 1
413.3808 0.393803
418.1838 0.304897
424.4879 0.213711
429.5958 0.152696
434.9586 0.124511
438.4634 0.104337
440.9497 0.094850
442.9605 0.088440
444.6752 0.080094
446.1447 0.076596
447.4723 0.072547
448.6380 0.070281
449.7219 0.069509
453.9778 0.059286
457.1149 0.054201
459.6917 0.050329
461.8714 0.046623
463.7917 0.042294
465.5052 0.041019
467.0522 0.041067
468.4680 0.038718
469.7768 0.038617
470.9935 0.037661
472.1256 0.037368
473.1951 0.035155
474.1969 0.033969
475.1600 0.033271
476.0967 0.033356
476.9895 0.032138
477.8476 0.031530
478.6579 0.031272
479.4347 0.030689
480.2051 0.030134
480.9531 0.029793
481.6718 0.028983
482.3699 0.028365
483.0539 0.028517
483.7129 0.028761
484.3544 0.028648
484.9835 0.028619
485.6098 0.028681
486.2216 0.028187
486.8099 0.028012
487.3927 0.027847
487.9671 0.027786
488.5272 0.027850
489.0873 0.027462
489.6318 0.027458
490.1643 0.027061
490.6873 0.026979
491.2071 0.026481
491.7251 0.026290
492.2274 0.026358
492.7313 0.026040
493.2318 0.025777
493.7164 0.025608
494.1960 0.024943
494.6728 0.025017
495.1416 0.024902
495.5938 0.025179
496.0506 0.025556
496.5032 0.025778
496.9589 0.025584
497.4045 0.025330
497.8442 0.025219
498.2866 0.025195
498.7171 0.025068
499.1464 0.025049
499.5755 0.025207
500.0048 0.025175
500.4304 0.025334
500.8511 0.025379
501.2701 0.025184
501.6873 0.025446
502.0977 0.025541
502.5060 0.025771
502.9125 0.025491
503.3174 0.025189
503.7198 0.025416
504.1129 0.025497
504.5042 0.025720
504.9061 0.025676
505.3009 0.025152
505.6986 0.025590
506.0878 0.025358
506.4789 0.025675
506.8679 0.025667
507.2546 0.025527
507.6451 0.025358
508.0292 0.025388
508.4116 0.025533
508.7883 0.025636
509.1736 0.025586
509.5545 0.025483
509.9345 0.025252
510.3175 0.025263
510.6953 0.025150
511.0729 0.025181
511.4553 0.025075
511.8333 0.024987
512.2072 0.024823
512.5835 0.024591
512.9557 0.024716
513.3269 0.025057
513.7079 0.025098
514.0783 0.025006
514.4575 0.025010
514.8278 0.024804
515.1925 0.024726
515.5698 0.024534
515.9430 0.024479
516.3184 0.024667
516.6907 0.024717
517.0687 0.024729
517.4432 0.024558
517.8190 0.024389
518.1964 0.024413
518.5745 0.024546
518.9480 0.024452
519.3311 0.024763
519.7080 0.024861
520.0876 0.024764
520.4661 0.024736
520.8505 0.024881
521.2312 0.024750
521.6120 0.024609
521.9934 0.024290
522.3818 0.024409
522.7699 0.024480
523.1585 0.024799
523.5457 0.024599
523.9398 0.024935
524.3275 0.025069
524.7182 0.025031
525.1152 0.025079
525.5102 0.025087
525.9093 0.025160
526.3187 0.025171
526.7295 0.024878
527.1451 0.024725
527.5556 0.024944
527.9711 0.024969
528.3841 0.024871
528.8057 0.024972
529.2226 0.025085
529.6440 0.025119
530.0658 0.025045
530.4921 0.025171
530.9217 0.025077
531.3581 0.025108
531.7920 0.025221
532.2369 0.025603
532.6796 0.025708
533.1290 0.025967
533.5781 0.026324
534.0302 0.026343
534.4954 0.026902
534.9598 0.026860
535.4336 0.026455
535.9122 0.026426
536.3909 0.026540
536.8777 0.027030
537.3651 0.027070
537.8690 0.026921
538.3805 0.026870
538.8887 0.026861
539.3983 0.026815
539.9215 0.027301
540.4520 0.027862
540.9866 0.028089
541.5336 0.028276
542.0851 0.028708
542.6602 0.028801
543.2373 0.028875
543.8265 0.029182
544.4224 0.029377
545.0338 0.029604
545.6538 0.029782
546.2840 0.030482
546.9341 0.030453
547.6004 0.030833
548.2708 0.030706
548.9685 0.030493
549.6921 0.031004
550.4211 0.030872
551.1695 0.030339
551.9534 0.030594
552.7462 0.030744
553.5706 0.031146
554.4264 0.032794
555.2883 0.033284
556.1964 0.033531
557.1490 0.033737
558.1402 0.033872
559.1787 0.034633
560.2613 0.036411
561.4188 0.037472
562.6382 0.038132
563.9340 0.038844
565.3153 0.040768
566.7913 0.042143
568.4072 0.044348
570.1811 0.047229
572.1749 0.049809
574.4098 0.052658
576.9754 0.054111
580.0082 0.060075
583.7535 0.065368
588.8602 0.079662
590.1599 0.083420
591.5911 0.084931
593.1596 0.088182
594.9957 0.094289
597.0660 0.102743
599.7060 0.114476
602.7884 0.133351
607.0750 0.156570
614.2476 0.207212
620.9452 0.278450
629.0113 0.413854
635.1387 0.545435
tr2s-12-8 3 1
425.1089 0.398558
429.6359 0.306465
436.3784 0.204916
441.3702 0.149856
446.9318 0.118642
450.2997 0.109808
452.8348 0.097964
454.8349 0.089591
456.5662 0.083824
458.0576 0.077399
459.3251 0.074785
460.5318 0.071682
461.6181 0.068980
465.8758 0.060493
469.0790 0.053577
471.6730 0.048908
473.8768 0.046556
475.7714 0.044428
477.4871 0.041708
478.9938 0.040654
480.3976 0.038019
481.7055 0.036549
482.9244 0.035836
484.0628 0.035546
485.1409 0.035214
486.1658 0.033904
487.1326 0.033313
488.0607 0.032517
488.9498 0.032275
489.7930 0.031536
490.6178 0.030457
491.4008 0.030554
492.1640 0.029966
492.9138 0.030693
493.6399 0.030173
494.3445 0.029892
495.0296 0.029651
495.7027 0.028657
496.3527 0.028275
497.0007 0.027741
497.6229 0.027629
498.2251 0.027536
498.8218 0.027026
499.4008 0.027345
499.9709 0.027071
500.5224 0.027129
501.0765 0.027051
501.6220 0.026981
502.1536 0.027398
502.6818 0.027223
503.2010 0.026811
503.7173 0.026997
504.2294 0.027207
504.7280 0.026677
505.2191 0.026844
505.6942 0.026456
506.1766 0.026238
506.6508 0.025579
507.1183 0.025494
507.5862 0.025491
508.0489 0.025606
508.5075 0.025668
508.9624 0.025795
509.4031 0.025408
509.8505 0.025682
510.2948 0.025488
510.7260 0.025510
511.1539 0.025665
511.5853 0.025790
512.0135 0.025988
512.4369 0.025986
512.8535 0.025952
513.2684 0.025786
513.6820 0.025637
514.0924 0.025811
514.5046 0.025670
514.9088 0.025734
515.3100 0.025570
515.7114 0.025587
516.1115 0.025732
516.5063 0.025218
516.8996 0.025207
517.2922 0.025358
517.6893 0.025361
518.0807 0.025061
518.4672 0.024986
518.8579 0.025203
519.2486 0.025126
519.6348 0.025338
520.0295 0.025290
520.4116 0.025547
520.7950 0.025600
521.1746 0.025287
521.5597 0.025512
521.9362 0.025570
522.3183 0.025523
522.6942 0.025665
523.0752 0.025646
523.4518 0.025682
523.8282 0.025360
524.2053 0.025257
524.5774 0.025077
524.9485 0.024965
525.3227 0.024859
525.6990 0.024707
526.0765 0.024973
526.4504 0.025027
526.8212 0.025001
527.1966 0.024967
527.5713 0.024914
527.9388 0.024912
528.3169 0.024959
528.6857 0.025248
529.0604 0.025220
529.4352 0.024667
529.8185 0.024590
530.1917 0.024457
530.5640 0.024270
530.9467 0.024620
531.3294 0.024841
531.7005 0.024613
532.0763 0.024509
532.4561 0.024484
532.8367 0.024320
533.2179 0.024186
533.5995 0.023947
533.9842 0.024059
534.3710 0.024143
534.7652 0.023668
535.1505 0.023700
535.5378 0.023797
535.9330 0.023513
536.3330 0.023420
536.7264 0.023845
537.1236 0.023872
537.5277 0.024104
537.9306 0.024175
538.3346 0.024291
538.7399 0.024465
539.1583 0.024600
539.5664 0.024935
539.9756 0.025039
540.3888 0.024920
540.8044 0.024850
541.2219 0.024859
541.6418 0.024962
542.0642 0.024942
542.4941 0.024748
542.9222 0.024688
543.3559 0.025205
543.7965 0.025387
544.2399 0.025838
544.6887 0.026258
545.1349 0.025937
545.5867 0.026089
546.0480 0.026180
546.5083 0.026452
546.9793 0.026443
547.4542 0.026694
547.9259 0.026680
548.4235 0.026950
548.9125 0.026885
549.4028 0.027416
549.9051 0.027488
550.4088 0.027568
550.9207 0.027843
551.4357 0.027919
551.9572 0.028204
552.4964 0.028367
553.0323 0.028474
553.5766 0.028705
554.1252 0.028817
554.6947 0.028950
555.2661 0.029113
555.8442 0.029211
556.4517 0.029079
557.0654 0.029075
557.6844 0.029305
558.3306 0.029046
558.9774 0.029410
559.6415 0.029103
560.3143 0.029211
561.0036 0.030091
561.7179 0.030367
562.4398 0.030787
563.1809 0.031528
563.9515 0.032083
564.7498 0.033326
565.5740 0.033800
566.4195 0.034364
567.2943 0.034641
568.2044 0.034680
569.1605 0.035605
570.1664 0.035289
571.2114 0.036226
572.3084 0.036866
573.4626 0.037961
574.6821 0.039889
575.9764 0.040667
577.3529 0.042238
578.8256 0.043332
580.4570 0.045345
582.2279 0.046777
584.1838 0.049051
586.3711 0.051511
588.9375 0.054189
591.9769 0.059890
595.7981 0.069580
600.9222 0.077486
602.2324 0.080136
603.6202 0.083393
605.2323 0.086926
607.0814 0.091586
609.2437 0.100050
611.6849 0.108310
614.9107 0.128587
619.2496 0.154604
626.3329 0.206962
633.3435 0.269547
641.1807 0.403274
647.1339 0.517187
