Copyright (C) 1998 James G. MacKinnon, Alfred A. Haug, and Leo Michelis.
 lm0-08-8 3 1
 38.3821 0.055043
 39.2207 0.043958
 40.3583 0.030240
 41.3206 0.023686
 42.3590 0.019152
 43.0330 0.016314
 43.5243 0.014497
 43.9189 0.013445
 44.2590 0.012725
 44.5613 0.012277
 44.8251 0.011590
 45.0620 0.010987
 45.2756 0.010808
 46.1389 0.009167
 46.8002 0.008462
 47.3306 0.007944
 47.7882 0.007568
 48.1924 0.007164
 48.5548 0.006823
 48.8851 0.006453
 49.1884 0.006347
 49.4680 0.006166
 49.7330 0.006043
 49.9841 0.005913
 50.2187 0.005836
 50.4452 0.005873
 50.6617 0.005740
 50.8684 0.005716
 51.0676 0.005598
 51.2580 0.005461
 51.4403 0.005321
 51.6204 0.005307
 51.7948 0.005318
 51.9633 0.005221
 52.1296 0.005104
 52.2911 0.005105
 52.4462 0.005048
 52.6003 0.005039
 52.7511 0.005041
 52.8953 0.005036
 53.0391 0.004931
 53.1787 0.004938
 53.3154 0.004836
 53.4517 0.004833
 53.5879 0.004793
 53.7199 0.004707
 53.8484 0.004698
 53.9777 0.004741
 54.1030 0.004795
 54.2274 0.004766
 54.3487 0.004716
 54.4694 0.004759
 54.5905 0.004762
 54.7095 0.004834
 54.8271 0.004778
 54.9438 0.004874
 55.0578 0.004895
 55.1718 0.004903
 55.2843 0.004890
 55.3955 0.004850
 55.5063 0.004827
 55.6159 0.004863
 55.7232 0.004879
 55.8311 0.004902
 55.9386 0.004891
 56.0453 0.004902
 56.1510 0.004940
 56.2559 0.004950
 56.3610 0.004883
 56.4648 0.004832
 56.5678 0.004835
 56.6712 0.004781
 56.7739 0.004799
 56.8749 0.004769
 56.9773 0.004767
 57.0775 0.004739
 57.1785 0.004777
 57.2785 0.004770
 57.3780 0.004677
 57.4770 0.004713
 57.5747 0.004615
 57.6732 0.004650
 57.7729 0.004680
 57.8714 0.004690
 57.9697 0.004672
 58.0668 0.004639
 58.1647 0.004660
 58.2624 0.004671
 58.3598 0.004602
 58.4571 0.004622
 58.5533 0.004626
 58.6505 0.004599
 58.7486 0.004572
 58.8460 0.004592
 58.9411 0.004569
 59.0385 0.004527
 59.1346 0.004499
 59.2311 0.004492
 59.3288 0.004485
 59.4245 0.004515
 59.5210 0.004519
 59.6171 0.004541
 59.7153 0.004581
 59.8121 0.004604
 59.9091 0.004624
 60.0059 0.004617
 60.1018 0.004588
 60.2002 0.004539
 60.2979 0.004564
 60.3961 0.004609
 60.4927 0.004703
 60.5895 0.004747
 60.6876 0.004758
 60.7858 0.004808
 60.8831 0.004887
 60.9827 0.004931
 61.0818 0.004972
 61.1816 0.004926
 61.2818 0.004960
 61.3813 0.004970
 61.4831 0.004978
 61.5832 0.004960
 61.6841 0.004968
 61.7852 0.004955
 61.8867 0.005038
 61.9881 0.005114
 62.0917 0.005064
 62.1947 0.005082
 62.2987 0.005059
 62.4037 0.005140
 62.5094 0.005193
 62.6158 0.005225
 62.7208 0.005243
 62.8263 0.005326
 62.9328 0.005341
 63.0418 0.005327
 63.1521 0.005318
 63.2623 0.005279
 63.3716 0.005278
 63.4818 0.005302
 63.5941 0.005392
 63.7074 0.005513
 63.8212 0.005467
 63.9351 0.005445
 64.0515 0.005417
 64.1689 0.005493
 64.2866 0.005523
 64.4048 0.005554
 64.5230 0.005525
 64.6422 0.005552
 64.7643 0.005542
 64.8847 0.005537
 65.0091 0.005619
 65.1347 0.005685
 65.2596 0.005796
 65.3887 0.005897
 65.5183 0.005958
 65.6479 0.006049
 65.7803 0.006046
 65.9161 0.006011
 66.0544 0.006118
 66.1922 0.006103
 66.3335 0.006062
 66.4757 0.006179
 66.6203 0.006187
 66.7664 0.006221
 66.9156 0.006236
 67.0661 0.006342
 67.2198 0.006364
 67.3747 0.006451
 67.5316 0.006499
 67.6912 0.006601
 67.8565 0.006627
 68.0221 0.006716
 68.1929 0.006757
 68.3665 0.006842
 68.5440 0.006919
 68.7264 0.006948
 68.9142 0.007141
 69.1043 0.007257
 69.3029 0.007368
 69.5044 0.007399
 69.7103 0.007476
 69.9217 0.007592
 70.1388 0.007633
 70.3663 0.007806
 70.5978 0.007856
 70.8384 0.007887
 71.0850 0.008153
 71.3422 0.008475
 71.6054 0.008600
 71.8869 0.008689
 72.1773 0.008892
 72.4811 0.009166
 72.8011 0.009335
 73.1383 0.009775
 73.4882 0.009920
 73.8679 0.010026
 74.2747 0.010275
 74.7131 0.010742
 75.1843 0.011108
 75.6991 0.011546
 76.2674 0.012205
 76.8996 0.012937
 77.6156 0.013814
 78.4523 0.015074
 79.4618 0.016640
 80.7256 0.019083
 82.4411 0.022048
 82.8853 0.023142
 83.3751 0.024579
 83.9262 0.026638
 84.5424 0.028244
 85.2794 0.030582
 86.1904 0.034175
 87.2986 0.037594
 88.8956 0.043710
 91.4729 0.058769
 93.9517 0.081311
 97.1757 0.124617
 99.6756 0.175874
 lm1-08-8 3 1
 40.6810 0.060943
 41.5311 0.043665
 42.6848 0.032207
 43.7101 0.024653
 44.8004 0.017986
 45.4886 0.015922
 45.9999 0.014401
 46.4109 0.013559
 46.7494 0.012777
 47.0443 0.012161
 47.3087 0.011385
 47.5435 0.011010
 47.7606 0.010521
 48.6520 0.008905
 49.3279 0.008129
 49.8767 0.007766
 50.3493 0.007263
 50.7679 0.007063
 51.1367 0.006833
 51.4680 0.006605
 51.7787 0.006572
 52.0699 0.006559
 52.3404 0.006418
 52.6000 0.006274
 52.8404 0.006149
 53.0671 0.006014
 53.2889 0.005926
 53.4973 0.005920
 53.7007 0.005917
 53.8973 0.005847
 54.0850 0.005890
 54.2681 0.005836
 54.4444 0.005794
 54.6165 0.005719
 54.7845 0.005612
 54.9478 0.005468
 55.1089 0.005423
 55.2643 0.005337
 55.4178 0.005313
 55.5668 0.005208
 55.7133 0.005159
 55.8593 0.005124
 56.0000 0.005045
 56.1379 0.005038
 56.2750 0.005019
 56.4089 0.004989
 56.5410 0.005054
 56.6694 0.004989
 56.7983 0.005028
 56.9256 0.004970
 57.0509 0.004984
 57.1745 0.004961
 57.2973 0.004906
 57.4180 0.004845
 57.5377 0.004824
 57.6559 0.004839
 57.7733 0.004833
 57.8893 0.004859
 58.0044 0.004822
 58.1172 0.004818
 58.2308 0.004872
 58.3433 0.004842
 58.4550 0.004814
 58.5647 0.004843
 58.6739 0.004793
 58.7832 0.004713
 58.8902 0.004686
 58.9975 0.004699
 59.1050 0.004709
 59.2119 0.004689
 59.3173 0.004620
 59.4221 0.004512
 59.5278 0.004581
 59.6314 0.004569
 59.7366 0.004523
 59.8390 0.004522
 59.9408 0.004483
 60.0427 0.004445
 60.1462 0.004443
 60.2473 0.004488
 60.3480 0.004498
 60.4507 0.004548
 60.5505 0.004579
 60.6508 0.004622
 60.7519 0.004604
 60.8520 0.004544
 60.9512 0.004519
 61.0508 0.004491
 61.1503 0.004502
 61.2479 0.004461
 61.3463 0.004409
 61.4457 0.004403
 61.5450 0.004394
 61.6429 0.004367
 61.7411 0.004419
 61.8385 0.004379
 61.9365 0.004424
 62.0345 0.004427
 62.1328 0.004421
 62.2312 0.004502
 62.3291 0.004507
 62.4273 0.004572
 62.5256 0.004563
 62.6222 0.004580
 62.7217 0.004622
 62.8195 0.004696
 62.9185 0.004761
 63.0178 0.004718
 63.1169 0.004684
 63.2177 0.004682
 63.3161 0.004707
 63.4162 0.004773
 63.5166 0.004815
 63.6173 0.004897
 63.7174 0.004950
 63.8181 0.004953
 63.9186 0.004946
 64.0198 0.004939
 64.1205 0.004903
 64.2210 0.004947
 64.3229 0.005024
 64.4251 0.004998
 64.5286 0.005012
 64.6313 0.005004
 64.7352 0.004997
 64.8401 0.005049
 64.9456 0.005097
 65.0502 0.005115
 65.1577 0.005122
 65.2642 0.005189
 65.3708 0.005236
 65.4775 0.005257
 65.5864 0.005244
 65.6942 0.005344
 65.8036 0.005353
 65.9127 0.005393
 66.0244 0.005402
 66.1362 0.005437
 66.2503 0.005450
 66.3638 0.005483
 66.4772 0.005448
 66.5909 0.005549
 66.7061 0.005567
 66.8216 0.005577
 66.9385 0.005668
 67.0566 0.005680
 67.1764 0.005702
 67.2983 0.005745
 67.4193 0.005829
 67.5428 0.005866
 67.6677 0.005889
 67.7928 0.005937
 67.9184 0.005949
 68.0459 0.005924
 68.1749 0.005932
 68.3061 0.005926
 68.4373 0.005930
 68.5711 0.006025
 68.7062 0.006100
 68.8435 0.006142
 68.9814 0.006185
 69.1210 0.006248
 69.2628 0.006308
 69.4070 0.006293
 69.5547 0.006330
 69.7038 0.006356
 69.8534 0.006447
 70.0052 0.006415
 70.1616 0.006485
 70.3218 0.006561
 70.4823 0.006617
 70.6467 0.006735
 70.8138 0.006802
 70.9844 0.006863
 71.1609 0.006915
 71.3376 0.006993
 71.5188 0.007158
 71.7037 0.007401
 71.8922 0.007486
 72.0841 0.007642
 72.2817 0.007598
 72.4860 0.007701
 72.6953 0.007858
 72.9120 0.007989
 73.1330 0.007979
 73.3631 0.008110
 73.6004 0.008102
 73.8480 0.008299
 74.0993 0.008353
 74.3633 0.008515
 74.6360 0.008480
 74.9201 0.008614
 75.2135 0.008918
 75.5239 0.009345
 75.8522 0.009693
 76.1981 0.009991
 76.5589 0.010238
 76.9459 0.010536
 77.3605 0.010628
 77.8007 0.010958
 78.2784 0.011573
 78.7969 0.012201
 79.3780 0.012678
 80.0154 0.013111
 80.7440 0.013851
 81.5980 0.015012
 82.6134 0.017098
 83.9004 0.019423
 85.6614 0.022923
 86.1057 0.024170
 86.5961 0.024804
 87.1655 0.026070
 87.8145 0.028280
 88.5598 0.030795
 89.4631 0.033615
 90.6036 0.038035
 92.2094 0.048242
 94.7962 0.063034
 97.4348 0.086156
100.8032 0.123637
103.3319 0.169998
lm1s-08-8 3 1
 41.4308 0.055809
 42.3110 0.043393
 43.4690 0.032441
 44.4881 0.024429
 45.5746 0.018838
 46.2462 0.016533
 46.7515 0.014609
 47.1640 0.013199
 47.5098 0.012324
 47.8138 0.011813
 48.0843 0.011642
 48.3217 0.011048
 48.5393 0.010648
 49.4242 0.008870
 50.0976 0.008397
 50.6568 0.007972
 51.1238 0.007590
 51.5289 0.006922
 51.8986 0.006765
 52.2393 0.006743
 52.5526 0.006652
 52.8405 0.006457
 53.1072 0.006282
 53.3633 0.006210
 53.6054 0.006189
 53.8382 0.006004
 54.0576 0.005945
 54.2689 0.005931
 54.4711 0.005912
 54.6663 0.005840
 54.8543 0.005776
 55.0365 0.005682
 55.2173 0.005606
 55.3899 0.005549
 55.5576 0.005530
 55.7231 0.005566
 55.8832 0.005377
 56.0382 0.005241
 56.1911 0.005244
 56.3413 0.005138
 56.4891 0.005191
 56.6313 0.005153
 56.7726 0.005129
 56.9093 0.005092
 57.0471 0.005071
 57.1821 0.004971
 57.3145 0.004931
 57.4444 0.004922
 57.5729 0.004872
 57.7015 0.004882
 57.8263 0.004948
 57.9502 0.005033
 58.0736 0.004966
 58.1937 0.004924
 58.3130 0.004938
 58.4298 0.004987
 58.5475 0.005014
 58.6640 0.005010
 58.7798 0.004994
 58.8935 0.004966
 59.0059 0.004962
 59.1170 0.004942
 59.2289 0.004858
 59.3399 0.004796
 59.4488 0.004747
 59.5574 0.004740
 59.6651 0.004670
 59.7719 0.004663
 59.8775 0.004704
 59.9843 0.004682
 60.0896 0.004637
 60.1955 0.004631
 60.2984 0.004593
 60.4021 0.004562
 60.5052 0.004621
 60.6078 0.004580
 60.7113 0.004548
 60.8154 0.004543
 60.9179 0.004533
 61.0193 0.004536
 61.1199 0.004509
 61.2212 0.004490
 61.3215 0.004459
 61.4215 0.004543
 61.5216 0.004486
 61.6207 0.004446
 61.7202 0.004471
 61.8193 0.004448
 61.9173 0.004483
 62.0155 0.004469
 62.1148 0.004519
 62.2133 0.004518
 62.3122 0.004469
 62.4090 0.004445
 62.5076 0.004439
 62.6053 0.004456
 62.7038 0.004440
 62.8006 0.004481
 62.8987 0.004531
 62.9961 0.004557
 63.0949 0.004574
 63.1943 0.004541
 63.2932 0.004547
 63.3927 0.004494
 63.4922 0.004545
 63.5905 0.004583
 63.6892 0.004629
 63.7880 0.004675
 63.8877 0.004716
 63.9871 0.004741
 64.0873 0.004767
 64.1858 0.004768
 64.2843 0.004773
 64.3831 0.004777
 64.4836 0.004851
 64.5847 0.004918
 64.6870 0.004940
 64.7882 0.004962
 64.8886 0.004992
 64.9903 0.005034
 65.0940 0.005004
 65.1975 0.005045
 65.3002 0.005046
 65.4037 0.005106
 65.5079 0.005095
 65.6116 0.005058
 65.7164 0.005068
 65.8207 0.005085
 65.9256 0.005101
 66.0329 0.005133
 66.1403 0.005034
 66.2483 0.005081
 66.3569 0.005123
 66.4657 0.005109
 66.5749 0.005198
 66.6861 0.005251
 66.7961 0.005258
 66.9052 0.005297
 67.0173 0.005347
 67.1306 0.005374
 67.2456 0.005414
 67.3597 0.005476
 67.4749 0.005465
 67.5931 0.005500
 67.7104 0.005525
 67.8275 0.005650
 67.9470 0.005671
 68.0660 0.005688
 68.1872 0.005684
 68.3097 0.005762
 68.4338 0.005709
 68.5600 0.005832
 68.6871 0.005810
 68.8160 0.005895
 68.9467 0.005939
 69.0762 0.006003
 69.2080 0.006057
 69.3414 0.006094
 69.4744 0.006081
 69.6094 0.006123
 69.7486 0.006219
 69.8893 0.006176
 70.0309 0.006239
 70.1747 0.006314
 70.3245 0.006344
 70.4740 0.006466
 70.6255 0.006533
 70.7782 0.006581
 70.9347 0.006627
 71.0925 0.006612
 71.2550 0.006736
 71.4198 0.006845
 71.5874 0.006927
 71.7568 0.007020
 71.9310 0.007137
 72.1069 0.007112
 72.2859 0.007163
 72.4737 0.007142
 72.6628 0.007319
 72.8579 0.007484
 73.0563 0.007585
 73.2599 0.007718
 73.4697 0.007726
 73.6832 0.007887
 73.9054 0.008007
 74.1356 0.008119
 74.3698 0.008217
 74.6158 0.008333
 74.8677 0.008477
 75.1299 0.008491
 75.4045 0.008622
 75.6860 0.008770
 75.9812 0.009034
 76.2929 0.009232
 76.6178 0.009419
 76.9619 0.009552
 77.3291 0.009770
 77.7116 0.010138
 78.1213 0.010511
 78.5646 0.011095
 79.0398 0.011596
 79.5627 0.012284
 80.1384 0.012815
 80.7832 0.013399
 81.5071 0.014184
 82.3549 0.015080
 83.3683 0.016878
 84.6550 0.018915
 86.4195 0.022975
 86.8620 0.023830
 87.3710 0.025171
 87.9239 0.026298
 88.5655 0.028594
 89.3226 0.030354
 90.2173 0.032646
 91.3788 0.039052
 92.9635 0.048292
 95.5341 0.064675
 98.1095 0.084293
101.5907 0.124930
103.9464 0.173844
 lm2-08-8 3 1
 43.0200 0.058244
 43.8875 0.045487
 45.1354 0.030453
 46.1463 0.023988
 47.2524 0.018611
 47.9474 0.016176
 48.4720 0.014360
 48.8940 0.013272
 49.2391 0.012530
 49.5465 0.011959
 49.8202 0.011568
 50.0653 0.011099
 50.2880 0.010610
 51.1919 0.009472
 51.8807 0.008871
 52.4440 0.008377
 52.9295 0.008208
 53.3489 0.007683
 53.7270 0.007204
 54.0725 0.007054
 54.3865 0.006935
 54.6788 0.006918
 54.9590 0.006782
 55.2189 0.006543
 55.4644 0.006348
 55.6977 0.006205
 55.9241 0.006202
 56.1419 0.006064
 56.3478 0.006061
 56.5493 0.005908
 56.7405 0.005814
 56.9284 0.005763
 57.1074 0.005723
 57.2835 0.005751
 57.4547 0.005673
 57.6209 0.005648
 57.7821 0.005587
 57.9396 0.005502
 58.0952 0.005368
 58.2485 0.005250
 58.3994 0.005277
 58.5459 0.005174
 58.6901 0.005115
 58.8335 0.005064
 58.9721 0.005084
 59.1084 0.005109
 59.2442 0.005013
 59.3762 0.005079
 59.5080 0.005058
 59.6369 0.005032
 59.7635 0.005013
 59.8893 0.005026
 60.0143 0.004993
 60.1379 0.004988
 60.2616 0.004974
 60.3824 0.004968
 60.5002 0.004900
 60.6183 0.004857
 60.7346 0.004870
 60.8504 0.004864
 60.9650 0.004852
 61.0801 0.004913
 61.1937 0.004884
 61.3080 0.004875
 61.4184 0.004868
 61.5295 0.004773
 61.6399 0.004740
 61.7494 0.004735
 61.8574 0.004677
 61.9667 0.004664
 62.0730 0.004612
 62.1808 0.004589
 62.2867 0.004624
 62.3938 0.004630
 62.4988 0.004657
 62.6026 0.004667
 62.7052 0.004702
 62.8102 0.004683
 62.9143 0.004695
 63.0172 0.004683
 63.1200 0.004727
 63.2225 0.004704
 63.3237 0.004676
 63.4257 0.004746
 63.5290 0.004750
 63.6324 0.004760
 63.7330 0.004740
 63.8344 0.004759
 63.9351 0.004778
 64.0364 0.004768
 64.1380 0.004756
 64.2385 0.004822
 64.3385 0.004783
 64.4375 0.004796
 64.5386 0.004818
 64.6391 0.004786
 64.7394 0.004786
 64.8403 0.004830
 64.9402 0.004791
 65.0399 0.004784
 65.1402 0.004793
 65.2409 0.004833
 65.3425 0.004792
 65.4435 0.004862
 65.5451 0.004861
 65.6465 0.004848
 65.7475 0.004857
 65.8487 0.004861
 65.9504 0.004889
 66.0518 0.004877
 66.1540 0.004937
 66.2557 0.004926
 66.3589 0.004967
 66.4619 0.005036
 66.5634 0.005086
 66.6652 0.005096
 66.7678 0.005204
 66.8705 0.005187
 66.9731 0.005177
 67.0765 0.005187
 67.1796 0.005235
 67.2856 0.005209
 67.3916 0.005153
 67.4975 0.005213
 67.6029 0.005220
 67.7112 0.005281
 67.8185 0.005328
 67.9238 0.005400
 68.0317 0.005433
 68.1401 0.005492
 68.2483 0.005537
 68.3581 0.005496
 68.4686 0.005472
 68.5785 0.005490
 68.6886 0.005453
 68.8006 0.005435
 68.9144 0.005434
 69.0290 0.005453
 69.1433 0.005415
 69.2579 0.005479
 69.3734 0.005475
 69.4902 0.005613
 69.6075 0.005642
 69.7273 0.005732
 69.8466 0.005803
 69.9673 0.005777
 70.0874 0.005769
 70.2108 0.005810
 70.3334 0.005816
 70.4581 0.005821
 70.5823 0.005768
 70.7086 0.005772
 70.8372 0.005744
 70.9674 0.005784
 71.0997 0.005717
 71.2322 0.005720
 71.3653 0.005882
 71.5014 0.005887
 71.6406 0.005969
 71.7807 0.006014
 71.9216 0.006173
 72.0644 0.006239
 72.2075 0.006283
 72.3535 0.006386
 72.5036 0.006467
 72.6551 0.006478
 72.8077 0.006533
 72.9611 0.006603
 73.1196 0.006641
 73.2806 0.006743
 73.4419 0.006828
 73.6095 0.006968
 73.7763 0.007088
 73.9476 0.007164
 74.1246 0.007196
 74.3035 0.007282
 74.4868 0.007463
 74.6750 0.007434
 74.8678 0.007367
 75.0635 0.007429
 75.2675 0.007519
 75.4735 0.007582
 75.6866 0.007755
 75.9052 0.007918
 76.1303 0.008064
 76.3612 0.008223
 76.5988 0.008382
 76.8454 0.008397
 77.1074 0.008568
 77.3728 0.008819
 77.6524 0.009089
 77.9425 0.009174
 78.2442 0.009410
 78.5609 0.009439
 78.8926 0.009713
 79.2430 0.009879
 79.6082 0.010213
 79.9979 0.010686
 80.4186 0.010665
 80.8677 0.010793
 81.3561 0.010924
 81.8837 0.011651
 82.4672 0.011951
 83.1208 0.013063
 83.8587 0.013859
 84.7261 0.015243
 85.7615 0.016655
 87.0773 0.019039
 88.8779 0.022671
 89.3344 0.023913
 89.8318 0.024865
 90.3992 0.025798
 91.0588 0.027697
 91.7882 0.031426
 92.7076 0.033753
 93.8773 0.038066
 95.5062 0.045185
 98.1868 0.061036
100.8219 0.084703
104.0422 0.126217
106.3915 0.172710
lm2s-08-8 3 1
 43.7921 0.059251
 44.6435 0.045161
 45.9041 0.031965
 46.9516 0.024473
 48.0163 0.019194
 48.7263 0.016491
 49.2561 0.014819
 49.6735 0.013319
 50.0215 0.012897
 50.3257 0.011718
 50.5974 0.011192
 50.8448 0.011056
 51.0718 0.010702
 51.9731 0.009741
 52.6684 0.009071
 53.2304 0.008617
 53.7071 0.007982
 54.1260 0.007643
 54.5042 0.007381
 54.8480 0.007231
 55.1693 0.007046
 55.4615 0.006818
 55.7366 0.006628
 55.9974 0.006366
 56.2456 0.006291
 56.4790 0.006177
 56.7037 0.006114
 56.9187 0.006007
 57.1256 0.005980
 57.3257 0.005974
 57.5212 0.005959
 57.7079 0.005833
 57.8900 0.005844
 58.0629 0.005849
 58.2315 0.005673
 58.3999 0.005580
 58.5642 0.005438
 58.7213 0.005345
 58.8775 0.005265
 59.0296 0.005216
 59.1784 0.005238
 59.3275 0.005161
 59.4728 0.005195
 59.6119 0.005216
 59.7503 0.005168
 59.8875 0.005121
 60.0225 0.005129
 60.1553 0.005029
 60.2883 0.005063
 60.4174 0.004991
 60.5457 0.004907
 60.6702 0.004931
 60.7942 0.004824
 60.9168 0.004842
 61.0386 0.004860
 61.1599 0.004880
 61.2796 0.004882
 61.3976 0.004947
 61.5132 0.004955
 61.6293 0.004893
 61.7450 0.004846
 61.8592 0.004814
 61.9732 0.004798
 62.0851 0.004844
 62.1962 0.004785
 62.3070 0.004845
 62.4171 0.004824
 62.5255 0.004828
 62.6344 0.004777
 62.7420 0.004713
 62.8482 0.004688
 62.9552 0.004687
 63.0611 0.004622
 63.1683 0.004622
 63.2747 0.004597
 63.3796 0.004576
 63.4846 0.004608
 63.5880 0.004553
 63.6921 0.004565
 63.7945 0.004569
 63.8977 0.004555
 64.0006 0.004597
 64.1025 0.004612
 64.2047 0.004634
 64.3064 0.004692
 64.4074 0.004733
 64.5084 0.004794
 64.6097 0.004795
 64.7100 0.004795
 64.8101 0.004815
 64.9103 0.004783
 65.0106 0.004759
 65.1127 0.004743
 65.2133 0.004764
 65.3139 0.004779
 65.4145 0.004734
 65.5161 0.004762
 65.6170 0.004738
 65.7163 0.004713
 65.8171 0.004725
 65.9173 0.004760
 66.0171 0.004743
 66.1187 0.004748
 66.2198 0.004721
 66.3210 0.004743
 66.4219 0.004809
 66.5226 0.004851
 66.6242 0.004858
 66.7245 0.004895
 66.8255 0.004884
 66.9265 0.004897
 67.0289 0.004918
 67.1305 0.004927
 67.2330 0.004981
 67.3350 0.004997
 67.4374 0.005017
 67.5385 0.005088
 67.6438 0.005087
 67.7476 0.005145
 67.8505 0.005189
 67.9540 0.005216
 68.0593 0.005273
 68.1640 0.005322
 68.2702 0.005371
 68.3763 0.005341
 68.4828 0.005348
 68.5871 0.005420
 68.6949 0.005414
 68.8028 0.005397
 68.9111 0.005366
 69.0191 0.005386
 69.1305 0.005403
 69.2397 0.005431
 69.3509 0.005405
 69.4624 0.005471
 69.5742 0.005521
 69.6879 0.005565
 69.8007 0.005590
 69.9150 0.005598
 70.0294 0.005633
 70.1473 0.005657
 70.2637 0.005673
 70.3813 0.005673
 70.4993 0.005686
 70.6182 0.005743
 70.7386 0.005728
 70.8597 0.005762
 70.9828 0.005810
 71.1069 0.005794
 71.2319 0.005780
 71.3571 0.005794
 71.4849 0.005805
 71.6129 0.005841
 71.7425 0.005883
 71.8752 0.005903
 72.0076 0.006013
 72.1411 0.006114
 72.2761 0.006151
 72.4119 0.006097
 72.5501 0.006197
 72.6922 0.006264
 72.8361 0.006263
 72.9791 0.006265
 73.1256 0.006288
 73.2737 0.006349
 73.4242 0.006452
 73.5769 0.006550
 73.7324 0.006691
 73.8885 0.006759
 74.0504 0.006725
 74.2120 0.006882
 74.3790 0.006949
 74.5479 0.007103
 74.7175 0.007245
 74.8941 0.007132
 75.0742 0.007082
 75.2573 0.007154
 75.4455 0.007298
 75.6374 0.007411
 75.8358 0.007479
 76.0386 0.007545
 76.2423 0.007695
 76.4523 0.007799
 76.6688 0.007944
 76.8946 0.008063
 77.1305 0.008091
 77.3709 0.008327
 77.6210 0.008574
 77.8780 0.008773
 78.1450 0.008924
 78.4221 0.009076
 78.7102 0.009212
 79.0148 0.009437
 79.3301 0.009599
 79.6599 0.009751
 80.0053 0.009885
 80.3737 0.010313
 80.7661 0.010525
 81.1844 0.010719
 81.6283 0.010857
 82.1141 0.011232
 82.6536 0.011663
 83.2337 0.012731
 83.8835 0.013199
 84.6257 0.014215
 85.4957 0.015444
 86.5320 0.016822
 87.8441 0.019391
 89.6438 0.022655
 90.1021 0.023472
 90.6031 0.024534
 91.1640 0.026402
 91.8069 0.027834
 92.5720 0.030361
 93.4683 0.033636
 94.6113 0.038633
 96.2457 0.045286
 98.9382 0.060248
101.5974 0.083051
104.7879 0.124199
107.1295 0.176058
 tr0-08-8 3 1
176.7544 0.196176
179.9871 0.156406
184.1800 0.111660
187.6605 0.087089
191.3209 0.064487
193.6560 0.052909
195.4254 0.047384
196.7530 0.045227
197.9309 0.043081
198.9153 0.040393
199.8025 0.037869
200.5783 0.036322
201.3119 0.035050
204.1991 0.031346
206.4045 0.027742
208.1708 0.026319
209.6668 0.023607
210.9563 0.022737
212.1080 0.022155
213.1683 0.021434
214.1266 0.020858
215.0189 0.020456
215.8581 0.020453
216.6461 0.019253
217.3859 0.019007
218.0878 0.018478
218.7576 0.018212
219.4049 0.017974
220.0230 0.017593
220.6177 0.017186
221.1879 0.017062
221.7337 0.017181
222.2617 0.017042
222.7786 0.017016
223.2739 0.016727
223.7555 0.016568
224.2337 0.016527
224.6983 0.016562
225.1522 0.016253
225.5980 0.015881
226.0368 0.015705
226.4582 0.015573
226.8720 0.015476
227.2818 0.015223
227.6776 0.014987
228.0678 0.014933
228.4527 0.014871
228.8319 0.014613
229.2028 0.014587
229.5711 0.014416
229.9327 0.014474
230.2879 0.014453
230.6401 0.014507
230.9926 0.014214
231.3386 0.013989
231.6810 0.013976
232.0206 0.013892
232.3481 0.013889
232.6768 0.013807
233.0015 0.013916
233.3221 0.013776
233.6473 0.013753
233.9628 0.013584
234.2780 0.013630
234.5901 0.013474
234.8983 0.013590
235.2070 0.013638
235.5131 0.013599
235.8120 0.013711
236.1110 0.013582
236.4091 0.013432
236.7075 0.013534
236.9989 0.013553
237.2889 0.013644
237.5800 0.013633
237.8693 0.013587
238.1576 0.013682
238.4394 0.013718
238.7201 0.013595
239.0008 0.013688
239.2799 0.013792
239.5595 0.013838
239.8340 0.013813
240.1122 0.013865
240.3882 0.013850
240.6618 0.013841
240.9355 0.013781
241.2086 0.013786
241.4833 0.013765
241.7518 0.013839
242.0261 0.013839
242.2985 0.013817
242.5696 0.013747
242.8395 0.013959
243.1057 0.013861
243.3754 0.013879
243.6432 0.013998
243.9126 0.014063
244.1773 0.014078
244.4422 0.014193
244.7058 0.014123
244.9702 0.014055
245.2345 0.013935
245.4989 0.013919
245.7656 0.013793
246.0330 0.013809
246.2990 0.013764
246.5643 0.013658
246.8306 0.013692
247.0939 0.013730
247.3583 0.013661
247.6275 0.013648
247.8960 0.013522
248.1629 0.013519
248.4276 0.013480
248.6949 0.013535
248.9654 0.013728
249.2336 0.013723
249.5018 0.013873
249.7694 0.013903
250.0423 0.013792
250.3117 0.013675
250.5824 0.013628
250.8520 0.013616
251.1245 0.013569
251.3947 0.013713
251.6677 0.013660
251.9415 0.013720
252.2160 0.013688
252.4949 0.013740
252.7754 0.013820
253.0574 0.013984
253.3403 0.014196
253.6238 0.014235
253.9071 0.014345
254.1938 0.014444
254.4797 0.014530
254.7673 0.014501
255.0546 0.014532
255.3446 0.014554
255.6354 0.014562
255.9292 0.014690
256.2242 0.014686
256.5219 0.014734
256.8194 0.014906
257.1239 0.014924
257.4291 0.015032
257.7338 0.015170
258.0443 0.015067
258.3560 0.015153
258.6669 0.015092
258.9853 0.015301
259.3060 0.015330
259.6263 0.015428
259.9515 0.015673
260.2776 0.015521
260.6087 0.015653
260.9464 0.015715
261.2834 0.015786
261.6244 0.015901
261.9665 0.015881
262.3204 0.015818
262.6735 0.015954
263.0313 0.016040
263.3951 0.016194
263.7613 0.016400
264.1323 0.016431
264.5092 0.016341
264.8912 0.016565
265.2796 0.016818
265.6766 0.017014
266.0785 0.016998
266.4844 0.016931
266.9072 0.016896
267.3307 0.017120
267.7593 0.017669
268.2000 0.017519
268.6496 0.017636
269.1081 0.017791
269.5813 0.018023
270.0540 0.017975
270.5463 0.018050
271.0500 0.018305
271.5739 0.018627
272.1017 0.018652
272.6462 0.018620
273.2050 0.019014
273.7805 0.019278
274.3805 0.019601
274.9942 0.019711
275.6340 0.020101
276.3006 0.020536
276.9882 0.020590
277.7036 0.020635
278.4466 0.020717
279.2482 0.021505
280.0757 0.022082
280.9631 0.022679
281.9161 0.023738
282.9242 0.024392
284.0153 0.025554
285.2073 0.026400
286.5218 0.028758
287.9713 0.030217
289.6099 0.032550
291.4996 0.034203
293.7421 0.037205
296.5439 0.041424
300.3253 0.048860
301.2577 0.049782
302.3136 0.051509
303.5309 0.054588
304.8726 0.057798
306.4182 0.064348
308.2316 0.070033
310.6029 0.079041
313.8683 0.093478
319.2160 0.130251
324.3668 0.171338
330.7103 0.246769
335.9742 0.328942
 tr1-08-8 3 1
190.9258 0.218626
193.7385 0.162610
198.1314 0.117464
201.7109 0.085395
205.5492 0.065145
207.9958 0.053785
209.7636 0.047681
211.1926 0.044507
212.4175 0.040913
213.4836 0.038642
214.3754 0.037053
215.1835 0.035647
215.9245 0.034329
218.8995 0.031105
221.1181 0.028765
222.9400 0.026873
224.4625 0.025324
225.8223 0.024148
227.0304 0.023195
228.1398 0.022091
229.1174 0.021351
230.0407 0.021160
230.9081 0.020524
231.7194 0.019901
232.4785 0.019224
233.2089 0.018985
233.8941 0.018488
234.5557 0.018448
235.1880 0.017894
235.7913 0.017766
236.3813 0.017847
236.9413 0.017623
237.4957 0.017566
238.0260 0.017313
238.5403 0.016779
239.0504 0.016541
239.5469 0.016238
240.0234 0.016223
240.4937 0.016391
240.9559 0.016248
241.4035 0.016143
241.8432 0.015874
242.2739 0.015685
242.6932 0.015544
243.1069 0.015584
243.5123 0.015182
243.9072 0.015126
244.2966 0.015164
244.6863 0.015121
245.0652 0.015198
245.4388 0.015165
245.8042 0.015067
246.1634 0.015032
246.5209 0.014959
246.8723 0.014772
247.2247 0.014685
247.5734 0.014691
247.9167 0.014633
248.2557 0.014494
248.5930 0.014479
248.9243 0.014489
249.2567 0.014306
249.5824 0.014458
249.9032 0.014362
250.2219 0.014342
250.5430 0.014269
250.8566 0.014190
251.1691 0.014187
251.4776 0.014353
251.7864 0.014338
252.0906 0.014253
252.3916 0.014219
252.6910 0.014256
252.9906 0.014114
253.2888 0.014229
253.5858 0.014189
253.8788 0.014138
254.1746 0.014208
254.4638 0.014211
254.7575 0.013963
255.0477 0.014020
255.3359 0.014031
255.6241 0.013961
255.9127 0.014028
256.1937 0.014037
256.4761 0.014059
256.7592 0.014151
257.0445 0.014089
257.3241 0.014079
257.6031 0.014193
257.8811 0.014142
258.1596 0.014060
258.4347 0.014095
258.7130 0.014052
258.9870 0.014040
259.2627 0.014074
259.5316 0.014054
259.8082 0.013897
260.0843 0.013903
260.3560 0.013795
260.6321 0.013831
260.9064 0.013963
261.1806 0.013978
261.4528 0.014017
261.7219 0.014064
261.9981 0.014030
262.2699 0.014140
262.5431 0.014209
262.8164 0.014366
263.0893 0.014419
263.3605 0.014358
263.6325 0.014462
263.9059 0.014468
264.1817 0.014417
264.4558 0.014424
264.7304 0.014393
265.0055 0.014429
265.2835 0.014405
265.5609 0.014384
265.8410 0.014300
266.1193 0.014448
266.3970 0.014569
266.6705 0.014662
266.9475 0.014624
267.2292 0.014785
267.5101 0.014723
267.7905 0.014598
268.0745 0.014385
268.3625 0.014370
268.6450 0.014433
268.9353 0.014497
269.2243 0.014335
269.5133 0.014311
269.8065 0.014400
270.0973 0.014463
270.3910 0.014566
270.6829 0.014658
270.9798 0.014743
271.2773 0.014921
271.5761 0.015041
271.8724 0.014941
272.1696 0.014845
272.4718 0.015035
272.7739 0.015135
273.0793 0.015020
273.3894 0.014876
273.7055 0.014903
274.0213 0.014914
274.3397 0.015129
274.6645 0.015002
274.9872 0.014998
275.3090 0.015059
275.6372 0.015030
275.9699 0.014915
276.2993 0.015061
276.6346 0.015290
276.9749 0.015255
277.3207 0.015487
277.6702 0.015326
278.0266 0.015346
278.3810 0.015298
278.7394 0.015417
279.0994 0.015553
279.4679 0.015500
279.8404 0.015570
280.2173 0.015651
280.6021 0.015778
280.9941 0.015973
281.3918 0.016066
281.7920 0.016209
282.2034 0.016173
282.6148 0.016555
283.0337 0.016947
283.4646 0.016852
283.8960 0.016880
284.3366 0.017093
284.7941 0.017520
285.2553 0.017967
285.7353 0.018034
286.2131 0.018340
286.7046 0.018789
287.2059 0.018766
287.7230 0.019006
288.2473 0.019442
288.7860 0.019543
289.3466 0.020014
289.9212 0.020184
290.5146 0.020153
291.1223 0.020744
291.7510 0.021114
292.4059 0.021531
293.0940 0.021750
293.8044 0.022290
294.5506 0.022811
295.3247 0.023202
296.1467 0.023702
297.0094 0.024226
297.9208 0.025203
298.8946 0.025809
299.9423 0.027021
301.0641 0.027901
302.2709 0.028684
303.5939 0.030051
305.0681 0.031720
306.7489 0.033649
308.6949 0.036607
310.9853 0.039138
313.8580 0.042283
317.7370 0.050354
318.7309 0.051835
319.8447 0.053901
321.0539 0.057411
322.4239 0.060324
324.0167 0.066425
325.9622 0.072743
328.3277 0.078785
331.6929 0.096916
337.1726 0.127900
342.4316 0.174395
348.8705 0.249148
353.6985 0.336657
tr1s-08-8 3 1
198.7255 0.215101
201.7735 0.174040
206.1854 0.113987
209.7139 0.084030
213.5089 0.062001
215.9600 0.053889
217.7565 0.048954
219.2055 0.045261
220.4155 0.042223
221.4391 0.039140
222.3508 0.037057
223.1657 0.035773
223.9169 0.034415
226.9024 0.031133
229.1231 0.028286
230.9273 0.026569
232.4672 0.025214
233.8204 0.024101
235.0255 0.023068
236.1168 0.022522
237.1262 0.021323
238.0538 0.021074
238.9150 0.020245
239.7166 0.019631
240.4868 0.019554
241.2130 0.019461
241.9040 0.019106
242.5610 0.018465
243.1937 0.018242
243.8087 0.017894
244.3876 0.017427
244.9570 0.017243
245.5091 0.016947
246.0438 0.016755
246.5597 0.016382
247.0654 0.016633
247.5550 0.016469
248.0307 0.016194
248.4973 0.016061
248.9568 0.015994
249.4051 0.015881
249.8456 0.015726
250.2727 0.015682
250.6954 0.015386
251.1078 0.015139
251.5118 0.015150
251.9092 0.014811
252.3046 0.014781
252.6930 0.014868
253.0750 0.015081
253.4475 0.014917
253.8205 0.014787
254.1831 0.014617
254.5391 0.014579
254.8919 0.014464
255.2401 0.014589
255.5872 0.014467
255.9305 0.014309
256.2682 0.014184
256.5990 0.014088
256.9308 0.014126
257.2613 0.013943
257.5871 0.013946
257.9072 0.013894
258.2269 0.013904
258.5401 0.013923
258.8584 0.014049
259.1736 0.013922
259.4853 0.013993
259.7923 0.013965
260.0979 0.013931
260.4031 0.013822
260.7068 0.013770
261.0036 0.013994
261.2989 0.014032
261.5936 0.013934
261.8864 0.013987
262.1789 0.013973
262.4685 0.014012
262.7647 0.014155
263.0527 0.014061
263.3416 0.014177
263.6300 0.014057
263.9165 0.014111
264.1975 0.014003
264.4840 0.013978
264.7630 0.014049
265.0380 0.014053
265.3174 0.014155
265.5951 0.014071
265.8777 0.013992
266.1574 0.013990
266.4283 0.014061
266.7030 0.014056
266.9824 0.014323
267.2575 0.014434
267.5340 0.014558
267.8069 0.014453
268.0792 0.014429
268.3558 0.014315
268.6310 0.014288
268.9030 0.014187
269.1774 0.014378
269.4513 0.014391
269.7253 0.014208
269.9983 0.014170
270.2733 0.014191
270.5468 0.014245
270.8165 0.014286
271.0892 0.014254
271.3637 0.014204
271.6340 0.014086
271.9049 0.014176
272.1785 0.014201
272.4523 0.014412
272.7281 0.014439
273.0054 0.014367
273.2778 0.014272
273.5517 0.014267
273.8283 0.014318
274.1053 0.014372
274.3864 0.014282
274.6652 0.014301
274.9426 0.014357
275.2229 0.014395
275.5045 0.014472
275.7890 0.014537
276.0726 0.014529
276.3570 0.014560
276.6393 0.014546
276.9256 0.014683
277.2116 0.014711
277.5013 0.014619
277.7900 0.014568
278.0830 0.014550
278.3758 0.014524
278.6686 0.014614
278.9634 0.014634
279.2621 0.014670
279.5600 0.014777
279.8599 0.014858
280.1636 0.014910
280.4708 0.014844
280.7773 0.014983
281.0856 0.014979
281.3972 0.014967
281.7080 0.015012
282.0205 0.014948
282.3372 0.014894
282.6558 0.015012
282.9803 0.015155
283.3091 0.015152
283.6401 0.015194
283.9686 0.015055
284.3033 0.015034
284.6394 0.015134
284.9781 0.015048
285.3238 0.015155
285.6701 0.015249
286.0191 0.015482
286.3740 0.015594
286.7336 0.015575
287.0996 0.015635
287.4693 0.015677
287.8411 0.015912
288.2221 0.015947
288.6086 0.016250
288.9962 0.016275
289.3897 0.016488
289.7875 0.016726
290.1974 0.016564
290.6062 0.016711
291.0246 0.016950
291.4498 0.017183
291.8850 0.017583
292.3306 0.017488
292.7862 0.017428
293.2495 0.017880
293.7216 0.018022
294.2034 0.018308
294.6913 0.018200
295.1963 0.018213
295.7117 0.018436
296.2397 0.018911
296.7811 0.019294
297.3334 0.019701
297.9108 0.020255
298.5026 0.020643
299.1173 0.021052
299.7404 0.021297
300.4022 0.021602
301.0797 0.022025
301.7915 0.022417
302.5388 0.023284
303.3292 0.023667
304.1550 0.023951
305.0070 0.024639
305.9108 0.025400
306.9011 0.025820
307.9305 0.026563
309.0448 0.026970
310.2596 0.028518
311.5755 0.030655
313.0612 0.031524
314.7383 0.033147
316.6679 0.036338
318.9787 0.038503
321.8415 0.043573
325.7384 0.051675
326.7312 0.053677
327.8263 0.055450
329.0457 0.057905
330.4085 0.060361
331.9645 0.065050
333.8798 0.070646
336.2551 0.080206
339.5574 0.095081
345.0548 0.125435
350.2755 0.168408
356.6939 0.253918
361.7700 0.334521
 tr2-08-8 3 1
204.8990 0.228698
208.2626 0.169309
212.7563 0.111681
216.4292 0.088441
220.4088 0.066993
222.8252 0.056312
224.6665 0.049926
226.1416 0.046888
227.3363 0.043742
228.4122 0.040291
229.3575 0.037484
230.2178 0.035563
230.9862 0.034146
234.0688 0.031689
236.3827 0.028843
238.2396 0.026630
239.8405 0.025406
241.2181 0.023850
242.4599 0.021926
243.5782 0.021768
244.6062 0.021548
245.5552 0.020407
246.4416 0.020176
247.2890 0.020035
248.0756 0.019692
248.8288 0.019454
249.5401 0.019280
250.2185 0.019295
250.8780 0.018872
251.5076 0.018629
252.1119 0.018198
252.6979 0.017836
253.2643 0.017533
253.8115 0.017571
254.3410 0.017837
254.8601 0.017486
255.3661 0.017140
255.8572 0.016962
256.3423 0.016710
256.8083 0.016645
257.2657 0.016546
257.7186 0.016506
258.1591 0.016271
258.5866 0.016211
259.0060 0.016079
259.4251 0.015892
259.8343 0.015725
260.2360 0.015656
260.6330 0.015544
261.0236 0.015506
261.4087 0.015244
261.7890 0.015084
262.1666 0.015189
262.5370 0.015015
262.8965 0.015021
263.2558 0.014857
263.6091 0.014683
263.9623 0.014881
264.3087 0.014739
264.6530 0.014697
264.9970 0.014829
265.3338 0.014886
265.6682 0.014832
265.9985 0.014795
266.3302 0.014683
266.6579 0.014712
266.9800 0.014793
267.2982 0.014813
267.6131 0.014777
267.9317 0.014772
268.2470 0.014849
268.5626 0.014964
268.8723 0.014906
269.1801 0.014930
269.4878 0.014867
269.7871 0.014667
270.0892 0.014519
270.3892 0.014476
270.6879 0.014437
270.9887 0.014400
271.2873 0.014534
271.5860 0.014438
271.8795 0.014546
272.1748 0.014518
272.4686 0.014440
272.7601 0.014394
273.0472 0.014252
273.3359 0.014182
273.6261 0.014190
273.9093 0.014158
274.1935 0.014201
274.4794 0.013993
274.7638 0.014104
275.0476 0.014024
275.3328 0.013882
275.6146 0.014085
275.8942 0.014160
276.1797 0.014054
276.4633 0.014016
276.7439 0.014152
277.0220 0.014121
277.3032 0.014313
277.5836 0.014376
277.8667 0.014344
278.1474 0.014284
278.4303 0.014111
278.7093 0.013968
278.9876 0.014005
279.2689 0.013963
279.5511 0.013966
279.8315 0.014111
280.1141 0.013982
280.3971 0.014038
280.6798 0.013963
280.9621 0.013972
281.2433 0.014083
281.5256 0.014192
281.8080 0.014075
282.0906 0.014201
282.3732 0.014260
282.6587 0.014254
282.9447 0.014247
283.2319 0.014301
283.5218 0.014380
283.8096 0.014448
284.1015 0.014382
284.3913 0.014322
284.6836 0.014240
284.9707 0.014297
285.2633 0.014587
285.5582 0.014761
285.8533 0.014751
286.1482 0.014776
286.4405 0.014840
286.7406 0.014822
287.0419 0.014715
287.3425 0.014658
287.6450 0.014735
287.9491 0.014730
288.2532 0.014872
288.5631 0.014735
288.8784 0.015039
289.1886 0.014995
289.5030 0.014952
289.8221 0.014849
290.1414 0.014874
290.4652 0.015003
290.7862 0.015343
291.1101 0.015480
291.4403 0.015557
291.7695 0.015484
292.0966 0.015792
292.4314 0.015909
292.7764 0.015914
293.1211 0.016024
293.4680 0.016058
293.8175 0.015993
294.1712 0.016098
294.5264 0.016012
294.8899 0.016241
295.2592 0.016202
295.6302 0.016294
296.0071 0.016408
296.3810 0.016441
296.7657 0.016337
297.1561 0.016358
297.5485 0.016608
297.9427 0.016877
298.3458 0.016865
298.7491 0.016914
299.1655 0.016768
299.5860 0.016982
300.0161 0.017020
300.4592 0.017300
300.9078 0.017484
301.3622 0.017531
301.8240 0.017515
302.2926 0.017480
302.7711 0.017828
303.2659 0.018037
303.7737 0.018372
304.2892 0.018461
304.8168 0.018795
305.3560 0.018862
305.9223 0.018842
306.4982 0.018902
307.0923 0.019156
307.6960 0.019902
308.3294 0.020305
308.9778 0.020801
309.6439 0.021412
310.3474 0.021879
311.0822 0.021979
311.8504 0.022713
312.6374 0.023077
313.4825 0.023987
314.3654 0.024837
315.2967 0.025694
316.2995 0.026507
317.3710 0.027493
318.5289 0.028656
319.7775 0.029228
321.1357 0.030039
322.6507 0.031717
324.3454 0.033159
326.3274 0.035325
328.7138 0.038056
331.6224 0.044115
335.5590 0.049720
336.5941 0.052699
337.6944 0.055691
338.9454 0.058726
340.4000 0.062173
342.0383 0.066283
343.9744 0.070168
346.4995 0.080486
349.9192 0.095564
355.5861 0.125998
360.9733 0.169381
367.7980 0.244439
372.8675 0.329169
tr2s-08-8 3 1
213.0986 0.230793
216.3747 0.176129
220.7275 0.113828
224.5694 0.085537
228.4493 0.064946
230.9543 0.054602
232.8029 0.049337
234.2439 0.045524
235.4633 0.041478
236.5318 0.039577
237.4776 0.039027
238.3315 0.037156
239.0800 0.035807
242.1351 0.031362
244.4652 0.028088
246.3297 0.026309
247.9178 0.024670
249.2993 0.023359
250.5315 0.022035
251.6395 0.021659
252.6781 0.021332
253.6342 0.020827
254.5261 0.020374
255.3548 0.020138
256.1375 0.019846
256.8917 0.019401
257.6062 0.019369
258.2848 0.018692
258.9368 0.017979
259.5663 0.018168
260.1691 0.018220
260.7543 0.017920
261.3182 0.017563
261.8640 0.017721
262.3965 0.017405
262.9147 0.017058
263.4156 0.016980
263.9077 0.016849
264.3877 0.016694
264.8607 0.016311
265.3184 0.016267
265.7644 0.015984
266.2002 0.015978
266.6336 0.015798
267.0546 0.015725
267.4674 0.015597
267.8783 0.015248
268.2810 0.015188
268.6752 0.015158
269.0621 0.015235
269.4504 0.015225
269.8290 0.014969
270.2039 0.015002
270.5704 0.014840
270.9296 0.015010
271.2854 0.014961
271.6435 0.015073
271.9922 0.014995
272.3378 0.014641
272.6777 0.014638
273.0182 0.014688
273.3563 0.014721
273.6939 0.014715
274.0225 0.014483
274.3547 0.014526
274.6800 0.014503
274.9961 0.014498
275.3226 0.014308
275.6421 0.014215
275.9613 0.014192
276.2723 0.014361
276.5856 0.014277
276.8917 0.014200
277.1965 0.014235
277.5021 0.014325
277.8076 0.014355
278.1098 0.014373
278.4121 0.014466
278.7072 0.014434
279.0024 0.014244
279.2975 0.014266
279.5912 0.014128
279.8844 0.014128
280.1761 0.014014
280.4648 0.013976
280.7565 0.013930
281.0442 0.013860
281.3336 0.013875
281.6229 0.013932
281.9089 0.013936
282.1998 0.013921
282.4824 0.014035
282.7678 0.014012
283.0504 0.013843
283.3359 0.013831
283.6193 0.013780
283.9037 0.013731
284.1851 0.013776
284.4669 0.013747
284.7504 0.013675
285.0297 0.013829
285.3072 0.013816
285.5885 0.013860
285.8665 0.013835
286.1472 0.013909
286.4259 0.013973
286.7076 0.014056
286.9877 0.014199
287.2681 0.014224
287.5467 0.014404
287.8229 0.014424
288.1033 0.014376
288.3883 0.014533
288.6695 0.014401
288.9534 0.014529
289.2333 0.014464
289.5158 0.014474
289.7973 0.014361
290.0806 0.014400
290.3649 0.014412
290.6484 0.014485
290.9336 0.014508
291.2143 0.014510
291.5026 0.014581
291.7919 0.014533
292.0794 0.014704
292.3686 0.014718
292.6550 0.014783
292.9504 0.014745
293.2422 0.014702
293.5361 0.014816
293.8294 0.015004
294.1236 0.015063
294.4213 0.015048
294.7223 0.014910
295.0202 0.014968
295.3217 0.014957
295.6245 0.014791
295.9300 0.014786
296.2418 0.014834
296.5500 0.014870
296.8591 0.015036
297.1726 0.015028
297.4830 0.014907
297.8000 0.014884
298.1159 0.014869
298.4391 0.014891
298.7612 0.014957
299.0926 0.015075
299.4195 0.015246
299.7525 0.015355
300.0862 0.015526
300.4257 0.015617
300.7658 0.015511
301.1069 0.015533
301.4524 0.015699
301.7984 0.015668
302.1489 0.015755
302.5066 0.015858
302.8648 0.016032
303.2274 0.016233
303.5936 0.016272
303.9653 0.016282
304.3418 0.016373
304.7241 0.016262
305.1097 0.016364
305.5018 0.016228
305.8983 0.016428
306.2975 0.016354
306.7085 0.016319
307.1221 0.016484
307.5490 0.016647
307.9806 0.016833
308.4140 0.017041
308.8590 0.017420
309.3175 0.017726
309.7791 0.017710
310.2530 0.018075
310.7323 0.018360
311.2248 0.018536
311.7245 0.018898
312.2420 0.018622
312.7739 0.018916
313.3159 0.019216
313.8670 0.019624
314.4418 0.019688
315.0325 0.020134
315.6429 0.020495
316.2702 0.020801
316.9127 0.021169
317.5852 0.021572
318.2841 0.021820
319.0160 0.022315
319.7779 0.022879
320.5709 0.023325
321.3977 0.023753
322.2882 0.024429
323.2295 0.025034
324.2257 0.025988
325.2900 0.027558
326.4275 0.028517
327.6691 0.029423
329.0395 0.030125
330.5451 0.032124
332.2598 0.033731
334.2418 0.036501
336.6099 0.040385
339.5462 0.044327
343.4605 0.052006
344.4520 0.054179
345.5637 0.055698
346.7960 0.058147
348.2638 0.062277
349.9310 0.066239
351.8992 0.072220
354.4217 0.082420
357.7492 0.096801
363.4357 0.125181
368.7556 0.170470
375.7142 0.248469
381.1084 0.340641
