Copyright (C) 1998 James G. MacKinnon, Alfred A. Haug, and Leo Michelis.
 lm0-07-6 3 1
 28.9879 0.048640
 29.7181 0.039256
 30.7120 0.028529
 31.6250 0.021056
 32.5850 0.017058
 33.1766 0.014730
 33.6202 0.013677
 33.9812 0.012469
 34.2787 0.011326
 34.5534 0.010657
 34.7874 0.009981
 34.9993 0.009724
 35.1902 0.009239
 35.9659 0.007911
 36.5551 0.007181
 37.0398 0.006760
 37.4518 0.006486
 37.8203 0.006401
 38.1524 0.006123
 38.4518 0.006052
 38.7271 0.005914
 38.9836 0.005767
 39.2255 0.005711
 39.4520 0.005666
 39.6665 0.005709
 39.8698 0.005693
 40.0650 0.005770
 40.2547 0.005705
 40.4367 0.005605
 40.6123 0.005611
 40.7814 0.005482
 40.9456 0.005320
 41.1031 0.005171
 41.2554 0.005076
 41.4050 0.005081
 41.5524 0.005011
 41.6953 0.005039
 41.8353 0.004985
 41.9726 0.004974
 42.1060 0.004996
 42.2361 0.004985
 42.3657 0.004937
 42.4911 0.004912
 42.6159 0.004823
 42.7393 0.004736
 42.8601 0.004733
 42.9775 0.004712
 43.0927 0.004766
 43.2065 0.004798
 43.3209 0.004806
 43.4321 0.004831
 43.5437 0.004843
 43.6524 0.004851
 43.7594 0.004840
 43.8661 0.004824
 43.9729 0.004788
 44.0782 0.004760
 44.1820 0.004739
 44.2859 0.004702
 44.3885 0.004713
 44.4889 0.004733
 44.5900 0.004733
 44.6896 0.004779
 44.7889 0.004790
 44.8867 0.004758
 44.9843 0.004760
 45.0816 0.004754
 45.1789 0.004735
 45.2741 0.004764
 45.3700 0.004786
 45.4655 0.004724
 45.5597 0.004730
 45.6533 0.004742
 45.7464 0.004739
 45.8396 0.004745
 45.9329 0.004724
 46.0254 0.004696
 46.1181 0.004699
 46.2105 0.004699
 46.3019 0.004679
 46.3939 0.004689
 46.4852 0.004672
 46.5747 0.004655
 46.6634 0.004664
 46.7528 0.004625
 46.8425 0.004623
 46.9323 0.004605
 47.0222 0.004653
 47.1117 0.004701
 47.2014 0.004681
 47.2904 0.004669
 47.3792 0.004609
 47.4689 0.004626
 47.5588 0.004638
 47.6481 0.004663
 47.7373 0.004650
 47.8263 0.004659
 47.9161 0.004657
 48.0049 0.004628
 48.0941 0.004624
 48.1834 0.004524
 48.2725 0.004553
 48.3632 0.004542
 48.4528 0.004574
 48.5422 0.004539
 48.6322 0.004539
 48.7221 0.004531
 48.8123 0.004543
 48.9021 0.004561
 48.9916 0.004584
 49.0815 0.004552
 49.1724 0.004529
 49.2627 0.004549
 49.3532 0.004560
 49.4436 0.004583
 49.5349 0.004521
 49.6263 0.004598
 49.7184 0.004598
 49.8106 0.004628
 49.9021 0.004644
 49.9955 0.004660
 50.0888 0.004686
 50.1830 0.004714
 50.2759 0.004759
 50.3687 0.004849
 50.4628 0.004892
 50.5584 0.004938
 50.6527 0.004944
 50.7491 0.004956
 50.8461 0.004951
 50.9446 0.005025
 51.0422 0.005057
 51.1403 0.005060
 51.2397 0.005061
 51.3392 0.005128
 51.4385 0.005177
 51.5390 0.005201
 51.6402 0.005194
 51.7422 0.005199
 51.8447 0.005274
 51.9494 0.005262
 52.0529 0.005268
 52.1586 0.005341
 52.2660 0.005399
 52.3730 0.005377
 52.4806 0.005343
 52.5893 0.005373
 52.6988 0.005358
 52.8108 0.005401
 52.9231 0.005453
 53.0373 0.005537
 53.1501 0.005559
 53.2649 0.005640
 53.3807 0.005796
 53.4971 0.005788
 53.6169 0.005803
 53.7372 0.005859
 53.8578 0.005971
 53.9798 0.006041
 54.1039 0.006105
 54.2303 0.006098
 54.3599 0.006160
 54.4893 0.006193
 54.6209 0.006253
 54.7546 0.006303
 54.8908 0.006342
 55.0282 0.006337
 55.1680 0.006456
 55.3106 0.006510
 55.4554 0.006609
 55.6019 0.006696
 55.7533 0.006684
 55.9082 0.006811
 56.0644 0.006865
 56.2236 0.006926
 56.3862 0.007011
 56.5545 0.006975
 56.7230 0.007037
 56.8960 0.007080
 57.0740 0.007191
 57.2572 0.007223
 57.4431 0.007219
 57.6357 0.007214
 57.8333 0.007313
 58.0349 0.007483
 58.2451 0.007658
 58.4611 0.007684
 58.6827 0.007811
 58.9156 0.007776
 59.1609 0.007918
 59.4103 0.008089
 59.6691 0.008184
 59.9439 0.008385
 60.2277 0.008426
 60.5266 0.008642
 60.8425 0.008911
 61.1745 0.009328
 61.5327 0.009681
 61.9153 0.010016
 62.3249 0.010185
 62.7634 0.010481
 63.2464 0.011119
 63.7781 0.011388
 64.3673 0.012537
 65.0426 0.013611
 65.8310 0.014387
 66.7711 0.015798
 67.9742 0.017985
 69.5879 0.021213
 70.0161 0.022292
 70.4854 0.023323
 71.0063 0.024524
 71.6179 0.025984
 72.3218 0.027835
 73.1666 0.029851
 74.2321 0.033760
 75.7063 0.041552
 78.2210 0.053788
 80.5768 0.077998
 83.8396 0.117880
 85.9958 0.168345
 lm1-07-6 3 1
 31.2715 0.054674
 32.0197 0.039710
 33.1072 0.028709
 33.9738 0.021610
 34.9526 0.016689
 35.5715 0.014068
 36.0309 0.012495
 36.4075 0.011538
 36.7229 0.011084
 36.9952 0.010611
 37.2349 0.010136
 37.4466 0.009936
 37.6472 0.009579
 38.4448 0.008438
 39.0563 0.007826
 39.5612 0.007324
 39.9942 0.007014
 40.3689 0.006716
 40.7068 0.006632
 41.0154 0.006375
 41.2984 0.006220
 41.5620 0.006197
 41.8097 0.006098
 42.0406 0.005946
 42.2624 0.005758
 42.4746 0.005650
 42.6769 0.005539
 42.8680 0.005514
 43.0520 0.005381
 43.2318 0.005406
 43.4054 0.005326
 43.5719 0.005339
 43.7344 0.005325
 43.8936 0.005194
 44.0467 0.005173
 44.1944 0.005114
 44.3417 0.005133
 44.4855 0.005074
 44.6256 0.005086
 44.7625 0.005079
 44.8975 0.005088
 45.0309 0.005015
 45.1614 0.004993
 45.2901 0.004995
 45.4150 0.004922
 45.5391 0.004941
 45.6625 0.004882
 45.7820 0.004858
 45.8994 0.004825
 46.0172 0.004822
 46.1318 0.004776
 46.2447 0.004803
 46.3563 0.004792
 46.4681 0.004798
 46.5793 0.004801
 46.6872 0.004785
 46.7959 0.004713
 46.9020 0.004654
 47.0071 0.004692
 47.1114 0.004691
 47.2156 0.004696
 47.3193 0.004735
 47.4205 0.004781
 47.5221 0.004804
 47.6245 0.004794
 47.7252 0.004770
 47.8247 0.004759
 47.9231 0.004792
 48.0205 0.004766
 48.1179 0.004728
 48.2154 0.004710
 48.3131 0.004691
 48.4091 0.004635
 48.5050 0.004633
 48.6001 0.004630
 48.6951 0.004632
 48.7897 0.004688
 48.8829 0.004698
 48.9782 0.004654
 49.0726 0.004652
 49.1659 0.004616
 49.2584 0.004619
 49.3503 0.004643
 49.4436 0.004672
 49.5354 0.004691
 49.6277 0.004682
 49.7189 0.004657
 49.8112 0.004657
 49.9022 0.004620
 49.9954 0.004603
 50.0869 0.004637
 50.1785 0.004623
 50.2699 0.004608
 50.3608 0.004635
 50.4518 0.004665
 50.5441 0.004705
 50.6347 0.004742
 50.7257 0.004762
 50.8171 0.004735
 50.9074 0.004797
 50.9987 0.004812
 51.0896 0.004840
 51.1820 0.004874
 51.2742 0.004885
 51.3666 0.004890
 51.4574 0.004939
 51.5498 0.004968
 51.6403 0.005001
 51.7322 0.004989
 51.8246 0.005041
 51.9151 0.005060
 52.0084 0.005044
 52.1021 0.005090
 52.1948 0.005084
 52.2885 0.005103
 52.3821 0.005097
 52.4754 0.005106
 52.5707 0.005105
 52.6652 0.005096
 52.7595 0.005128
 52.8549 0.005115
 52.9516 0.005107
 53.0478 0.005093
 53.1446 0.005143
 53.2417 0.005203
 53.3379 0.005237
 53.4358 0.005193
 53.5337 0.005213
 53.6324 0.005270
 53.7324 0.005306
 53.8311 0.005364
 53.9297 0.005374
 54.0314 0.005427
 54.1319 0.005440
 54.2336 0.005477
 54.3348 0.005498
 54.4373 0.005506
 54.5409 0.005550
 54.6446 0.005579
 54.7497 0.005595
 54.8564 0.005631
 54.9644 0.005616
 55.0727 0.005666
 55.1807 0.005661
 55.2892 0.005646
 55.4010 0.005642
 55.5114 0.005642
 55.6250 0.005674
 55.7385 0.005670
 55.8517 0.005752
 55.9669 0.005701
 56.0822 0.005778
 56.2011 0.005824
 56.3189 0.005873
 56.4379 0.005884
 56.5597 0.005932
 56.6832 0.005984
 56.8076 0.006082
 56.9329 0.006085
 57.0609 0.006083
 57.1899 0.006099
 57.3215 0.006171
 57.4530 0.006258
 57.5894 0.006338
 57.7260 0.006315
 57.8652 0.006382
 58.0059 0.006447
 58.1515 0.006521
 58.2975 0.006619
 58.4447 0.006684
 58.5944 0.006665
 58.7473 0.006715
 58.9028 0.006740
 59.0601 0.006838
 59.2223 0.006938
 59.3892 0.006969
 59.5595 0.007084
 59.7331 0.007203
 59.9105 0.007141
 60.0887 0.007349
 60.2739 0.007372
 60.4652 0.007525
 60.6614 0.007563
 60.8613 0.007679
 61.0695 0.007700
 61.2827 0.007910
 61.5023 0.008050
 61.7309 0.008064
 61.9684 0.008152
 62.2125 0.008249
 62.4692 0.008428
 62.7349 0.008463
 63.0093 0.008607
 63.2988 0.008737
 63.6050 0.009003
 63.9246 0.009225
 64.2606 0.009461
 64.6273 0.009720
 65.0164 0.010030
 65.4347 0.010300
 65.8799 0.010821
 66.3748 0.011201
 66.9131 0.011513
 67.5222 0.012063
 68.2113 0.012982
 69.0186 0.013842
 69.9806 0.015541
 71.2075 0.017667
 72.8671 0.020769
 73.2860 0.021467
 73.7594 0.022864
 74.2896 0.024467
 74.8997 0.026490
 75.6228 0.029464
 76.4785 0.032695
 77.5496 0.036287
 79.0646 0.042412
 81.6049 0.057220
 84.1156 0.080576
 87.2161 0.120996
 89.5123 0.164014
lm1s-07-6 3 1
 32.0934 0.054074
 32.8018 0.041539
 33.8508 0.028993
 34.7282 0.022464
 35.7270 0.017735
 36.3350 0.014074
 36.7932 0.012527
 37.1669 0.011602
 37.4694 0.011059
 37.7488 0.010658
 37.9853 0.010034
 38.2030 0.009728
 38.4027 0.009407
 39.2111 0.008530
 39.8301 0.007758
 40.3305 0.007433
 40.7620 0.007117
 41.1440 0.006918
 41.4792 0.006657
 41.7863 0.006498
 42.0665 0.006374
 42.3309 0.006211
 42.5790 0.006174
 42.8123 0.006037
 43.0330 0.005958
 43.2434 0.005749
 43.4462 0.005762
 43.6371 0.005578
 43.8203 0.005488
 43.9995 0.005574
 44.1741 0.005408
 44.3423 0.005394
 44.5052 0.005335
 44.6607 0.005220
 44.8142 0.005230
 44.9654 0.005203
 45.1137 0.005232
 45.2574 0.005213
 45.3982 0.005190
 45.5353 0.005143
 45.6701 0.005087
 45.8005 0.005086
 45.9311 0.005050
 46.0599 0.005052
 46.1838 0.004996
 46.3077 0.004955
 46.4292 0.004969
 46.5489 0.004960
 46.6656 0.004923
 46.7823 0.004874
 46.8966 0.004880
 47.0107 0.004839
 47.1218 0.004834
 47.2325 0.004862
 47.3431 0.004819
 47.4517 0.004761
 47.5606 0.004742
 47.6683 0.004739
 47.7735 0.004731
 47.8785 0.004702
 47.9834 0.004697
 48.0874 0.004688
 48.1895 0.004710
 48.2904 0.004725
 48.3908 0.004657
 48.4894 0.004632
 48.5886 0.004626
 48.6883 0.004624
 48.7867 0.004624
 48.8844 0.004642
 48.9822 0.004651
 49.0790 0.004650
 49.1758 0.004651
 49.2724 0.004658
 49.3688 0.004612
 49.4656 0.004606
 49.5592 0.004626
 49.6530 0.004610
 49.7462 0.004556
 49.8404 0.004552
 49.9341 0.004546
 50.0279 0.004540
 50.1204 0.004616
 50.2143 0.004574
 50.3074 0.004588
 50.4000 0.004600
 50.4916 0.004586
 50.5836 0.004591
 50.6752 0.004626
 50.7669 0.004583
 50.8579 0.004560
 50.9489 0.004566
 51.0398 0.004590
 51.1309 0.004625
 51.2211 0.004647
 51.3123 0.004684
 51.4033 0.004724
 51.4944 0.004747
 51.5865 0.004795
 51.6769 0.004838
 51.7698 0.004885
 51.8604 0.004949
 51.9511 0.004951
 52.0425 0.004967
 52.1347 0.004997
 52.2262 0.004993
 52.3183 0.005013
 52.4110 0.005002
 52.5027 0.005070
 52.5952 0.005090
 52.6886 0.005109
 52.7820 0.005100
 52.8752 0.005111
 52.9686 0.005114
 53.0629 0.005096
 53.1558 0.005130
 53.2501 0.005160
 53.3442 0.005153
 53.4388 0.005158
 53.5335 0.005194
 53.6276 0.005204
 53.7228 0.005205
 53.8182 0.005199
 53.9143 0.005238
 54.0097 0.005255
 54.1078 0.005298
 54.2057 0.005364
 54.3037 0.005333
 54.4017 0.005373
 54.4998 0.005377
 54.5992 0.005382
 54.6981 0.005428
 54.7995 0.005411
 54.9018 0.005437
 55.0026 0.005407
 55.1054 0.005357
 55.2082 0.005346
 55.3113 0.005349
 55.4151 0.005379
 55.5193 0.005355
 55.6257 0.005290
 55.7324 0.005365
 55.8402 0.005422
 55.9473 0.005502
 56.0574 0.005532
 56.1673 0.005590
 56.2789 0.005601
 56.3899 0.005634
 56.5043 0.005712
 56.6186 0.005750
 56.7344 0.005762
 56.8507 0.005832
 56.9689 0.005849
 57.0885 0.005885
 57.2093 0.005894
 57.3298 0.005929
 57.4516 0.005984
 57.5757 0.006059
 57.7018 0.006073
 57.8301 0.006164
 57.9595 0.006302
 58.0910 0.006378
 58.2243 0.006429
 58.3594 0.006417
 58.4954 0.006409
 58.6335 0.006480
 58.7749 0.006528
 58.9179 0.006524
 59.0625 0.006605
 59.2108 0.006651
 59.3609 0.006658
 59.5150 0.006779
 59.6708 0.006885
 59.8299 0.006993
 59.9917 0.007006
 60.1582 0.007068
 60.3269 0.007075
 60.5007 0.007192
 60.6791 0.007192
 60.8586 0.007244
 61.0433 0.007346
 61.2318 0.007469
 61.4275 0.007484
 61.6270 0.007531
 61.8331 0.007619
 62.0459 0.007869
 62.2663 0.007996
 62.4972 0.008103
 62.7335 0.008134
 62.9776 0.008187
 63.2310 0.008419
 63.4982 0.008511
 63.7765 0.008694
 64.0650 0.008898
 64.3713 0.008995
 64.6888 0.009091
 65.0307 0.009523
 65.3975 0.009839
 65.7814 0.009999
 66.1965 0.010585
 66.6530 0.010884
 67.1425 0.011154
 67.6838 0.011422
 68.2942 0.012165
 68.9850 0.012724
 69.7872 0.013987
 70.7465 0.015366
 71.9765 0.017673
 73.6306 0.020404
 74.0535 0.021433
 74.5328 0.022577
 75.0561 0.024606
 75.6668 0.026292
 76.3819 0.028874
 77.2459 0.032035
 78.3292 0.036750
 79.8217 0.043457
 82.3711 0.058503
 84.8405 0.077607
 87.9766 0.118735
 90.3579 0.162706
 lm2-07-6 3 1
 33.5505 0.055066
 34.2869 0.040250
 35.4143 0.029122
 36.3663 0.021528
 37.3775 0.016735
 38.0030 0.014884
 38.4828 0.014031
 38.8560 0.012997
 39.1938 0.011921
 39.4798 0.010901
 39.7284 0.010423
 39.9503 0.009946
 40.1540 0.009521
 40.9763 0.008566
 41.5990 0.007937
 42.1086 0.007165
 42.5485 0.006566
 42.9353 0.006371
 43.2826 0.006370
 43.5967 0.006287
 43.8861 0.005995
 44.1573 0.005910
 44.4069 0.005714
 44.6472 0.005617
 44.8794 0.005625
 45.0946 0.005529
 45.3007 0.005493
 45.4969 0.005493
 45.6878 0.005558
 45.8725 0.005464
 46.0507 0.005415
 46.2212 0.005410
 46.3870 0.005338
 46.5487 0.005301
 46.7081 0.005424
 46.8621 0.005451
 47.0108 0.005423
 47.1566 0.005428
 47.3004 0.005399
 47.4414 0.005251
 47.5792 0.005243
 47.7130 0.005146
 47.8462 0.005085
 47.9758 0.005069
 48.1029 0.005085
 48.2299 0.005013
 48.3547 0.005018
 48.4783 0.004994
 48.5994 0.005072
 48.7195 0.004998
 48.8368 0.004985
 48.9529 0.005080
 49.0668 0.005061
 49.1800 0.005001
 49.2927 0.004940
 49.4041 0.004886
 49.5152 0.004905
 49.6257 0.004910
 49.7350 0.004880
 49.8431 0.004850
 49.9494 0.004841
 50.0553 0.004782
 50.1600 0.004783
 50.2648 0.004760
 50.3673 0.004799
 50.4715 0.004795
 50.5726 0.004798
 50.6732 0.004821
 50.7739 0.004831
 50.8740 0.004875
 50.9736 0.004867
 51.0717 0.004873
 51.1706 0.004922
 51.2681 0.004926
 51.3666 0.004902
 51.4632 0.004935
 51.5601 0.004911
 51.6585 0.004906
 51.7533 0.004875
 51.8491 0.004875
 51.9449 0.004862
 52.0404 0.004923
 52.1358 0.004897
 52.2304 0.004862
 52.3255 0.004821
 52.4193 0.004780
 52.5139 0.004757
 52.6070 0.004754
 52.7014 0.004744
 52.7953 0.004788
 52.8894 0.004815
 52.9836 0.004836
 53.0759 0.004836
 53.1692 0.004832
 53.2618 0.004879
 53.3560 0.004846
 53.4488 0.004859
 53.5417 0.004892
 53.6354 0.004932
 53.7277 0.004949
 53.8217 0.004934
 53.9155 0.004965
 54.0085 0.004987
 54.1014 0.005008
 54.1959 0.004997
 54.2899 0.005007
 54.3841 0.005009
 54.4776 0.005018
 54.5717 0.005055
 54.6666 0.005019
 54.7605 0.004998
 54.8564 0.004985
 54.9519 0.005005
 55.0473 0.005021
 55.1425 0.005026
 55.2380 0.005036
 55.3337 0.004977
 55.4297 0.004983
 55.5262 0.004953
 55.6222 0.004989
 55.7181 0.005038
 55.8157 0.005067
 55.9132 0.005143
 56.0111 0.005123
 56.1092 0.005176
 56.2090 0.005182
 56.3105 0.005192
 56.4108 0.005263
 56.5110 0.005288
 56.6116 0.005258
 56.7123 0.005349
 56.8164 0.005315
 56.9190 0.005428
 57.0213 0.005450
 57.1244 0.005482
 57.2281 0.005526
 57.3330 0.005518
 57.4387 0.005509
 57.5448 0.005544
 57.6516 0.005609
 57.7621 0.005668
 57.8701 0.005744
 57.9794 0.005808
 58.0900 0.005837
 58.2023 0.005821
 58.3154 0.005831
 58.4277 0.005846
 58.5421 0.005904
 58.6570 0.005926
 58.7725 0.005961
 58.8909 0.005970
 59.0113 0.005941
 59.1304 0.005994
 59.2517 0.006098
 59.3742 0.006129
 59.4984 0.006094
 59.6256 0.006128
 59.7523 0.006176
 59.8806 0.006217
 60.0106 0.006283
 60.1421 0.006378
 60.2747 0.006349
 60.4100 0.006327
 60.5471 0.006294
 60.6877 0.006418
 60.8299 0.006444
 60.9736 0.006431
 61.1190 0.006493
 61.2673 0.006533
 61.4190 0.006721
 61.5721 0.006695
 61.7282 0.006769
 61.8867 0.006893
 62.0474 0.006926
 62.2128 0.006980
 62.3804 0.007130
 62.5542 0.007075
 62.7313 0.007205
 62.9111 0.007333
 63.0977 0.007509
 63.2869 0.007532
 63.4840 0.007726
 63.6824 0.007772
 63.8869 0.007977
 64.0982 0.008052
 64.3169 0.008142
 64.5427 0.008264
 64.7786 0.008409
 65.0211 0.008536
 65.2723 0.008704
 65.5339 0.008798
 65.8046 0.009001
 66.0858 0.009183
 66.3861 0.009384
 66.6976 0.009511
 67.0240 0.009770
 67.3714 0.010040
 67.7390 0.010422
 68.1298 0.010643
 68.5554 0.010926
 69.0165 0.011281
 69.5218 0.011529
 70.0782 0.012146
 70.6987 0.012640
 71.4116 0.013532
 72.2246 0.015079
 73.1964 0.016140
 74.4319 0.018186
 76.0952 0.022313
 76.5413 0.023552
 77.0198 0.024387
 77.5709 0.025990
 78.1887 0.028000
 78.9247 0.029891
 79.7904 0.034373
 80.8837 0.038066
 82.4341 0.045031
 85.0129 0.061834
 87.5313 0.077819
 90.6349 0.113921
 92.9139 0.159276
lm2s-07-6 3 1
 34.2939 0.052773
 35.0621 0.041974
 36.2383 0.028501
 37.1438 0.020528
 38.1454 0.016969
 38.7807 0.015374
 39.2626 0.013926
 39.6462 0.012863
 39.9740 0.012153
 40.2569 0.011006
 40.5089 0.010331
 40.7301 0.009976
 40.9371 0.009699
 41.7604 0.008678
 42.3812 0.007837
 42.8877 0.007410
 43.3204 0.007134
 43.7063 0.006663
 44.0522 0.006441
 44.3700 0.006204
 44.6622 0.006063
 44.9318 0.005817
 45.1868 0.005648
 45.4285 0.005605
 45.6568 0.005533
 45.8704 0.005523
 46.0774 0.005604
 46.2753 0.005606
 46.4664 0.005600
 46.6516 0.005542
 46.8287 0.005529
 47.0004 0.005556
 47.1677 0.005530
 47.3293 0.005467
 47.4869 0.005434
 47.6394 0.005366
 47.7893 0.005310
 47.9345 0.005292
 48.0781 0.005220
 48.2173 0.005245
 48.3538 0.005153
 48.4888 0.005150
 48.6217 0.005138
 48.7534 0.005062
 48.8825 0.005084
 49.0077 0.005100
 49.1323 0.005104
 49.2559 0.005070
 49.3757 0.005081
 49.4952 0.005020
 49.6140 0.004997
 49.7304 0.004941
 49.8457 0.004921
 49.9596 0.004866
 50.0714 0.004837
 50.1846 0.004862
 50.2941 0.004831
 50.4027 0.004862
 50.5104 0.004937
 50.6192 0.004870
 50.7261 0.004865
 50.8298 0.004867
 50.9334 0.004830
 51.0382 0.004823
 51.1418 0.004841
 51.2441 0.004842
 51.3464 0.004838
 51.4481 0.004857
 51.5496 0.004840
 51.6500 0.004815
 51.7492 0.004833
 51.8485 0.004815
 51.9473 0.004848
 52.0452 0.004877
 52.1429 0.004907
 52.2404 0.004894
 52.3376 0.004877
 52.4350 0.004881
 52.5308 0.004863
 52.6254 0.004887
 52.7217 0.004826
 52.8164 0.004822
 52.9122 0.004779
 53.0069 0.004815
 53.1022 0.004800
 53.1957 0.004772
 53.2913 0.004850
 53.3858 0.004842
 53.4786 0.004845
 53.5720 0.004860
 53.6655 0.004840
 53.7598 0.004880
 53.8531 0.004866
 53.9460 0.004915
 54.0393 0.004915
 54.1326 0.004886
 54.2259 0.004889
 54.3191 0.004901
 54.4103 0.004866
 54.5038 0.004902
 54.5972 0.004895
 54.6912 0.004869
 54.7859 0.004896
 54.8792 0.004878
 54.9734 0.004880
 55.0677 0.004877
 55.1624 0.004904
 55.2565 0.004901
 55.3506 0.004858
 55.4446 0.004845
 55.5407 0.004837
 55.6353 0.004885
 55.7304 0.004889
 55.8249 0.004899
 55.9200 0.004903
 56.0161 0.004901
 56.1119 0.004961
 56.2079 0.004984
 56.3047 0.004989
 56.4016 0.005014
 56.4988 0.005002
 56.5946 0.005030
 56.6932 0.005029
 56.7903 0.005139
 56.8890 0.005181
 56.9869 0.005238
 57.0864 0.005214
 57.1852 0.005311
 57.2854 0.005275
 57.3868 0.005261
 57.4881 0.005300
 57.5899 0.005336
 57.6935 0.005399
 57.7965 0.005445
 57.9010 0.005486
 58.0044 0.005547
 58.1095 0.005591
 58.2165 0.005606
 58.3230 0.005619
 58.4294 0.005613
 58.5365 0.005615
 58.6450 0.005663
 58.7530 0.005726
 58.8642 0.005695
 58.9760 0.005682
 59.0893 0.005760
 59.2023 0.005782
 59.3171 0.005860
 59.4327 0.005877
 59.5496 0.005904
 59.6662 0.005952
 59.7855 0.005998
 59.9073 0.005983
 60.0282 0.006072
 60.1487 0.006156
 60.2713 0.006145
 60.3962 0.006158
 60.5228 0.006127
 60.6512 0.006111
 60.7811 0.006164
 60.9147 0.006175
 61.0480 0.006239
 61.1845 0.006316
 61.3233 0.006407
 61.4625 0.006469
 61.6037 0.006501
 61.7470 0.006480
 61.8943 0.006571
 62.0409 0.006617
 62.1892 0.006620
 62.3426 0.006670
 62.4992 0.006786
 62.6573 0.006862
 62.8205 0.006903
 62.9859 0.006970
 63.1564 0.007028
 63.3278 0.007062
 63.5036 0.007242
 63.6848 0.007355
 63.8701 0.007426
 64.0605 0.007554
 64.2530 0.007616
 64.4519 0.007800
 64.6602 0.007901
 64.8705 0.007945
 65.0897 0.008038
 65.3160 0.008166
 65.5523 0.008270
 65.7951 0.008332
 66.0427 0.008480
 66.3033 0.008633
 66.5764 0.008958
 66.8627 0.009173
 67.1589 0.009272
 67.4673 0.009345
 67.7951 0.009732
 68.1425 0.009990
 68.5064 0.010372
 68.9063 0.010553
 69.3275 0.010863
 69.7833 0.011398
 70.2887 0.011705
 70.8442 0.012277
 71.4754 0.012817
 72.1770 0.013950
 72.9854 0.014939
 73.9756 0.016262
 75.1914 0.018342
 76.8708 0.022475
 77.3049 0.023182
 77.7904 0.024591
 78.3309 0.025634
 78.9452 0.027639
 79.6635 0.030777
 80.5219 0.034146
 81.6592 0.037927
 83.1902 0.047160
 85.7344 0.061519
 88.3012 0.080188
 91.4343 0.114149
 93.6675 0.164404
 tr0-07-6 3 1
116.6037 0.178481
119.0436 0.122627
122.5506 0.089008
125.3158 0.069594
128.2750 0.052507
130.1253 0.044950
131.4959 0.040887
132.6126 0.037163
133.5516 0.033776
134.3822 0.032695
135.0879 0.031745
135.7329 0.030761
136.3086 0.030006
138.6665 0.026343
140.4310 0.023589
141.8786 0.021628
143.0973 0.020764
144.1707 0.019812
145.1222 0.019003
145.9932 0.018081
146.7925 0.016991
147.5255 0.016862
148.2126 0.016446
148.8513 0.016497
149.4606 0.016037
150.0396 0.015717
150.5907 0.015356
151.1229 0.015079
151.6273 0.014866
152.1126 0.014579
152.5878 0.014305
153.0350 0.014240
153.4763 0.014210
153.8987 0.014129
154.3136 0.013872
154.7162 0.013518
155.1106 0.013364
155.4935 0.013141
155.8684 0.012827
156.2343 0.012727
156.5904 0.012612
156.9417 0.012523
157.2833 0.012498
157.6182 0.012411
157.9458 0.012439
158.2730 0.012366
158.5939 0.012191
158.9137 0.012171
159.2259 0.012023
159.5274 0.011943
159.8277 0.011976
160.1291 0.012155
160.4226 0.012065
160.7108 0.012090
160.9994 0.012020
161.2837 0.012020
161.5672 0.011932
161.8441 0.011987
162.1197 0.011913
162.3898 0.011983
162.6602 0.011984
162.9244 0.011975
163.1869 0.012011
163.4473 0.012050
163.7036 0.012016
163.9609 0.012106
164.2152 0.012114
164.4638 0.012121
164.7161 0.012086
164.9660 0.011985
165.2115 0.011984
165.4579 0.012011
165.7021 0.012057
165.9442 0.012076
166.1879 0.012034
166.4295 0.012019
166.6685 0.011991
166.9034 0.011934
167.1412 0.011893
167.3734 0.011730
167.6092 0.011743
167.8460 0.011823
168.0801 0.011801
168.3103 0.011978
168.5429 0.011929
168.7682 0.011965
168.9963 0.011913
169.2249 0.011876
169.4558 0.011943
169.6828 0.011909
169.9123 0.011817
170.1395 0.011952
170.3652 0.011931
170.5895 0.011841
170.8147 0.011826
171.0414 0.011942
171.2656 0.011985
171.4903 0.012081
171.7115 0.012028
171.9342 0.012144
172.1566 0.012039
172.3763 0.012023
172.6004 0.011912
172.8236 0.011912
173.0458 0.011905
173.2680 0.011957
173.4909 0.011983
173.7153 0.011939
173.9365 0.011948
174.1597 0.012059
174.3809 0.012200
174.6026 0.012100
174.8256 0.012129
175.0488 0.012094
175.2742 0.011923
175.4983 0.011884
175.7222 0.011967
175.9453 0.011947
176.1718 0.012047
176.3970 0.012005
176.6224 0.012038
176.8492 0.012070
177.0774 0.012195
177.3048 0.012212
177.5351 0.012205
177.7648 0.012320
177.9956 0.012367
178.2260 0.012433
178.4590 0.012586
178.6967 0.012630
178.9265 0.012716
179.1616 0.012669
179.3941 0.012856
179.6335 0.012974
179.8746 0.013063
180.1137 0.013072
180.3553 0.013050
180.5961 0.013166
180.8388 0.013116
181.0844 0.013278
181.3332 0.013326
181.5791 0.013466
181.8283 0.013455
182.0817 0.013454
182.3338 0.013508
182.5896 0.013527
182.8477 0.013466
183.1087 0.013571
183.3684 0.013588
183.6299 0.013606
183.8963 0.013592
184.1651 0.013526
184.4363 0.013672
184.7067 0.013640
184.9829 0.013607
185.2609 0.013612
185.5403 0.013448
185.8223 0.013423
186.1077 0.013454
186.3961 0.013668
186.6862 0.013671
186.9794 0.013653
187.2785 0.013698
187.5834 0.013711
187.8897 0.013972
188.2009 0.013922
188.5161 0.014051
188.8319 0.014116
189.1536 0.014045
189.4809 0.014241
189.8203 0.014350
190.1593 0.014453
190.5031 0.014559
190.8567 0.014540
191.2109 0.014516
191.5833 0.014660
191.9529 0.014662
192.3343 0.014819
192.7206 0.014706
193.1208 0.014962
193.5246 0.015183
193.9410 0.015413
194.3639 0.015486
194.8024 0.015711
195.2517 0.015885
195.7108 0.016184
196.1901 0.016453
196.6785 0.016717
197.1888 0.017082
197.7204 0.017243
198.2652 0.017088
198.8312 0.017207
199.4183 0.017283
200.0292 0.017644
200.6702 0.018088
201.3559 0.017916
202.0667 0.018432
202.8285 0.018913
203.6335 0.019585
204.4943 0.020740
205.4287 0.021498
206.4482 0.022049
207.5523 0.022717
208.7843 0.022986
210.1788 0.024748
211.7916 0.027711
213.7113 0.030310
216.1138 0.035012
219.3768 0.042413
220.1729 0.043341
221.0853 0.045618
222.0971 0.048844
223.2969 0.050750
224.6322 0.055279
226.3071 0.058261
228.3110 0.067506
231.1228 0.079379
235.6886 0.106306
240.1636 0.157398
246.0709 0.228094
249.8401 0.314189
 tr1-07-6 3 1
128.5233 0.172426
131.0212 0.125049
134.3983 0.089086
137.2370 0.066216
140.3868 0.052568
142.3589 0.043506
143.7767 0.039921
144.9280 0.036978
145.9129 0.034370
146.7675 0.032945
147.5295 0.030887
148.1943 0.029677
148.7972 0.028783
151.2952 0.025845
153.1421 0.023865
154.6382 0.022000
155.9070 0.020317
157.0259 0.020337
158.0149 0.019234
158.9145 0.018301
159.7366 0.018162
160.5074 0.017759
161.2259 0.017550
161.8964 0.016866
162.5311 0.016665
163.1320 0.016538
163.7018 0.016332
164.2485 0.016153
164.7774 0.016115
165.2836 0.015910
165.7711 0.015514
166.2411 0.015205
166.6927 0.015019
167.1323 0.014668
167.5611 0.014737
167.9759 0.014791
168.3866 0.014614
168.7850 0.014528
169.1745 0.014396
169.5508 0.014216
169.9231 0.014062
170.2897 0.013839
170.6484 0.013760
170.9955 0.013635
171.3405 0.013640
171.6797 0.013389
172.0068 0.013412
172.3334 0.013259
172.6514 0.013228
172.9645 0.013309
173.2805 0.013161
173.5882 0.013185
173.8918 0.013172
174.1971 0.013101
174.4977 0.012959
174.7907 0.012942
175.0805 0.012761
175.3673 0.012687
175.6477 0.012776
175.9315 0.012851
176.2103 0.012740
176.4844 0.012660
176.7579 0.012762
177.0318 0.012778
177.3011 0.012832
177.5671 0.012792
177.8308 0.012775
178.0926 0.012746
178.3520 0.012892
178.6137 0.012667
178.8679 0.012683
179.1220 0.012647
179.3744 0.012606
179.6243 0.012633
179.8729 0.012513
180.1236 0.012485
180.3694 0.012430
180.6170 0.012482
180.8613 0.012278
181.1089 0.012383
181.3490 0.012531
181.5924 0.012537
181.8356 0.012615
182.0768 0.012505
182.3135 0.012305
182.5519 0.012339
182.7894 0.012369
183.0276 0.012267
183.2644 0.012244
183.5002 0.012338
183.7335 0.012354
183.9675 0.012431
184.1999 0.012432
184.4342 0.012443
184.6654 0.012482
184.8989 0.012508
185.1326 0.012644
185.3638 0.012574
185.5958 0.012568
185.8272 0.012580
186.0583 0.012574
186.2897 0.012600
186.5173 0.012667
186.7497 0.012638
186.9779 0.012618
187.2114 0.012658
187.4426 0.012779
187.6762 0.012804
187.9070 0.012765
188.1377 0.012839
188.3675 0.012867
188.5957 0.012862
188.8255 0.012926
189.0589 0.013050
189.2882 0.013025
189.5211 0.012900
189.7562 0.012870
189.9889 0.012843
190.2239 0.012793
190.4597 0.012910
190.6954 0.012947
190.9310 0.012866
191.1706 0.012746
191.4074 0.012686
191.6479 0.012585
191.8854 0.012636
192.1239 0.012595
192.3638 0.012504
192.6035 0.012615
192.8454 0.012682
193.0884 0.012612
193.3307 0.012722
193.5752 0.012756
193.8194 0.012764
194.0662 0.012754
194.3153 0.012831
194.5629 0.012931
194.8099 0.013014
195.0662 0.013106
195.3166 0.013193
195.5727 0.013359
195.8259 0.013357
196.0851 0.013497
196.3441 0.013568
196.6034 0.013732
196.8673 0.013807
197.1315 0.013811
197.3978 0.013971
197.6678 0.014072
197.9352 0.014069
198.2073 0.014164
198.4824 0.014160
198.7605 0.014320
199.0410 0.014260
199.3246 0.014340
199.6115 0.014300
199.9002 0.014224
200.1923 0.014246
200.4861 0.014299
200.7832 0.014460
201.0874 0.014679
201.3910 0.014581
201.7030 0.014579
202.0170 0.014501
202.3325 0.014713
202.6504 0.014724
202.9771 0.014718
203.3061 0.014829
203.6366 0.014825
203.9806 0.015085
204.3317 0.014950
204.6853 0.015073
205.0416 0.015215
205.4066 0.015272
205.7772 0.015274
206.1591 0.015160
206.5445 0.014980
206.9370 0.015208
207.3356 0.015290
207.7467 0.015397
208.1703 0.015410
208.5971 0.015620
209.0375 0.015610
209.4891 0.015702
209.9528 0.015876
210.4314 0.016011
210.9235 0.016557
211.4337 0.016643
211.9605 0.016673
212.5124 0.017121
213.0730 0.017320
213.6596 0.017426
214.2726 0.017848
214.9091 0.018189
215.5761 0.018668
216.2805 0.018785
217.0111 0.019022
217.7918 0.019501
218.6246 0.019713
219.5072 0.020398
220.4681 0.021369
221.5157 0.021910
222.6716 0.023466
223.9266 0.024388
225.3626 0.026443
227.0086 0.029114
228.9663 0.031083
231.4628 0.034702
234.7918 0.042680
235.6575 0.044971
236.5713 0.047594
237.6188 0.050049
238.8105 0.052628
240.1757 0.054864
241.8658 0.060114
243.9898 0.066398
246.8967 0.082112
251.8432 0.110894
256.3574 0.156549
262.3492 0.228303
266.7883 0.298974
tr1s-07-6 3 1
135.3569 0.180605
137.8286 0.135032
141.3098 0.088135
144.2230 0.068346
147.3028 0.055419
149.2852 0.046572
150.6911 0.041839
151.8594 0.038225
152.8503 0.035161
153.7149 0.031959
154.4772 0.031350
155.1438 0.030035
155.7475 0.028679
158.2342 0.025811
160.1104 0.023365
161.6018 0.021769
162.8630 0.020484
163.9744 0.020131
164.9764 0.019604
165.8822 0.018939
166.7120 0.017688
167.4794 0.017340
168.1903 0.016875
168.8578 0.016420
169.4875 0.016309
170.0924 0.015984
170.6662 0.015541
171.2110 0.015365
171.7380 0.015093
172.2428 0.015069
172.7300 0.014803
173.2026 0.014510
173.6656 0.014392
174.1084 0.014351
174.5396 0.014350
174.9612 0.014399
175.3692 0.014264
175.7657 0.014178
176.1506 0.014173
176.5300 0.014024
176.9002 0.013794
177.2618 0.013660
177.6249 0.013681
177.9767 0.013534
178.3145 0.013450
178.6579 0.013634
178.9909 0.013549
179.3226 0.013485
179.6455 0.013353
179.9629 0.013168
180.2765 0.013184
180.5851 0.013042
180.8905 0.013028
181.1949 0.012889
181.4947 0.012764
181.7882 0.012827
182.0790 0.012955
182.3681 0.012772
182.6520 0.012632
182.9362 0.012677
183.2175 0.012668
183.4914 0.012739
183.7628 0.012569
184.0315 0.012756
184.2998 0.012643
184.5650 0.012635
184.8261 0.012578
185.0868 0.012685
185.3462 0.012707
185.6084 0.012643
185.8655 0.012530
186.1223 0.012630
186.3770 0.012496
186.6321 0.012544
186.8811 0.012591
187.1291 0.012604
187.3754 0.012596
187.6210 0.012614
187.8668 0.012614
188.1092 0.012534
188.3555 0.012705
188.6010 0.012643
188.8414 0.012610
189.0820 0.012602
189.3208 0.012671
189.5573 0.012658
189.7940 0.012770
190.0289 0.012745
190.2639 0.012804
190.4988 0.012800
190.7342 0.012773
190.9721 0.012748
191.2054 0.012690
191.4401 0.012665
191.6763 0.012586
191.9088 0.012575
192.1411 0.012591
192.3741 0.012459
192.6067 0.012380
192.8378 0.012455
193.0693 0.012444
193.3018 0.012506
193.5309 0.012532
193.7600 0.012623
193.9913 0.012717
194.2217 0.012843
194.4505 0.012731
194.6817 0.012724
194.9146 0.012773
195.1451 0.012870
195.3742 0.012820
195.6065 0.012762
195.8344 0.012868
196.0646 0.012899
196.2981 0.012851
196.5305 0.012860
196.7647 0.012934
196.9987 0.013043
197.2307 0.013071
197.4665 0.012949
197.7021 0.012872
197.9367 0.012895
198.1755 0.012860
198.4107 0.012988
198.6503 0.012993
198.8872 0.012999
199.1254 0.013037
199.3640 0.013044
199.6048 0.013099
199.8466 0.012957
200.0890 0.012885
200.3353 0.013142
200.5810 0.013131
200.8246 0.013060
201.0722 0.013114
201.3188 0.013111
201.5672 0.013137
201.8181 0.013232
202.0726 0.013238
202.3232 0.013309
202.5759 0.013560
202.8332 0.013576
203.0891 0.013509
203.3497 0.013452
203.6069 0.013382
203.8684 0.013502
204.1359 0.013556
204.4023 0.013625
204.6721 0.013637
204.9446 0.013654
205.2208 0.013671
205.4959 0.013596
205.7767 0.013686
206.0544 0.013886
206.3393 0.013940
206.6285 0.013936
206.9160 0.013874
207.2086 0.014074
207.5017 0.014212
207.8020 0.014149
208.1049 0.014299
208.4135 0.014405
208.7236 0.014510
209.0331 0.014578
209.3507 0.014589
209.6704 0.014572
209.9953 0.014725
210.3253 0.014756
210.6591 0.014814
211.0005 0.014660
211.3463 0.014789
211.6979 0.014973
212.0560 0.015030
212.4253 0.015257
212.7985 0.015236
213.1744 0.015061
213.5642 0.014968
213.9548 0.015348
214.3626 0.015120
214.7745 0.015022
215.1913 0.015491
215.6257 0.015786
216.0697 0.015907
216.5218 0.015848
216.9856 0.016044
217.4681 0.016168
217.9573 0.016278
218.4710 0.016279
218.9948 0.016649
219.5326 0.016873
220.0974 0.017370
220.6804 0.017479
221.2892 0.017786
221.9308 0.018083
222.5967 0.018725
223.2972 0.018963
224.0392 0.019245
224.8209 0.019752
225.6655 0.020325
226.5454 0.020540
227.5011 0.021680
228.5468 0.022616
229.6918 0.023845
230.9622 0.025060
232.3987 0.026533
234.0509 0.028422
236.0187 0.030835
238.4815 0.033608
241.8138 0.041780
242.6787 0.043068
243.6179 0.044918
244.6670 0.048494
245.8301 0.051965
247.2158 0.055283
248.8793 0.060745
251.0133 0.068710
253.9280 0.082651
258.8229 0.112084
263.2683 0.151164
269.1766 0.233323
273.4321 0.302764
 tr2-07-6 3 1
140.6119 0.175540
143.0976 0.132698
146.7989 0.092801
149.8222 0.069734
153.1409 0.055978
155.2015 0.045103
156.7032 0.039260
157.9065 0.036880
158.9493 0.034769
159.8448 0.032833
160.6148 0.031611
161.3105 0.029797
161.9304 0.029107
164.4696 0.026019
166.3683 0.023832
167.9099 0.022098
169.2178 0.021060
170.3680 0.020394
171.4097 0.019810
172.3477 0.019049
173.2041 0.018000
174.0054 0.017711
174.7493 0.017136
175.4423 0.016988
176.1000 0.016883
176.7310 0.016539
177.3306 0.016274
177.9012 0.016085
178.4457 0.015828
178.9734 0.015814
179.4772 0.015742
179.9671 0.015845
180.4444 0.015661
180.9062 0.015429
181.3486 0.015456
181.7835 0.015336
182.2014 0.014875
182.6150 0.014522
183.0147 0.014496
183.4049 0.014424
183.7925 0.014181
184.1703 0.014079
184.5439 0.014049
184.9069 0.014127
185.2621 0.014226
185.6142 0.014241
185.9540 0.014170
186.2934 0.014150
186.6290 0.013902
186.9583 0.013712
187.2850 0.013483
187.6017 0.013584
187.9148 0.013419
188.2252 0.013360
188.5313 0.013422
188.8340 0.013245
189.1363 0.013166
189.4316 0.013103
189.7279 0.012983
190.0195 0.012923
190.3065 0.012843
190.5922 0.012843
190.8718 0.012862
191.1498 0.012899
191.4266 0.012866
191.7017 0.012803
191.9734 0.012784
192.2445 0.012698
192.5152 0.012754
192.7790 0.012984
193.0477 0.013083
193.3137 0.013089
193.5765 0.013149
193.8345 0.012942
194.0949 0.012844
194.3548 0.012867
194.6088 0.012776
194.8624 0.012714
195.1172 0.012771
195.3705 0.012807
195.6252 0.012758
195.8736 0.012756
196.1233 0.012810
196.3712 0.012782
196.6149 0.012886
196.8610 0.012943
197.1026 0.012957
197.3485 0.012963
197.5918 0.012847
197.8381 0.012781
198.0815 0.012807
198.3219 0.012845
198.5616 0.012880
198.8032 0.012835
199.0440 0.012769
199.2860 0.012873
199.5273 0.012940
199.7657 0.013016
200.0037 0.013012
200.2380 0.013200
200.4771 0.013156
200.7139 0.013213
200.9527 0.013175
201.1880 0.013175
201.4263 0.013304
201.6672 0.013413
201.9031 0.013393
202.1416 0.013443
202.3780 0.013484
202.6185 0.013480
202.8565 0.013497
203.0979 0.013532
203.3363 0.013424
203.5770 0.013345
203.8166 0.013336
204.0573 0.013402
204.2982 0.013381
204.5374 0.013380
204.7744 0.013356
205.0156 0.013470
205.2603 0.013412
205.5041 0.013425
205.7471 0.013514
205.9916 0.013512
206.2379 0.013507
206.4846 0.013540
206.7291 0.013463
206.9770 0.013505
207.2266 0.013492
207.4785 0.013425
207.7278 0.013431
207.9768 0.013588
208.2286 0.013631
208.4833 0.013698
208.7390 0.013721
208.9936 0.013760
209.2525 0.013777
209.5101 0.013683
209.7727 0.013930
210.0356 0.013885
210.2973 0.013928
210.5610 0.013949
210.8242 0.013955
211.0934 0.013931
211.3613 0.013974
211.6310 0.013975
211.9051 0.014016
212.1793 0.014101
212.4603 0.013953
212.7379 0.014012
213.0249 0.014146
213.3100 0.014018
213.5993 0.014082
213.8906 0.014127
214.1829 0.014285
214.4764 0.014264
214.7742 0.014546
215.0738 0.014567
215.3837 0.014681
215.6939 0.014797
216.0038 0.014972
216.3188 0.015109
216.6365 0.015302
216.9576 0.015298
217.2870 0.015368
217.6193 0.015440
217.9534 0.015648
218.2924 0.015612
218.6398 0.015670
218.9882 0.015984
219.3446 0.016145
219.7035 0.016334
220.0739 0.016267
220.4444 0.016394
220.8274 0.016452
221.2191 0.016474
221.6199 0.016542
222.0272 0.016540
222.4412 0.016478
222.8656 0.016699
223.2974 0.016916
223.7439 0.017076
224.1974 0.016875
224.6598 0.017025
225.1399 0.017156
225.6304 0.017282
226.1322 0.017636
226.6597 0.017875
227.1936 0.018039
227.7564 0.018230
228.3377 0.018153
228.9399 0.018390
229.5694 0.018621
230.2297 0.019020
230.9158 0.019185
231.6405 0.019666
232.4028 0.019581
233.2001 0.020273
234.0474 0.021019
234.9696 0.021147
235.9661 0.022313
237.0353 0.023753
238.2027 0.024671
239.5188 0.025910
240.9926 0.027755
242.6914 0.029457
244.7020 0.032488
247.2566 0.035799
250.7014 0.041687
251.5784 0.043901
252.5446 0.045639
253.6530 0.047776
254.8916 0.052452
256.3303 0.057265
258.0412 0.062719
260.2371 0.068895
263.1868 0.084421
268.1451 0.118554
272.8460 0.153907
278.6988 0.223310
283.3182 0.311195
tr2s-07-6 3 1
147.6772 0.179390
150.3356 0.138657
153.9991 0.094698
156.9642 0.069993
160.2163 0.054405
162.2603 0.046078
163.7789 0.041348
164.9798 0.037118
165.9879 0.034231
166.8848 0.033589
167.6519 0.032257
168.3449 0.030890
168.9802 0.029916
171.5364 0.026014
173.4155 0.023655
174.9501 0.022099
176.2703 0.021615
177.4326 0.020793
178.4742 0.020001
179.4177 0.018713
180.2665 0.018046
181.0648 0.018080
181.8022 0.017546
182.4937 0.017490
183.1553 0.017121
183.7754 0.017012
184.3657 0.016781
184.9334 0.016430
185.4793 0.016623
186.0136 0.016509
186.5181 0.016148
187.0084 0.015826
187.4842 0.015612
187.9420 0.015506
188.3908 0.015302
188.8243 0.015347
189.2503 0.014986
189.6604 0.014933
190.0598 0.014723
190.4529 0.014597
190.8344 0.014443
191.2056 0.014550
191.5765 0.014460
191.9421 0.014177
192.2988 0.014375
192.6472 0.014376
192.9880 0.014273
193.3265 0.014120
193.6615 0.013951
193.9855 0.013822
194.3086 0.013663
194.6247 0.013638
194.9376 0.013502
195.2476 0.013363
195.5514 0.013313
195.8544 0.013308
196.1530 0.013385
196.4447 0.013415
196.7435 0.013446
197.0354 0.013390
197.3233 0.013342
197.6065 0.013389
197.8894 0.013413
198.1674 0.013438
198.4455 0.013560
198.7188 0.013465
198.9929 0.013425
199.2657 0.013553
199.5369 0.013231
199.8024 0.013199
200.0647 0.013254
200.3282 0.013213
200.5888 0.013118
200.8473 0.013102
201.1044 0.013135
201.3643 0.013001
201.6214 0.013062
201.8734 0.012948
202.1272 0.013059
202.3765 0.012992
202.6267 0.013040
202.8749 0.012984
203.1248 0.012831
203.3708 0.012837
203.6199 0.012754
203.8678 0.012889
204.1139 0.012851
204.3628 0.012840
204.6055 0.012988
204.8474 0.013043
205.0905 0.013058
205.3324 0.013027
205.5709 0.013063
205.8105 0.013074
206.0509 0.013110
206.2906 0.013093
206.5292 0.013047
206.7681 0.013054
207.0094 0.012988
207.2479 0.013087
207.4845 0.013019
207.7237 0.012926
207.9603 0.012898
208.1980 0.012915
208.4378 0.012954
208.6739 0.013020
208.9119 0.013011
209.1490 0.013136
209.3875 0.013112
209.6238 0.013065
209.8594 0.013006
210.0986 0.012945
210.3377 0.012992
210.5743 0.013049
210.8130 0.013121
211.0530 0.013011
211.2954 0.013109
211.5352 0.013094
211.7736 0.013157
212.0163 0.013118
212.2578 0.013148
212.5009 0.013317
212.7426 0.013422
212.9862 0.013527
213.2327 0.013647
213.4772 0.013474
213.7239 0.013395
213.9712 0.013353
214.2178 0.013511
214.4678 0.013516
214.7166 0.013617
214.9664 0.013740
215.2150 0.013843
215.4702 0.013829
215.7252 0.013745
215.9820 0.013858
216.2388 0.013866
216.4964 0.013949
216.7536 0.013956
217.0168 0.014160
217.2789 0.014206
217.5414 0.014060
217.8037 0.014065
218.0725 0.013886
218.3439 0.013937
218.6131 0.014011
218.8876 0.014017
219.1612 0.014004
219.4404 0.014122
219.7220 0.014197
220.0025 0.014243
220.2847 0.014264
220.5728 0.014209
220.8659 0.014323
221.1619 0.014407
221.4541 0.014411
221.7546 0.014420
222.0547 0.014455
222.3583 0.014481
222.6645 0.014495
222.9755 0.014578
223.2878 0.014833
223.6057 0.015046
223.9265 0.015077
224.2527 0.015054
224.5863 0.015220
224.9209 0.015544
225.2553 0.015445
225.5990 0.015670
225.9461 0.015781
226.3009 0.016046
226.6639 0.016168
227.0306 0.016256
227.4094 0.016404
227.7929 0.016288
228.1883 0.016446
228.5834 0.016570
228.9887 0.016515
229.4057 0.016662
229.8333 0.016893
230.2655 0.017347
230.7082 0.017674
231.1639 0.017783
231.6325 0.017929
232.1040 0.017862
232.6008 0.017920
233.1072 0.017818
233.6329 0.017851
234.1730 0.017938
234.7316 0.018122
235.3108 0.018205
235.9131 0.018727
236.5450 0.019091
237.1971 0.018986
237.8786 0.019440
238.5967 0.019935
239.3481 0.020114
240.1512 0.021286
240.9994 0.021239
241.9148 0.021722
242.9058 0.022519
243.9768 0.023263
245.1384 0.024436
246.4354 0.025914
247.8957 0.027360
249.6182 0.029415
251.6456 0.031499
254.2059 0.034461
257.6521 0.041362
258.5056 0.042121
259.4822 0.044935
260.5525 0.047314
261.7851 0.051178
263.2322 0.057331
264.9644 0.061999
267.1537 0.070975
270.1855 0.084505
275.1022 0.113795
279.7937 0.154210
285.4216 0.225702
290.2555 0.310917
