Copyright (C) 1998 James G. MacKinnon, Alfred A. Haug, and Leo Michelis.
 lm0-10-7 3 1
 45.9333 0.078865
 46.8236 0.060247
 48.0813 0.044254
 49.0991 0.030362
 50.2137 0.024296
 50.9084 0.021077
 51.4342 0.018652
 51.8598 0.018076
 52.2043 0.016573
 52.5149 0.015217
 52.7938 0.014745
 53.0526 0.014528
 53.2936 0.013614
 54.1952 0.012588
 54.8778 0.011177
 55.4457 0.010372
 55.9194 0.010046
 56.3426 0.009415
 56.7276 0.009170
 57.0759 0.009147
 57.3995 0.008863
 57.6956 0.008610
 57.9732 0.008307
 58.2352 0.008276
 58.4861 0.008012
 58.7236 0.007881
 58.9502 0.007798
 59.1614 0.007645
 59.3701 0.007607
 59.5706 0.007616
 59.7621 0.007559
 59.9498 0.007590
 60.1292 0.007518
 60.3029 0.007493
 60.4749 0.007338
 60.6413 0.007235
 60.8026 0.007072
 60.9613 0.007076
 61.1158 0.006962
 61.2682 0.006869
 61.4186 0.006923
 61.5648 0.006893
 61.7085 0.006895
 61.8509 0.006846
 61.9894 0.006779
 62.1275 0.006678
 62.2637 0.006776
 62.3957 0.006761
 62.5263 0.006693
 62.6575 0.006711
 62.7862 0.006708
 62.9128 0.006724
 63.0368 0.006767
 63.1588 0.006688
 63.2796 0.006748
 63.3991 0.006769
 63.5192 0.006745
 63.6383 0.006835
 63.7544 0.006784
 63.8711 0.006815
 63.9852 0.006922
 64.0999 0.006899
 64.2126 0.006787
 64.3257 0.006770
 64.4366 0.006790
 64.5490 0.006786
 64.6577 0.006760
 64.7676 0.006817
 64.8774 0.006798
 64.9854 0.006866
 65.0930 0.006811
 65.1992 0.006748
 65.3064 0.006815
 65.4122 0.006767
 65.5166 0.006897
 65.6206 0.006864
 65.7263 0.006874
 65.8311 0.006818
 65.9346 0.006768
 66.0362 0.006784
 66.1388 0.006765
 66.2408 0.006820
 66.3427 0.006805
 66.4446 0.006768
 66.5446 0.006781
 66.6457 0.006858
 66.7464 0.006894
 66.8472 0.006890
 66.9483 0.006938
 67.0489 0.006949
 67.1518 0.006958
 67.2530 0.006988
 67.3541 0.006991
 67.4547 0.006989
 67.5549 0.006995
 67.6562 0.006981
 67.7576 0.007020
 67.8586 0.006989
 67.9597 0.006981
 68.0602 0.007069
 68.1597 0.007052
 68.2601 0.007011
 68.3595 0.007063
 68.4600 0.007002
 68.5619 0.006927
 68.6633 0.006911
 68.7658 0.006905
 68.8654 0.006905
 68.9660 0.006926
 69.0680 0.007011
 69.1693 0.006921
 69.2701 0.006857
 69.3726 0.006902
 69.4758 0.006893
 69.5785 0.006871
 69.6787 0.006902
 69.7805 0.006910
 69.8852 0.006894
 69.9891 0.006901
 70.0923 0.006898
 70.1958 0.006922
 70.2996 0.007054
 70.4034 0.007079
 70.5086 0.007118
 70.6148 0.007069
 70.7191 0.007167
 70.8264 0.007205
 70.9324 0.007219
 71.0428 0.007200
 71.1504 0.007200
 71.2571 0.007234
 71.3687 0.007266
 71.4794 0.007355
 71.5906 0.007395
 71.7004 0.007402
 71.8130 0.007398
 71.9261 0.007436
 72.0386 0.007488
 72.1520 0.007548
 72.2667 0.007617
 72.3825 0.007661
 72.4985 0.007726
 72.6170 0.007758
 72.7355 0.007785
 72.8560 0.007818
 72.9786 0.007850
 73.0996 0.007859
 73.2219 0.007896
 73.3471 0.007831
 73.4735 0.007817
 73.6011 0.007759
 73.7276 0.007778
 73.8546 0.007827
 73.9826 0.007825
 74.1136 0.007886
 74.2473 0.007976
 74.3833 0.008131
 74.5178 0.008166
 74.6574 0.008203
 74.7964 0.008161
 74.9350 0.008328
 75.0762 0.008257
 75.2175 0.008402
 75.3628 0.008496
 75.5126 0.008468
 75.6630 0.008603
 75.8155 0.008576
 75.9724 0.008606
 76.1324 0.008525
 76.2923 0.008542
 76.4575 0.008531
 76.6250 0.008642
 76.7926 0.008734
 76.9656 0.008943
 77.1418 0.009169
 77.3232 0.009310
 77.5090 0.009358
 77.6966 0.009265
 77.8874 0.009595
 78.0868 0.009622
 78.2841 0.009745
 78.4908 0.009707
 78.7039 0.009918
 78.9244 0.009988
 79.1499 0.010078
 79.3820 0.010128
 79.6231 0.010212
 79.8732 0.010369
 80.1307 0.010669
 80.3966 0.010890
 80.6743 0.011107
 80.9655 0.011108
 81.2698 0.011481
 81.5863 0.011584
 81.9157 0.011809
 82.2609 0.012249
 82.6305 0.012577
 83.0254 0.012940
 83.4406 0.013432
 83.8870 0.013462
 84.3716 0.014164
 84.9039 0.014502
 85.4999 0.015926
 86.1556 0.016773
 86.8999 0.018232
 87.7676 0.019636
 88.8133 0.021260
 90.1108 0.024656
 91.9006 0.028632
 92.3384 0.029656
 92.8481 0.031848
 93.4182 0.033336
 94.0544 0.035452
 94.8401 0.037753
 95.7570 0.042808
 96.9472 0.050028
 98.5782 0.058186
101.3317 0.080407
103.7901 0.111545
107.0055 0.169373
109.3007 0.236576
 lm1-10-7 3 1
 48.4322 0.083879
 49.3082 0.063988
 50.6714 0.042619
 51.7085 0.033344
 52.8297 0.025729
 53.5362 0.022764
 54.0580 0.019838
 54.4774 0.018306
 54.8511 0.017370
 55.1660 0.016068
 55.4437 0.015042
 55.6906 0.015294
 55.9133 0.014795
 56.8498 0.012787
 57.5522 0.011466
 58.1283 0.010804
 58.6201 0.009874
 59.0460 0.009481
 59.4337 0.009390
 59.7850 0.009200
 60.1114 0.008995
 60.4070 0.008740
 60.6870 0.008546
 60.9525 0.008441
 61.2065 0.008379
 61.4463 0.008253
 61.6753 0.008099
 61.8959 0.007982
 62.1075 0.007854
 62.3112 0.007611
 62.5086 0.007570
 62.6987 0.007349
 62.8809 0.007161
 63.0610 0.007356
 63.2338 0.007281
 63.4055 0.007138
 63.5708 0.007066
 63.7343 0.007156
 63.8931 0.007203
 64.0493 0.007257
 64.2011 0.007216
 64.3504 0.007185
 64.4980 0.007166
 64.6399 0.007228
 64.7817 0.007112
 64.9224 0.007107
 65.0608 0.007165
 65.1948 0.007097
 65.3269 0.007045
 65.4602 0.006938
 65.5889 0.006930
 65.7196 0.006964
 65.8464 0.006977
 65.9727 0.006893
 66.0957 0.006822
 66.2180 0.006913
 66.3385 0.006921
 66.4583 0.006946
 66.5776 0.006885
 66.6963 0.006925
 66.8149 0.006887
 66.9302 0.006884
 67.0464 0.006862
 67.1603 0.006900
 67.2732 0.006932
 67.3858 0.006871
 67.4966 0.006781
 67.6096 0.006813
 67.7201 0.006750
 67.8293 0.006756
 67.9375 0.006800
 68.0468 0.006774
 68.1559 0.006792
 68.2648 0.006750
 68.3721 0.006802
 68.4790 0.006751
 68.5866 0.006789
 68.6933 0.006729
 68.7992 0.006688
 68.9046 0.006674
 69.0086 0.006678
 69.1123 0.006682
 69.2177 0.006645
 69.3236 0.006618
 69.4273 0.006643
 69.5294 0.006569
 69.6334 0.006543
 69.7379 0.006555
 69.8411 0.006476
 69.9431 0.006520
 70.0464 0.006578
 70.1477 0.006597
 70.2509 0.006654
 70.3531 0.006677
 70.4545 0.006697
 70.5574 0.006675
 70.6608 0.006698
 70.7643 0.006726
 70.8665 0.006749
 70.9683 0.006755
 71.0707 0.006683
 71.1747 0.006706
 71.2774 0.006771
 71.3794 0.006831
 71.4808 0.006767
 71.5826 0.006834
 71.6851 0.006879
 71.7867 0.006921
 71.8888 0.006990
 71.9909 0.007049
 72.0939 0.007085
 72.1970 0.007070
 72.3007 0.007051
 72.4043 0.007050
 72.5070 0.007077
 72.6109 0.007132
 72.7162 0.007217
 72.8198 0.007181
 72.9258 0.007206
 73.0326 0.007199
 73.1391 0.007221
 73.2448 0.007289
 73.3529 0.007241
 73.4605 0.007296
 73.5693 0.007318
 73.6768 0.007285
 73.7839 0.007244
 73.8945 0.007197
 74.0036 0.007179
 74.1117 0.007185
 74.2215 0.007240
 74.3324 0.007321
 74.4436 0.007291
 74.5558 0.007331
 74.6663 0.007365
 74.7811 0.007315
 74.8959 0.007326
 75.0118 0.007425
 75.1260 0.007570
 75.2429 0.007686
 75.3589 0.007658
 75.4780 0.007630
 75.5993 0.007693
 75.7195 0.007777
 75.8412 0.007781
 75.9643 0.007821
 76.0892 0.007844
 76.2122 0.007880
 76.3366 0.007825
 76.4617 0.007824
 76.5899 0.007778
 76.7197 0.007799
 76.8495 0.007804
 76.9803 0.007887
 77.1139 0.008022
 77.2481 0.008120
 77.3848 0.008118
 77.5241 0.008119
 77.6629 0.008099
 77.8057 0.008158
 77.9480 0.008171
 78.0922 0.008397
 78.2388 0.008425
 78.3887 0.008569
 78.5383 0.008591
 78.6911 0.008595
 78.8472 0.008691
 79.0055 0.008719
 79.1663 0.008844
 79.3314 0.008921
 79.4991 0.008904
 79.6689 0.009064
 79.8404 0.009193
 80.0176 0.009261
 80.1979 0.009367
 80.3828 0.009197
 80.5713 0.009199
 80.7608 0.009437
 80.9587 0.009591
 81.1594 0.009475
 81.3667 0.009690
 81.5792 0.009731
 81.7935 0.009857
 82.0133 0.009898
 82.2467 0.010103
 82.4828 0.010276
 82.7244 0.010557
 82.9768 0.010648
 83.2382 0.010849
 83.5086 0.011085
 83.7883 0.011267
 84.0807 0.011619
 84.3861 0.011845
 84.6987 0.012106
 85.0404 0.012428
 85.3945 0.012823
 85.7716 0.013231
 86.1703 0.013575
 86.5988 0.014035
 87.0629 0.014379
 87.5596 0.014751
 88.1017 0.015302
 88.7048 0.015914
 89.3633 0.017209
 90.1054 0.018836
 90.9847 0.020908
 92.0365 0.022646
 93.3644 0.024395
 95.1797 0.029589
 95.6435 0.031453
 96.1606 0.032839
 96.7434 0.035015
 97.3968 0.037547
 98.1466 0.039801
 99.1203 0.044877
100.2932 0.050173
101.9444 0.060141
104.7580 0.080312
107.4076 0.108798
110.5371 0.164137
113.0150 0.225772
lm1s-10-7 3 1
 49.1575 0.080333
 50.0367 0.062436
 51.4029 0.044957
 52.4453 0.033822
 53.5639 0.026980
 54.2831 0.023004
 54.8110 0.019538
 55.2428 0.017915
 55.5998 0.017005
 55.9164 0.015920
 56.1949 0.014830
 56.4459 0.014361
 56.6811 0.013621
 57.5992 0.012198
 58.3068 0.011140
 58.8798 0.010413
 59.3741 0.010181
 59.8066 0.009727
 60.1927 0.009259
 60.5415 0.009158
 60.8629 0.008769
 61.1646 0.008628
 61.4485 0.008729
 61.7177 0.008489
 61.9649 0.008439
 62.2018 0.008259
 62.4315 0.008119
 62.6553 0.007968
 62.8644 0.007705
 63.0663 0.007710
 63.2642 0.007553
 63.4542 0.007498
 63.6422 0.007394
 63.8203 0.007404
 63.9947 0.007448
 64.1672 0.007441
 64.3323 0.007343
 64.4936 0.007223
 64.6527 0.007374
 64.8085 0.007232
 64.9623 0.007183
 65.1133 0.007182
 65.2583 0.007324
 65.4002 0.007304
 65.5394 0.007240
 65.6807 0.007113
 65.8185 0.007136
 65.9541 0.007098
 66.0867 0.006985
 66.2180 0.006923
 66.3473 0.006856
 66.4746 0.006896
 66.6025 0.006952
 66.7273 0.007000
 66.8515 0.006975
 66.9765 0.006970
 67.0982 0.006999
 67.2203 0.007042
 67.3385 0.006990
 67.4576 0.006962
 67.5744 0.006924
 67.6900 0.006902
 67.8049 0.006841
 67.9199 0.006914
 68.0336 0.006893
 68.1461 0.006929
 68.2566 0.006930
 68.3680 0.006928
 68.4791 0.006858
 68.5874 0.006782
 68.6979 0.006773
 68.8063 0.006757
 68.9143 0.006803
 69.0225 0.006798
 69.1305 0.006758
 69.2379 0.006647
 69.3443 0.006669
 69.4505 0.006587
 69.5554 0.006533
 69.6601 0.006524
 69.7667 0.006554
 69.8726 0.006513
 69.9770 0.006489
 70.0808 0.006569
 70.1838 0.006530
 70.2879 0.006566
 70.3913 0.006615
 70.4949 0.006601
 70.5978 0.006605
 70.7018 0.006689
 70.8054 0.006710
 70.9075 0.006679
 71.0090 0.006703
 71.1108 0.006715
 71.2129 0.006702
 71.3155 0.006698
 71.4171 0.006739
 71.5206 0.006747
 71.6223 0.006790
 71.7245 0.006862
 71.8258 0.006852
 71.9284 0.006894
 72.0316 0.006896
 72.1343 0.006958
 72.2356 0.006990
 72.3370 0.006972
 72.4386 0.006942
 72.5414 0.006934
 72.6444 0.007051
 72.7462 0.006980
 72.8507 0.006978
 72.9551 0.007064
 73.0590 0.007118
 73.1615 0.007200
 73.2650 0.007214
 73.3700 0.007276
 73.4756 0.007331
 73.5811 0.007321
 73.6870 0.007360
 73.7929 0.007351
 73.8992 0.007273
 74.0067 0.007292
 74.1129 0.007345
 74.2191 0.007339
 74.3263 0.007378
 74.4352 0.007384
 74.5427 0.007388
 74.6515 0.007356
 74.7618 0.007403
 74.8700 0.007348
 74.9807 0.007376
 75.0938 0.007421
 75.2036 0.007386
 75.3147 0.007405
 75.4269 0.007391
 75.5413 0.007374
 75.6580 0.007354
 75.7730 0.007488
 75.8889 0.007550
 76.0048 0.007611
 76.1238 0.007643
 76.2421 0.007594
 76.3601 0.007618
 76.4797 0.007660
 76.6023 0.007705
 76.7242 0.007735
 76.8465 0.007779
 76.9700 0.007867
 77.0939 0.007922
 77.2189 0.007943
 77.3480 0.007908
 77.4757 0.007842
 77.6068 0.007957
 77.7402 0.007902
 77.8736 0.007952
 78.0078 0.007961
 78.1437 0.008023
 78.2801 0.008119
 78.4192 0.008225
 78.5597 0.008168
 78.7033 0.008419
 78.8480 0.008530
 78.9954 0.008686
 79.1448 0.008650
 79.2949 0.008666
 79.4483 0.008693
 79.6033 0.008687
 79.7610 0.008732
 79.9211 0.008861
 80.0858 0.008883
 80.2529 0.008975
 80.4232 0.008987
 80.5953 0.009129
 80.7705 0.009254
 80.9518 0.009282
 81.1380 0.009320
 81.3276 0.009413
 81.5197 0.009391
 81.7147 0.009509
 81.9175 0.009566
 82.1260 0.009653
 82.3379 0.009810
 82.5502 0.009903
 82.7736 0.010019
 83.0014 0.010146
 83.2402 0.010408
 83.4845 0.010537
 83.7343 0.010670
 83.9935 0.010973
 84.2627 0.011199
 84.5411 0.011304
 84.8326 0.011570
 85.1419 0.011939
 85.4622 0.012238
 85.7909 0.012529
 86.1475 0.012874
 86.5242 0.013369
 86.9209 0.013678
 87.3482 0.014045
 87.8157 0.014270
 88.3170 0.014663
 88.8640 0.015345
 89.4587 0.016298
 90.1135 0.017264
 90.8636 0.018850
 91.7505 0.020322
 92.7902 0.021810
 94.1178 0.023041
 95.9468 0.029004
 96.4109 0.031173
 96.9265 0.033029
 97.5100 0.034219
 98.1687 0.036920
 98.9467 0.040390
 99.8779 0.045341
101.0661 0.050124
102.7209 0.060973
105.4151 0.080896
108.0798 0.106653
111.3275 0.168094
113.9576 0.228532
 lm2-10-7 3 1
 50.9410 0.086081
 51.8309 0.062510
 53.1305 0.043425
 54.2303 0.033619
 55.4297 0.026301
 56.1069 0.022794
 56.6543 0.020825
 57.0913 0.019908
 57.4506 0.018314
 57.7801 0.016975
 58.0660 0.016443
 58.3161 0.015658
 58.5449 0.015356
 59.5071 0.013962
 60.2211 0.012574
 60.8072 0.011300
 61.3115 0.010724
 61.7469 0.010349
 62.1401 0.009548
 62.4986 0.009330
 62.8247 0.009057
 63.1319 0.008762
 63.4172 0.008602
 63.6879 0.008424
 63.9399 0.008306
 64.1854 0.008069
 64.4192 0.008000
 64.6422 0.007919
 64.8534 0.007760
 65.0604 0.007861
 65.2612 0.007770
 65.4539 0.007736
 65.6433 0.007651
 65.8256 0.007605
 66.0020 0.007507
 66.1755 0.007548
 66.3455 0.007508
 66.5106 0.007510
 66.6689 0.007510
 66.8278 0.007453
 66.9814 0.007595
 67.1329 0.007530
 67.2852 0.007549
 67.4322 0.007435
 67.5775 0.007447
 67.7208 0.007331
 67.8619 0.007200
 67.9992 0.007127
 68.1349 0.007056
 68.2687 0.007096
 68.4012 0.007109
 68.5335 0.007016
 68.6621 0.006935
 68.7902 0.006914
 68.9160 0.006828
 69.0399 0.006858
 69.1681 0.006931
 69.2917 0.006986
 69.4147 0.006989
 69.5352 0.006974
 69.6550 0.006847
 69.7744 0.006846
 69.8948 0.006812
 70.0100 0.006801
 70.1270 0.006725
 70.2407 0.006689
 70.3566 0.006713
 70.4702 0.006676
 70.5839 0.006630
 70.6956 0.006660
 70.8074 0.006647
 70.9188 0.006623
 71.0302 0.006618
 71.1400 0.006592
 71.2487 0.006562
 71.3580 0.006529
 71.4656 0.006470
 71.5724 0.006518
 71.6790 0.006542
 71.7862 0.006565
 71.8905 0.006578
 71.9947 0.006538
 72.1002 0.006565
 72.2072 0.006561
 72.3126 0.006577
 72.4175 0.006489
 72.5218 0.006502
 72.6287 0.006491
 72.7334 0.006506
 72.8374 0.006646
 72.9415 0.006598
 73.0465 0.006694
 73.1500 0.006760
 73.2551 0.006747
 73.3579 0.006734
 73.4625 0.006746
 73.5651 0.006761
 73.6690 0.006759
 73.7721 0.006683
 73.8769 0.006700
 73.9803 0.006713
 74.0860 0.006701
 74.1860 0.006730
 74.2898 0.006777
 74.3943 0.006769
 74.4984 0.006832
 74.6015 0.006866
 74.7064 0.006889
 74.8102 0.006817
 74.9147 0.006764
 75.0188 0.006804
 75.1233 0.006816
 75.2285 0.006870
 75.3345 0.006886
 75.4395 0.006712
 75.5442 0.006660
 75.6507 0.006806
 75.7571 0.006822
 75.8644 0.006905
 75.9720 0.006964
 76.0798 0.007108
 76.1885 0.007110
 76.2982 0.007029
 76.4075 0.007021
 76.5160 0.007019
 76.6255 0.006947
 76.7342 0.006976
 76.8459 0.006987
 76.9585 0.006997
 77.0718 0.006996
 77.1821 0.007053
 77.2961 0.007057
 77.4083 0.007108
 77.5241 0.007132
 77.6387 0.007212
 77.7549 0.007211
 77.8716 0.007142
 77.9899 0.007269
 78.1083 0.007289
 78.2258 0.007298
 78.3461 0.007278
 78.4664 0.007341
 78.5901 0.007376
 78.7132 0.007559
 78.8360 0.007659
 78.9605 0.007675
 79.0849 0.007586
 79.2119 0.007600
 79.3404 0.007632
 79.4694 0.007557
 79.6016 0.007567
 79.7346 0.007687
 79.8676 0.007769
 80.0001 0.007818
 80.1358 0.007783
 80.2713 0.007978
 80.4098 0.008005
 80.5509 0.008062
 80.6923 0.008137
 80.8344 0.008268
 80.9796 0.008356
 81.1269 0.008393
 81.2741 0.008426
 81.4263 0.008553
 81.5795 0.008568
 81.7352 0.008620
 81.8914 0.008703
 82.0531 0.008691
 82.2167 0.008747
 82.3819 0.008830
 82.5523 0.008922
 82.7258 0.008966
 82.8998 0.009145
 83.0771 0.009271
 83.2585 0.009418
 83.4417 0.009490
 83.6281 0.009607
 83.8226 0.009686
 84.0211 0.009825
 84.2226 0.009885
 84.4313 0.009957
 84.6444 0.010030
 84.8592 0.010068
 85.0855 0.010153
 85.3175 0.010503
 85.5553 0.010635
 85.8026 0.010708
 86.0581 0.010884
 86.3227 0.011029
 86.5942 0.011191
 86.8838 0.011159
 87.1852 0.011670
 87.4948 0.012134
 87.8212 0.012241
 88.1643 0.012578
 88.5271 0.012876
 88.9119 0.013353
 89.3196 0.013629
 89.7479 0.014421
 90.2110 0.015251
 90.7087 0.015752
 91.2538 0.016458
 91.8648 0.017429
 92.5452 0.018123
 93.3118 0.019487
 94.1968 0.020508
 95.2685 0.022783
 96.6248 0.024745
 98.4681 0.029563
 98.9329 0.030271
 99.4659 0.031532
100.0473 0.034262
100.7187 0.036832
101.5300 0.039232
102.4558 0.042896
103.6784 0.049230
105.3825 0.060050
108.0891 0.082859
110.6219 0.113868
114.0718 0.180280
116.6151 0.244845
lm2s-10-7 3 1
 51.6828 0.084157
 52.5881 0.060372
 53.8421 0.042999
 54.9794 0.033608
 56.1454 0.025972
 56.8739 0.022530
 57.4242 0.020938
 57.8552 0.019146
 58.2240 0.017739
 58.5375 0.017210
 58.8195 0.016234
 59.0841 0.015672
 59.3153 0.014971
 60.2638 0.013277
 60.9811 0.012189
 61.5686 0.011508
 62.0642 0.010760
 62.5022 0.010348
 62.8971 0.010193
 63.2540 0.009619
 63.5842 0.009423
 63.8931 0.009022
 64.1796 0.008772
 64.4473 0.008607
 64.7045 0.008424
 64.9501 0.008245
 65.1837 0.008305
 65.4040 0.008084
 65.6182 0.008132
 65.8274 0.008166
 66.0282 0.008024
 66.2234 0.007894
 66.4102 0.007887
 66.5926 0.007912
 66.7686 0.007893
 66.9416 0.007867
 67.1092 0.007759
 67.2753 0.007635
 67.4365 0.007615
 67.5939 0.007512
 67.7502 0.007415
 67.9005 0.007433
 68.0503 0.007314
 68.1963 0.007282
 68.3383 0.007243
 68.4809 0.007220
 68.6208 0.007205
 68.7582 0.007243
 68.8927 0.007191
 69.0263 0.007140
 69.1599 0.007210
 69.2919 0.007100
 69.4203 0.007054
 69.5486 0.007056
 69.6754 0.007007
 69.8034 0.007008
 69.9272 0.006967
 70.0518 0.006859
 70.1744 0.006849
 70.2958 0.006822
 70.4172 0.006768
 70.5345 0.006674
 70.6529 0.006676
 70.7717 0.006631
 70.8894 0.006624
 71.0025 0.006443
 71.1167 0.006427
 71.2315 0.006454
 71.3449 0.006360
 71.4555 0.006310
 71.5658 0.006221
 71.6762 0.006192
 71.7860 0.006320
 71.8956 0.006333
 72.0054 0.006378
 72.1133 0.006382
 72.2216 0.006330
 72.3299 0.006298
 72.4361 0.006350
 72.5434 0.006465
 72.6507 0.006499
 72.7564 0.006539
 72.8628 0.006523
 72.9688 0.006584
 73.0748 0.006565
 73.1800 0.006535
 73.2847 0.006536
 73.3893 0.006530
 73.4945 0.006537
 73.6000 0.006597
 73.7033 0.006607
 73.8089 0.006585
 73.9134 0.006600
 74.0166 0.006592
 74.1201 0.006694
 74.2251 0.006672
 74.3276 0.006626
 74.4307 0.006554
 74.5343 0.006536
 74.6377 0.006499
 74.7400 0.006514
 74.8437 0.006512
 74.9467 0.006547
 75.0503 0.006511
 75.1560 0.006547
 75.2595 0.006648
 75.3608 0.006718
 75.4649 0.006686
 75.5696 0.006739
 75.6745 0.006759
 75.7798 0.006690
 75.8842 0.006761
 75.9893 0.006823
 76.0960 0.006942
 76.2008 0.006988
 76.3073 0.007006
 76.4135 0.007045
 76.5175 0.007066
 76.6234 0.007039
 76.7326 0.007008
 76.8410 0.007035
 76.9492 0.007086
 77.0585 0.007082
 77.1673 0.007102
 77.2771 0.007087
 77.3870 0.007128
 77.4952 0.007131
 77.6090 0.007118
 77.7211 0.007147
 77.8337 0.007231
 77.9445 0.007265
 78.0570 0.007312
 78.1713 0.007307
 78.2869 0.007311
 78.4006 0.007429
 78.5173 0.007454
 78.6327 0.007369
 78.7493 0.007530
 78.8672 0.007626
 78.9853 0.007626
 79.1031 0.007685
 79.2247 0.007750
 79.3478 0.007677
 79.4715 0.007620
 79.5963 0.007500
 79.7223 0.007577
 79.8470 0.007681
 79.9721 0.007705
 80.0981 0.007699
 80.2269 0.007800
 80.3588 0.007854
 80.4902 0.007837
 80.6234 0.007871
 80.7576 0.007986
 80.8943 0.008079
 81.0322 0.008169
 81.1700 0.008172
 81.3111 0.008230
 81.4529 0.008273
 81.5956 0.008384
 81.7409 0.008412
 81.8888 0.008485
 82.0391 0.008435
 82.1903 0.008435
 82.3425 0.008427
 82.4973 0.008337
 82.6532 0.008592
 82.8159 0.008687
 82.9769 0.008839
 83.1406 0.009002
 83.3085 0.009083
 83.4805 0.009092
 83.6545 0.008984
 83.8295 0.009186
 84.0139 0.009261
 84.2023 0.009321
 84.3905 0.009572
 84.5801 0.009578
 84.7777 0.009774
 84.9804 0.009884
 85.1900 0.009863
 85.4039 0.010072
 85.6230 0.010150
 85.8482 0.010235
 86.0776 0.010517
 86.3169 0.010814
 86.5630 0.010965
 86.8169 0.011114
 87.0868 0.011328
 87.3665 0.011625
 87.6447 0.011664
 87.9475 0.011782
 88.2569 0.012244
 88.5868 0.012430
 88.9308 0.012875
 89.2909 0.013219
 89.6744 0.013396
 90.0728 0.013891
 90.5087 0.014388
 90.9669 0.014934
 91.4655 0.015627
 92.0170 0.016480
 92.6267 0.017025
 93.3056 0.018172
 94.0630 0.019412
 94.9549 0.021057
 96.0361 0.022430
 97.3697 0.024446
 99.2162 0.028530
 99.6865 0.029582
100.1874 0.031160
100.7848 0.034449
101.4703 0.037628
102.2473 0.039745
103.2019 0.043015
104.4651 0.051271
106.1574 0.060273
108.7954 0.082471
111.4011 0.110347
114.9009 0.178411
117.3412 0.246558
 tr0-10-7 3 1
247.7917 0.248212
251.3831 0.195840
256.5257 0.131318
260.7802 0.094769
265.0769 0.071369
267.7306 0.060456
269.7656 0.057143
271.3348 0.052833
272.6690 0.051098
273.7901 0.048284
274.8121 0.046227
275.7658 0.043435
276.6075 0.042311
279.9468 0.036114
282.4816 0.033556
284.5127 0.030716
286.2072 0.029144
287.6974 0.027077
289.0575 0.024940
290.2767 0.023897
291.3849 0.023622
292.4116 0.022550
293.3733 0.022281
294.2726 0.021625
295.1286 0.021945
295.9341 0.022158
296.7041 0.022254
297.4407 0.021832
298.1520 0.021382
298.8273 0.021006
299.4859 0.020938
300.1175 0.020813
300.7269 0.020539
301.3131 0.020022
301.8911 0.019701
302.4481 0.019326
302.9912 0.019386
303.5179 0.019500
304.0421 0.019186
304.5427 0.019028
305.0386 0.019074
305.5238 0.018975
305.9946 0.018846
306.4593 0.018708
306.9107 0.018477
307.3623 0.018301
307.8035 0.017997
308.2442 0.017805
308.6757 0.017687
309.0975 0.017594
309.5092 0.017579
309.9180 0.017514
310.3200 0.017502
310.7207 0.017153
311.1072 0.017244
311.4959 0.017126
311.8806 0.016784
312.2596 0.016576
312.6356 0.016250
313.0049 0.016281
313.3726 0.016079
313.7403 0.016121
314.1040 0.016060
314.4591 0.016159
314.8127 0.016209
315.1630 0.016366
315.5095 0.016325
315.8531 0.016201
316.1966 0.016206
316.5378 0.016201
316.8800 0.015994
317.2149 0.015961
317.5492 0.016036
317.8821 0.016095
318.2109 0.016261
318.5375 0.016183
318.8625 0.016065
319.1861 0.016057
319.5090 0.016006
319.8289 0.016037
320.1488 0.016137
320.4658 0.015934
320.7818 0.015754
321.0947 0.015706
321.4122 0.015684
321.7229 0.015750
322.0355 0.015810
322.3466 0.015679
322.6533 0.015646
322.9681 0.015586
323.2815 0.015634
323.5884 0.015449
323.8930 0.015377
324.1993 0.015393
324.5073 0.015231
324.8174 0.015107
325.1199 0.015009
325.4281 0.015052
325.7304 0.015026
326.0356 0.015096
326.3384 0.014909
326.6421 0.015004
326.9432 0.015074
327.2458 0.015288
327.5486 0.015171
327.8515 0.015149
328.1540 0.015236
328.4592 0.015117
328.7616 0.015088
329.0632 0.015145
329.3662 0.014884
329.6660 0.014909
329.9694 0.014870
330.2735 0.014932
330.5796 0.015005
330.8880 0.014961
331.1920 0.014838
331.4978 0.014826
331.8009 0.014684
332.1073 0.014685
332.4155 0.014661
332.7270 0.014847
333.0373 0.014988
333.3401 0.014982
333.6506 0.015124
333.9615 0.015133
334.2754 0.015098
334.5918 0.014808
334.9058 0.014836
335.2211 0.014788
335.5342 0.014948
335.8505 0.015333
336.1642 0.015361
336.4863 0.015436
336.8056 0.015488
337.1318 0.015490
337.4507 0.015487
337.7733 0.015629
338.1000 0.015588
338.4297 0.015581
338.7618 0.015469
339.0932 0.015557
339.4258 0.015604
339.7665 0.015656
340.1020 0.015875
340.4440 0.015906
340.7910 0.016256
341.1411 0.016358
341.4942 0.016390
341.8471 0.016572
342.2055 0.016852
342.5661 0.016840
342.9232 0.016834
343.2862 0.016879
343.6602 0.016905
344.0324 0.017136
344.4116 0.017306
344.7893 0.017426
345.1769 0.017563
345.5608 0.017769
345.9487 0.017770
346.3430 0.017628
346.7438 0.017682
347.1519 0.017544
347.5576 0.017725
347.9727 0.017866
348.3946 0.018292
348.8221 0.018404
349.2566 0.018354
349.6986 0.018353
350.1443 0.018561
350.6016 0.018391
351.0670 0.018469
351.5370 0.018651
352.0163 0.018588
352.4939 0.018582
352.9931 0.018512
353.5122 0.018698
354.0323 0.019116
354.5616 0.019490
355.1021 0.019660
355.6552 0.019947
356.2215 0.020110
356.8058 0.020345
357.3985 0.020303
358.0159 0.020352
358.6496 0.020861
359.2989 0.021113
359.9635 0.021806
360.6565 0.021837
361.3870 0.022635
362.1317 0.023128
362.9156 0.022804
363.7348 0.023148
364.5853 0.023824
365.4684 0.024074
366.4095 0.024645
367.4129 0.025352
368.4656 0.026482
369.6056 0.027354
370.8329 0.028122
372.1572 0.029367
373.6436 0.030841
375.2604 0.032734
377.0951 0.034315
379.2066 0.035617
381.7390 0.038889
384.8735 0.044650
389.0973 0.050701
390.1910 0.054863
391.3808 0.057698
392.6720 0.060945
394.2007 0.065166
395.9862 0.070477
398.1392 0.077205
400.7986 0.085394
404.4461 0.100030
410.2643 0.138420
415.9809 0.184243
423.1566 0.277801
428.5422 0.388127
 tr1-10-7 3 1
265.5330 0.270729
269.4843 0.198845
274.7128 0.140656
278.8256 0.097530
283.1926 0.079399
285.9591 0.065804
288.0261 0.058579
289.6933 0.054291
291.0781 0.049878
292.2499 0.046180
293.2965 0.042971
294.2452 0.041213
295.0934 0.040638
298.5650 0.035861
301.1395 0.033137
303.2639 0.030039
305.0253 0.028455
306.5679 0.026675
307.9308 0.026064
309.1767 0.025925
310.3244 0.025717
311.3846 0.024592
312.3723 0.023784
313.2989 0.023151
314.1826 0.022515
315.0135 0.022286
315.7997 0.021871
316.5577 0.021505
317.2801 0.021325
317.9712 0.021121
318.6454 0.020853
319.2949 0.020781
319.9239 0.020493
320.5346 0.020050
321.1278 0.019847
321.7080 0.019580
322.2712 0.019344
322.8178 0.019275
323.3504 0.019084
323.8752 0.018928
324.3844 0.018911
324.8788 0.018541
325.3687 0.018697
325.8451 0.018612
326.3134 0.018457
326.7714 0.018164
327.2243 0.018104
327.6729 0.017790
328.1111 0.017761
328.5441 0.017652
328.9672 0.017551
329.3846 0.017377
329.7948 0.017339
330.2007 0.017359
330.6024 0.017486
331.0029 0.017333
331.3975 0.017206
331.7915 0.016979
332.1710 0.016883
332.5511 0.016865
332.9295 0.016670
333.3059 0.016444
333.6747 0.016148
334.0411 0.015912
334.4052 0.015760
334.7656 0.015918
335.1276 0.015961
335.4858 0.015942
335.8365 0.016068
336.1869 0.015895
336.5325 0.015892
336.8781 0.015819
337.2201 0.015613
337.5608 0.015556
337.9008 0.015622
338.2331 0.015736
338.5702 0.015804
338.9042 0.015550
339.2344 0.015588
339.5619 0.015730
339.8897 0.015765
340.2197 0.015608
340.5467 0.015774
340.8727 0.015832
341.1934 0.016000
341.5158 0.016107
341.8363 0.015999
342.1556 0.016208
342.4754 0.016306
342.7962 0.016265
343.1142 0.016241
343.4313 0.016259
343.7447 0.016059
344.0620 0.016200
344.3766 0.016416
344.6927 0.016377
345.0076 0.016540
345.3210 0.016757
345.6337 0.016563
345.9516 0.016609
346.2668 0.016883
346.5767 0.016675
346.8868 0.016690
347.1978 0.016841
347.5104 0.016682
347.8182 0.016672
348.1273 0.016968
348.4380 0.016900
348.7450 0.016774
349.0562 0.016705
349.3668 0.016492
349.6779 0.016296
349.9901 0.016304
350.3001 0.016246
350.6110 0.016476
350.9217 0.016297
351.2345 0.016180
351.5425 0.016122
351.8551 0.016225
352.1633 0.016215
352.4786 0.016138
352.7940 0.016171
353.1163 0.016280
353.4356 0.016193
353.7507 0.016315
354.0750 0.016236
354.3927 0.016099
354.7162 0.016152
355.0395 0.016198
355.3657 0.016104
355.6905 0.016112
356.0151 0.016120
356.3390 0.016211
356.6664 0.016100
356.9958 0.016173
357.3273 0.016068
357.6611 0.016044
357.9939 0.016351
358.3310 0.016106
358.6676 0.015978
359.0066 0.016142
359.3501 0.016142
359.6928 0.016031
360.0377 0.016210
360.3852 0.016366
360.7381 0.016462
361.0920 0.016537
361.4487 0.016456
361.8110 0.016619
362.1746 0.016854
362.5378 0.016723
362.9032 0.016852
363.2748 0.016844
363.6506 0.016834
364.0224 0.017020
364.4107 0.017174
364.7923 0.017158
365.1795 0.017321
365.5691 0.017325
365.9697 0.017551
366.3726 0.017741
366.7813 0.017827
367.1922 0.017866
367.6055 0.017744
368.0262 0.017930
368.4537 0.018040
368.8915 0.018316
369.3283 0.018300
369.7707 0.018380
370.2219 0.018370
370.6791 0.018454
371.1499 0.018666
371.6269 0.018901
372.1127 0.019251
372.6052 0.019499
373.1062 0.019719
373.6137 0.019773
374.1357 0.020116
374.6681 0.020464
375.2125 0.020480
375.7643 0.020717
376.3306 0.020742
376.9179 0.021104
377.5157 0.021255
378.1255 0.021582
378.7552 0.021491
379.4007 0.022059
380.0664 0.021954
380.7528 0.022173
381.4649 0.022460
382.1995 0.022368
382.9655 0.022695
383.7646 0.023421
384.5948 0.024220
385.4756 0.024734
386.3899 0.025327
387.3670 0.026315
388.3855 0.027453
389.4774 0.028731
390.6457 0.029903
391.8927 0.030586
393.2427 0.031116
394.7231 0.031650
396.3807 0.032903
398.2541 0.034647
400.3875 0.037447
402.9413 0.040037
406.1523 0.044221
410.5077 0.052070
411.5870 0.054225
412.8189 0.058169
414.1829 0.060172
415.6999 0.064464
417.4963 0.071470
419.6978 0.080154
422.3514 0.090979
426.0858 0.107818
432.1511 0.138972
437.7938 0.189935
445.6165 0.281449
451.1805 0.385775
tr1s-10-7 3 1
275.1826 0.271368
278.9376 0.201278
284.3180 0.140724
288.5061 0.099090
292.9851 0.077496
295.7920 0.064874
297.7809 0.059303
299.4627 0.054777
300.8551 0.051179
302.0790 0.049299
303.1490 0.047622
304.1162 0.044302
304.9777 0.043074
308.4195 0.035549
311.0245 0.032002
313.1038 0.030923
314.8868 0.028454
316.4437 0.027051
317.8192 0.025924
319.0670 0.024769
320.2199 0.024893
321.2888 0.024672
322.2779 0.024167
323.2155 0.023233
324.0924 0.023107
324.9211 0.022478
325.7242 0.022289
326.4800 0.021925
327.2068 0.021635
327.9021 0.021076
328.5768 0.020710
329.2299 0.020293
329.8555 0.019746
330.4722 0.019478
331.0640 0.019186
331.6373 0.019103
332.1894 0.018875
332.7374 0.019021
333.2779 0.019163
333.8009 0.019051
334.3119 0.018847
334.8132 0.018677
335.3060 0.018474
335.7836 0.018297
336.2546 0.018303
336.7178 0.018340
337.1720 0.018115
337.6162 0.017981
338.0604 0.017799
338.4954 0.017599
338.9180 0.017599
339.3402 0.017514
339.7509 0.017344
340.1646 0.017314
340.5670 0.017330
340.9686 0.017022
341.3648 0.016932
341.7561 0.016813
342.1382 0.016654
342.5236 0.016538
342.9014 0.016510
343.2792 0.016364
343.6515 0.016316
344.0199 0.016352
344.3838 0.016183
344.7499 0.016013
345.1092 0.016067
345.4627 0.016050
345.8162 0.016123
346.1673 0.016140
346.5130 0.016180
346.8579 0.016125
347.2060 0.016161
347.5477 0.016334
347.8864 0.016156
348.2247 0.016212
348.5571 0.016074
348.8880 0.016100
349.2213 0.016071
349.5524 0.016078
349.8767 0.016025
350.2076 0.016321
350.5318 0.016326
350.8531 0.016182
351.1782 0.016186
351.5042 0.016033
351.8270 0.016020
352.1487 0.016161
352.4707 0.016074
352.7955 0.016182
353.1174 0.016088
353.4348 0.016272
353.7515 0.016422
354.0628 0.016494
354.3761 0.016518
354.6890 0.016556
355.0016 0.016636
355.3144 0.016478
355.6293 0.016305
355.9397 0.016184
356.2515 0.016203
356.5643 0.016021
356.8770 0.015975
357.1848 0.015903
357.4993 0.015842
357.8093 0.015927
358.1176 0.015974
358.4281 0.016001
358.7400 0.016215
359.0499 0.016242
359.3585 0.016383
359.6744 0.016526
359.9882 0.016743
360.3016 0.016637
360.6138 0.016653
360.9240 0.016679
361.2357 0.016622
361.5497 0.016564
361.8683 0.016468
362.1813 0.016552
362.4944 0.016676
362.8130 0.016667
363.1320 0.016442
363.4475 0.016498
363.7641 0.016600
364.0804 0.016567
364.4012 0.016730
364.7227 0.016755
365.0470 0.016758
365.3726 0.016544
365.6976 0.016408
366.0200 0.016371
366.3477 0.016413
366.6768 0.016452
367.0124 0.016384
367.3437 0.016305
367.6740 0.016115
368.0095 0.016167
368.3488 0.016248
368.6926 0.016207
369.0365 0.016277
369.3813 0.016484
369.7252 0.016301
370.0688 0.016621
370.4181 0.016529
370.7750 0.016689
371.1294 0.016723
371.4869 0.016643
371.8456 0.016622
372.2034 0.016541
372.5689 0.016608
372.9390 0.016607
373.3119 0.016531
373.6866 0.016660
374.0635 0.016871
374.4434 0.016776
374.8329 0.016708
375.2208 0.016742
375.6134 0.016880
376.0117 0.017005
376.4124 0.017315
376.8237 0.017575
377.2347 0.017506
377.6555 0.017556
378.0837 0.017737
378.5131 0.017871
378.9470 0.017691
379.3856 0.017956
379.8326 0.018116
380.2854 0.018275
380.7413 0.018721
381.2138 0.019011
381.6869 0.019273
382.1684 0.019334
382.6567 0.019573
383.1599 0.020022
383.6617 0.020245
384.1766 0.020149
384.7196 0.020452
385.2604 0.020496
385.8180 0.020994
386.3763 0.021558
386.9584 0.021456
387.5561 0.021538
388.1770 0.021692
388.8075 0.021714
389.4545 0.021626
390.1218 0.022201
390.8115 0.022447
391.5271 0.022762
392.2611 0.023243
393.0350 0.023261
393.8362 0.024024
394.6744 0.024548
395.5457 0.025000
396.4515 0.026099
397.4245 0.027031
398.4483 0.027997
399.5375 0.028659
400.7023 0.028667
401.9598 0.029810
403.3388 0.030273
404.8306 0.030656
406.4860 0.032706
408.3476 0.034521
410.5285 0.036180
413.1239 0.039584
416.3240 0.046144
420.6564 0.053615
421.7399 0.055387
422.9290 0.058286
424.3135 0.061881
425.8552 0.065312
427.6269 0.071597
429.7740 0.079163
432.5846 0.092168
436.3248 0.106752
442.3831 0.135171
448.0700 0.183391
455.6628 0.287460
461.1843 0.394982
 tr2-10-7 3 1
284.0352 0.255869
287.8574 0.195302
293.1175 0.133970
297.5599 0.104492
302.0673 0.078844
304.8409 0.069119
306.9690 0.061715
308.6849 0.057464
310.0770 0.052808
311.3373 0.048663
312.4011 0.045900
313.3924 0.044960
314.2786 0.043842
317.8053 0.038743
320.4336 0.034500
322.5535 0.031131
324.3602 0.029286
325.9531 0.027050
327.3742 0.026245
328.6677 0.025297
329.8555 0.024013
330.9611 0.022761
331.9731 0.021663
332.9158 0.021737
333.8104 0.021591
334.6699 0.020818
335.4835 0.020614
336.2587 0.020014
337.0010 0.019612
337.7201 0.019295
338.4074 0.019082
339.0778 0.019165
339.7221 0.019296
340.3467 0.018988
340.9573 0.018508
341.5409 0.018083
342.1202 0.017510
342.6843 0.017397
343.2259 0.017155
343.7573 0.017011
344.2810 0.016822
344.7908 0.016531
345.2901 0.016374
345.7792 0.016425
346.2556 0.016609
346.7310 0.016367
347.2033 0.016554
347.6647 0.016512
348.1165 0.016508
348.5531 0.016536
348.9907 0.016522
349.4224 0.016523
349.8427 0.016467
350.2596 0.016562
350.6754 0.016535
351.0842 0.016524
351.4901 0.016745
351.8917 0.016723
352.2840 0.016819
352.6756 0.016600
353.0659 0.016625
353.4522 0.016328
353.8265 0.016456
354.2066 0.016623
354.5788 0.016707
354.9523 0.016640
355.3203 0.016739
355.6857 0.016629
356.0504 0.016655
356.4075 0.016809
356.7687 0.016929
357.1206 0.016673
357.4728 0.016581
357.8222 0.016635
358.1707 0.016700
358.5142 0.016598
358.8565 0.016465
359.1951 0.016374
359.5344 0.016494
359.8715 0.016744
360.2048 0.016666
360.5437 0.016434
360.8783 0.016379
361.2081 0.016437
361.5427 0.016529
361.8752 0.016396
362.2034 0.016347
362.5314 0.016328
362.8581 0.016099
363.1793 0.016299
363.5028 0.016278
363.8271 0.016217
364.1504 0.016159
364.4741 0.016266
364.7917 0.016231
365.1095 0.016148
365.4243 0.015921
365.7434 0.015848
366.0639 0.015834
366.3872 0.015661
366.7083 0.015450
367.0262 0.015431
367.3441 0.015362
367.6633 0.015311
367.9814 0.015101
368.3018 0.014985
368.6211 0.014975
368.9437 0.015116
369.2591 0.015070
369.5757 0.015154
369.8937 0.015077
370.2108 0.015142
370.5352 0.015268
370.8553 0.015234
371.1738 0.015302
371.4937 0.015415
371.8136 0.015484
372.1369 0.015781
372.4568 0.015777
372.7742 0.015669
373.0972 0.015770
373.4236 0.015890
373.7467 0.016028
374.0702 0.016120
374.3997 0.015886
374.7264 0.015939
375.0546 0.016031
375.3831 0.016203
375.7114 0.016241
376.0414 0.016387
376.3803 0.016358
376.7126 0.016239
377.0474 0.016327
377.3904 0.016393
377.7332 0.016329
378.0729 0.016392
378.4160 0.016539
378.7628 0.016768
379.1060 0.016513
379.4520 0.016554
379.8005 0.016337
380.1546 0.016262
380.5017 0.016194
380.8564 0.016006
381.2112 0.016290
381.5673 0.016285
381.9305 0.016261
382.2952 0.016241
382.6616 0.016433
383.0330 0.016164
383.4070 0.016541
383.7825 0.016897
384.1625 0.016989
384.5436 0.017115
384.9273 0.017297
385.3195 0.017289
385.7136 0.017444
386.1105 0.017371
386.5084 0.017617
386.9137 0.017782
387.3275 0.017830
387.7486 0.018010
388.1693 0.018042
388.5961 0.018343
389.0310 0.018457
389.4650 0.018597
389.9111 0.018723
390.3612 0.018775
390.8192 0.018996
391.2798 0.019395
391.7482 0.019521
392.2248 0.019714
392.7108 0.019690
393.2010 0.019925
393.6982 0.019906
394.2117 0.020049
394.7387 0.020326
395.2719 0.020593
395.8155 0.021047
396.3738 0.021180
396.9449 0.021339
397.5249 0.021072
398.1120 0.021109
398.7193 0.021301
399.3493 0.021654
399.9989 0.022269
400.6602 0.022349
401.3407 0.022644
402.0456 0.023070
402.7651 0.023357
403.5254 0.024012
404.3164 0.024495
405.1339 0.024722
405.9879 0.024917
406.8844 0.025751
407.8279 0.026301
408.8176 0.026761
409.8716 0.027398
411.0074 0.028331
412.1829 0.028402
413.4691 0.029769
414.8608 0.030742
416.3866 0.032296
418.0913 0.034406
419.9895 0.036848
422.2225 0.039882
424.8710 0.042734
428.1336 0.046655
432.5464 0.052589
433.6596 0.054907
434.8528 0.058711
436.2779 0.062010
437.8458 0.065912
439.7042 0.073791
441.9000 0.081653
444.6712 0.090926
448.4064 0.105859
454.6139 0.140931
460.4789 0.188663
468.0196 0.297798
473.3060 0.412628
tr2s-10-7 3 1
293.8666 0.260732
297.7809 0.198403
303.0012 0.137289
307.3631 0.102504
311.9779 0.080549
314.7868 0.068627
316.9009 0.060818
318.6206 0.056153
320.0459 0.053417
321.2698 0.050207
322.3481 0.048223
323.3154 0.046073
324.2198 0.045059
327.7324 0.038511
330.3815 0.034666
332.5405 0.031350
334.3712 0.028630
335.9480 0.027449
337.3605 0.026384
338.6453 0.024881
339.8253 0.023761
340.9204 0.022834
341.9360 0.022003
342.8923 0.021438
343.7911 0.021416
344.6447 0.020885
345.4605 0.020993
346.2298 0.020672
346.9798 0.020710
347.6943 0.020315
348.3868 0.019790
349.0514 0.019614
349.6957 0.019115
350.3224 0.018994
350.9265 0.018787
351.5253 0.018423
352.1009 0.018192
352.6640 0.018228
353.2019 0.017983
353.7334 0.017705
354.2511 0.017483
354.7576 0.017384
355.2653 0.017280
355.7594 0.017532
356.2417 0.017206
356.7145 0.017245
357.1833 0.017099
357.6419 0.017170
358.0930 0.017088
358.5341 0.016914
358.9759 0.017084
359.4096 0.017284
359.8283 0.017248
360.2473 0.017344
360.6621 0.017142
361.0738 0.016962
361.4823 0.016788
361.8829 0.016842
362.2790 0.016758
362.6683 0.016807
363.0514 0.016845
363.4402 0.016789
363.8240 0.016779
364.2063 0.016778
364.5782 0.016688
364.9481 0.016499
365.3165 0.016586
365.6847 0.016522
366.0454 0.016542
366.4047 0.016613
366.7577 0.016563
367.1156 0.016447
367.4688 0.016365
367.8218 0.016644
368.1693 0.016706
368.5127 0.016406
368.8550 0.016409
369.1948 0.016205
369.5353 0.016255
369.8676 0.016300
370.2044 0.016100
370.5417 0.016323
370.8744 0.016252
371.2072 0.016233
371.5404 0.016144
371.8654 0.016218
372.1995 0.016116
372.5268 0.015930
372.8531 0.015976
373.1813 0.016035
373.5011 0.015977
373.8244 0.015903
374.1510 0.015741
374.4772 0.015498
374.7970 0.015732
375.1192 0.015784
375.4459 0.015657
375.7646 0.015478
376.0864 0.015288
376.4049 0.015251
376.7227 0.015143
377.0399 0.015000
377.3575 0.014906
377.6781 0.014831
377.9961 0.014717
378.3116 0.014759
378.6252 0.014671
378.9462 0.014819
379.2651 0.014822
379.5841 0.014886
379.9003 0.014911
380.2211 0.015190
380.5380 0.015287
380.8568 0.015247
381.1731 0.015276
381.4922 0.015499
381.8112 0.015583
382.1317 0.015733
382.4535 0.015860
382.7748 0.015824
383.1009 0.016053
383.4238 0.016217
383.7491 0.016238
384.0775 0.016325
384.4044 0.016325
384.7299 0.016392
385.0566 0.016399
385.3875 0.016447
385.7209 0.016438
386.0523 0.016297
386.3843 0.016235
386.7187 0.016459
387.0564 0.016471
387.3915 0.016719
387.7291 0.016740
388.0671 0.016854
388.4108 0.017026
388.7501 0.017075
389.0964 0.017072
389.4440 0.017072
389.7928 0.017111
390.1440 0.016952
390.4939 0.017035
390.8439 0.017132
391.1983 0.017245
391.5579 0.017132
391.9225 0.017102
392.2876 0.017279
392.6542 0.017408
393.0317 0.017366
393.4046 0.017372
393.7852 0.017408
394.1671 0.017334
394.5541 0.017607
394.9388 0.017775
395.3293 0.017871
395.7259 0.017644
396.1275 0.017732
396.5260 0.017832
396.9381 0.017972
397.3492 0.018235
397.7692 0.018259
398.1856 0.018343
398.6121 0.018571
399.0468 0.018742
399.4866 0.018852
399.9301 0.019048
400.3821 0.019191
400.8395 0.019142
401.2980 0.019331
401.7719 0.019440
402.2481 0.019682
402.7337 0.019670
403.2248 0.019680
403.7237 0.020037
404.2371 0.020033
404.7533 0.020601
405.2865 0.020846
405.8298 0.020762
406.3867 0.020737
406.9501 0.020654
407.5305 0.021039
408.1231 0.021354
408.7337 0.021138
409.3526 0.021424
409.9917 0.021721
410.6586 0.022176
411.3377 0.022683
412.0352 0.023424
412.7703 0.023960
413.5279 0.023940
414.3081 0.024164
415.1260 0.024563
415.9814 0.024683
416.8890 0.025626
417.8381 0.026080
418.8228 0.025968
419.8806 0.026756
421.0009 0.027460
422.1879 0.028122
423.4665 0.029057
424.8784 0.030258
426.4249 0.031753
428.1352 0.034032
430.0615 0.037092
432.2912 0.040439
434.9036 0.042743
438.2024 0.047305
442.6477 0.051904
443.7353 0.054593
444.9737 0.056639
446.3306 0.058892
447.9192 0.064305
449.7479 0.068065
451.9460 0.074305
454.6638 0.086935
458.4244 0.105125
464.7195 0.139670
470.7542 0.187679
478.1931 0.292654
483.6827 0.421550
