Copyright (C) 1998 James G. MacKinnon, Alfred A. Haug, and Leo Michelis.
 lm0-05-6 3 1
 19.4894 0.045771
 20.1549 0.034242
 21.0643 0.024179
 21.8363 0.019035
 22.6610 0.015043
 23.1817 0.013258
 23.5648 0.011599
 23.8765 0.011026
 24.1495 0.010403
 24.3789 0.009827
 24.5919 0.009516
 24.7813 0.009296
 24.9466 0.008967
 25.6363 0.008094
 26.1659 0.007292
 26.6022 0.006730
 26.9739 0.006473
 27.3032 0.006130
 27.5972 0.005841
 27.8638 0.005591
 28.1113 0.005280
 28.3402 0.005195
 28.5573 0.005132
 28.7613 0.005024
 28.9554 0.004979
 29.1409 0.004934
 29.3154 0.004876
 29.4840 0.004956
 29.6470 0.004914
 29.8039 0.004849
 29.9553 0.004650
 30.1022 0.004548
 30.2464 0.004496
 30.3858 0.004402
 30.5213 0.004429
 30.6540 0.004393
 30.7838 0.004367
 30.9114 0.004417
 31.0351 0.004373
 31.1559 0.004358
 31.2747 0.004386
 31.3914 0.004402
 31.5054 0.004413
 31.6166 0.004419
 31.7284 0.004440
 31.8382 0.004446
 31.9450 0.004421
 32.0495 0.004388
 32.1545 0.004338
 32.2584 0.004367
 32.3610 0.004375
 32.4625 0.004327
 32.5622 0.004318
 32.6618 0.004330
 32.7588 0.004337
 32.8550 0.004366
 32.9502 0.004387
 33.0448 0.004389
 33.1382 0.004358
 33.2311 0.004360
 33.3242 0.004350
 33.4159 0.004348
 33.5065 0.004331
 33.5964 0.004332
 33.6853 0.004388
 33.7744 0.004417
 33.8637 0.004420
 33.9526 0.004413
 34.0395 0.004391
 34.1260 0.004416
 34.2133 0.004394
 34.3002 0.004372
 34.3854 0.004420
 34.4708 0.004423
 34.5560 0.004440
 34.6413 0.004412
 34.7263 0.004404
 34.8103 0.004371
 34.8938 0.004362
 34.9772 0.004376
 35.0616 0.004387
 35.1459 0.004440
 35.2293 0.004435
 35.3119 0.004380
 35.3946 0.004393
 35.4775 0.004422
 35.5597 0.004411
 35.6432 0.004450
 35.7243 0.004447
 35.8055 0.004432
 35.8866 0.004414
 35.9686 0.004396
 36.0505 0.004393
 36.1321 0.004397
 36.2139 0.004435
 36.2958 0.004427
 36.3788 0.004479
 36.4608 0.004514
 36.5422 0.004544
 36.6232 0.004572
 36.7055 0.004530
 36.7876 0.004585
 36.8693 0.004568
 36.9517 0.004575
 37.0341 0.004530
 37.1170 0.004535
 37.1999 0.004568
 37.2827 0.004579
 37.3650 0.004652
 37.4469 0.004690
 37.5298 0.004706
 37.6128 0.004725
 37.6951 0.004730
 37.7784 0.004705
 37.8629 0.004707
 37.9472 0.004675
 38.0321 0.004741
 38.1170 0.004741
 38.2015 0.004749
 38.2853 0.004719
 38.3709 0.004749
 38.4569 0.004731
 38.5436 0.004746
 38.6292 0.004802
 38.7157 0.004788
 38.8032 0.004787
 38.8905 0.004774
 38.9786 0.004812
 39.0671 0.004815
 39.1566 0.004813
 39.2458 0.004792
 39.3367 0.004822
 39.4277 0.004837
 39.5182 0.004802
 39.6104 0.004793
 39.7027 0.004790
 39.7964 0.004850
 39.8900 0.004875
 39.9834 0.004881
 40.0774 0.004871
 40.1741 0.004884
 40.2714 0.004870
 40.3690 0.004853
 40.4669 0.004864
 40.5650 0.004901
 40.6641 0.004886
 40.7646 0.004891
 40.8660 0.004925
 40.9685 0.004933
 41.0714 0.004989
 41.1749 0.004993
 41.2814 0.005014
 41.3884 0.004997
 41.4969 0.004953
 41.6071 0.004990
 41.7169 0.005122
 41.8278 0.005228
 41.9394 0.005228
 42.0544 0.005304
 42.1702 0.005301
 42.2872 0.005320
 42.4049 0.005327
 42.5252 0.005373
 42.6489 0.005430
 42.7733 0.005538
 42.9000 0.005625
 43.0289 0.005672
 43.1568 0.005630
 43.2873 0.005674
 43.4219 0.005617
 43.5589 0.005670
 43.6979 0.005784
 43.8393 0.005908
 43.9840 0.006013
 44.1334 0.006107
 44.2857 0.006125
 44.4403 0.006214
 44.5981 0.006415
 44.7596 0.006422
 44.9258 0.006599
 45.0953 0.006650
 45.2698 0.006757
 45.4468 0.006775
 45.6302 0.006869
 45.8169 0.006871
 46.0116 0.007011
 46.2141 0.007182
 46.4237 0.007456
 46.6379 0.007627
 46.8618 0.007820
 47.0936 0.007784
 47.3375 0.007902
 47.5893 0.007947
 47.8545 0.008149
 48.1356 0.008518
 48.4318 0.008804
 48.7429 0.009200
 49.0749 0.009562
 49.4285 0.009774
 49.8094 0.009937
 50.2209 0.010024
 50.6714 0.010695
 51.1722 0.010981
 51.7284 0.011500
 52.3576 0.012014
 53.0974 0.012912
 53.9845 0.014765
 55.1119 0.016271
 56.6568 0.019870
 57.0426 0.020354
 57.4727 0.021728
 57.9555 0.022865
 58.5072 0.024161
 59.1801 0.026227
 59.9836 0.029334
 60.9894 0.033901
 62.3911 0.042014
 64.6871 0.057200
 66.9530 0.076774
 70.0066 0.111552
 72.0813 0.157758
 lm1-05-6 3 1
 21.5545 0.049005
 22.2369 0.037346
 23.1661 0.026409
 23.9555 0.019932
 24.8205 0.014576
 25.3549 0.012625
 25.7662 0.012061
 26.0987 0.011295
 26.3790 0.010717
 26.6288 0.010235
 26.8497 0.009320
 27.0463 0.008854
 27.2215 0.008634
 27.9503 0.007924
 28.5000 0.007197
 28.9505 0.006901
 29.3410 0.006486
 29.6812 0.005971
 29.9911 0.005811
 30.2700 0.005661
 30.5260 0.005529
 30.7643 0.005362
 30.9859 0.005347
 31.1966 0.005227
 31.3969 0.005090
 31.5879 0.005106
 31.7715 0.005060
 31.9455 0.004956
 32.1147 0.004927
 32.2767 0.004990
 32.4330 0.004830
 32.5838 0.004872
 32.7295 0.004829
 32.8740 0.004792
 33.0152 0.004776
 33.1527 0.004708
 33.2864 0.004677
 33.4167 0.004556
 33.5435 0.004550
 33.6699 0.004544
 33.7925 0.004579
 33.9123 0.004581
 34.0299 0.004562
 34.1450 0.004553
 34.2584 0.004639
 34.3725 0.004636
 34.4840 0.004643
 34.5931 0.004621
 34.7014 0.004593
 34.8090 0.004575
 34.9158 0.004564
 35.0201 0.004538
 35.1239 0.004523
 35.2261 0.004517
 35.3272 0.004530
 35.4268 0.004581
 35.5259 0.004657
 35.6244 0.004595
 35.7212 0.004551
 35.8172 0.004606
 35.9127 0.004639
 36.0073 0.004588
 36.1006 0.004587
 36.1935 0.004591
 36.2865 0.004554
 36.3793 0.004466
 36.4711 0.004464
 36.5623 0.004474
 36.6528 0.004422
 36.7430 0.004414
 36.8326 0.004412
 36.9215 0.004421
 37.0103 0.004380
 37.0980 0.004365
 37.1855 0.004345
 37.2742 0.004327
 37.3621 0.004325
 37.4482 0.004358
 37.5351 0.004408
 37.6203 0.004420
 37.7063 0.004416
 37.7924 0.004453
 37.8773 0.004450
 37.9625 0.004471
 38.0475 0.004480
 38.1324 0.004515
 38.2165 0.004492
 38.3017 0.004502
 38.3864 0.004484
 38.4710 0.004499
 38.5556 0.004514
 38.6401 0.004527
 38.7245 0.004550
 38.8088 0.004492
 38.8918 0.004510
 38.9751 0.004557
 39.0595 0.004516
 39.1438 0.004511
 39.2279 0.004514
 39.3123 0.004575
 39.3975 0.004601
 39.4822 0.004615
 39.5667 0.004542
 39.6515 0.004504
 39.7367 0.004542
 39.8212 0.004499
 39.9053 0.004478
 39.9901 0.004464
 40.0751 0.004421
 40.1607 0.004432
 40.2469 0.004473
 40.3322 0.004521
 40.4186 0.004502
 40.5046 0.004546
 40.5897 0.004536
 40.6763 0.004458
 40.7629 0.004457
 40.8498 0.004451
 40.9384 0.004464
 41.0268 0.004480
 41.1149 0.004496
 41.2031 0.004528
 41.2922 0.004512
 41.3814 0.004565
 41.4704 0.004567
 41.5595 0.004549
 41.6507 0.004564
 41.7417 0.004557
 41.8340 0.004596
 41.9259 0.004617
 42.0180 0.004638
 42.1119 0.004637
 42.2041 0.004631
 42.2991 0.004661
 42.3941 0.004633
 42.4903 0.004692
 42.5862 0.004703
 42.6828 0.004705
 42.7790 0.004720
 42.8767 0.004771
 42.9752 0.004842
 43.0746 0.004883
 43.1752 0.004959
 43.2757 0.005027
 43.3780 0.005048
 43.4819 0.005111
 43.5859 0.005150
 43.6907 0.005192
 43.7961 0.005229
 43.9021 0.005229
 44.0087 0.005230
 44.1165 0.005236
 44.2264 0.005264
 44.3377 0.005250
 44.4489 0.005260
 44.5617 0.005281
 44.6760 0.005237
 44.7904 0.005347
 44.9084 0.005402
 45.0265 0.005438
 45.1457 0.005504
 45.2676 0.005538
 45.3910 0.005564
 45.5163 0.005605
 45.6442 0.005563
 45.7752 0.005569
 45.9059 0.005683
 46.0395 0.005755
 46.1759 0.005805
 46.3141 0.005829
 46.4541 0.005904
 46.5964 0.006043
 46.7412 0.006167
 46.8894 0.006231
 47.0414 0.006295
 47.1956 0.006354
 47.3534 0.006423
 47.5141 0.006441
 47.6832 0.006645
 47.8515 0.006723
 48.0247 0.006713
 48.2035 0.006829
 48.3863 0.006917
 48.5753 0.006980
 48.7668 0.007083
 48.9661 0.007173
 49.1728 0.007385
 49.3872 0.007341
 49.6086 0.007406
 49.8394 0.007602
 50.0814 0.007658
 50.3311 0.007705
 50.5914 0.008019
 50.8641 0.008188
 51.1551 0.008179
 51.4577 0.008247
 51.7808 0.008590
 52.1161 0.008954
 52.4740 0.009228
 52.8654 0.009396
 53.2863 0.009870
 53.7505 0.010247
 54.2582 0.010637
 54.8284 0.011347
 55.4809 0.012388
 56.2403 0.013351
 57.1428 0.014576
 58.2779 0.016648
 59.8614 0.018600
 60.2626 0.020397
 60.7022 0.021233
 61.1870 0.023414
 61.7683 0.024632
 62.4376 0.026967
 63.2566 0.030991
 64.2910 0.034905
 65.6957 0.040670
 68.0797 0.055032
 70.4238 0.076513
 73.2627 0.115572
 75.4884 0.160619
lm1s-05-6 3 1
 22.3606 0.047045
 23.0407 0.038424
 24.0068 0.026997
 24.7691 0.019750
 25.6076 0.014848
 26.1571 0.013172
 26.5649 0.012023
 26.9008 0.011066
 27.1780 0.010200
 27.4274 0.009882
 27.6433 0.009445
 27.8403 0.009140
 28.0190 0.008933
 28.7377 0.007960
 29.2908 0.007370
 29.7417 0.006921
 30.1324 0.006469
 30.4724 0.006249
 30.7782 0.005936
 31.0588 0.005848
 31.3126 0.005652
 31.5506 0.005465
 31.7752 0.005407
 31.9870 0.005401
 32.1884 0.005282
 32.3798 0.005195
 32.5613 0.005213
 32.7367 0.005098
 32.9045 0.005082
 33.0657 0.005004
 33.2215 0.004973
 33.3747 0.004912
 33.5225 0.004816
 33.6665 0.004763
 33.8068 0.004769
 33.9424 0.004661
 34.0772 0.004680
 34.2072 0.004697
 34.3349 0.004719
 34.4582 0.004714
 34.5809 0.004684
 34.7011 0.004705
 34.8203 0.004627
 34.9359 0.004560
 35.0513 0.004540
 35.1653 0.004556
 35.2757 0.004503
 35.3851 0.004530
 35.4947 0.004557
 35.6013 0.004531
 35.7075 0.004524
 35.8112 0.004547
 35.9135 0.004548
 36.0148 0.004532
 36.1154 0.004547
 36.2149 0.004512
 36.3140 0.004528
 36.4124 0.004497
 36.5101 0.004456
 36.6078 0.004523
 36.7033 0.004555
 36.7961 0.004558
 36.8907 0.004572
 36.9849 0.004561
 37.0779 0.004549
 37.1686 0.004504
 37.2592 0.004504
 37.3504 0.004512
 37.4417 0.004536
 37.5310 0.004482
 37.6200 0.004429
 37.7088 0.004424
 37.7969 0.004410
 37.8849 0.004402
 37.9726 0.004413
 38.0602 0.004445
 38.1473 0.004507
 38.2336 0.004466
 38.3205 0.004458
 38.4074 0.004481
 38.4941 0.004482
 38.5794 0.004479
 38.6655 0.004469
 38.7502 0.004513
 38.8348 0.004524
 38.9192 0.004548
 39.0034 0.004517
 39.0882 0.004538
 39.1722 0.004521
 39.2575 0.004552
 39.3422 0.004537
 39.4263 0.004557
 39.5110 0.004599
 39.5951 0.004573
 39.6799 0.004584
 39.7645 0.004591
 39.8488 0.004583
 39.9328 0.004533
 40.0166 0.004551
 40.0998 0.004533
 40.1836 0.004543
 40.2681 0.004568
 40.3528 0.004592
 40.4386 0.004559
 40.5235 0.004582
 40.6081 0.004637
 40.6938 0.004594
 40.7791 0.004552
 40.8636 0.004552
 40.9487 0.004536
 41.0345 0.004560
 41.1210 0.004517
 41.2073 0.004553
 41.2926 0.004558
 41.3785 0.004589
 41.4640 0.004569
 41.5505 0.004480
 41.6382 0.004505
 41.7261 0.004519
 41.8133 0.004531
 41.9015 0.004536
 41.9906 0.004553
 42.0786 0.004591
 42.1671 0.004561
 42.2574 0.004580
 42.3480 0.004615
 42.4383 0.004605
 42.5305 0.004577
 42.6208 0.004573
 42.7130 0.004613
 42.8056 0.004678
 42.8989 0.004717
 42.9935 0.004766
 43.0871 0.004769
 43.1815 0.004781
 43.2761 0.004798
 43.3732 0.004828
 43.4702 0.004851
 43.5675 0.004871
 43.6653 0.004944
 43.7634 0.004947
 43.8625 0.004954
 43.9615 0.004986
 44.0616 0.005035
 44.1636 0.005067
 44.2660 0.005077
 44.3686 0.005049
 44.4740 0.005022
 44.5791 0.005014
 44.6841 0.005034
 44.7930 0.005121
 44.9006 0.005118
 45.0089 0.005114
 45.1196 0.005147
 45.2318 0.005239
 45.3449 0.005283
 45.4592 0.005245
 45.5754 0.005309
 45.6922 0.005283
 45.8133 0.005298
 45.9337 0.005324
 46.0555 0.005385
 46.1799 0.005479
 46.3049 0.005524
 46.4324 0.005584
 46.5617 0.005675
 46.6935 0.005700
 46.8255 0.005767
 46.9614 0.005822
 47.0987 0.005858
 47.2390 0.006007
 47.3823 0.005982
 47.5290 0.006114
 47.6766 0.006129
 47.8286 0.006241
 47.9842 0.006331
 48.1418 0.006484
 48.3040 0.006463
 48.4680 0.006563
 48.6365 0.006577
 48.8066 0.006754
 48.9832 0.006783
 49.1651 0.006964
 49.3546 0.007021
 49.5501 0.007031
 49.7514 0.007104
 49.9600 0.007118
 50.1761 0.007259
 50.3962 0.007344
 50.6250 0.007485
 50.8649 0.007638
 51.1162 0.007764
 51.3771 0.007790
 51.6507 0.008068
 51.9359 0.008191
 52.2352 0.008449
 52.5535 0.008593
 52.8967 0.008819
 53.2611 0.009085
 53.6514 0.009318
 54.0681 0.009620
 54.5375 0.010077
 55.0437 0.010551
 55.6044 0.011364
 56.2532 0.012440
 57.0174 0.012928
 57.9250 0.014211
 59.0595 0.016062
 60.6448 0.019552
 61.0483 0.020695
 61.4941 0.021859
 61.9891 0.023035
 62.5632 0.025374
 63.2379 0.028116
 64.0427 0.030591
 65.0585 0.034031
 66.4953 0.041005
 68.8855 0.055793
 71.1774 0.079252
 73.9908 0.114739
 76.1020 0.166443
 lm2-05-6 3 1
 23.7052 0.046265
 24.3250 0.035573
 25.3150 0.024758
 26.1673 0.019384
 27.0511 0.015243
 27.6251 0.012956
 28.0457 0.011423
 28.3939 0.011210
 28.6868 0.010598
 28.9432 0.009915
 29.1688 0.009473
 29.3715 0.008928
 29.5560 0.008439
 30.3024 0.007525
 30.8649 0.006857
 31.3325 0.006421
 31.7302 0.006315
 32.0821 0.005901
 32.4002 0.005741
 32.6893 0.005487
 32.9576 0.005467
 33.2045 0.005358
 33.4344 0.005312
 33.6524 0.005321
 33.8584 0.005252
 34.0542 0.005234
 34.2415 0.005206
 34.4196 0.005166
 34.5967 0.005084
 34.7637 0.005025
 34.9259 0.004924
 35.0846 0.004921
 35.2371 0.004860
 35.3847 0.004806
 35.5299 0.004807
 35.6688 0.004801
 35.8064 0.004841
 35.9407 0.004787
 36.0713 0.004720
 36.2003 0.004718
 36.3293 0.004708
 36.4531 0.004640
 36.5743 0.004601
 36.6920 0.004598
 36.8105 0.004668
 36.9277 0.004597
 37.0422 0.004557
 37.1552 0.004563
 37.2664 0.004513
 37.3756 0.004512
 37.4848 0.004478
 37.5929 0.004481
 37.6987 0.004506
 37.8032 0.004479
 37.9052 0.004532
 38.0086 0.004546
 38.1108 0.004513
 38.2122 0.004535
 38.3116 0.004516
 38.4119 0.004474
 38.5105 0.004410
 38.6070 0.004407
 38.7042 0.004398
 38.8018 0.004376
 38.8966 0.004392
 38.9929 0.004385
 39.0875 0.004376
 39.1809 0.004399
 39.2740 0.004417
 39.3679 0.004402
 39.4602 0.004399
 39.5525 0.004428
 39.6431 0.004432
 39.7341 0.004397
 39.8246 0.004448
 39.9147 0.004443
 40.0053 0.004398
 40.0945 0.004372
 40.1846 0.004374
 40.2737 0.004386
 40.3630 0.004400
 40.4519 0.004410
 40.5387 0.004376
 40.6270 0.004385
 40.7143 0.004399
 40.8025 0.004363
 40.8895 0.004368
 40.9770 0.004343
 41.0646 0.004386
 41.1517 0.004419
 41.2394 0.004378
 41.3261 0.004386
 41.4134 0.004336
 41.4994 0.004355
 41.5860 0.004406
 41.6739 0.004402
 41.7606 0.004404
 41.8480 0.004393
 41.9341 0.004375
 42.0219 0.004360
 42.1083 0.004369
 42.1946 0.004410
 42.2826 0.004431
 42.3685 0.004455
 42.4546 0.004481
 42.5423 0.004513
 42.6298 0.004525
 42.7174 0.004485
 42.8055 0.004501
 42.8935 0.004502
 42.9799 0.004475
 43.0673 0.004510
 43.1562 0.004555
 43.2449 0.004546
 43.3345 0.004575
 43.4228 0.004540
 43.5127 0.004594
 43.6029 0.004548
 43.6927 0.004601
 43.7839 0.004641
 43.8736 0.004611
 43.9647 0.004597
 44.0564 0.004580
 44.1484 0.004576
 44.2406 0.004616
 44.3337 0.004632
 44.4262 0.004625
 44.5191 0.004654
 44.6125 0.004663
 44.7073 0.004666
 44.8029 0.004636
 44.8971 0.004633
 44.9926 0.004632
 45.0890 0.004687
 45.1854 0.004689
 45.2834 0.004740
 45.3799 0.004766
 45.4786 0.004804
 45.5779 0.004822
 45.6779 0.004858
 45.7790 0.004834
 45.8818 0.004869
 45.9847 0.004881
 46.0884 0.004920
 46.1933 0.004929
 46.2988 0.004989
 46.4056 0.005007
 46.5133 0.005027
 46.6210 0.005064
 46.7286 0.005073
 46.8376 0.005079
 46.9478 0.005103
 47.0612 0.005125
 47.1749 0.005227
 47.2897 0.005301
 47.4048 0.005376
 47.5226 0.005416
 47.6415 0.005491
 47.7628 0.005587
 47.8844 0.005607
 48.0081 0.005617
 48.1335 0.005586
 48.2610 0.005547
 48.3893 0.005582
 48.5182 0.005622
 48.6518 0.005709
 48.7863 0.005809
 48.9233 0.005867
 49.0643 0.005873
 49.2062 0.005901
 49.3486 0.005905
 49.4952 0.005932
 49.6457 0.005975
 49.7994 0.006127
 49.9574 0.006227
 50.1154 0.006302
 50.2782 0.006323
 50.4438 0.006286
 50.6125 0.006360
 50.7874 0.006407
 50.9649 0.006598
 51.1485 0.006717
 51.3360 0.006847
 51.5254 0.007008
 51.7230 0.007060
 51.9282 0.007140
 52.1410 0.007173
 52.3593 0.007149
 52.5886 0.007206
 52.8265 0.007260
 53.0725 0.007387
 53.3270 0.007574
 53.5941 0.007746
 53.8738 0.007820
 54.1667 0.008071
 54.4729 0.008435
 54.8015 0.008825
 55.1471 0.009215
 55.5181 0.009547
 55.9119 0.009859
 56.3461 0.010222
 56.8159 0.010542
 57.3436 0.011252
 57.9272 0.011964
 58.5917 0.012749
 59.3621 0.013820
 60.2974 0.014944
 61.4594 0.016769
 63.0444 0.019529
 63.4625 0.021009
 63.9275 0.021807
 64.4474 0.022509
 65.0413 0.023942
 65.7245 0.025522
 66.5487 0.028356
 67.6137 0.032168
 69.0884 0.038446
 71.4521 0.054150
 73.6941 0.076538
 76.6903 0.121096
 79.0049 0.162813
lm2s-05-6 3 1
 24.4973 0.046425
 25.1299 0.035585
 26.1154 0.025859
 26.9485 0.019577
 27.8703 0.015550
 28.4411 0.013262
 28.8595 0.012462
 29.2042 0.011251
 29.4964 0.010497
 29.7510 0.009857
 29.9760 0.009123
 30.1807 0.008859
 30.3647 0.008693
 31.1088 0.007757
 31.6661 0.007240
 32.1351 0.006811
 32.5358 0.006128
 32.8890 0.006008
 33.2081 0.005896
 33.4929 0.005794
 33.7574 0.005683
 34.0056 0.005551
 34.2345 0.005533
 34.4521 0.005411
 34.6578 0.005431
 34.8526 0.005289
 35.0426 0.005311
 35.2239 0.005201
 35.3978 0.005115
 35.5657 0.004987
 35.7276 0.004983
 35.8848 0.004986
 36.0352 0.004914
 36.1825 0.004853
 36.3253 0.004793
 36.4663 0.004778
 36.6038 0.004707
 36.7360 0.004769
 36.8672 0.004746
 36.9972 0.004784
 37.1238 0.004680
 37.2477 0.004679
 37.3703 0.004622
 37.4918 0.004627
 37.6096 0.004587
 37.7255 0.004597
 37.8389 0.004612
 37.9515 0.004571
 38.0622 0.004554
 38.1731 0.004571
 38.2814 0.004583
 38.3889 0.004544
 38.4953 0.004541
 38.6009 0.004493
 38.7051 0.004466
 38.8082 0.004434
 38.9096 0.004442
 39.0109 0.004491
 39.1116 0.004468
 39.2118 0.004471
 39.3094 0.004430
 39.4080 0.004463
 39.5057 0.004488
 39.6011 0.004523
 39.6965 0.004481
 39.7919 0.004482
 39.8862 0.004526
 39.9791 0.004555
 40.0724 0.004508
 40.1653 0.004467
 40.2581 0.004485
 40.3503 0.004464
 40.4403 0.004498
 40.5320 0.004508
 40.6220 0.004495
 40.7122 0.004504
 40.8021 0.004519
 40.8919 0.004503
 40.9810 0.004486
 41.0697 0.004421
 41.1586 0.004458
 41.2462 0.004469
 41.3338 0.004455
 41.4224 0.004468
 41.5100 0.004453
 41.5975 0.004469
 41.6849 0.004489
 41.7720 0.004475
 41.8591 0.004459
 41.9460 0.004443
 42.0333 0.004462
 42.1197 0.004476
 42.2065 0.004472
 42.2923 0.004465
 42.3798 0.004498
 42.4668 0.004526
 42.5538 0.004548
 42.6407 0.004546
 42.7276 0.004530
 42.8149 0.004561
 42.9020 0.004565
 42.9885 0.004536
 43.0743 0.004525
 43.1606 0.004468
 43.2475 0.004480
 43.3346 0.004466
 43.4210 0.004446
 43.5090 0.004517
 43.5969 0.004566
 43.6840 0.004596
 43.7725 0.004591
 43.8606 0.004595
 43.9490 0.004557
 44.0384 0.004570
 44.1273 0.004577
 44.2169 0.004602
 44.3075 0.004666
 44.3972 0.004656
 44.4871 0.004644
 44.5772 0.004661
 44.6685 0.004633
 44.7590 0.004618
 44.8500 0.004622
 44.9403 0.004638
 45.0330 0.004691
 45.1244 0.004741
 45.2163 0.004695
 45.3099 0.004689
 45.4048 0.004647
 45.4986 0.004714
 45.5929 0.004718
 45.6881 0.004743
 45.7840 0.004790
 45.8803 0.004799
 45.9772 0.004787
 46.0749 0.004793
 46.1722 0.004851
 46.2721 0.004827
 46.3729 0.004890
 46.4726 0.004940
 46.5735 0.005009
 46.6736 0.004978
 46.7766 0.004983
 46.8802 0.005028
 46.9839 0.005074
 47.0881 0.005098
 47.1938 0.005159
 47.3002 0.005174
 47.4075 0.005178
 47.5178 0.005241
 47.6270 0.005281
 47.7390 0.005356
 47.8514 0.005433
 47.9658 0.005378
 48.0818 0.005419
 48.1978 0.005449
 48.3156 0.005459
 48.4330 0.005468
 48.5533 0.005486
 48.6745 0.005612
 48.7988 0.005632
 48.9245 0.005666
 49.0520 0.005686
 49.1804 0.005666
 49.3100 0.005751
 49.4413 0.005746
 49.5736 0.005806
 49.7118 0.005828
 49.8509 0.005916
 49.9929 0.005968
 50.1366 0.006069
 50.2857 0.006091
 50.4355 0.006126
 50.5871 0.006187
 50.7432 0.006248
 50.9021 0.006311
 51.0654 0.006282
 51.2303 0.006418
 51.3995 0.006494
 51.5704 0.006539
 51.7495 0.006558
 51.9354 0.006703
 52.1228 0.006720
 52.3128 0.006756
 52.5100 0.006755
 52.7168 0.006820
 52.9317 0.006944
 53.1505 0.007139
 53.3794 0.007253
 53.6159 0.007396
 53.8598 0.007489
 54.1124 0.007523
 54.3808 0.007780
 54.6617 0.008017
 54.9570 0.008326
 55.2643 0.008509
 55.5880 0.008909
 55.9326 0.009225
 56.2989 0.009497
 56.6973 0.009789
 57.1295 0.010075
 57.6056 0.010567
 58.1274 0.011196
 58.7078 0.012039
 59.3678 0.012787
 60.1502 0.013829
 61.0793 0.015258
 62.2395 0.017145
 63.8364 0.020284
 64.2476 0.020971
 64.7200 0.021704
 65.2230 0.023209
 65.8174 0.024364
 66.4990 0.026147
 67.3241 0.028784
 68.3597 0.031431
 69.8170 0.039674
 72.1861 0.054861
 74.5194 0.079463
 77.5359 0.116753
 79.7581 0.162986
 tr0-05-6 2 1
 60.6060 0.073442
 62.3943 0.053739
 64.8890 0.037180
 66.9529 0.031380
 69.1378 0.024010
 70.5241 0.020291
 71.5484 0.018502
 72.3724 0.016795
 73.0694 0.015540
 73.6713 0.014782
 74.2080 0.013937
 74.6950 0.013629
 75.1303 0.012947
 76.8845 0.010969
 78.2108 0.010543
 79.2955 0.009917
 80.2182 0.009485
 81.0272 0.009025
 81.7470 0.008631
 82.4012 0.008381
 83.0087 0.008316
 83.5645 0.008154
 84.0875 0.007861
 84.5799 0.007605
 85.0425 0.007339
 85.4871 0.007198
 85.9101 0.006989
 86.3154 0.006955
 86.7035 0.006902
 87.0756 0.006881
 87.4344 0.006794
 87.7815 0.006654
 88.1188 0.006470
 88.4457 0.006330
 88.7612 0.006258
 89.0705 0.006225
 89.3706 0.006181
 89.6663 0.006131
 89.9543 0.006172
 90.2361 0.006174
 90.5103 0.006145
 90.7788 0.006040
 91.0435 0.006002
 91.3023 0.005898
 91.5572 0.005841
 91.8086 0.005808
 92.0555 0.005697
 92.2988 0.005621
 92.5383 0.005643
 92.7763 0.005575
 93.0100 0.005689
 93.2395 0.005711
 93.4663 0.005761
 93.6904 0.005772
 93.9109 0.005779
 94.1293 0.005740
 94.3443 0.005695
 94.5582 0.005658
 94.7695 0.005631
 94.9794 0.005559
 95.1888 0.005509
 95.3959 0.005505
 95.5981 0.005522
 95.8020 0.005501
 96.0021 0.005539
 96.2015 0.005549
 96.4011 0.005543
 96.5974 0.005522
 96.7922 0.005471
 96.9848 0.005462
 97.1786 0.005451
 97.3698 0.005459
 97.5600 0.005499
 97.7488 0.005491
 97.9381 0.005471
 98.1253 0.005460
 98.3130 0.005416
 98.4981 0.005484
 98.6814 0.005521
 98.8650 0.005510
 99.0486 0.005505
 99.2298 0.005585
 99.4132 0.005560
 99.5931 0.005670
 99.7725 0.005647
 99.9531 0.005686
100.1321 0.005681
100.3102 0.005676
100.4878 0.005662
100.6656 0.005686
100.8446 0.005756
101.0215 0.005741
101.1977 0.005720
101.3742 0.005724
101.5501 0.005732
101.7276 0.005724
101.9033 0.005722
102.0773 0.005775
102.2532 0.005834
102.4294 0.005802
102.6046 0.005794
102.7787 0.005781
102.9535 0.005720
103.1284 0.005684
103.3041 0.005719
103.4791 0.005804
103.6544 0.005802
103.8293 0.005776
104.0051 0.005755
104.1810 0.005740
104.3561 0.005736
104.5326 0.005743
104.7078 0.005700
104.8831 0.005686
105.0576 0.005645
105.2349 0.005619
105.4109 0.005624
105.5886 0.005644
105.7659 0.005639
105.9447 0.005656
106.1228 0.005633
106.3030 0.005639
106.4823 0.005687
106.6633 0.005711
106.8426 0.005722
107.0249 0.005699
107.2078 0.005668
107.3899 0.005686
107.5743 0.005670
107.7579 0.005609
107.9434 0.005629
108.1290 0.005656
108.3156 0.005597
108.5034 0.005558
108.6919 0.005554
108.8811 0.005652
109.0709 0.005637
109.2637 0.005601
109.4565 0.005657
109.6516 0.005669
109.8452 0.005690
110.0401 0.005812
110.2369 0.005910
110.4360 0.005930
110.6374 0.005944
110.8400 0.005997
111.0439 0.006059
111.2478 0.006135
111.4540 0.006121
111.6628 0.006036
111.8739 0.005996
112.0856 0.006044
112.2993 0.006109
112.5142 0.006075
112.7326 0.006117
112.9542 0.006098
113.1776 0.006090
113.4026 0.006111
113.6302 0.006162
113.8604 0.006156
114.0962 0.006160
114.3317 0.006210
114.5699 0.006263
114.8109 0.006214
115.0550 0.006316
115.3026 0.006413
115.5540 0.006452
115.8116 0.006398
116.0700 0.006387
116.3346 0.006404
116.6021 0.006500
116.8727 0.006592
117.1525 0.006609
117.4341 0.006706
117.7223 0.006822
118.0148 0.006878
118.3136 0.006918
118.6180 0.007011
118.9293 0.007122
119.2471 0.007144
119.5717 0.007321
119.9040 0.007424
120.2436 0.007427
120.5956 0.007561
120.9570 0.007572
121.3265 0.007698
121.7128 0.007729
122.1065 0.007952
122.5131 0.008210
122.9359 0.008339
123.3745 0.008515
123.8309 0.008713
124.3064 0.008816
124.8006 0.009004
125.3192 0.008920
125.8669 0.009061
126.4421 0.009369
127.0562 0.009560
127.7102 0.009774
128.4074 0.010170
129.1655 0.010485
129.9816 0.010946
130.8748 0.011218
131.8759 0.012195
133.0131 0.012646
134.3194 0.013978
135.8780 0.014871
137.8352 0.016546
140.4925 0.020737
141.1679 0.021908
141.9156 0.023020
142.7386 0.023995
143.6861 0.024988
144.7956 0.026448
146.1471 0.029211
147.8308 0.032610
150.1441 0.037924
153.9334 0.050317
157.6443 0.069775
162.3104 0.105088
165.6835 0.144796
 tr1-05-6 3 1
 68.4679 0.127517
 70.3749 0.097235
 72.9838 0.070858
 75.1897 0.053620
 77.4643 0.039746
 78.8814 0.035074
 79.9677 0.031451
 80.8268 0.029778
 81.5448 0.028391
 82.1756 0.027001
 82.7570 0.025646
 83.2592 0.024993
 83.7314 0.024044
 85.5762 0.020982
 86.9602 0.018566
 88.1020 0.016769
 89.0626 0.016053
 89.9158 0.014880
 90.6901 0.014603
 91.3766 0.014024
 92.0137 0.013769
 92.6026 0.013456
 93.1516 0.013118
 93.6681 0.012841
 94.1530 0.012637
 94.6144 0.012383
 95.0597 0.012177
 95.4866 0.011957
 95.8932 0.011923
 96.2885 0.011456
 96.6646 0.011218
 97.0333 0.011068
 97.3866 0.010930
 97.7296 0.010723
 98.0585 0.010690
 98.3834 0.010596
 98.6987 0.010489
 99.0075 0.010388
 99.3102 0.010251
 99.6047 0.010174
 99.8925 0.010198
100.1743 0.010321
100.4460 0.010315
100.7169 0.010270
100.9811 0.010355
101.2418 0.010323
101.4993 0.010218
101.7529 0.010054
102.0003 0.010077
102.2495 0.010053
102.4922 0.010276
102.7358 0.010214
102.9729 0.010127
103.2057 0.010115
103.4385 0.009962
103.6661 0.009999
103.8876 0.010136
104.1125 0.010180
104.3345 0.010193
104.5532 0.010167
104.7697 0.010231
104.9864 0.010222
105.2000 0.010351
105.4126 0.010306
105.6227 0.010255
105.8308 0.010250
106.0383 0.010257
106.2455 0.010219
106.4491 0.010165
106.6502 0.010190
106.8540 0.010142
107.0554 0.010042
107.2536 0.009964
107.4524 0.009913
107.6479 0.009864
107.8439 0.010019
108.0404 0.010108
108.2379 0.010186
108.4314 0.010092
108.6215 0.010015
108.8128 0.009978
109.0033 0.009862
109.1924 0.009830
109.3828 0.009897
109.5729 0.009838
109.7593 0.009880
109.9473 0.009921
110.1369 0.009958
110.3236 0.010013
110.5103 0.009928
110.6985 0.010032
110.8828 0.010139
111.0676 0.010099
111.2531 0.010106
111.4349 0.010118
111.6207 0.010044
111.8027 0.010036
111.9864 0.010058
112.1681 0.010035
112.3514 0.009971
112.5342 0.009975
112.7195 0.009959
112.9015 0.009965
113.0836 0.009975
113.2627 0.010022
113.4454 0.010057
113.6269 0.009987
113.8106 0.009948
113.9906 0.009853
114.1746 0.009879
114.3585 0.009915
114.5421 0.010056
114.7251 0.010051
114.9096 0.010069
115.0943 0.010075
115.2769 0.010033
115.4632 0.010022
115.6477 0.010109
115.8340 0.010011
116.0216 0.010167
116.2092 0.010175
116.3945 0.010098
116.5822 0.010004
116.7706 0.010015
116.9587 0.009922
117.1477 0.009987
117.3382 0.009963
117.5267 0.010129
117.7176 0.010113
117.9085 0.010216
118.1037 0.010453
118.2991 0.010461
118.4931 0.010433
118.6896 0.010391
118.8854 0.010498
119.0850 0.010582
119.2837 0.010647
119.4835 0.010720
119.6861 0.010784
119.8865 0.010833
120.0927 0.010815
120.2966 0.010978
120.5013 0.011118
120.7085 0.011112
120.9160 0.011080
121.1252 0.011159
121.3357 0.011264
121.5501 0.011283
121.7698 0.011304
121.9868 0.011465
122.2051 0.011422
122.4256 0.011437
122.6507 0.011694
122.8779 0.011601
123.1026 0.011680
123.3319 0.011660
123.5651 0.011544
123.8013 0.011453
124.0409 0.011542
124.2815 0.011508
124.5263 0.011470
124.7715 0.011584
125.0175 0.011491
125.2664 0.011544
125.5216 0.011611
125.7807 0.011598
126.0420 0.011664
126.3109 0.011810
126.5800 0.011829
126.8561 0.012059
127.1336 0.012138
127.4177 0.012301
127.7084 0.012376
128.0038 0.012375
128.3043 0.012428
128.6089 0.012630
128.9155 0.012717
129.2317 0.012857
129.5539 0.012981
129.8860 0.013007
130.2203 0.013155
130.5711 0.013389
130.9279 0.013381
131.2930 0.013543
131.6676 0.013766
132.0525 0.013744
132.4522 0.013992
132.8618 0.014250
133.2839 0.014418
133.7233 0.014560
134.1754 0.014976
134.6484 0.015431
135.1432 0.015694
135.6597 0.015977
136.1941 0.016641
136.7629 0.017089
137.3615 0.017674
137.9992 0.018385
138.6806 0.019039
139.4102 0.019523
140.1929 0.019896
141.0390 0.021014
141.9700 0.021956
143.0197 0.023177
144.1877 0.024051
145.5557 0.025571
147.1625 0.027529
149.1828 0.032348
151.9145 0.037028
152.6057 0.038324
153.3786 0.038729
154.2313 0.040430
155.2261 0.044038
156.3779 0.047392
157.7684 0.050184
159.4812 0.057322
161.8791 0.069539
165.7689 0.090451
169.4538 0.124996
174.2242 0.182745
177.8490 0.248568
tr1s-05-6 3 1
 73.7099 0.133060
 75.5269 0.098862
 78.0232 0.070831
 80.1509 0.053319
 82.4653 0.041053
 83.9428 0.035556
 85.0368 0.031532
 85.8884 0.030060
 86.6329 0.028500
 87.2506 0.026051
 87.8271 0.024759
 88.3195 0.023807
 88.7812 0.022633
 90.6324 0.019951
 92.0408 0.018328
 93.1815 0.017055
 94.1438 0.016229
 95.0019 0.015187
 95.7571 0.015089
 96.4423 0.014582
 97.0719 0.014089
 97.6633 0.013757
 98.2094 0.013010
 98.7248 0.012768
 99.2122 0.012503
 99.6724 0.012123
100.1136 0.011811
100.5395 0.011872
100.9431 0.011717
101.3320 0.011635
101.7036 0.011575
102.0633 0.011620
102.4146 0.011472
102.7502 0.011491
103.0819 0.011334
103.4069 0.011202
103.7219 0.011156
104.0291 0.010878
104.3292 0.010700
104.6247 0.010643
104.9134 0.010503
105.1956 0.010445
105.4718 0.010286
105.7417 0.010171
106.0075 0.010183
106.2702 0.010096
106.5270 0.010073
106.7839 0.010095
107.0348 0.009958
107.2792 0.009984
107.5234 0.009973
107.7655 0.010050
108.0017 0.009999
108.2371 0.009865
108.4684 0.009928
108.6969 0.010003
108.9215 0.010020
109.1478 0.009956
109.3687 0.010072
109.5881 0.010004
109.8048 0.010029
110.0217 0.009986
110.2344 0.009988
110.4462 0.009945
110.6569 0.009994
110.8662 0.009879
111.0702 0.009895
111.2764 0.009850
111.4795 0.009933
111.6818 0.010012
111.8817 0.009964
112.0799 0.009921
112.2793 0.009816
112.4767 0.009786
112.6740 0.009805
112.8666 0.009822
113.0611 0.009777
113.2511 0.009791
113.4435 0.009720
113.6354 0.009744
113.8279 0.009829
114.0177 0.009863
114.2053 0.009997
114.3940 0.009924
114.5824 0.009908
114.7699 0.009926
114.9558 0.009870
115.1438 0.009907
115.3285 0.009855
115.5141 0.009802
115.6973 0.009768
115.8814 0.009801
116.0640 0.009795
116.2506 0.009764
116.4343 0.009675
116.6166 0.009649
116.7993 0.009650
116.9836 0.009577
117.1660 0.009641
117.3487 0.009551
117.5275 0.009564
117.7108 0.009529
117.8938 0.009519
118.0765 0.009519
118.2590 0.009440
118.4405 0.009488
118.6241 0.009584
118.8053 0.009547
118.9875 0.009614
119.1678 0.009557
119.3494 0.009598
119.5331 0.009679
119.7166 0.009644
119.9006 0.009705
120.0846 0.009701
120.2701 0.009738
120.4567 0.009788
120.6417 0.009689
120.8245 0.009731
121.0102 0.009860
121.1939 0.009924
121.3813 0.009925
121.5677 0.009978
121.7587 0.009979
121.9503 0.010022
122.1400 0.010051
122.3297 0.010111
122.5190 0.010134
122.7107 0.010106
122.9016 0.010113
123.0941 0.010210
123.2890 0.010288
123.4834 0.010427
123.6783 0.010355
123.8748 0.010355
124.0719 0.010473
124.2697 0.010570
124.4700 0.010650
124.6690 0.010562
124.8706 0.010664
125.0751 0.010626
125.2795 0.010632
125.4851 0.010789
125.6917 0.010808
125.9007 0.010800
126.1119 0.010790
126.3240 0.010733
126.5366 0.010932
126.7502 0.010942
126.9695 0.010955
127.1897 0.011037
127.4117 0.011003
127.6348 0.011083
127.8601 0.011071
128.0881 0.011111
128.3172 0.011164
128.5496 0.011124
128.7877 0.011259
129.0250 0.011250
129.2617 0.011205
129.5021 0.011265
129.7462 0.011284
129.9956 0.011394
130.2467 0.011521
130.5009 0.011474
130.7592 0.011518
131.0221 0.011462
131.2872 0.011553
131.5560 0.011587
131.8302 0.011686
132.1079 0.011901
132.3905 0.011804
132.6768 0.011963
132.9737 0.012229
133.2746 0.012367
133.5807 0.012505
133.8901 0.012525
134.2052 0.012618
134.5295 0.012673
134.8596 0.012874
135.1958 0.012987
135.5415 0.013123
135.8984 0.013190
136.2600 0.013250
136.6316 0.013355
137.0192 0.013497
137.4119 0.013687
137.8177 0.013926
138.2424 0.014368
138.6827 0.014608
139.1364 0.014906
139.6068 0.015493
140.1058 0.015781
140.6211 0.016079
141.1557 0.016423
141.7265 0.017058
142.3206 0.017236
142.9528 0.017821
143.6198 0.018398
144.3519 0.018897
145.1339 0.019558
145.9787 0.020114
146.8965 0.021172
147.9356 0.022329
149.1209 0.024266
150.4772 0.025649
152.0918 0.028108
154.1187 0.031461
156.8596 0.035898
157.5263 0.037274
158.2840 0.038903
159.1389 0.040931
160.1133 0.044179
161.2286 0.047447
162.5829 0.050486
164.3852 0.056082
166.7866 0.066629
170.7325 0.089390
174.4665 0.122346
179.3873 0.180482
182.7597 0.250384
 tr2-05-6 3 1
 76.5925 0.140267
 78.6400 0.104568
 81.4292 0.072496
 83.6985 0.052684
 86.1720 0.043065
 87.7104 0.037098
 88.8579 0.033933
 89.7419 0.030953
 90.5056 0.029074
 91.1743 0.026775
 91.7652 0.025156
 92.2853 0.024186
 92.7687 0.024018
 94.7147 0.020797
 96.1872 0.019229
 97.3926 0.017907
 98.4044 0.016907
 99.2937 0.015766
100.0824 0.014893
100.8074 0.014316
101.4693 0.014148
102.0927 0.013820
102.6619 0.013668
103.2091 0.013410
103.7192 0.013009
104.2087 0.012392
104.6709 0.012099
105.1131 0.011797
105.5380 0.011672
105.9427 0.011395
106.3334 0.011338
106.7150 0.011283
107.0837 0.011091
107.4394 0.010989
107.7824 0.010989
108.1242 0.010880
108.4568 0.010949
108.7819 0.010726
109.0949 0.010612
109.3989 0.010763
109.7014 0.010775
109.9962 0.010727
110.2868 0.010697
110.5692 0.010734
110.8469 0.010723
111.1190 0.010741
111.3884 0.010729
111.6524 0.010630
111.9147 0.010447
112.1715 0.010498
112.4273 0.010481
112.6753 0.010498
112.9207 0.010486
113.1639 0.010362
113.4016 0.010243
113.6410 0.010231
113.8782 0.010259
114.1118 0.010190
114.3433 0.010032
114.5713 0.009958
114.7976 0.009831
115.0213 0.009642
115.2442 0.009597
115.4685 0.009717
115.6890 0.009751
115.9088 0.009834
116.1244 0.009808
116.3375 0.009759
116.5502 0.009874
116.7600 0.009951
116.9689 0.009891
117.1794 0.009792
117.3844 0.009696
117.5899 0.009782
117.7942 0.009788
117.9975 0.009793
118.2016 0.009847
118.4023 0.009831
118.6038 0.009963
118.8038 0.009945
119.0016 0.010066
119.2036 0.009987
119.4025 0.010029
119.5957 0.010063
119.7931 0.010037
119.9925 0.009965
120.1852 0.009924
120.3792 0.009926
120.5710 0.009866
120.7656 0.009969
120.9588 0.010094
121.1500 0.010120
121.3418 0.010217
121.5339 0.010254
121.7230 0.010264
121.9164 0.010224
122.1065 0.010291
122.2990 0.010281
122.4869 0.010342
122.6767 0.010283
122.8674 0.010179
123.0563 0.010274
123.2460 0.010322
123.4370 0.010260
123.6269 0.010230
123.8175 0.010296
124.0056 0.010307
124.1952 0.010326
124.3847 0.010307
124.5729 0.010299
124.7651 0.010293
124.9570 0.010287
125.1477 0.010349
125.3420 0.010429
125.5355 0.010437
125.7256 0.010365
125.9195 0.010309
126.1129 0.010261
126.3063 0.010262
126.4988 0.010215
126.6918 0.010132
126.8851 0.010213
127.0803 0.010218
127.2751 0.010301
127.4713 0.010461
127.6665 0.010482
127.8635 0.010463
128.0611 0.010446
128.2600 0.010487
128.4612 0.010426
128.6627 0.010442
128.8645 0.010461
129.0648 0.010554
129.2656 0.010739
129.4699 0.010829
129.6775 0.010859
129.8828 0.010941
130.0897 0.010900
130.2985 0.010840
130.5056 0.010839
130.7199 0.010870
130.9323 0.010749
131.1470 0.010814
131.3618 0.010982
131.5819 0.011019
131.7992 0.011063
132.0153 0.011015
132.2371 0.011030
132.4613 0.011032
132.6831 0.011029
132.9095 0.011122
133.1371 0.011100
133.3662 0.011257
133.6022 0.011262
133.8369 0.011271
134.0721 0.011316
134.3153 0.011428
134.5621 0.011420
134.8083 0.011572
135.0601 0.011668
135.3120 0.011808
135.5643 0.011866
135.8224 0.011905
136.0851 0.012083
136.3488 0.012146
136.6182 0.012236
136.8878 0.012519
137.1596 0.012640
137.4397 0.012494
137.7245 0.012531
138.0131 0.012639
138.3058 0.012620
138.6093 0.012743
138.9107 0.012837
139.2236 0.013009
139.5368 0.013103
139.8605 0.013197
140.1895 0.013298
140.5244 0.013431
140.8651 0.013773
141.2174 0.013809
141.5771 0.013980
141.9467 0.014108
142.3261 0.014339
142.7150 0.014619
143.1148 0.014832
143.5273 0.014998
143.9590 0.015098
144.3979 0.015280
144.8538 0.015437
145.3262 0.015957
145.8151 0.016263
146.3261 0.016594
146.8547 0.016814
147.4106 0.017089
147.9991 0.017433
148.6236 0.017708
149.2854 0.018050
149.9852 0.018285
150.7391 0.018773
151.5539 0.019320
152.4321 0.019997
153.4021 0.021130
154.4723 0.021670
155.6861 0.023327
157.1004 0.024757
158.7669 0.027212
160.8289 0.030206
163.6710 0.035977
164.3964 0.038173
165.1802 0.039374
166.0603 0.040804
167.0891 0.043424
168.2457 0.046734
169.6753 0.050475
171.4440 0.056065
173.8986 0.063893
178.0407 0.088189
181.8174 0.122859
186.8797 0.204822
190.6515 0.276043
tr2s-05-6 3 1
 82.0304 0.136141
 83.8865 0.103103
 86.7012 0.069230
 88.9287 0.056512
 91.3994 0.041505
 92.9289 0.036051
 94.0431 0.033839
 94.9681 0.030412
 95.7300 0.027661
 96.4208 0.026973
 96.9777 0.025685
 97.5093 0.024735
 97.9753 0.024158
 99.8878 0.021150
101.3497 0.019242
102.5355 0.017523
103.5451 0.015996
104.4347 0.015385
105.2209 0.014484
105.9447 0.014365
106.6110 0.013990
107.2278 0.013625
107.7992 0.013284
108.3324 0.012779
108.8409 0.012599
109.3253 0.012349
109.7809 0.012212
110.2261 0.011821
110.6457 0.011671
111.0502 0.011390
111.4412 0.011342
111.8181 0.011257
112.1833 0.011245
112.5359 0.011230
112.8773 0.011347
113.2136 0.011291
113.5408 0.011280
113.8620 0.011283
114.1724 0.011218
114.4736 0.011281
114.7697 0.011111
115.0608 0.010878
115.3485 0.010670
115.6273 0.010679
115.9048 0.010674
116.1798 0.010700
116.4458 0.010710
116.7094 0.010577
116.9688 0.010454
117.2240 0.010437
117.4767 0.010406
117.7270 0.010444
117.9704 0.010205
118.2135 0.010158
118.4551 0.010125
118.6923 0.010074
118.9267 0.010045
119.1580 0.010001
119.3900 0.010008
119.6181 0.009885
119.8442 0.009966
120.0656 0.009859
120.2868 0.009818
120.5041 0.009949
120.7195 0.009874
120.9351 0.009888
121.1499 0.009886
121.3634 0.009799
121.5783 0.009907
121.7894 0.009979
121.9982 0.010014
122.2054 0.010015
122.4117 0.010033
122.6173 0.010091
122.8203 0.010098
123.0247 0.010031
123.2270 0.010045
123.4294 0.009829
123.6293 0.009830
123.8271 0.009741
124.0261 0.009610
124.2230 0.009595
124.4170 0.009685
124.6131 0.009778
124.8112 0.009912
125.0040 0.009933
125.1960 0.009944
125.3907 0.009891
125.5855 0.009872
125.7764 0.009800
125.9698 0.009878
126.1606 0.009873
126.3529 0.009862
126.5436 0.009763
126.7310 0.009773
126.9222 0.009761
127.1134 0.009782
127.3037 0.009781
127.4923 0.009852
127.6811 0.009810
127.8680 0.009862
128.0579 0.009908
128.2480 0.009937
128.4366 0.010002
128.6254 0.010046
128.8136 0.010233
129.0020 0.010170
129.1894 0.010202
129.3783 0.010297
129.5671 0.010446
129.7561 0.010422
129.9451 0.010358
130.1315 0.010322
130.3219 0.010325
130.5149 0.010345
130.7046 0.010351
130.8965 0.010362
131.0894 0.010387
131.2821 0.010388
131.4766 0.010393
131.6711 0.010282
131.8625 0.010347
132.0570 0.010463
132.2524 0.010488
132.4466 0.010465
132.6412 0.010432
132.8393 0.010527
133.0374 0.010457
133.2336 0.010499
133.4360 0.010582
133.6343 0.010710
133.8358 0.010763
134.0358 0.010718
134.2380 0.010630
134.4400 0.010648
134.6440 0.010691
134.8489 0.010650
135.0546 0.010618
135.2627 0.010632
135.4717 0.010635
135.6819 0.010620
135.8920 0.010676
136.1032 0.010690
136.3166 0.010722
136.5320 0.010748
136.7500 0.010981
136.9709 0.010926
137.1941 0.011039
137.4164 0.011129
137.6445 0.011240
137.8733 0.011174
138.1013 0.011346
138.3303 0.011401
138.5645 0.011461
138.7963 0.011469
139.0364 0.011448
139.2787 0.011489
139.5204 0.011512
139.7635 0.011604
140.0128 0.011599
140.2600 0.011669
140.5156 0.011717
140.7731 0.011705
141.0276 0.011753
141.2925 0.011672
141.5586 0.011709
141.8280 0.011829
142.1011 0.012042
142.3780 0.012037
142.6616 0.012194
142.9512 0.012371
143.2429 0.012402
143.5404 0.012555
143.8432 0.012534
144.1532 0.012785
144.4651 0.013053
144.7838 0.013073
145.1154 0.013211
145.4481 0.013356
145.7854 0.013417
146.1353 0.013387
146.4927 0.013635
146.8640 0.013923
147.2419 0.014139
147.6316 0.014490
148.0306 0.014884
148.4404 0.014715
148.8624 0.014848
149.2975 0.015317
149.7474 0.015545
150.2198 0.015951
150.7131 0.015948
151.2312 0.016372
151.7728 0.016702
152.3338 0.017067
152.9098 0.017253
153.5219 0.017562
154.1759 0.017870
154.8699 0.018505
155.6267 0.019183
156.4411 0.019491
157.3190 0.020400
158.2839 0.020549
159.3461 0.021663
160.5425 0.022883
161.9423 0.024541
163.5951 0.027913
165.6810 0.031027
168.5378 0.036749
169.2484 0.038196
170.0210 0.040257
170.9115 0.041805
171.9184 0.043507
173.0979 0.045862
174.4987 0.049801
176.2978 0.056240
178.7091 0.068764
182.7949 0.087067
186.6585 0.128131
191.7047 0.192429
195.6465 0.260930
