Copyright (C) 1998 James G. MacKinnon, Alfred A. Haug, and Leo Michelis.
 lm0-11-8 3 1
 53.4212 0.063103
 54.3467 0.048865
 55.6616 0.035087
 56.7820 0.025668
 57.9825 0.020239
 58.7037 0.017153
 59.2506 0.015992
 59.7020 0.014602
 60.0834 0.014056
 60.4063 0.013207
 60.6908 0.012640
 60.9490 0.012505
 61.1820 0.011808
 62.1363 0.010251
 62.8704 0.009374
 63.4589 0.008732
 63.9610 0.008077
 64.3990 0.007366
 64.7945 0.007109
 65.1572 0.007018
 65.4915 0.006714
 65.8038 0.006691
 66.0941 0.006643
 66.3707 0.006519
 66.6290 0.006409
 66.8754 0.006224
 67.1118 0.006234
 67.3395 0.006180
 67.5553 0.006001
 67.7652 0.006003
 67.9670 0.005840
 68.1597 0.005746
 68.3504 0.005801
 68.5344 0.005847
 68.7150 0.005757
 68.8915 0.005793
 69.0626 0.005736
 69.2295 0.005779
 69.3921 0.005749
 69.5541 0.005655
 69.7106 0.005593
 69.8640 0.005534
 70.0155 0.005550
 70.1633 0.005496
 70.3096 0.005520
 70.4526 0.005403
 70.5951 0.005407
 70.7341 0.005298
 70.8720 0.005269
 71.0089 0.005332
 71.1437 0.005278
 71.2753 0.005270
 71.4059 0.005264
 71.5362 0.005344
 71.6637 0.005403
 71.7898 0.005383
 71.9149 0.005332
 72.0379 0.005341
 72.1593 0.005290
 72.2821 0.005220
 72.4043 0.005191
 72.5243 0.005193
 72.6434 0.005226
 72.7609 0.005183
 72.8776 0.005228
 72.9940 0.005273
 73.1107 0.005282
 73.2258 0.005330
 73.3389 0.005358
 73.4531 0.005331
 73.5666 0.005407
 73.6787 0.005352
 73.7892 0.005341
 73.8990 0.005331
 74.0099 0.005383
 74.1193 0.005365
 74.2286 0.005343
 74.3373 0.005308
 74.4459 0.005338
 74.5532 0.005334
 74.6602 0.005376
 74.7689 0.005356
 74.8751 0.005359
 74.9793 0.005442
 75.0871 0.005439
 75.1927 0.005400
 75.2986 0.005449
 75.4037 0.005446
 75.5098 0.005478
 75.6145 0.005474
 75.7187 0.005466
 75.8244 0.005498
 75.9287 0.005548
 76.0349 0.005511
 76.1404 0.005511
 76.2457 0.005501
 76.3503 0.005451
 76.4548 0.005422
 76.5599 0.005366
 76.6643 0.005379
 76.7695 0.005396
 76.8744 0.005426
 76.9793 0.005364
 77.0837 0.005387
 77.1877 0.005382
 77.2928 0.005398
 77.3981 0.005371
 77.5035 0.005389
 77.6082 0.005399
 77.7142 0.005393
 77.8190 0.005456
 77.9238 0.005495
 78.0293 0.005515
 78.1356 0.005499
 78.2436 0.005559
 78.3507 0.005570
 78.4583 0.005651
 78.5654 0.005679
 78.6732 0.005707
 78.7814 0.005774
 78.8908 0.005838
 78.9994 0.005843
 79.1091 0.005804
 79.2201 0.005778
 79.3317 0.005781
 79.4431 0.005836
 79.5539 0.005807
 79.6649 0.005771
 79.7767 0.005791
 79.8906 0.005824
 80.0035 0.005803
 80.1188 0.005819
 80.2333 0.005825
 80.3482 0.005862
 80.4658 0.005838
 80.5819 0.005857
 80.7000 0.005917
 80.8180 0.006022
 80.9351 0.006024
 81.0548 0.005959
 81.1747 0.006000
 81.2965 0.005958
 81.4181 0.005999
 81.5427 0.005965
 81.6685 0.005995
 81.7937 0.005983
 81.9191 0.006047
 82.0474 0.006038
 82.1754 0.006040
 82.3048 0.006132
 82.4372 0.006138
 82.5702 0.006188
 82.7026 0.006241
 82.8385 0.006291
 82.9760 0.006266
 83.1159 0.006330
 83.2564 0.006290
 83.3983 0.006414
 83.5432 0.006537
 83.6858 0.006596
 83.8319 0.006678
 83.9810 0.006602
 84.1336 0.006699
 84.2858 0.006726
 84.4405 0.006688
 84.5970 0.006702
 84.7570 0.006669
 84.9187 0.006693
 85.0835 0.006782
 85.2547 0.006959
 85.4235 0.007052
 85.5973 0.007164
 85.7755 0.007165
 85.9565 0.007321
 86.1394 0.007474
 86.3287 0.007484
 86.5192 0.007579
 86.7132 0.007569
 86.9125 0.007689
 87.1160 0.007921
 87.3262 0.007931
 87.5403 0.007995
 87.7614 0.008109
 87.9895 0.008326
 88.2250 0.008507
 88.4639 0.008524
 88.7109 0.008672
 88.9673 0.008757
 89.2331 0.008937
 89.5084 0.009100
 89.7962 0.009112
 90.0999 0.009248
 90.4111 0.009368
 90.7407 0.009555
 91.0827 0.009787
 91.4443 0.009986
 91.8244 0.010344
 92.2262 0.010510
 92.6626 0.010812
 93.1392 0.011278
 93.6497 0.011618
 94.2044 0.012070
 94.8069 0.012550
 95.4914 0.013462
 96.2585 0.014317
 97.1590 0.015559
 98.2470 0.017061
 99.6041 0.018991
101.4809 0.021960
101.9564 0.023080
102.4734 0.024526
103.0451 0.025395
103.7014 0.026844
104.4668 0.029616
105.4117 0.033115
106.6460 0.038257
108.2768 0.046007
111.0157 0.061307
113.6763 0.088517
117.1287 0.129644
119.8626 0.179215
 lm1-11-8 3 1
 55.9961 0.063490
 56.9644 0.050384
 58.2387 0.036367
 59.3593 0.028850
 60.5544 0.021775
 61.2940 0.018802
 61.8599 0.015978
 62.3105 0.014994
 62.7018 0.013653
 63.0322 0.013022
 63.3293 0.012489
 63.5935 0.012022
 63.8362 0.011681
 64.7989 0.010072
 65.5326 0.009140
 66.1391 0.008746
 66.6486 0.008405
 67.0993 0.008078
 67.5094 0.007832
 67.8751 0.007535
 68.2096 0.007100
 68.5262 0.006911
 68.8243 0.006833
 69.1007 0.006718
 69.3686 0.006679
 69.6201 0.006512
 69.8575 0.006327
 70.0905 0.006161
 70.3118 0.006119
 70.5265 0.006134
 70.7326 0.005987
 70.9348 0.005956
 71.1252 0.006046
 71.3108 0.005949
 71.4946 0.005818
 71.6692 0.005764
 71.8432 0.005649
 72.0149 0.005593
 72.1819 0.005605
 72.3445 0.005582
 72.5054 0.005568
 72.6620 0.005578
 72.8135 0.005627
 72.9651 0.005519
 73.1136 0.005518
 73.2576 0.005492
 73.4001 0.005495
 73.5406 0.005520
 73.6806 0.005478
 73.8205 0.005462
 73.9567 0.005400
 74.0904 0.005335
 74.2230 0.005362
 74.3544 0.005329
 74.4845 0.005237
 74.6107 0.005304
 74.7390 0.005270
 74.8657 0.005333
 74.9899 0.005377
 75.1117 0.005287
 75.2342 0.005195
 75.3564 0.005143
 75.4760 0.005184
 75.5960 0.005195
 75.7150 0.005201
 75.8349 0.005145
 75.9539 0.005132
 76.0700 0.005112
 76.1849 0.005113
 76.2992 0.005118
 76.4132 0.005048
 76.5274 0.005162
 76.6382 0.005192
 76.7514 0.005252
 76.8616 0.005278
 76.9750 0.005283
 77.0865 0.005358
 77.1985 0.005338
 77.3079 0.005423
 77.4180 0.005402
 77.5288 0.005405
 77.6382 0.005426
 77.7478 0.005396
 77.8564 0.005381
 77.9651 0.005395
 78.0729 0.005381
 78.1804 0.005426
 78.2889 0.005434
 78.3983 0.005460
 78.5061 0.005504
 78.6118 0.005467
 78.7189 0.005446
 78.8248 0.005497
 78.9321 0.005496
 79.0378 0.005443
 79.1442 0.005449
 79.2517 0.005447
 79.3574 0.005495
 79.4643 0.005530
 79.5696 0.005532
 79.6758 0.005543
 79.7838 0.005543
 79.8902 0.005501
 79.9973 0.005520
 80.1041 0.005558
 80.2094 0.005541
 80.3158 0.005472
 80.4223 0.005484
 80.5288 0.005486
 80.6367 0.005526
 80.7433 0.005569
 80.8504 0.005649
 80.9584 0.005677
 81.0664 0.005681
 81.1735 0.005687
 81.2815 0.005693
 81.3900 0.005695
 81.4988 0.005742
 81.6085 0.005722
 81.7182 0.005733
 81.8287 0.005801
 81.9402 0.005775
 82.0512 0.005707
 82.1638 0.005687
 82.2770 0.005663
 82.3889 0.005705
 82.5032 0.005747
 82.6165 0.005722
 82.7309 0.005795
 82.8455 0.005744
 82.9604 0.005734
 83.0754 0.005747
 83.1925 0.005729
 83.3104 0.005715
 83.4296 0.005721
 83.5488 0.005706
 83.6695 0.005732
 83.7884 0.005771
 83.9097 0.005828
 84.0315 0.005817
 84.1552 0.005829
 84.2786 0.005814
 84.4031 0.005838
 84.5289 0.005912
 84.6551 0.005904
 84.7833 0.005890
 84.9123 0.005876
 85.0418 0.005985
 85.1734 0.006052
 85.3046 0.006101
 85.4368 0.006052
 85.5714 0.006095
 85.7073 0.006227
 85.8443 0.006234
 85.9832 0.006278
 86.1227 0.006273
 86.2622 0.006266
 86.4056 0.006263
 86.5505 0.006401
 86.6976 0.006419
 86.8470 0.006504
 86.9971 0.006424
 87.1505 0.006534
 87.3044 0.006547
 87.4591 0.006577
 87.6188 0.006567
 87.7802 0.006650
 87.9448 0.006628
 88.1118 0.006694
 88.2831 0.006832
 88.4554 0.006846
 88.6324 0.006957
 88.8106 0.007035
 88.9943 0.007176
 89.1819 0.007246
 89.3711 0.007371
 89.5666 0.007572
 89.7665 0.007725
 89.9707 0.007762
 90.1801 0.007802
 90.3923 0.007853
 90.6084 0.007898
 90.8346 0.008018
 91.0646 0.008228
 91.3016 0.008171
 91.5449 0.008367
 91.7965 0.008481
 92.0572 0.008489
 92.3287 0.008638
 92.6053 0.008861
 92.8938 0.009122
 93.1992 0.009558
 93.5166 0.009732
 93.8512 0.009957
 94.2024 0.009953
 94.5682 0.010266
 94.9538 0.010598
 95.3697 0.010905
 95.8150 0.011265
 96.2894 0.011589
 96.8067 0.012308
 97.3586 0.012959
 97.9682 0.013125
 98.6597 0.013889
 99.4522 0.014910
100.3620 0.016480
101.4603 0.017586
102.8339 0.019661
104.7102 0.021422
105.1927 0.022913
105.7248 0.023892
106.3125 0.025798
106.9901 0.027837
107.7892 0.030588
108.7426 0.032860
109.9467 0.038545
111.5948 0.045671
114.3462 0.064506
117.1666 0.085525
120.6413 0.130280
123.1921 0.176143
lm1s-11-8 3 1
 56.7515 0.065753
 57.7076 0.050627
 58.9839 0.035627
 60.0692 0.028680
 61.2898 0.021498
 62.0499 0.018069
 62.6143 0.015811
 63.0707 0.014604
 63.4516 0.013844
 63.7846 0.012832
 64.0742 0.012278
 64.3425 0.011796
 64.5811 0.011735
 65.5431 0.009798
 66.2868 0.009304
 66.8896 0.008861
 67.4100 0.008382
 67.8618 0.008051
 68.2648 0.007668
 68.6297 0.007316
 68.9719 0.007276
 69.2865 0.007227
 69.5805 0.007104
 69.8577 0.006778
 70.1249 0.006596
 70.3767 0.006453
 70.6198 0.006331
 70.8513 0.006282
 71.0714 0.006109
 71.2829 0.006100
 71.4885 0.006054
 71.6877 0.005867
 71.8805 0.005854
 72.0658 0.005854
 72.2495 0.005874
 72.4286 0.005795
 72.6024 0.005776
 72.7693 0.005672
 72.9356 0.005694
 73.0988 0.005601
 73.2578 0.005664
 73.4139 0.005729
 73.5687 0.005753
 73.7189 0.005702
 73.8679 0.005664
 74.0144 0.005653
 74.1576 0.005564
 74.2999 0.005557
 74.4379 0.005479
 74.5767 0.005383
 74.7121 0.005396
 74.8468 0.005426
 74.9794 0.005486
 75.1100 0.005452
 75.2385 0.005489
 75.3671 0.005429
 75.4937 0.005377
 75.6191 0.005381
 75.7419 0.005361
 75.8676 0.005382
 75.9904 0.005310
 76.1124 0.005239
 76.2332 0.005213
 76.3538 0.005200
 76.4731 0.005207
 76.5906 0.005179
 76.7077 0.005192
 76.8225 0.005264
 76.9373 0.005263
 77.0538 0.005279
 77.1692 0.005300
 77.2833 0.005270
 77.3968 0.005309
 77.5088 0.005358
 77.6202 0.005345
 77.7335 0.005332
 77.8458 0.005363
 77.9579 0.005364
 78.0686 0.005398
 78.1779 0.005466
 78.2868 0.005403
 78.3960 0.005420
 78.5056 0.005452
 78.6125 0.005476
 78.7206 0.005477
 78.8291 0.005539
 78.9374 0.005557
 79.0451 0.005555
 79.1522 0.005516
 79.2600 0.005548
 79.3665 0.005437
 79.4734 0.005476
 79.5798 0.005502
 79.6871 0.005514
 79.7937 0.005495
 79.9001 0.005479
 80.0070 0.005490
 80.1145 0.005512
 80.2209 0.005523
 80.3266 0.005557
 80.4319 0.005558
 80.5387 0.005558
 80.6435 0.005597
 80.7494 0.005565
 80.8571 0.005573
 80.9627 0.005632
 81.0692 0.005696
 81.1772 0.005656
 81.2833 0.005686
 81.3898 0.005699
 81.4960 0.005644
 81.6029 0.005710
 81.7125 0.005747
 81.8198 0.005825
 81.9294 0.005753
 82.0398 0.005719
 82.1489 0.005733
 82.2579 0.005705
 82.3669 0.005729
 82.4786 0.005669
 82.5886 0.005711
 82.6994 0.005685
 82.8104 0.005724
 82.9216 0.005709
 83.0342 0.005730
 83.1471 0.005724
 83.2607 0.005753
 83.3743 0.005717
 83.4897 0.005778
 83.6059 0.005779
 83.7220 0.005790
 83.8381 0.005773
 83.9535 0.005857
 84.0723 0.005915
 84.1890 0.005898
 84.3083 0.005837
 84.4283 0.005910
 84.5472 0.005944
 84.6672 0.005953
 84.7902 0.005922
 84.9116 0.005861
 85.0369 0.005872
 85.1602 0.005892
 85.2850 0.005861
 85.4106 0.005896
 85.5386 0.005884
 85.6657 0.006004
 85.7962 0.006060
 85.9256 0.006051
 86.0592 0.006118
 86.1918 0.006164
 86.3245 0.006139
 86.4609 0.006184
 86.5978 0.006180
 86.7362 0.006149
 86.8749 0.006256
 87.0158 0.006262
 87.1613 0.006374
 87.3048 0.006363
 87.4512 0.006383
 87.5998 0.006413
 87.7482 0.006422
 87.9002 0.006465
 88.0550 0.006463
 88.2127 0.006514
 88.3726 0.006609
 88.5363 0.006681
 88.7033 0.006830
 88.8704 0.006877
 89.0406 0.006939
 89.2138 0.006976
 89.3895 0.007146
 89.5691 0.007255
 89.7522 0.007332
 89.9398 0.007411
 90.1281 0.007452
 90.3252 0.007540
 90.5204 0.007688
 90.7242 0.007704
 90.9309 0.007769
 91.1439 0.007916
 91.3647 0.008038
 91.5911 0.008083
 91.8212 0.008195
 92.0583 0.008260
 92.3010 0.008374
 92.5527 0.008654
 92.8105 0.008774
 93.0809 0.008987
 93.3622 0.009116
 93.6558 0.009332
 93.9633 0.009530
 94.2764 0.009547
 94.6077 0.009839
 94.9565 0.009939
 95.3228 0.010222
 95.7135 0.010461
 96.1280 0.010531
 96.5713 0.011087
 97.0405 0.011649
 97.5526 0.012008
 98.1113 0.012584
 98.7336 0.013138
 99.4214 0.013995
100.2001 0.014901
101.1200 0.015766
102.2095 0.017167
103.5922 0.018919
105.4746 0.021744
105.9488 0.022712
106.4776 0.023970
107.0655 0.026048
107.7413 0.028521
108.5450 0.030783
109.5204 0.032422
110.7096 0.038348
112.3579 0.046975
115.1492 0.066422
117.8857 0.086505
121.4201 0.132764
124.0465 0.179007
 lm2-11-8 3 1
 58.5244 0.087610
 59.4320 0.064778
 60.7928 0.048456
 61.9713 0.035486
 63.1754 0.028515
 63.9405 0.024499
 64.5002 0.022049
 64.9550 0.019373
 65.3512 0.017658
 65.6899 0.016467
 65.9870 0.015858
 66.2586 0.014903
 66.5018 0.014365
 67.4769 0.012837
 68.2123 0.011535
 68.8236 0.010351
 69.3465 0.010253
 69.8087 0.009971
 70.2211 0.009553
 70.6022 0.009166
 70.9485 0.009133
 71.2681 0.009048
 71.5740 0.009122
 71.8526 0.008856
 72.1194 0.008866
 72.3797 0.008789
 72.6213 0.008650
 72.8566 0.008492
 73.0814 0.008229
 73.2987 0.008060
 73.5059 0.007952
 73.7109 0.007866
 73.9091 0.007684
 74.0992 0.007519
 74.2849 0.007563
 74.4661 0.007543
 74.6414 0.007553
 74.8148 0.007390
 74.9844 0.007271
 75.1500 0.007227
 75.3121 0.007270
 75.4693 0.007170
 75.6261 0.007112
 75.7819 0.007073
 75.9331 0.006966
 76.0803 0.006968
 76.2271 0.006998
 76.3702 0.006950
 76.5126 0.006872
 76.6532 0.006895
 76.7920 0.006815
 76.9287 0.006913
 77.0620 0.006975
 77.1944 0.006914
 77.3258 0.006853
 77.4560 0.006803
 77.5856 0.006835
 77.7143 0.006874
 77.8410 0.006840
 77.9660 0.006772
 78.0921 0.006864
 78.2146 0.006876
 78.3362 0.006911
 78.4575 0.006822
 78.5794 0.006879
 78.6989 0.006763
 78.8179 0.006705
 78.9380 0.006606
 79.0570 0.006617
 79.1747 0.006569
 79.2905 0.006621
 79.4067 0.006758
 79.5223 0.006751
 79.6366 0.006789
 79.7493 0.006722
 79.8621 0.006717
 79.9736 0.006685
 80.0836 0.006737
 80.1967 0.006742
 80.3061 0.006673
 80.4173 0.006690
 80.5298 0.006624
 80.6419 0.006646
 80.7520 0.006640
 80.8602 0.006657
 80.9704 0.006719
 81.0788 0.006782
 81.1890 0.006788
 81.2967 0.006801
 81.4056 0.006804
 81.5146 0.006809
 81.6238 0.006860
 81.7314 0.006891
 81.8391 0.006885
 81.9463 0.006977
 82.0545 0.006883
 82.1623 0.006852
 82.2696 0.006848
 82.3782 0.006878
 82.4848 0.006918
 82.5913 0.006965
 82.6999 0.006998
 82.8100 0.006950
 82.9196 0.006936
 83.0288 0.006953
 83.1361 0.006931
 83.2443 0.006927
 83.3516 0.006974
 83.4609 0.006904
 83.5700 0.006887
 83.6803 0.006840
 83.7898 0.006811
 83.8993 0.006790
 84.0076 0.006863
 84.1181 0.006935
 84.2283 0.006911
 84.3383 0.006886
 84.4501 0.006872
 84.5622 0.006888
 84.6730 0.006914
 84.7851 0.006970
 84.8980 0.006935
 85.0117 0.006951
 85.1244 0.007014
 85.2381 0.007016
 85.3523 0.007062
 85.4669 0.007046
 85.5826 0.007056
 85.6994 0.007092
 85.8154 0.007140
 85.9313 0.007158
 86.0484 0.007266
 86.1660 0.007260
 86.2851 0.007289
 86.4067 0.007347
 86.5273 0.007355
 86.6491 0.007371
 86.7721 0.007334
 86.8945 0.007300
 87.0189 0.007309
 87.1429 0.007377
 87.2681 0.007427
 87.3943 0.007360
 87.5199 0.007315
 87.6449 0.007462
 87.7758 0.007512
 87.9065 0.007484
 88.0374 0.007522
 88.1712 0.007572
 88.3051 0.007555
 88.4387 0.007498
 88.5728 0.007559
 88.7081 0.007645
 88.8480 0.007693
 88.9898 0.007781
 89.1306 0.007895
 89.2761 0.007988
 89.4211 0.008036
 89.5682 0.008045
 89.7167 0.008137
 89.8672 0.008317
 90.0204 0.008376
 90.1764 0.008360
 90.3327 0.008420
 90.4919 0.008423
 90.6537 0.008550
 90.8179 0.008663
 90.9848 0.008809
 91.1540 0.008870
 91.3254 0.009010
 91.4998 0.009030
 91.6786 0.009082
 91.8589 0.009188
 92.0443 0.009393
 92.2340 0.009517
 92.4280 0.009810
 92.6282 0.009866
 92.8274 0.009957
 93.0327 0.010011
 93.2430 0.010152
 93.4583 0.010348
 93.6807 0.010430
 93.9087 0.010571
 94.1407 0.010559
 94.3785 0.010652
 94.6295 0.010809
 94.8872 0.010886
 95.1475 0.011166
 95.4186 0.011454
 95.7053 0.011484
 96.0083 0.011530
 96.3203 0.011781
 96.6445 0.011924
 96.9823 0.012336
 97.3438 0.012701
 97.7126 0.012885
 98.1025 0.013299
 98.5280 0.013701
 98.9768 0.014321
 99.4528 0.014900
 99.9762 0.015334
100.5398 0.015742
101.1576 0.016560
101.8617 0.018086
102.6517 0.018926
103.5695 0.019799
104.6776 0.021868
106.0742 0.024679
107.9786 0.029583
108.4707 0.030795
109.0157 0.032641
109.6078 0.033716
110.2982 0.036272
111.0860 0.040934
112.0303 0.043661
113.2329 0.048825
114.9169 0.060521
117.6919 0.084323
120.3864 0.109810
124.0326 0.164847
126.4446 0.236997
lm2s-11-8 3 1
 59.3388 0.083693
 60.2274 0.062108
 61.5776 0.045761
 62.7437 0.035803
 63.9250 0.027928
 64.6923 0.023912
 65.2594 0.021168
 65.7076 0.018294
 66.0925 0.017473
 66.4258 0.016238
 66.7361 0.015724
 67.0107 0.014602
 67.2521 0.013998
 68.2343 0.012534
 68.9657 0.011538
 69.5749 0.010928
 70.1072 0.010351
 70.5725 0.009735
 70.9905 0.009542
 71.3651 0.009229
 71.7086 0.009235
 72.0251 0.008974
 72.3303 0.008889
 72.6128 0.008772
 72.8821 0.008707
 73.1404 0.008636
 73.3852 0.008415
 73.6218 0.008306
 73.8466 0.008086
 74.0663 0.007850
 74.2766 0.007712
 74.4770 0.007659
 74.6737 0.007528
 74.8655 0.007412
 75.0510 0.007344
 75.2329 0.007404
 75.4066 0.007536
 75.5806 0.007442
 75.7460 0.007353
 75.9115 0.007199
 76.0757 0.007130
 76.2322 0.007209
 76.3893 0.007188
 76.5433 0.007098
 76.6928 0.007072
 76.8414 0.007014
 76.9854 0.007154
 77.1307 0.007157
 77.2737 0.007061
 77.4135 0.007020
 77.5509 0.006916
 77.6887 0.006898
 77.8228 0.006882
 77.9539 0.006924
 78.0863 0.006874
 78.2164 0.006923
 78.3445 0.006851
 78.4725 0.006858
 78.5984 0.006929
 78.7248 0.006826
 78.8481 0.006782
 78.9727 0.006754
 79.0959 0.006860
 79.2188 0.006823
 79.3405 0.006870
 79.4618 0.006806
 79.5811 0.006936
 79.7003 0.006879
 79.8161 0.006862
 79.9320 0.006909
 80.0455 0.006894
 80.1604 0.006940
 80.2759 0.006910
 80.3912 0.006848
 80.5036 0.006820
 80.6198 0.006855
 80.7331 0.006909
 80.8447 0.006960
 80.9562 0.006861
 81.0682 0.006961
 81.1781 0.006955
 81.2892 0.006978
 81.3990 0.007003
 81.5075 0.006946
 81.6195 0.006957
 81.7297 0.006937
 81.8397 0.006942
 81.9481 0.007000
 82.0571 0.006988
 82.1652 0.006967
 82.2744 0.006931
 82.3821 0.007009
 82.4901 0.006998
 82.5987 0.007018
 82.7063 0.006932
 82.8157 0.006893
 82.9250 0.006962
 83.0330 0.007017
 83.1424 0.007041
 83.2490 0.006962
 83.3559 0.006905
 83.4649 0.006883
 83.5740 0.006864
 83.6829 0.006790
 83.7910 0.006776
 83.8996 0.006746
 84.0077 0.006772
 84.1148 0.006812
 84.2244 0.006839
 84.3345 0.006809
 84.4440 0.006920
 84.5532 0.006932
 84.6616 0.006902
 84.7722 0.006902
 84.8822 0.006830
 84.9925 0.006888
 85.1040 0.006890
 85.2139 0.006908
 85.3261 0.006998
 85.4383 0.007016
 85.5493 0.006876
 85.6601 0.006898
 85.7736 0.006943
 85.8875 0.006962
 86.0029 0.007151
 86.1177 0.007220
 86.2308 0.007205
 86.3470 0.007145
 86.4638 0.007229
 86.5787 0.007185
 86.6957 0.007237
 86.8138 0.007251
 86.9329 0.007384
 87.0528 0.007468
 87.1709 0.007487
 87.2913 0.007517
 87.4119 0.007313
 87.5331 0.007385
 87.6542 0.007295
 87.7784 0.007312
 87.9029 0.007353
 88.0261 0.007356
 88.1514 0.007400
 88.2785 0.007342
 88.4077 0.007292
 88.5381 0.007406
 88.6662 0.007473
 88.7953 0.007403
 88.9266 0.007428
 89.0596 0.007484
 89.1951 0.007606
 89.3313 0.007708
 89.4705 0.007798
 89.6102 0.007893
 89.7517 0.007956
 89.8905 0.008016
 90.0359 0.008064
 90.1803 0.008195
 90.3288 0.008234
 90.4781 0.008302
 90.6288 0.008363
 90.7838 0.008347
 90.9381 0.008436
 91.0940 0.008473
 91.2506 0.008531
 91.4111 0.008654
 91.5767 0.008771
 91.7442 0.008758
 91.9136 0.008987
 92.0837 0.009034
 92.2611 0.009169
 92.4386 0.009233
 92.6177 0.009358
 92.8010 0.009475
 92.9898 0.009641
 93.1786 0.009809
 93.3751 0.009948
 93.5761 0.010141
 93.7816 0.010264
 93.9915 0.010281
 94.2098 0.010422
 94.4341 0.010453
 94.6598 0.010532
 94.8922 0.010624
 95.1329 0.010849
 95.3796 0.010983
 95.6374 0.011202
 95.9013 0.011363
 96.1806 0.011411
 96.4672 0.011625
 96.7664 0.011831
 97.0748 0.012080
 97.3988 0.012366
 97.7366 0.012652
 98.0889 0.013002
 98.4617 0.013042
 98.8593 0.013347
 99.2769 0.013720
 99.7232 0.014161
100.2078 0.014661
100.7263 0.015014
101.2959 0.015870
101.9181 0.016886
102.6121 0.017277
103.4039 0.018301
104.3129 0.019679
105.4359 0.022231
106.8356 0.025003
108.7194 0.030052
109.2020 0.030853
109.7466 0.031995
110.3504 0.033897
111.0390 0.037905
111.8456 0.039329
112.7907 0.043309
114.0191 0.050827
115.6530 0.061995
118.4481 0.087447
121.1153 0.110345
124.7781 0.163647
127.2936 0.235476
 tr0-11-8 3 1
315.0249 0.283052
319.1522 0.219795
324.9382 0.148759
329.6637 0.108712
334.4724 0.084476
337.4812 0.070359
339.6782 0.061453
341.4660 0.058275
342.9886 0.056629
344.3140 0.052691
345.4731 0.052078
346.5032 0.049923
347.4400 0.048735
351.1652 0.040792
353.9555 0.035038
356.2140 0.031438
358.1296 0.029789
359.8177 0.028413
361.3354 0.027707
362.6971 0.026614
363.9719 0.025187
365.1312 0.024228
366.2141 0.023758
367.2296 0.023036
368.1812 0.023097
369.0834 0.023108
369.9396 0.023068
370.7545 0.022435
371.5391 0.022331
372.2984 0.022004
373.0299 0.021923
373.7460 0.021852
374.4249 0.021803
375.0851 0.021437
375.7343 0.020963
376.3586 0.020637
376.9680 0.020702
377.5556 0.020652
378.1358 0.020447
378.7053 0.020134
379.2582 0.020123
379.8031 0.020182
380.3273 0.020096
380.8510 0.019708
381.3643 0.019683
381.8643 0.019687
382.3555 0.019499
382.8443 0.019339
383.3227 0.019123
383.7919 0.018926
384.2527 0.018930
384.7100 0.018746
385.1572 0.018710
385.6049 0.018855
386.0482 0.018795
386.4841 0.018850
386.9102 0.018825
387.3313 0.018926
387.7495 0.018991
388.1601 0.019102
388.5724 0.019041
388.9791 0.019099
389.3796 0.019041
389.7788 0.019173
390.1730 0.019000
390.5684 0.018691
390.9556 0.018776
391.3408 0.018590
391.7266 0.018532
392.1056 0.018373
392.4822 0.018149
392.8562 0.018140
393.2293 0.018047
393.5999 0.018143
393.9663 0.018177
394.3311 0.018184
394.6951 0.018170
395.0527 0.018173
395.4143 0.018151
395.7720 0.018120
396.1293 0.018001
396.4892 0.017913
396.8401 0.017947
397.1880 0.017767
397.5419 0.017831
397.8856 0.018155
398.2327 0.018117
398.5785 0.018170
398.9228 0.018055
399.2687 0.018120
399.6084 0.018093
399.9473 0.018252
400.2879 0.018186
400.6287 0.018193
400.9667 0.018249
401.3079 0.018315
401.6518 0.018403
401.9974 0.018360
402.3365 0.018339
402.6679 0.018321
403.0027 0.018306
403.3422 0.018346
403.6842 0.018385
404.0209 0.018437
404.3571 0.018333
404.6930 0.018214
405.0300 0.018273
405.3671 0.018231
405.7017 0.018047
406.0348 0.018145
406.3714 0.018165
406.7087 0.018206
407.0418 0.018195
407.3755 0.018249
407.7169 0.018228
408.0589 0.018138
408.3957 0.018111
408.7345 0.018070
409.0709 0.018058
409.4123 0.018038
409.7484 0.017929
410.0883 0.018039
410.4326 0.018076
410.7701 0.018140
411.1121 0.018229
411.4567 0.018262
411.8009 0.018026
412.1449 0.017810
412.4943 0.017850
412.8454 0.017891
413.1975 0.017895
413.5447 0.017913
413.8984 0.017902
414.2523 0.017778
414.6094 0.017978
414.9680 0.017927
415.3265 0.017939
415.6864 0.017798
416.0526 0.017809
416.4186 0.017933
416.7842 0.017959
417.1564 0.018219
417.5301 0.018272
417.8998 0.018437
418.2782 0.018591
418.6523 0.018642
419.0328 0.018671
419.4191 0.018716
419.8060 0.018605
420.1948 0.018603
420.5881 0.018753
420.9874 0.018954
421.3870 0.019114
421.7923 0.019265
422.1981 0.019073
422.6130 0.019112
423.0291 0.019099
423.4491 0.018900
423.8750 0.019393
424.3088 0.019391
424.7349 0.019317
425.1744 0.019501
425.6176 0.019975
426.0723 0.020131
426.5294 0.020414
426.9876 0.020415
427.4526 0.020726
427.9304 0.020799
428.4061 0.020973
428.8883 0.021121
429.3803 0.021218
429.8865 0.021097
430.3947 0.021216
430.9129 0.021532
431.4457 0.021582
431.9849 0.021910
432.5335 0.022061
433.0957 0.022512
433.6669 0.022809
434.2587 0.022974
434.8650 0.022666
435.4822 0.022631
436.1123 0.022998
436.7519 0.023366
437.4043 0.023861
438.0866 0.024123
438.7760 0.024752
439.4870 0.025019
440.2231 0.025255
441.0000 0.025533
441.7862 0.025687
442.6167 0.025881
443.4758 0.025933
444.3731 0.026189
445.3177 0.026737
446.2955 0.027436
447.3311 0.028446
448.4223 0.028899
449.5886 0.030452
450.8273 0.030859
452.1693 0.032463
453.6243 0.033725
455.2116 0.034717
457.0024 0.037174
459.0088 0.038973
461.3321 0.041992
464.0877 0.045584
467.5257 0.049303
472.2330 0.056026
473.3921 0.059445
474.6929 0.060452
476.1525 0.063968
477.8430 0.067758
479.7661 0.070597
482.0276 0.079822
484.9627 0.093125
488.9803 0.107322
495.5075 0.150034
501.7204 0.199583
509.7551 0.305421
515.2729 0.409628
 tr1-11-8 3 1
335.3401 0.312711
339.0373 0.226054
344.8699 0.153502
349.5676 0.111443
354.6226 0.090559
357.7896 0.077375
360.0560 0.069847
361.8791 0.063218
363.4377 0.059324
364.7838 0.054227
365.9371 0.051336
366.9658 0.049072
367.9474 0.047473
371.7900 0.042634
374.6416 0.038918
376.9749 0.034853
378.9466 0.032263
380.6825 0.030149
382.2181 0.029659
383.6288 0.028387
384.9080 0.027651
386.0981 0.026947
387.2034 0.025681
388.2510 0.025329
389.2307 0.024720
390.1561 0.023986
391.0414 0.023801
391.8858 0.023612
392.6963 0.022998
393.4743 0.022260
394.2267 0.022087
394.9448 0.022107
395.6469 0.021778
396.3169 0.021277
396.9817 0.021072
397.6242 0.021079
398.2478 0.021057
398.8579 0.020840
399.4517 0.020776
400.0329 0.020559
400.6008 0.020488
401.1592 0.020330
401.6952 0.020021
402.2240 0.020137
402.7478 0.019893
403.2607 0.020339
403.7627 0.020475
404.2561 0.020481
404.7466 0.020289
405.2283 0.020404
405.6998 0.020098
406.1655 0.019902
406.6290 0.019797
407.0830 0.019426
407.5342 0.019174
407.9763 0.019050
408.4183 0.019086
408.8533 0.018933
409.2828 0.019023
409.7075 0.018929
410.1294 0.018928
410.5416 0.018712
410.9544 0.018537
411.3619 0.018340
411.7669 0.018240
412.1704 0.018098
412.5677 0.018235
412.9633 0.018377
413.3534 0.018271
413.7424 0.018313
414.1329 0.018266
414.5155 0.018344
414.8955 0.018308
415.2757 0.017919
415.6529 0.018102
416.0268 0.018065
416.4022 0.018282
416.7778 0.018255
417.1449 0.018232
417.5091 0.018383
417.8751 0.018336
418.2402 0.018336
418.6017 0.018177
418.9623 0.018185
419.3180 0.018055
419.6744 0.018043
420.0315 0.017982
420.3853 0.017972
420.7407 0.018006
421.0904 0.017863
421.4395 0.017721
421.7874 0.017725
422.1434 0.017744
422.4885 0.017785
422.8381 0.017682
423.1851 0.017757
423.5255 0.017659
423.8704 0.017745
424.2151 0.017655
424.5599 0.017772
424.9075 0.017980
425.2482 0.018023
425.5938 0.018138
425.9388 0.018077
426.2816 0.017789
426.6229 0.017752
426.9679 0.017597
427.3100 0.017545
427.6569 0.017657
428.0019 0.017810
428.3450 0.017814
428.6884 0.017953
429.0364 0.017892
429.3807 0.017952
429.7260 0.017822
430.0692 0.017880
430.4114 0.017696
430.7558 0.017939
431.1065 0.017971
431.4549 0.018023
431.8030 0.017871
432.1514 0.017994
432.5028 0.017927
432.8513 0.018016
433.2054 0.017889
433.5528 0.017948
433.9045 0.017918
434.2596 0.018030
434.6191 0.017965
434.9739 0.017910
435.3311 0.018050
435.6952 0.017876
436.0513 0.017897
436.4191 0.017979
436.7813 0.018214
437.1506 0.018109
437.5175 0.017916
437.8889 0.017930
438.2653 0.018069
438.6388 0.018303
439.0127 0.018327
439.3895 0.018283
439.7701 0.018065
440.1550 0.018349
440.5389 0.018389
440.9278 0.018360
441.3200 0.018439
441.7122 0.018334
442.1099 0.018342
442.5093 0.018538
442.9132 0.018439
443.3190 0.018188
443.7295 0.018011
444.1407 0.018237
444.5596 0.018291
444.9793 0.018377
445.3969 0.018412
445.8283 0.018565
446.2646 0.018702
446.7041 0.019172
447.1496 0.019251
447.5993 0.019417
448.0527 0.019355
448.5119 0.019429
448.9808 0.019673
449.4533 0.019929
449.9301 0.020138
450.4174 0.020329
450.9066 0.020272
451.4059 0.020381
451.9133 0.020549
452.4265 0.020744
452.9468 0.021058
453.4812 0.020997
454.0233 0.021246
454.5732 0.021609
455.1278 0.021620
455.6928 0.021976
456.2681 0.022367
456.8585 0.022575
457.4682 0.022772
458.0927 0.022960
458.7290 0.023334
459.3806 0.023589
460.0615 0.023926
460.7534 0.024571
461.4674 0.025149
462.2063 0.025657
462.9583 0.025727
463.7453 0.025653
464.5473 0.026081
465.3942 0.026723
466.2632 0.027294
467.1774 0.027754
468.1361 0.027932
469.1490 0.028430
470.2067 0.029383
471.3349 0.029922
472.5175 0.030979
473.7805 0.031762
475.1656 0.032556
476.6427 0.033443
478.2654 0.035316
480.0912 0.037102
482.1487 0.039123
484.5182 0.041379
487.3330 0.045144
490.8594 0.051255
495.6438 0.058544
496.8249 0.060642
498.1730 0.065260
499.6403 0.068725
501.3236 0.072636
503.2686 0.078617
505.6218 0.087005
508.5900 0.100479
512.7085 0.115177
519.5909 0.162171
525.7508 0.208482
533.7672 0.296957
539.8410 0.406499
tr1s-11-8 3 1
345.5349 0.313243
350.1721 0.235917
355.7345 0.158121
360.3771 0.119470
365.4523 0.088837
368.5975 0.075851
370.8609 0.069196
372.7186 0.062240
374.2509 0.056734
375.6039 0.053689
376.7813 0.051940
377.8181 0.049565
378.7892 0.048954
382.6623 0.042718
385.5456 0.038049
387.8733 0.035064
389.8408 0.033112
391.5766 0.031178
393.1325 0.029995
394.5332 0.028914
395.8251 0.027764
397.0104 0.027358
398.1171 0.026787
399.1612 0.025146
400.1476 0.024479
401.0842 0.024095
401.9644 0.024264
402.8097 0.023971
403.6247 0.023733
404.4073 0.023439
405.1644 0.023308
405.8866 0.023033
406.5968 0.022672
407.2830 0.022596
407.9417 0.022298
408.5794 0.021661
409.1905 0.021706
409.7935 0.021638
410.3885 0.021347
410.9652 0.021194
411.5269 0.020598
412.0931 0.020784
412.6416 0.020648
413.1753 0.020247
413.6963 0.020299
414.2013 0.020259
414.7101 0.020093
415.2131 0.019748
415.7039 0.019682
416.1873 0.019451
416.6622 0.019287
417.1324 0.019188
417.5986 0.019075
418.0516 0.019149
418.5027 0.019109
418.9463 0.019208
419.3817 0.019033
419.8177 0.018661
420.2481 0.018747
420.6723 0.018501
421.0944 0.018315
421.5093 0.018195
421.9260 0.018053
422.3333 0.018003
422.7404 0.017880
423.1475 0.017856
423.5499 0.018009
423.9481 0.017932
424.3416 0.018048
424.7298 0.018184
425.1141 0.018283
425.5026 0.018144
425.8838 0.018187
426.2659 0.018102
426.6464 0.018067
427.0290 0.018115
427.4011 0.017983
427.7646 0.017977
428.1362 0.017866
428.5022 0.017808
428.8688 0.017772
429.2324 0.017715
429.5872 0.017654
429.9492 0.017672
430.3091 0.017853
430.6666 0.017820
431.0227 0.017855
431.3743 0.017869
431.7268 0.017859
432.0829 0.017845
432.4333 0.017754
432.7828 0.017843
433.1334 0.017913
433.4848 0.018026
433.8302 0.017836
434.1805 0.017889
434.5289 0.018085
434.8714 0.018064
435.2192 0.018009
435.5680 0.017856
435.9148 0.017964
436.2596 0.017987
436.6076 0.017937
436.9470 0.017930
437.2891 0.017943
437.6290 0.017737
437.9759 0.017806
438.3187 0.017828
438.6616 0.017803
439.0033 0.017753
439.3469 0.017621
439.6897 0.017686
440.0334 0.017741
440.3799 0.017817
440.7244 0.017674
441.0731 0.017792
441.4206 0.017905
441.7660 0.017880
442.1151 0.017989
442.4612 0.018098
442.8109 0.018097
443.1604 0.017979
443.5113 0.018038
443.8636 0.018098
444.2161 0.017976
444.5713 0.017818
444.9226 0.017756
445.2835 0.017663
445.6441 0.017750
446.0030 0.017688
446.3671 0.017672
446.7270 0.017808
447.0916 0.017761
447.4600 0.017682
447.8262 0.017604
448.1919 0.017755
448.5596 0.017861
448.9285 0.018040
449.3037 0.018118
449.6793 0.018215
450.0546 0.018330
450.4321 0.018412
450.8138 0.018378
451.1994 0.018368
451.5892 0.018188
451.9760 0.018253
452.3652 0.018393
452.7635 0.018519
453.1661 0.018554
453.5672 0.018682
453.9715 0.018672
454.3773 0.018585
454.7888 0.018709
455.2013 0.018767
455.6144 0.019027
456.0349 0.018959
456.4604 0.019312
456.8921 0.019397
457.3224 0.019719
457.7558 0.019775
458.1979 0.019982
458.6500 0.019909
459.0996 0.019647
459.5663 0.019879
460.0312 0.019828
460.5078 0.019995
460.9882 0.020122
461.4699 0.020571
461.9655 0.020563
462.4643 0.020679
462.9624 0.021039
463.4798 0.021486
464.0034 0.021716
464.5328 0.021393
465.0744 0.021449
465.6311 0.021957
466.1854 0.022079
466.7597 0.022133
467.3415 0.022363
467.9341 0.022412
468.5411 0.022785
469.1682 0.023161
469.8097 0.023448
470.4714 0.023494
471.1337 0.024259
471.8280 0.024492
472.5427 0.024395
473.2741 0.024775
474.0363 0.024967
474.8294 0.025253
475.6439 0.025927
476.4918 0.026494
477.3664 0.026930
478.2773 0.027397
479.2302 0.027394
480.2425 0.028551
481.3011 0.030352
482.4162 0.031312
483.6104 0.031324
484.8814 0.031746
486.2579 0.032503
487.7576 0.033019
489.4051 0.034428
491.2187 0.036158
493.2490 0.037284
495.5972 0.039707
498.4476 0.043001
501.9898 0.047420
506.7497 0.058793
507.9396 0.062772
509.2704 0.065401
510.7952 0.068020
512.4854 0.070040
514.4478 0.074625
516.7875 0.084118
519.7985 0.094961
523.8974 0.113273
530.7600 0.158423
537.0272 0.201264
544.9679 0.302039
550.8577 0.424015
 tr2-11-8 3 1
355.3395 0.310263
359.4736 0.235110
365.2325 0.157271
370.1426 0.121605
375.3455 0.091959
378.5304 0.077812
380.9219 0.070548
382.8169 0.063740
384.3974 0.059276
385.7560 0.055456
387.0080 0.052385
388.0540 0.050787
389.0241 0.048889
393.0091 0.043961
395.9373 0.039647
398.3272 0.036250
400.3459 0.032703
402.1213 0.030413
403.6996 0.030056
405.1401 0.029076
406.4662 0.027668
407.6789 0.026012
408.8101 0.025040
409.8732 0.024777
410.8716 0.024476
411.8209 0.023791
412.7234 0.023049
413.5858 0.022671
414.4032 0.022839
415.1958 0.022320
415.9726 0.022189
416.7151 0.021966
417.4346 0.021556
418.1248 0.021603
418.7986 0.021204
419.4513 0.021089
420.0891 0.021205
420.7051 0.021397
421.3066 0.021064
421.8972 0.020638
422.4737 0.020484
423.0486 0.020639
423.6035 0.020595
424.1506 0.020576
424.6828 0.020271
425.2098 0.020394
425.7231 0.020312
426.2370 0.020341
426.7349 0.020312
427.2354 0.020400
427.7265 0.020227
428.2098 0.020209
428.6785 0.019819
429.1500 0.019812
429.6100 0.019775
430.0690 0.019567
430.5219 0.019542
430.9685 0.019605
431.4072 0.019779
431.8465 0.019724
432.2772 0.019623
432.7003 0.019660
433.1221 0.019587
433.5395 0.019434
433.9500 0.019342
434.3595 0.019451
434.7650 0.019446
435.1720 0.019449
435.5732 0.019389
435.9724 0.019395
436.3639 0.019229
436.7529 0.019081
437.1396 0.018915
437.5238 0.018729
437.9055 0.018669
438.2847 0.018535
438.6681 0.018705
439.0492 0.018668
439.4237 0.018521
439.7945 0.018638
440.1706 0.018711
440.5403 0.018607
440.9060 0.018547
441.2755 0.018426
441.6408 0.018301
442.0038 0.018132
442.3713 0.018077
442.7319 0.018046
443.0958 0.018060
443.4583 0.017904
443.8188 0.017680
444.1747 0.017583
444.5304 0.017717
444.8889 0.017640
445.2401 0.017727
445.5940 0.017604
445.9432 0.017663
446.2996 0.017578
446.6537 0.017542
447.0048 0.017401
447.3566 0.017671
447.7131 0.017605
448.0637 0.017818
448.4128 0.017796
448.7636 0.017833
449.1172 0.017845
449.4718 0.017642
449.8235 0.017681
450.1741 0.017938
450.5260 0.017812
450.8785 0.018077
451.2321 0.018115
451.5887 0.018022
451.9351 0.018101
452.2870 0.018259
452.6441 0.018109
452.9990 0.017983
453.3512 0.017937
453.7071 0.017933
454.0622 0.018097
454.4181 0.018066
454.7793 0.018143
455.1379 0.018217
455.4990 0.018286
455.8576 0.018300
456.2184 0.018331
456.5802 0.018115
456.9389 0.018115
457.3041 0.018248
457.6729 0.017997
458.0387 0.017876
458.4056 0.017917
458.7746 0.018086
459.1490 0.018122
459.5184 0.018188
459.8925 0.018159
460.2712 0.018256
460.6501 0.018559
461.0317 0.018772
461.4150 0.018891
461.7959 0.018874
462.1842 0.018944
462.5681 0.019062
462.9602 0.019100
463.3556 0.019323
463.7542 0.019387
464.1520 0.019419
464.5521 0.019507
464.9588 0.019562
465.3642 0.019466
465.7737 0.019424
466.1875 0.019430
466.6016 0.019486
467.0267 0.019538
467.4529 0.019824
467.8842 0.020151
468.3155 0.020005
468.7516 0.019861
469.1973 0.019991
469.6471 0.019868
470.0997 0.020018
470.5599 0.020000
471.0191 0.020191
471.4884 0.020540
471.9641 0.020575
472.4404 0.020685
472.9309 0.021019
473.4266 0.021078
473.9282 0.021047
474.4360 0.021360
474.9479 0.021509
475.4694 0.021583
476.0036 0.021545
476.5517 0.021815
477.1054 0.022026
477.6676 0.022214
478.2396 0.022387
478.8248 0.022475
479.4182 0.022507
480.0302 0.022811
480.6632 0.023024
481.3019 0.023067
481.9607 0.023186
482.6316 0.022894
483.3130 0.023053
484.0101 0.023161
484.7380 0.023746
485.4841 0.024062
486.2504 0.025067
487.0420 0.025707
487.8757 0.026322
488.7393 0.026943
489.6365 0.027232
490.5690 0.027658
491.5508 0.028242
492.5855 0.028888
493.6879 0.029244
494.8375 0.030142
496.0538 0.030626
497.3509 0.031803
498.7529 0.032466
500.2602 0.033642
501.9204 0.035839
503.7860 0.038013
505.8590 0.039318
508.2817 0.042077
511.1367 0.047004
514.7373 0.055515
519.5920 0.063688
520.8430 0.067462
522.1979 0.069630
523.6891 0.072627
525.4281 0.078937
527.4234 0.084115
529.8141 0.089501
532.8266 0.102239
536.9311 0.116644
543.8233 0.155057
550.3384 0.211312
558.6284 0.309191
564.5054 0.404822
tr2s-11-8 3 1
366.4015 0.293885
370.3279 0.233098
376.3120 0.160114
381.0237 0.121650
386.1808 0.090137
389.4690 0.077307
391.8241 0.067982
393.6998 0.062243
395.2986 0.057975
396.6931 0.055142
397.9139 0.053157
398.9875 0.051118
399.9596 0.049241
403.9376 0.042576
406.8952 0.038999
409.2661 0.036197
411.3020 0.033691
413.0998 0.031188
414.6790 0.029298
416.1247 0.027646
417.4209 0.026883
418.6388 0.026950
419.7700 0.026469
420.8273 0.025943
421.8218 0.025221
422.7807 0.024614
423.6837 0.023815
424.5594 0.023526
425.3882 0.023218
426.1801 0.022877
426.9405 0.022172
427.6782 0.021787
428.4017 0.021676
429.0959 0.021623
429.7716 0.021647
430.4254 0.021515
431.0685 0.021469
431.7009 0.021377
432.3040 0.020921
432.8916 0.020812
433.4771 0.020834
434.0462 0.020734
434.6013 0.020458
435.1441 0.020196
435.6814 0.020330
436.2118 0.020333
436.7320 0.020181
437.2358 0.020319
437.7407 0.020383
438.2365 0.020290
438.7232 0.020058
439.2044 0.019833
439.6734 0.019628
440.1409 0.019603
440.6030 0.019525
441.0575 0.019375
441.5083 0.019284
441.9523 0.019054
442.3882 0.019016
442.8198 0.019041
443.2505 0.018916
443.6731 0.018838
444.0965 0.018913
444.5220 0.018769
444.9345 0.018517
445.3477 0.018407
445.7560 0.018268
446.1631 0.018347
446.5615 0.018358
446.9618 0.018249
447.3582 0.018038
447.7470 0.018279
448.1368 0.018123
448.5220 0.018245
448.9050 0.018109
449.2928 0.018130
449.6716 0.017985
450.0515 0.017810
450.4292 0.017666
450.8077 0.017774
451.1762 0.017842
451.5527 0.017735
451.9215 0.017660
452.2915 0.017547
452.6602 0.017393
453.0228 0.017369
453.3834 0.017437
453.7504 0.017431
454.1098 0.017326
454.4682 0.017348
454.8275 0.017228
455.1849 0.017320
455.5432 0.017282
455.8976 0.017415
456.2539 0.017461
456.6093 0.017544
456.9642 0.017687
457.3194 0.017748
457.6717 0.017697
458.0236 0.017814
458.3698 0.017747
458.7229 0.017726
459.0774 0.017872
459.4284 0.017838
459.7755 0.017871
460.1250 0.017799
460.4780 0.017698
460.8293 0.017858
461.1809 0.017946
461.5359 0.017893
461.8899 0.017910
462.2432 0.017850
462.5973 0.018024
462.9458 0.018056
463.2977 0.018130
463.6430 0.018388
463.9980 0.018305
464.3559 0.018294
464.7118 0.018287
465.0695 0.018367
465.4256 0.018452
465.7832 0.018450
466.1404 0.018518
466.4953 0.018505
466.8536 0.018512
467.2194 0.018591
467.5823 0.018695
467.9419 0.018650
468.3082 0.018693
468.6765 0.018613
469.0433 0.018747
469.4104 0.018993
469.7795 0.018924
470.1524 0.018771
470.5267 0.018740
470.8980 0.018652
471.2757 0.018714
471.6553 0.018887
472.0353 0.018935
472.4207 0.018739
472.8058 0.018613
473.1907 0.018660
473.5797 0.018480
473.9681 0.018518
474.3641 0.018637
474.7614 0.018662
475.1671 0.018906
475.5705 0.018951
475.9742 0.018792
476.3794 0.018752
476.7937 0.018706
477.2047 0.018726
477.6205 0.018710
478.0423 0.018873
478.4669 0.019116
478.8979 0.019244
479.3321 0.019416
479.7708 0.019437
480.2164 0.019812
480.6668 0.019827
481.1181 0.019957
481.5755 0.020168
482.0410 0.020039
482.5038 0.020231
482.9737 0.020360
483.4504 0.020569
483.9389 0.020625
484.4348 0.020794
484.9406 0.021044
485.4493 0.021169
485.9680 0.021128
486.4923 0.021047
487.0331 0.021260
487.5814 0.021260
488.1340 0.021527
488.6983 0.021570
489.2645 0.021824
489.8489 0.021664
490.4417 0.021710
491.0549 0.021835
491.6796 0.022055
492.3245 0.022362
492.9842 0.022577
493.6542 0.022814
494.3421 0.022928
495.0504 0.023169
495.7758 0.023284
496.5181 0.023750
497.2959 0.024321
498.0966 0.024749
498.9153 0.025000
499.7689 0.025559
500.6666 0.025565
501.6031 0.025821
502.5744 0.026802
503.5842 0.027824
504.6590 0.028339
505.8057 0.028825
507.0222 0.029928
508.3396 0.031243
509.7462 0.031395
511.2728 0.032987
512.9449 0.035901
514.8059 0.037171
516.9127 0.039950
519.3253 0.041571
522.2144 0.046536
525.8092 0.052716
530.6452 0.062387
531.8806 0.065149
533.2031 0.068600
534.7271 0.071852
536.4335 0.075958
538.4235 0.082880
540.8557 0.090837
543.8765 0.099394
548.0249 0.114451
554.8999 0.151778
561.3723 0.216667
569.6269 0.300901
575.5769 0.434254
