Copyright (C) 1998 James G. MacKinnon, Alfred A. Haug, and Leo Michelis.
 lm0-12-5 3 1
 50.9282 0.059932
 51.8224 0.043587
 53.1312 0.031928
 54.1988 0.024456
 55.3341 0.018617
 56.0605 0.015648
 56.5804 0.014432
 57.0058 0.013508
 57.3696 0.012673
 57.6843 0.012059
 57.9680 0.011679
 58.2171 0.011565
 58.4418 0.010954
 59.3664 0.009484
 60.0660 0.008659
 60.6436 0.008241
 61.1407 0.007952
 61.5670 0.007576
 61.9486 0.007352
 62.3025 0.007068
 62.6286 0.006795
 62.9332 0.006478
 63.2177 0.006332
 63.4807 0.006305
 63.7356 0.006296
 63.9758 0.006214
 64.2066 0.006122
 64.4255 0.005909
 64.6380 0.005908
 64.8423 0.005915
 65.0391 0.005829
 65.2292 0.005809
 65.4133 0.005749
 65.5916 0.005709
 65.7658 0.005664
 65.9371 0.005578
 66.1015 0.005490
 66.2633 0.005410
 66.4238 0.005425
 66.5790 0.005360
 66.7319 0.005349
 66.8792 0.005312
 67.0246 0.005326
 67.1690 0.005349
 67.3108 0.005381
 67.4513 0.005348
 67.5895 0.005330
 67.7245 0.005290
 67.8572 0.005335
 67.9880 0.005349
 68.1178 0.005345
 68.2470 0.005396
 68.3741 0.005326
 68.4990 0.005321
 68.6231 0.005333
 68.7467 0.005376
 68.8670 0.005356
 68.9874 0.005337
 69.1062 0.005278
 69.2242 0.005257
 69.3420 0.005200
 69.4591 0.005199
 69.5732 0.005150
 69.6879 0.005112
 69.8024 0.005115
 69.9160 0.005051
 70.0282 0.005075
 70.1387 0.005035
 70.2506 0.005010
 70.3617 0.004999
 70.4709 0.005012
 70.5805 0.005019
 70.6889 0.004997
 70.7958 0.005029
 70.9023 0.005004
 71.0110 0.004997
 71.1173 0.005027
 71.2227 0.005020
 71.3289 0.005065
 71.4339 0.005080
 71.5403 0.005092
 71.6460 0.005140
 71.7506 0.005170
 71.8546 0.005179
 71.9595 0.005228
 72.0632 0.005248
 72.1659 0.005192
 72.2686 0.005149
 72.3714 0.005202
 72.4748 0.005136
 72.5774 0.005155
 72.6795 0.005169
 72.7828 0.005203
 72.8853 0.005180
 72.9865 0.005227
 73.0881 0.005297
 73.1897 0.005335
 73.2921 0.005295
 73.3936 0.005370
 73.4946 0.005390
 73.5957 0.005399
 73.6974 0.005371
 73.7982 0.005385
 73.8999 0.005443
 74.0024 0.005412
 74.1045 0.005401
 74.2065 0.005368
 74.3100 0.005439
 74.4133 0.005352
 74.5161 0.005409
 74.6198 0.005389
 74.7234 0.005426
 74.8258 0.005425
 74.9297 0.005469
 75.0331 0.005441
 75.1384 0.005487
 75.2430 0.005505
 75.3472 0.005469
 75.4522 0.005493
 75.5571 0.005450
 75.6639 0.005485
 75.7710 0.005444
 75.8776 0.005439
 75.9830 0.005477
 76.0909 0.005523
 76.1977 0.005511
 76.3066 0.005499
 76.4146 0.005502
 76.5228 0.005499
 76.6331 0.005575
 76.7435 0.005619
 76.8561 0.005640
 76.9678 0.005597
 77.0794 0.005579
 77.1909 0.005582
 77.3041 0.005616
 77.4187 0.005651
 77.5348 0.005706
 77.6489 0.005761
 77.7646 0.005772
 77.8839 0.005810
 78.0037 0.005804
 78.1229 0.005869
 78.2428 0.005976
 78.3647 0.006011
 78.4877 0.006013
 78.6120 0.006070
 78.7373 0.006145
 78.8639 0.006192
 78.9905 0.006189
 79.1175 0.006150
 79.2472 0.006239
 79.3783 0.006251
 79.5098 0.006233
 79.6436 0.006262
 79.7771 0.006381
 79.9133 0.006394
 80.0517 0.006461
 80.1918 0.006503
 80.3342 0.006496
 80.4779 0.006504
 80.6227 0.006518
 80.7708 0.006527
 80.9179 0.006563
 81.0691 0.006639
 81.2208 0.006652
 81.3752 0.006735
 81.5323 0.006755
 81.6933 0.006773
 81.8561 0.006816
 82.0228 0.006881
 82.1926 0.006866
 82.3653 0.006908
 82.5396 0.007073
 82.7186 0.007230
 82.9012 0.007333
 83.0868 0.007385
 83.2755 0.007326
 83.4693 0.007553
 83.6708 0.007666
 83.8773 0.007905
 84.0880 0.007935
 84.3057 0.008052
 84.5305 0.007974
 84.7595 0.008238
 84.9946 0.008182
 85.2372 0.008299
 85.4912 0.008521
 85.7480 0.008840
 86.0183 0.008945
 86.2977 0.009044
 86.5917 0.009344
 86.9015 0.009547
 87.2203 0.009867
 87.5586 0.009916
 87.9095 0.010254
 88.2909 0.010500
 88.6880 0.010642
 89.1118 0.010876
 89.5676 0.011217
 90.0629 0.011643
 90.6029 0.012004
 91.2001 0.012967
 91.8704 0.013772
 92.6246 0.014974
 93.5077 0.015762
 94.5680 0.017025
 95.9006 0.019025
 97.6919 0.023004
 98.1490 0.023580
 98.6501 0.024436
 99.2203 0.026554
 99.8522 0.027902
100.6357 0.030593
101.5577 0.034185
102.7189 0.039395
104.3564 0.046586
107.0672 0.062874
109.7429 0.089288
113.1246 0.138005
115.5566 0.181917
 lm1-12-5 3 1
 53.5665 0.064755
 54.4652 0.049055
 55.7881 0.033629
 56.8561 0.025623
 58.0229 0.020796
 58.7407 0.017333
 59.2943 0.015494
 59.7308 0.014740
 60.1064 0.013634
 60.4346 0.012733
 60.7203 0.012211
 60.9754 0.011850
 61.2157 0.011198
 62.1504 0.009805
 62.8635 0.008795
 63.4466 0.008454
 63.9448 0.007861
 64.3805 0.007594
 64.7795 0.007243
 65.1359 0.007291
 65.4684 0.007126
 65.7776 0.006701
 66.0651 0.006594
 66.3321 0.006330
 66.5885 0.006146
 66.8311 0.005981
 67.0665 0.006005
 67.2897 0.005803
 67.5060 0.005888
 67.7130 0.005860
 67.9113 0.005836
 68.1064 0.005729
 68.2981 0.005674
 68.4795 0.005648
 68.6553 0.005595
 68.8274 0.005538
 68.9964 0.005551
 69.1608 0.005433
 69.3205 0.005464
 69.4774 0.005406
 69.6325 0.005419
 69.7851 0.005369
 69.9352 0.005401
 70.0843 0.005342
 70.2271 0.005289
 70.3690 0.005347
 70.5107 0.005299
 70.6493 0.005219
 70.7834 0.005211
 70.9171 0.005268
 71.0474 0.005293
 71.1781 0.005268
 71.3097 0.005227
 71.4374 0.005248
 71.5644 0.005231
 71.6889 0.005169
 71.8131 0.005107
 71.9356 0.005047
 72.0584 0.005041
 72.1782 0.005012
 72.2971 0.004994
 72.4162 0.005027
 72.5324 0.005081
 72.6499 0.005129
 72.7641 0.005127
 72.8784 0.005102
 72.9929 0.005111
 73.1055 0.005154
 73.2183 0.005081
 73.3306 0.005169
 73.4410 0.005179
 73.5521 0.005208
 73.6640 0.005220
 73.7737 0.005224
 73.8824 0.005302
 73.9921 0.005357
 74.1006 0.005325
 74.2087 0.005329
 74.3167 0.005317
 74.4224 0.005333
 74.5292 0.005322
 74.6352 0.005249
 74.7411 0.005226
 74.8467 0.005268
 74.9525 0.005283
 75.0570 0.005305
 75.1625 0.005308
 75.2668 0.005292
 75.3712 0.005277
 75.4745 0.005277
 75.5790 0.005289
 75.6836 0.005312
 75.7880 0.005331
 75.8922 0.005345
 75.9958 0.005380
 76.0983 0.005387
 76.2019 0.005462
 76.3058 0.005489
 76.4117 0.005447
 76.5158 0.005460
 76.6195 0.005442
 76.7223 0.005495
 76.8265 0.005484
 76.9292 0.005484
 77.0340 0.005478
 77.1378 0.005455
 77.2416 0.005416
 77.3474 0.005399
 77.4510 0.005376
 77.5547 0.005329
 77.6592 0.005381
 77.7644 0.005390
 77.8703 0.005477
 77.9765 0.005543
 78.0830 0.005611
 78.1894 0.005634
 78.2952 0.005610
 78.4030 0.005606
 78.5087 0.005615
 78.6161 0.005661
 78.7233 0.005673
 78.8307 0.005664
 78.9379 0.005708
 79.0465 0.005699
 79.1555 0.005756
 79.2635 0.005746
 79.3739 0.005757
 79.4841 0.005783
 79.5953 0.005762
 79.7076 0.005810
 79.8195 0.005804
 79.9331 0.005784
 80.0467 0.005731
 80.1605 0.005798
 80.2760 0.005849
 80.3910 0.005873
 80.5074 0.005904
 80.6250 0.005994
 80.7424 0.006029
 80.8622 0.006028
 80.9815 0.006085
 81.1016 0.006144
 81.2224 0.006128
 81.3449 0.006186
 81.4691 0.006210
 81.5925 0.006191
 81.7181 0.006191
 81.8449 0.006200
 81.9732 0.006298
 82.1009 0.006179
 82.2302 0.006094
 82.3618 0.006113
 82.4938 0.006234
 82.6270 0.006239
 82.7611 0.006407
 82.8969 0.006400
 83.0338 0.006466
 83.1728 0.006524
 83.3154 0.006643
 83.4605 0.006725
 83.6062 0.006797
 83.7537 0.006887
 83.9040 0.006920
 84.0570 0.006952
 84.2102 0.006928
 84.3659 0.006911
 84.5218 0.007034
 84.6819 0.007177
 84.8446 0.007144
 85.0101 0.007223
 85.1805 0.007318
 85.3536 0.007361
 85.5288 0.007353
 85.7068 0.007450
 85.8887 0.007510
 86.0751 0.007638
 86.2642 0.007653
 86.4590 0.007713
 86.6558 0.007887
 86.8594 0.008059
 87.0641 0.008279
 87.2758 0.008322
 87.4954 0.008464
 87.7207 0.008677
 87.9515 0.008793
 88.1904 0.008887
 88.4376 0.008926
 88.6935 0.009034
 88.9593 0.009345
 89.2321 0.009457
 89.5210 0.009537
 89.8194 0.009779
 90.1292 0.009960
 90.4592 0.010017
 90.7975 0.010066
 91.1574 0.010175
 91.5380 0.010484
 91.9455 0.011068
 92.3783 0.011683
 92.8428 0.011948
 93.3415 0.012244
 93.8895 0.012893
 94.4940 0.013391
 95.1620 0.014211
 95.9348 0.014868
 96.8212 0.015774
 97.8893 0.017459
 99.2155 0.019941
101.0333 0.023490
101.4858 0.024785
102.0059 0.025843
102.5880 0.027515
103.2527 0.029174
104.0162 0.031344
104.9544 0.034357
106.1315 0.038210
107.7546 0.047562
110.5320 0.064767
113.2993 0.089463
116.9297 0.139467
119.3820 0.186443
lm1s-12-5 3 1
 54.3211 0.067453
 55.1710 0.049884
 56.5685 0.032427
 57.6323 0.026219
 58.7712 0.020035
 59.5005 0.017654
 60.0378 0.016071
 60.4739 0.014356
 60.8395 0.013478
 61.1633 0.012980
 61.4534 0.012563
 61.7110 0.011913
 61.9458 0.011368
 62.8738 0.009903
 63.5872 0.009155
 64.1738 0.008583
 64.6725 0.008035
 65.1139 0.007907
 65.5097 0.007651
 65.8727 0.007269
 66.2049 0.006938
 66.5096 0.006826
 66.7982 0.006438
 67.0682 0.006318
 67.3247 0.006217
 67.5701 0.006326
 67.8040 0.006260
 68.0286 0.006134
 68.2444 0.006035
 68.4514 0.005971
 68.6504 0.005948
 68.8455 0.005823
 69.0335 0.005803
 69.2158 0.005720
 69.3929 0.005652
 69.5650 0.005668
 69.7316 0.005636
 69.8984 0.005682
 70.0602 0.005685
 70.2201 0.005615
 70.3747 0.005639
 70.5242 0.005594
 70.6744 0.005482
 70.8221 0.005412
 70.9669 0.005384
 71.1082 0.005349
 71.2476 0.005344
 71.3861 0.005265
 71.5223 0.005200
 71.6548 0.005225
 71.7882 0.005213
 71.9182 0.005186
 72.0475 0.005298
 72.1758 0.005311
 72.3020 0.005239
 72.4271 0.005204
 72.5500 0.005216
 72.6744 0.005218
 72.7952 0.005199
 72.9166 0.005152
 73.0370 0.005100
 73.1559 0.005138
 73.2738 0.005142
 73.3902 0.005142
 73.5062 0.005189
 73.6210 0.005240
 73.7354 0.005285
 73.8502 0.005226
 73.9627 0.005272
 74.0741 0.005331
 74.1848 0.005325
 74.2964 0.005316
 74.4060 0.005372
 74.5146 0.005279
 74.6235 0.005260
 74.7344 0.005228
 74.8423 0.005245
 74.9499 0.005223
 75.0561 0.005179
 75.1634 0.005153
 75.2714 0.005096
 75.3747 0.005116
 75.4817 0.005198
 75.5890 0.005239
 75.6952 0.005266
 75.8014 0.005305
 75.9066 0.005316
 76.0103 0.005388
 76.1145 0.005373
 76.2191 0.005416
 76.3241 0.005454
 76.4275 0.005424
 76.5313 0.005479
 76.6342 0.005457
 76.7387 0.005462
 76.8431 0.005432
 76.9469 0.005453
 77.0512 0.005422
 77.1535 0.005389
 77.2573 0.005351
 77.3627 0.005342
 77.4666 0.005332
 77.5699 0.005311
 77.6733 0.005333
 77.7769 0.005407
 77.8812 0.005494
 77.9856 0.005466
 78.0900 0.005523
 78.1948 0.005534
 78.2996 0.005565
 78.4043 0.005543
 78.5087 0.005592
 78.6131 0.005590
 78.7189 0.005502
 78.8246 0.005531
 78.9300 0.005552
 79.0365 0.005546
 79.1436 0.005588
 79.2488 0.005636
 79.3560 0.005620
 79.4633 0.005716
 79.5709 0.005751
 79.6789 0.005734
 79.7887 0.005747
 79.8986 0.005749
 80.0074 0.005750
 80.1177 0.005825
 80.2272 0.005870
 80.3375 0.005872
 80.4497 0.005867
 80.5625 0.005899
 80.6759 0.005902
 80.7904 0.005927
 80.9047 0.005916
 81.0197 0.005992
 81.1350 0.006046
 81.2512 0.006054
 81.3689 0.006075
 81.4859 0.006120
 81.6050 0.006150
 81.7247 0.006077
 81.8452 0.006146
 81.9656 0.006115
 82.0885 0.006207
 82.2121 0.006113
 82.3346 0.006158
 82.4591 0.006109
 82.5853 0.006059
 82.7111 0.006078
 82.8398 0.006122
 82.9692 0.006106
 83.1012 0.006207
 83.2348 0.006384
 83.3688 0.006426
 83.5028 0.006454
 83.6403 0.006501
 83.7799 0.006499
 83.9203 0.006610
 84.0601 0.006618
 84.2041 0.006735
 84.3506 0.006655
 84.4965 0.006657
 84.6467 0.006705
 84.7957 0.006698
 84.9490 0.006731
 85.1055 0.006844
 85.2649 0.006926
 85.4241 0.006960
 85.5891 0.007078
 85.7556 0.007180
 85.9253 0.007204
 86.0974 0.007190
 86.2715 0.007392
 86.4513 0.007446
 86.6328 0.007594
 86.8196 0.007621
 87.0081 0.007683
 87.2018 0.007721
 87.4005 0.007815
 87.6031 0.007904
 87.8129 0.008062
 88.0233 0.008190
 88.2440 0.008382
 88.4700 0.008540
 88.7020 0.008667
 88.9409 0.008772
 89.1872 0.008764
 89.4424 0.008839
 89.7081 0.008928
 89.9839 0.009099
 90.2683 0.009338
 90.5660 0.009548
 90.8751 0.009563
 91.1994 0.009873
 91.5414 0.010131
 91.9031 0.010522
 92.2853 0.010658
 92.6927 0.011213
 93.1251 0.011700
 93.5868 0.012022
 94.0862 0.012610
 94.6341 0.013066
 95.2391 0.013611
 95.9124 0.014198
 96.6800 0.014865
 97.5733 0.016078
 98.6282 0.017537
 99.9472 0.019623
101.7777 0.024014
102.2414 0.024373
102.7494 0.026130
103.3334 0.026854
103.9926 0.029206
104.7753 0.031351
105.6701 0.033337
106.8700 0.037792
108.5029 0.046695
111.3276 0.065103
114.1072 0.091058
117.6842 0.138322
120.0908 0.181666
 lm2-12-5 3 1
 56.0792 0.065459
 57.0466 0.048276
 58.4077 0.032632
 59.5103 0.024467
 60.7102 0.019736
 61.4433 0.017345
 62.0035 0.015907
 62.4499 0.014534
 62.8271 0.014294
 63.1529 0.013215
 63.4516 0.012985
 63.7149 0.012505
 63.9535 0.011819
 64.9054 0.010051
 65.6356 0.009366
 66.2304 0.008899
 66.7430 0.008326
 67.1914 0.008113
 67.5952 0.007982
 67.9598 0.007586
 68.2973 0.007148
 68.6116 0.006876
 68.9016 0.006775
 69.1756 0.006689
 69.4352 0.006645
 69.6827 0.006455
 69.9194 0.006479
 70.1469 0.006326
 70.3623 0.006228
 70.5747 0.006325
 70.7784 0.006196
 70.9766 0.006157
 71.1677 0.006145
 71.3554 0.006057
 71.5383 0.005995
 71.7145 0.005988
 71.8877 0.006049
 72.0575 0.005976
 72.2209 0.005893
 72.3811 0.005941
 72.5402 0.005848
 72.6949 0.005875
 72.8448 0.005824
 72.9928 0.005834
 73.1396 0.005810
 73.2817 0.005847
 73.4256 0.005746
 73.5676 0.005746
 73.7059 0.005782
 73.8403 0.005768
 73.9741 0.005785
 74.1071 0.005764
 74.2384 0.005701
 74.3682 0.005649
 74.4961 0.005648
 74.6234 0.005589
 74.7484 0.005528
 74.8738 0.005502
 74.9948 0.005536
 75.1167 0.005486
 75.2383 0.005559
 75.3579 0.005564
 75.4790 0.005525
 75.5982 0.005480
 75.7165 0.005462
 75.8318 0.005449
 75.9493 0.005407
 76.0641 0.005437
 76.1782 0.005444
 76.2917 0.005438
 76.4059 0.005412
 76.5168 0.005413
 76.6299 0.005380
 76.7417 0.005384
 76.8538 0.005369
 76.9635 0.005370
 77.0726 0.005343
 77.1814 0.005286
 77.2921 0.005271
 77.4011 0.005204
 77.5103 0.005269
 77.6170 0.005279
 77.7261 0.005224
 77.8341 0.005212
 77.9418 0.005233
 78.0492 0.005184
 78.1564 0.005201
 78.2636 0.005201
 78.3703 0.005263
 78.4759 0.005274
 78.5828 0.005206
 78.6889 0.005251
 78.7936 0.005214
 78.8989 0.005156
 79.0057 0.005199
 79.1102 0.005223
 79.2161 0.005220
 79.3220 0.005212
 79.4272 0.005189
 79.5324 0.005236
 79.6386 0.005300
 79.7427 0.005281
 79.8470 0.005254
 79.9519 0.005307
 80.0573 0.005353
 80.1622 0.005294
 80.2670 0.005279
 80.3734 0.005309
 80.4791 0.005310
 80.5846 0.005348
 80.6903 0.005443
 80.7987 0.005534
 80.9069 0.005549
 81.0136 0.005508
 81.1201 0.005530
 81.2286 0.005553
 81.3356 0.005595
 81.4443 0.005588
 81.5519 0.005609
 81.6606 0.005632
 81.7679 0.005676
 81.8760 0.005700
 81.9857 0.005729
 82.0938 0.005787
 82.2059 0.005795
 82.3168 0.005821
 82.4285 0.005811
 82.5410 0.005861
 82.6547 0.005896
 82.7677 0.005949
 82.8829 0.005987
 82.9976 0.005978
 83.1123 0.005957
 83.2304 0.005969
 83.3458 0.005972
 83.4617 0.005876
 83.5811 0.005858
 83.7004 0.005965
 83.8208 0.005982
 83.9414 0.006059
 84.0629 0.006129
 84.1842 0.006149
 84.3077 0.006156
 84.4320 0.006214
 84.5568 0.006295
 84.6821 0.006296
 84.8090 0.006329
 84.9381 0.006381
 85.0678 0.006358
 85.1993 0.006366
 85.3307 0.006386
 85.4624 0.006416
 85.5969 0.006489
 85.7348 0.006524
 85.8719 0.006517
 86.0107 0.006599
 86.1511 0.006603
 86.2945 0.006628
 86.4409 0.006603
 86.5844 0.006660
 86.7327 0.006809
 86.8834 0.006853
 87.0342 0.006886
 87.1863 0.006898
 87.3417 0.007008
 87.5014 0.007143
 87.6614 0.007104
 87.8222 0.007173
 87.9863 0.007160
 88.1562 0.007131
 88.3256 0.007190
 88.4986 0.007238
 88.6768 0.007290
 88.8570 0.007435
 89.0418 0.007520
 89.2334 0.007692
 89.4253 0.007711
 89.6209 0.007781
 89.8220 0.007796
 90.0272 0.007856
 90.2383 0.007926
 90.4551 0.008018
 90.6782 0.008163
 90.9066 0.008282
 91.1436 0.008319
 91.3866 0.008387
 91.6405 0.008489
 91.8963 0.008624
 92.1656 0.008858
 92.4410 0.008958
 92.7334 0.009186
 93.0336 0.009273
 93.3471 0.009433
 93.6762 0.009590
 94.0213 0.009924
 94.3862 0.010134
 94.7691 0.010477
 95.1870 0.010705
 95.6259 0.011069
 96.0975 0.011493
 96.6081 0.011725
 97.1624 0.012633
 97.7685 0.012998
 98.4574 0.013869
 99.2155 0.015156
100.1170 0.016470
101.1949 0.018153
102.5310 0.020794
104.3727 0.024208
104.8388 0.024779
105.3645 0.025860
105.9597 0.026860
106.6188 0.028653
107.4052 0.030991
108.3928 0.034122
109.6002 0.039195
111.2888 0.047195
114.1761 0.065186
116.9170 0.090192
120.4685 0.138353
122.7752 0.191396
lm2s-12-5 3 1
 56.8393 0.066446
 57.7912 0.048457
 59.1424 0.034541
 60.2320 0.025754
 61.4428 0.020294
 62.1893 0.017268
 62.7558 0.015647
 63.1873 0.014854
 63.5675 0.014309
 63.8945 0.013129
 64.1906 0.012500
 64.4581 0.012010
 64.6925 0.011739
 65.6448 0.010648
 66.3707 0.009711
 66.9756 0.008775
 67.4806 0.008411
 67.9304 0.007935
 68.3355 0.007643
 68.7058 0.007430
 69.0428 0.007171
 69.3530 0.006993
 69.6445 0.006889
 69.9213 0.006677
 70.1792 0.006543
 70.4288 0.006519
 70.6643 0.006478
 70.8925 0.006379
 71.1108 0.006204
 71.3215 0.006132
 71.5237 0.006039
 71.7199 0.005987
 71.9140 0.005970
 72.1022 0.005986
 72.2837 0.005953
 72.4591 0.005926
 72.6308 0.005896
 72.7975 0.005867
 72.9624 0.005776
 73.1241 0.005732
 73.2824 0.005808
 73.4350 0.005780
 73.5873 0.005752
 73.7364 0.005610
 73.8824 0.005506
 74.0290 0.005522
 74.1704 0.005544
 74.3107 0.005581
 74.4493 0.005540
 74.5853 0.005465
 74.7192 0.005465
 74.8532 0.005482
 74.9823 0.005454
 75.1124 0.005458
 75.2403 0.005395
 75.3679 0.005349
 75.4948 0.005351
 75.6194 0.005272
 75.7441 0.005296
 75.8674 0.005297
 75.9877 0.005341
 76.1074 0.005343
 76.2266 0.005345
 76.3447 0.005357
 76.4613 0.005348
 76.5777 0.005342
 76.6940 0.005393
 76.8071 0.005387
 76.9226 0.005371
 77.0366 0.005325
 77.1503 0.005319
 77.2640 0.005344
 77.3758 0.005315
 77.4864 0.005326
 77.5983 0.005297
 77.7087 0.005238
 77.8202 0.005245
 77.9303 0.005216
 78.0417 0.005218
 78.1508 0.005269
 78.2603 0.005308
 78.3698 0.005262
 78.4774 0.005275
 78.5839 0.005286
 78.6926 0.005304
 78.8002 0.005264
 78.9068 0.005286
 79.0123 0.005296
 79.1181 0.005288
 79.2233 0.005303
 79.3295 0.005300
 79.4361 0.005312
 79.5408 0.005237
 79.6473 0.005229
 79.7517 0.005193
 79.8568 0.005227
 79.9627 0.005268
 80.0683 0.005312
 80.1717 0.005312
 80.2761 0.005280
 80.3812 0.005230
 80.4852 0.005216
 80.5907 0.005244
 80.6972 0.005282
 80.8032 0.005300
 80.9096 0.005340
 81.0158 0.005329
 81.1224 0.005344
 81.2286 0.005402
 81.3331 0.005455
 81.4397 0.005422
 81.5462 0.005442
 81.6526 0.005466
 81.7580 0.005473
 81.8654 0.005528
 81.9735 0.005556
 82.0790 0.005562
 82.1877 0.005595
 82.2946 0.005547
 82.4040 0.005484
 82.5146 0.005517
 82.6248 0.005435
 82.7327 0.005484
 82.8419 0.005601
 82.9538 0.005608
 83.0654 0.005656
 83.1777 0.005690
 83.2884 0.005726
 83.4022 0.005743
 83.5154 0.005738
 83.6288 0.005755
 83.7428 0.005788
 83.8581 0.005825
 83.9752 0.005889
 84.0918 0.005974
 84.2084 0.006034
 84.3260 0.005995
 84.4439 0.005949
 84.5635 0.006002
 84.6844 0.005946
 84.8063 0.006030
 84.9288 0.006137
 85.0534 0.006182
 85.1760 0.006214
 85.3004 0.006187
 85.4270 0.006329
 85.5544 0.006397
 85.6838 0.006488
 85.8125 0.006587
 85.9416 0.006618
 86.0723 0.006638
 86.2058 0.006618
 86.3403 0.006583
 86.4777 0.006570
 86.6161 0.006632
 86.7555 0.006720
 86.8972 0.006781
 87.0400 0.006698
 87.1827 0.006640
 87.3280 0.006710
 87.4757 0.006745
 87.6273 0.006769
 87.7786 0.006849
 87.9332 0.006943
 88.0876 0.006937
 88.2441 0.007001
 88.4047 0.007024
 88.5665 0.007140
 88.7336 0.007217
 88.9038 0.007302
 89.0742 0.007389
 89.2470 0.007413
 89.4237 0.007519
 89.6047 0.007611
 89.7896 0.007586
 89.9798 0.007626
 90.1735 0.007695
 90.3698 0.007763
 90.5734 0.007848
 90.7803 0.007847
 90.9916 0.007944
 91.2088 0.008080
 91.4314 0.008128
 91.6614 0.008292
 91.8946 0.008233
 92.1395 0.008405
 92.3882 0.008531
 92.6501 0.008720
 92.9185 0.008972
 93.1943 0.009154
 93.4818 0.009341
 93.7816 0.009377
 94.0978 0.009658
 94.4271 0.009830
 94.7728 0.009933
 95.1399 0.010183
 95.5292 0.010568
 95.9361 0.010890
 96.3732 0.011159
 96.8490 0.011547
 97.3558 0.012009
 97.9102 0.012579
 98.5278 0.013415
 99.2017 0.014278
 99.9713 0.015421
100.8740 0.016773
101.9341 0.018545
103.2799 0.021110
105.1288 0.023689
105.6078 0.024866
106.1313 0.025709
106.6913 0.027247
107.3558 0.029817
108.1623 0.031307
109.1390 0.034857
110.3377 0.039775
112.0118 0.047469
114.9239 0.065294
117.6668 0.089863
121.1663 0.137762
123.6149 0.191809
 tr0-12-5 3 1
307.5024 0.270613
311.3441 0.200820
316.8989 0.146851
321.2346 0.109483
325.8578 0.078717
328.7308 0.066202
330.9007 0.059851
332.6537 0.055561
334.1180 0.052739
335.3832 0.048343
336.5075 0.046745
337.4964 0.045313
338.4088 0.043923
342.0006 0.037997
344.7170 0.033787
346.9241 0.032403
348.8005 0.030748
350.4432 0.029190
351.8931 0.027363
353.2085 0.026777
354.4170 0.026297
355.5311 0.025897
356.5714 0.025028
357.5321 0.024221
358.4485 0.024491
359.3256 0.024444
360.1523 0.024095
360.9480 0.024045
361.7225 0.023733
362.4464 0.023429
363.1527 0.023232
363.8377 0.022715
364.4890 0.022223
365.1273 0.021940
365.7502 0.021856
366.3581 0.021508
366.9455 0.021316
367.5170 0.021201
368.0760 0.021140
368.6236 0.021074
369.1544 0.020575
369.6730 0.020546
370.1961 0.020328
370.6990 0.020084
371.1926 0.019680
371.6715 0.019252
372.1466 0.018923
372.6131 0.018772
373.0702 0.018730
373.5247 0.018614
373.9763 0.018576
374.4176 0.018433
374.8556 0.018475
375.2884 0.018444
375.7161 0.018278
376.1308 0.018379
376.5445 0.018228
376.9516 0.018231
377.3623 0.018287
377.7594 0.018223
378.1529 0.018141
378.5462 0.018045
378.9371 0.018028
379.3208 0.017995
379.7061 0.017901
380.0815 0.017905
380.4539 0.017865
380.8279 0.017936
381.1949 0.017955
381.5640 0.017909
381.9261 0.017917
382.2847 0.017875
382.6437 0.017861
382.9955 0.017878
383.3497 0.017932
383.6975 0.017846
384.0488 0.017614
384.4021 0.017450
384.7539 0.017471
385.1015 0.017388
385.4481 0.017512
385.7884 0.017484
386.1299 0.017511
386.4710 0.017499
386.8124 0.017493
387.1462 0.017625
387.4788 0.017500
387.8162 0.017437
388.1498 0.017392
388.4858 0.017376
388.8170 0.017396
389.1466 0.017435
389.4785 0.017348
389.8081 0.017342
390.1322 0.017337
390.4607 0.017364
390.7890 0.017268
391.1143 0.017208
391.4407 0.017135
391.7677 0.017053
392.0944 0.016971
392.4172 0.017057
392.7410 0.017080
393.0670 0.017129
393.3921 0.017274
393.7191 0.017132
394.0457 0.017128
394.3697 0.017103
394.6941 0.017276
395.0215 0.017290
395.3509 0.017364
395.6815 0.017502
396.0102 0.017430
396.3365 0.017365
396.6645 0.017256
396.9904 0.017198
397.3209 0.017127
397.6501 0.017193
397.9763 0.017373
398.3081 0.017307
398.6390 0.017373
398.9710 0.017461
399.3031 0.017530
399.6342 0.017573
399.9709 0.017506
400.3026 0.017619
400.6305 0.017706
400.9651 0.017643
401.2985 0.017656
401.6349 0.017508
401.9780 0.017554
402.3174 0.017483
402.6655 0.017620
403.0063 0.017654
403.3504 0.017780
403.7004 0.017872
404.0508 0.017659
404.3990 0.017813
404.7540 0.017602
405.1103 0.017720
405.4655 0.017704
405.8242 0.017794
406.1866 0.017894
406.5481 0.017940
406.9135 0.017953
407.2807 0.017803
407.6492 0.017814
408.0162 0.018061
408.3908 0.018051
408.7704 0.018137
409.1538 0.018092
409.5375 0.018302
409.9212 0.018347
410.3090 0.018673
410.7040 0.018785
411.1087 0.018833
411.5098 0.019049
411.9144 0.019216
412.3255 0.019412
412.7396 0.019528
413.1563 0.019695
413.5791 0.019839
414.0087 0.019885
414.4401 0.020231
414.8787 0.020207
415.3232 0.020263
415.7702 0.020196
416.2276 0.020190
416.6966 0.020157
417.1704 0.020268
417.6497 0.020427
418.1405 0.020392
418.6329 0.020679
419.1408 0.020639
419.6521 0.020954
420.1775 0.020973
420.7156 0.021048
421.2545 0.021352
421.8082 0.021586
422.3728 0.021801
422.9542 0.021839
423.5457 0.022161
424.1481 0.021955
424.7652 0.022376
425.3933 0.022500
426.0505 0.023019
426.7357 0.023025
427.4340 0.023109
428.1486 0.023160
428.8916 0.023793
429.6581 0.024296
430.4559 0.024674
431.2840 0.025094
432.1431 0.025026
433.0574 0.025542
434.0249 0.026296
435.0313 0.026822
436.0981 0.027714
437.2295 0.027872
438.4568 0.028457
439.7647 0.028892
441.1870 0.029820
442.7555 0.031571
444.4643 0.033082
446.3975 0.035755
448.6381 0.039466
451.2817 0.042308
454.6371 0.046707
459.1041 0.053257
460.2258 0.055261
461.4737 0.056649
462.8617 0.060380
464.4577 0.064810
466.3060 0.070434
468.5751 0.074515
471.4884 0.088588
475.3394 0.100805
481.5091 0.142840
487.6170 0.187455
495.3265 0.294710
500.4127 0.397079
 tr1-12-5 3 1
328.9284 0.281412
333.0159 0.204228
338.5630 0.143278
343.1528 0.104160
347.8872 0.084071
350.9604 0.073774
353.1415 0.064068
354.9583 0.060141
356.4421 0.054319
357.7569 0.051486
358.8850 0.048298
359.9013 0.045102
360.8187 0.043062
364.5481 0.037507
367.3542 0.035236
369.6521 0.033602
371.5755 0.031593
373.2465 0.030459
374.7307 0.030014
376.0952 0.028707
377.3124 0.027641
378.4581 0.027064
379.5273 0.026027
380.5324 0.025858
381.4787 0.025425
382.3809 0.024769
383.2291 0.023958
384.0526 0.024355
384.8392 0.024101
385.5938 0.023809
386.3141 0.023383
387.0168 0.022899
387.6956 0.022765
388.3477 0.022653
388.9775 0.022217
389.5916 0.021755
390.1882 0.021196
390.7801 0.021069
391.3525 0.020930
391.9139 0.020613
392.4561 0.020456
392.9986 0.020189
393.5253 0.019929
394.0414 0.019594
394.5516 0.019393
395.0497 0.019112
395.5417 0.018839
396.0184 0.018977
396.4937 0.019064
396.9582 0.019270
397.4196 0.019425
397.8791 0.019192
398.3304 0.019134
398.7694 0.018935
399.2054 0.018958
399.6343 0.018947
400.0563 0.018739
400.4813 0.018551
400.8936 0.018477
401.3000 0.018559
401.7049 0.018545
402.1061 0.018325
402.5032 0.018381
402.9010 0.018247
403.2948 0.018098
403.6855 0.017978
404.0703 0.018012
404.4517 0.018223
404.8358 0.018075
405.2139 0.018129
405.5846 0.018039
405.9537 0.017957
406.3203 0.018001
406.6828 0.018080
407.0441 0.018014
407.4063 0.017981
407.7675 0.017902
408.1274 0.017642
408.4813 0.017507
408.8375 0.017545
409.1939 0.017377
409.5514 0.017465
409.9033 0.017578
410.2531 0.017633
410.6011 0.017758
410.9473 0.017783
411.2926 0.017459
411.6391 0.017167
411.9811 0.017278
412.3214 0.017093
412.6620 0.017030
413.0020 0.017084
413.3415 0.017234
413.6778 0.017307
414.0171 0.017330
414.3553 0.017401
414.6892 0.017277
415.0239 0.017536
415.3575 0.017746
415.6914 0.017836
416.0248 0.017796
416.3611 0.017766
416.6937 0.017577
417.0260 0.017563
417.3597 0.017536
417.6883 0.017549
418.0183 0.017814
418.3539 0.017802
418.6867 0.017545
419.0187 0.017511
419.3507 0.017513
419.6861 0.017470
420.0179 0.017461
420.3471 0.017265
420.6810 0.017327
421.0139 0.017421
421.3517 0.017332
421.6876 0.017454
422.0242 0.017324
422.3591 0.017252
422.6992 0.017215
423.0346 0.017409
423.3774 0.017380
423.7206 0.017394
424.0659 0.017583
424.4056 0.017547
424.7507 0.017619
425.0981 0.017752
425.4419 0.017856
425.7851 0.017999
426.1347 0.018013
426.4824 0.018051
426.8315 0.018341
427.1839 0.018247
427.5383 0.018195
427.8893 0.018209
428.2497 0.018291
428.6140 0.018366
428.9745 0.018403
429.3391 0.018487
429.7118 0.018595
430.0785 0.018615
430.4473 0.018437
430.8182 0.018745
431.1907 0.018893
431.5689 0.018880
431.9452 0.018871
432.3284 0.019032
432.7101 0.019039
433.0970 0.019138
433.4865 0.019148
433.8804 0.019274
434.2745 0.019350
434.6772 0.019361
435.0793 0.019370
435.4860 0.019362
435.8951 0.019386
436.3117 0.019614
436.7271 0.019642
437.1547 0.019591
437.5756 0.019625
438.0149 0.019795
438.4579 0.019916
438.8977 0.020001
439.3534 0.020199
439.8101 0.019966
440.2713 0.020092
440.7386 0.020081
441.2171 0.020292
441.6976 0.020444
442.1843 0.020370
442.6815 0.020542
443.1879 0.020680
443.7069 0.020961
444.2307 0.021091
444.7642 0.021195
445.3133 0.021123
445.8641 0.021259
446.4317 0.021062
447.0094 0.021459
447.6035 0.021491
448.2078 0.021932
448.8314 0.022271
449.4752 0.022423
450.1320 0.022854
450.8109 0.023290
451.4988 0.024013
452.2149 0.023905
452.9568 0.024622
453.7176 0.025278
454.5085 0.025253
455.3192 0.025299
456.1860 0.025392
457.0814 0.026111
458.0210 0.026151
459.0048 0.026549
460.0280 0.027215
461.1049 0.027821
462.2695 0.028901
463.5031 0.029424
464.8426 0.030671
466.3091 0.031294
467.9022 0.033112
469.6800 0.035491
471.6775 0.037749
473.9607 0.039772
476.7228 0.041658
480.1254 0.046953
484.7426 0.054516
485.9155 0.055866
487.1834 0.057890
488.6101 0.062609
490.1907 0.065946
492.1645 0.071985
494.4647 0.079978
497.2739 0.091690
501.3252 0.110812
507.7662 0.143524
513.9508 0.197706
521.3776 0.302119
526.9854 0.418253
tr1s-12-5 3 1
340.4789 0.304424
344.4171 0.221706
350.0134 0.158479
354.5655 0.110767
359.4231 0.084822
362.4837 0.074621
364.6702 0.066860
366.5080 0.059747
368.0054 0.054627
369.3031 0.051297
370.4288 0.048432
371.4749 0.045644
372.3914 0.043666
376.1845 0.039603
378.9953 0.036502
381.2925 0.032882
383.2329 0.030453
384.9212 0.029371
386.4381 0.028999
387.8062 0.028727
389.0398 0.027770
390.1901 0.026362
391.2605 0.025450
392.2763 0.025399
393.2484 0.024931
394.1498 0.024442
395.0127 0.023435
395.8275 0.023493
396.6108 0.023135
397.3666 0.022845
398.1038 0.022506
398.8115 0.022159
399.4886 0.021872
400.1549 0.021479
400.7917 0.020973
401.4085 0.020851
402.0142 0.020908
402.6080 0.021137
403.1826 0.021192
403.7517 0.020948
404.3097 0.020720
404.8471 0.020531
405.3722 0.020309
405.8865 0.020158
406.4010 0.019846
406.9043 0.019719
407.3992 0.019580
407.8854 0.019390
408.3625 0.018981
408.8335 0.018806
409.3024 0.018994
409.7534 0.018989
410.2003 0.019172
410.6408 0.019009
411.0758 0.019024
411.5111 0.018690
411.9351 0.018470
412.3579 0.018391
412.7804 0.018167
413.1934 0.018370
413.5970 0.018356
414.0004 0.018153
414.4041 0.017938
414.8046 0.017915
415.2019 0.018011
415.5937 0.018027
415.9820 0.018075
416.3649 0.017924
416.7467 0.017908
417.1274 0.017744
417.4999 0.017618
417.8744 0.017647
418.2484 0.017595
418.6194 0.017577
418.9939 0.017571
419.3573 0.017471
419.7163 0.017527
420.0744 0.017441
420.4344 0.017420
420.7916 0.017509
421.1431 0.017599
421.4976 0.017428
421.8506 0.017491
422.2006 0.017483
422.5498 0.017672
422.8972 0.017725
423.2401 0.017681
423.5884 0.017550
423.9348 0.017760
424.2783 0.017726
424.6199 0.017679
424.9590 0.017692
425.3046 0.017815
425.6404 0.017733
425.9825 0.017694
426.3222 0.017765
426.6584 0.017618
426.9960 0.017781
427.3292 0.017853
427.6666 0.017909
428.0066 0.017850
428.3383 0.017897
428.6730 0.017851
429.0108 0.017733
429.3471 0.017624
429.6834 0.017552
430.0154 0.017405
430.3532 0.017548
430.6900 0.017743
431.0220 0.017790
431.3557 0.017977
431.6925 0.017809
432.0259 0.017697
432.3616 0.017619
432.6964 0.017758
433.0298 0.017590
433.3688 0.017688
433.7076 0.017649
434.0451 0.017967
434.3889 0.017889
434.7294 0.017760
435.0688 0.017573
435.4111 0.017833
435.7502 0.017788
436.0965 0.017805
436.4449 0.017938
436.7892 0.017808
437.1373 0.017723
437.4860 0.017637
437.8379 0.017643
438.1932 0.017703
438.5435 0.017727
438.8926 0.017862
439.2440 0.017840
439.5972 0.017979
439.9564 0.018150
440.3179 0.018188
440.6783 0.018287
441.0385 0.018414
441.4025 0.018401
441.7669 0.018430
442.1342 0.018442
442.5031 0.018571
442.8777 0.018585
443.2541 0.018621
443.6376 0.018765
444.0166 0.018806
444.4027 0.019048
444.7882 0.019392
445.1808 0.019385
445.5728 0.019476
445.9684 0.019385
446.3635 0.019167
446.7645 0.019248
447.1717 0.019239
447.5813 0.019492
447.9939 0.019391
448.4124 0.019385
448.8350 0.019312
449.2602 0.019331
449.6882 0.019441
450.1222 0.019663
450.5638 0.019761
451.0103 0.019634
451.4549 0.019872
451.9191 0.020140
452.3906 0.020445
452.8617 0.020423
453.3437 0.020394
453.8339 0.020384
454.3259 0.020425
454.8194 0.020449
455.3338 0.020620
455.8504 0.020507
456.3831 0.020870
456.9227 0.021316
457.4673 0.021207
458.0275 0.021404
458.5966 0.021748
459.1781 0.022117
459.7809 0.022396
460.3948 0.021957
461.0091 0.022072
461.6549 0.022360
462.3180 0.022634
462.9876 0.022529
463.6773 0.022785
464.3988 0.023434
465.1403 0.023715
465.8964 0.023980
466.6969 0.024201
467.5301 0.024524
468.3843 0.025391
469.2901 0.025377
470.2271 0.025688
471.2040 0.025842
472.2401 0.026984
473.3425 0.027636
474.5181 0.028731
475.7538 0.029688
477.1001 0.030942
478.5624 0.032333
480.1670 0.032937
481.9637 0.034305
483.9907 0.036128
486.2929 0.040487
489.0617 0.044136
492.4714 0.047196
497.0499 0.055691
498.2072 0.057265
499.5005 0.058603
500.9281 0.061772
502.6035 0.065657
504.5275 0.074363
506.8408 0.082438
509.7127 0.090265
513.7409 0.107986
520.2395 0.148777
526.3758 0.202838
533.8955 0.314394
539.4544 0.431119
 tr2-12-5 3 1
351.0388 0.293130
355.1767 0.223320
360.8343 0.152375
365.4651 0.116413
370.6550 0.086641
373.7823 0.074705
376.1232 0.065309
377.9491 0.059725
379.4505 0.055672
380.7703 0.052211
381.9545 0.049005
382.9720 0.047549
383.9232 0.046399
387.7370 0.039563
390.6071 0.036507
392.9468 0.033856
394.9334 0.031707
396.6618 0.030164
398.1893 0.028662
399.5755 0.028023
400.8529 0.027073
402.0284 0.026450
403.1275 0.026381
404.1495 0.025937
405.1263 0.025152
406.0468 0.024575
406.9260 0.024199
407.7740 0.023547
408.5833 0.023222
409.3511 0.023076
410.1031 0.022783
410.8262 0.022533
411.5285 0.022298
412.1966 0.022085
412.8540 0.021603
413.4953 0.021452
414.1120 0.021148
414.7155 0.021035
415.3000 0.020591
415.8859 0.020506
416.4481 0.020176
416.9993 0.020103
417.5433 0.020049
418.0705 0.020035
418.5890 0.020166
419.1047 0.019888
419.6064 0.019716
420.1000 0.019717
420.5818 0.019464
421.0571 0.019179
421.5309 0.019036
421.9982 0.018960
422.4534 0.018909
422.9046 0.018687
423.3477 0.018498
423.7851 0.018488
424.2203 0.018537
424.6494 0.018232
425.0745 0.018297
425.4973 0.018473
425.9108 0.018318
426.3245 0.018193
426.7348 0.018141
427.1399 0.017969
427.5372 0.018000
427.9346 0.017825
428.3245 0.017573
428.7147 0.017632
429.1053 0.017687
429.4888 0.017548
429.8680 0.017416
430.2502 0.017609
430.6287 0.017804
431.0018 0.017816
431.3778 0.017815
431.7513 0.017745
432.1247 0.017768
432.4935 0.017676
432.8604 0.017644
433.2190 0.017542
433.5816 0.017665
433.9487 0.017401
434.3044 0.017546
434.6675 0.017575
435.0242 0.017596
435.3809 0.017668
435.7410 0.017644
436.0932 0.017680
436.4461 0.017627
436.7993 0.017792
437.1508 0.017980
437.4949 0.017800
437.8404 0.017728
438.1851 0.017681
438.5308 0.017717
438.8772 0.017521
439.2215 0.017476
439.5624 0.017556
439.9078 0.017575
440.2531 0.017626
440.5990 0.017627
440.9407 0.017554
441.2827 0.017633
441.6244 0.017624
441.9692 0.017520
442.3111 0.017625
442.6512 0.017697
442.9936 0.017721
443.3399 0.017722
443.6796 0.017549
444.0222 0.017330
444.3661 0.017420
444.7106 0.017445
445.0513 0.017517
445.3944 0.017424
445.7325 0.017304
446.0783 0.017312
446.4228 0.017223
446.7700 0.017381
447.1101 0.017610
447.4569 0.017793
447.8019 0.017729
448.1453 0.017739
448.4915 0.017648
448.8439 0.017912
449.1941 0.018031
449.5464 0.018241
449.9012 0.018362
450.2560 0.018298
450.6121 0.018134
450.9705 0.018026
451.3251 0.018271
451.6832 0.018323
452.0453 0.018504
452.4102 0.018436
452.7703 0.018442
453.1319 0.018301
453.5034 0.018267
453.8740 0.018216
454.2501 0.018508
454.6223 0.018682
454.9955 0.019043
455.3712 0.018967
455.7498 0.019022
456.1325 0.019183
456.5173 0.019137
456.9049 0.019145
457.2962 0.019478
457.6907 0.019524
458.0904 0.019646
458.4906 0.019521
458.8930 0.019654
459.3071 0.019623
459.7199 0.019604
460.1338 0.019916
460.5535 0.019968
460.9737 0.019913
461.4034 0.019838
461.8378 0.019728
462.2726 0.019906
462.7132 0.019860
463.1608 0.019911
463.6090 0.020064
464.0589 0.019914
464.5182 0.019999
464.9876 0.020232
465.4644 0.020229
465.9467 0.020396
466.4306 0.020666
466.9269 0.020840
467.4306 0.020875
467.9425 0.021025
468.4558 0.021217
468.9809 0.021645
469.5128 0.021828
470.0557 0.021772
470.6126 0.021946
471.1754 0.022106
471.7568 0.022575
472.3460 0.022267
472.9577 0.022453
473.5784 0.022522
474.2123 0.022872
474.8597 0.022993
475.5203 0.022951
476.2144 0.022954
476.9231 0.023107
477.6519 0.023140
478.4081 0.023349
479.1814 0.023956
479.9881 0.024378
480.8347 0.024504
481.7016 0.025046
482.6138 0.025448
483.5749 0.025967
484.5814 0.026471
485.6372 0.026936
486.7577 0.027515
487.9552 0.027951
489.2200 0.028736
490.5785 0.029243
492.0702 0.031683
493.6943 0.034250
495.5153 0.035426
497.5709 0.036345
499.9048 0.039826
502.6857 0.042624
506.1760 0.047956
510.9183 0.060521
512.0788 0.062323
513.4387 0.064637
514.9267 0.065701
516.6045 0.071551
518.5740 0.076764
520.9385 0.083322
523.9108 0.096475
527.8351 0.113475
534.3714 0.142914
540.4821 0.204021
548.2874 0.309007
554.4130 0.411619
tr2s-12-5 3 1
362.7753 0.308955
366.7404 0.226017
372.4951 0.152520
377.2515 0.111224
382.2918 0.088855
385.4868 0.073059
387.8074 0.063190
389.6523 0.059417
391.1692 0.055559
392.5154 0.053381
393.6975 0.051268
394.7426 0.047680
395.7156 0.046937
399.5483 0.041029
402.4092 0.036933
404.7265 0.033887
406.7127 0.030781
408.4432 0.029247
409.9999 0.028779
411.4135 0.028057
412.6802 0.027261
413.8673 0.026766
414.9806 0.026320
416.0114 0.026023
416.9942 0.025175
417.9199 0.024789
418.8066 0.024003
419.6495 0.023683
420.4665 0.022629
421.2376 0.022483
421.9866 0.022308
422.7078 0.022194
423.4185 0.022314
424.0913 0.022059
424.7495 0.021839
425.3925 0.021631
426.0157 0.021563
426.6257 0.021289
427.2161 0.021050
427.7921 0.020776
428.3555 0.020486
428.9090 0.020602
429.4525 0.020367
429.9805 0.020192
430.5034 0.020034
431.0132 0.020079
431.5152 0.019859
432.0135 0.019775
432.5037 0.019489
432.9733 0.019462
433.4505 0.019235
433.9125 0.019033
434.3757 0.018935
434.8288 0.018567
435.2758 0.018483
435.7204 0.018255
436.1560 0.018255
436.5843 0.018332
437.0123 0.018205
437.4324 0.017987
437.8495 0.017785
438.2640 0.017533
438.6787 0.017596
439.0851 0.017480
439.4846 0.017492
439.8841 0.017429
440.2821 0.017361
440.6756 0.017624
441.0620 0.017585
441.4548 0.017676
441.8392 0.017633
442.2226 0.017721
442.6026 0.017694
442.9806 0.017623
443.3569 0.017458
443.7220 0.017460
444.0960 0.017484
444.4652 0.017315
444.8329 0.017370
445.1978 0.017262
445.5620 0.017300
445.9256 0.017382
446.2857 0.017481
446.6485 0.017507
447.0074 0.017723
447.3641 0.017705
447.7175 0.017677
448.0731 0.017880
448.4251 0.017945
448.7719 0.017755
449.1231 0.017752
449.4712 0.017704
449.8189 0.017677
450.1661 0.017710
450.5083 0.017801
450.8563 0.017944
451.2043 0.018110
451.5519 0.017880
451.8960 0.017927
452.2389 0.018005
452.5864 0.017993
452.9338 0.018143
453.2787 0.017964
453.6243 0.017859
453.9703 0.017947
454.3098 0.018189
454.6528 0.018142
454.9977 0.018057
455.3387 0.018169
455.6787 0.018003
456.0207 0.018019
456.3635 0.018105
456.7067 0.018105
457.0509 0.018256
457.3944 0.018114
457.7403 0.018246
458.0825 0.018323
458.4265 0.018123
458.7787 0.018120
459.1251 0.018282
459.4695 0.018198
459.8210 0.018187
460.1686 0.018317
460.5193 0.018277
460.8702 0.018283
461.2239 0.018127
461.5790 0.018206
461.9350 0.018392
462.2892 0.018368
462.6437 0.018150
462.9962 0.018211
463.3513 0.018361
463.7110 0.018283
464.0739 0.018339
464.4433 0.018429
464.8048 0.018359
465.1707 0.018330
465.5401 0.018473
465.9120 0.018630
466.2844 0.018563
466.6604 0.018653
467.0346 0.018514
467.4146 0.018401
467.7983 0.018388
468.1856 0.018597
468.5749 0.018577
468.9631 0.018879
469.3503 0.018693
469.7407 0.018887
470.1431 0.018816
470.5430 0.018964
470.9483 0.019065
471.3530 0.018976
471.7664 0.018865
472.1795 0.019002
472.5998 0.019005
473.0252 0.019286
473.4594 0.019383
473.8919 0.019393
474.3288 0.019489
474.7708 0.019520
475.2168 0.019786
475.6618 0.020115
476.1220 0.020214
476.5874 0.020507
477.0571 0.020418
477.5339 0.020247
478.0112 0.020454
478.5037 0.020403
478.9913 0.020475
479.4947 0.020448
480.0056 0.020594
480.5273 0.020896
481.0592 0.021079
481.5918 0.021167
482.1388 0.021210
482.6939 0.021107
483.2590 0.021481
483.8378 0.021689
484.4315 0.021931
485.0397 0.022096
485.6640 0.022645
486.3048 0.022958
486.9612 0.023128
487.6291 0.023287
488.3176 0.023462
489.0374 0.023625
489.7693 0.024073
490.5306 0.024210
491.3118 0.024249
492.1280 0.024635
492.9768 0.025277
493.8631 0.025392
494.7653 0.025166
495.7122 0.025736
496.7096 0.026179
497.7722 0.026712
498.8808 0.027637
500.0665 0.028362
501.3420 0.029999
502.7121 0.031096
504.2033 0.032468
505.8385 0.032879
507.6798 0.034098
509.7198 0.035693
512.0812 0.038847
514.8805 0.042048
518.3471 0.049635
523.1031 0.056471
524.3053 0.057691
525.6409 0.061772
527.1333 0.065696
528.8567 0.070570
530.7735 0.076771
533.1019 0.084137
536.0357 0.094933
539.9815 0.116165
546.7078 0.149322
552.8992 0.202417
560.5394 0.301428
566.5348 0.410771
