Copyright (C) 1998 James G. MacKinnon, Alfred A. Haug, and Leo Michelis.
 lm0-09-6 3 1
 38.6762 0.058916
 39.4829 0.042884
 40.6817 0.030131
 41.6359 0.021506
 42.6652 0.017236
 43.3108 0.015134
 43.7969 0.014141
 44.1921 0.013199
 44.5353 0.012430
 44.8132 0.011893
 45.0668 0.011317
 45.3000 0.010768
 45.5170 0.010439
 46.3751 0.008914
 47.0279 0.008444
 47.5478 0.007833
 48.0014 0.007543
 48.4038 0.007181
 48.7561 0.006900
 49.0829 0.006542
 49.3822 0.006523
 49.6584 0.006372
 49.9180 0.006065
 50.1663 0.006002
 50.4009 0.005942
 50.6275 0.005847
 50.8397 0.005774
 51.0422 0.005703
 51.2352 0.005644
 51.4273 0.005597
 51.6094 0.005500
 51.7862 0.005357
 51.9561 0.005342
 52.1214 0.005302
 52.2820 0.005215
 52.4383 0.005115
 52.5925 0.005157
 52.7426 0.005061
 52.8888 0.004968
 53.0336 0.004942
 53.1729 0.004946
 53.3121 0.004913
 53.4473 0.004888
 53.5818 0.004831
 53.7135 0.004760
 53.8436 0.004800
 53.9722 0.004790
 54.0976 0.004846
 54.2215 0.004856
 54.3432 0.004827
 54.4650 0.004830
 54.5845 0.004740
 54.7032 0.004761
 54.8196 0.004738
 54.9345 0.004709
 55.0496 0.004744
 55.1636 0.004743
 55.2749 0.004781
 55.3857 0.004791
 55.4958 0.004800
 55.6049 0.004744
 55.7139 0.004766
 55.8225 0.004744
 55.9293 0.004716
 56.0352 0.004671
 56.1405 0.004691
 56.2439 0.004715
 56.3475 0.004796
 56.4503 0.004745
 56.5545 0.004723
 56.6574 0.004643
 56.7585 0.004597
 56.8592 0.004645
 56.9594 0.004637
 57.0597 0.004593
 57.1603 0.004605
 57.2593 0.004587
 57.3579 0.004676
 57.4564 0.004639
 57.5555 0.004608
 57.6544 0.004616
 57.7520 0.004616
 57.8496 0.004594
 57.9462 0.004590
 58.0428 0.004555
 58.1393 0.004557
 58.2368 0.004567
 58.3334 0.004584
 58.4290 0.004495
 58.5248 0.004519
 58.6207 0.004493
 58.7160 0.004491
 58.8109 0.004534
 58.9068 0.004526
 59.0018 0.004571
 59.0970 0.004497
 59.1927 0.004483
 59.2886 0.004572
 59.3837 0.004590
 59.4781 0.004628
 59.5740 0.004664
 59.6689 0.004710
 59.7650 0.004708
 59.8604 0.004724
 59.9554 0.004804
 60.0515 0.004825
 60.1473 0.004851
 60.2442 0.004825
 60.3405 0.004849
 60.4364 0.004915
 60.5324 0.004929
 60.6278 0.004918
 60.7256 0.004943
 60.8240 0.004947
 60.9220 0.004938
 61.0196 0.004925
 61.1172 0.004936
 61.2151 0.004969
 61.3130 0.005002
 61.4118 0.004990
 61.5105 0.004980
 61.6094 0.004960
 61.7084 0.004935
 61.8090 0.004940
 61.9088 0.004977
 62.0098 0.004980
 62.1121 0.004980
 62.2123 0.004997
 62.3150 0.005068
 62.4182 0.005096
 62.5206 0.005141
 62.6259 0.005150
 62.7302 0.005205
 62.8360 0.005203
 62.9418 0.005275
 63.0480 0.005327
 63.1558 0.005309
 63.2649 0.005342
 63.3727 0.005332
 63.4830 0.005331
 63.5934 0.005386
 63.7059 0.005382
 63.8176 0.005366
 63.9307 0.005386
 64.0454 0.005395
 64.1603 0.005437
 64.2763 0.005438
 64.3930 0.005477
 64.5129 0.005469
 64.6329 0.005487
 64.7527 0.005480
 64.8750 0.005507
 64.9989 0.005534
 65.1235 0.005532
 65.2495 0.005525
 65.3762 0.005532
 65.5050 0.005529
 65.6352 0.005563
 65.7673 0.005565
 65.9011 0.005606
 66.0334 0.005714
 66.1709 0.005776
 66.3082 0.005898
 66.4491 0.006016
 66.5926 0.005997
 66.7369 0.006051
 66.8833 0.006120
 67.0322 0.006212
 67.1833 0.006249
 67.3367 0.006337
 67.4910 0.006360
 67.6515 0.006392
 67.8126 0.006378
 67.9788 0.006488
 68.1480 0.006504
 68.3195 0.006611
 68.4949 0.006629
 68.6788 0.006642
 68.8631 0.006621
 69.0501 0.006719
 69.2454 0.006814
 69.4454 0.006854
 69.6523 0.006844
 69.8597 0.006967
 70.0743 0.007026
 70.2956 0.007249
 70.5238 0.007440
 70.7613 0.007631
 71.0091 0.007832
 71.2658 0.007940
 71.5321 0.008070
 71.8123 0.008289
 72.1011 0.008569
 72.4066 0.008908
 72.7281 0.009057
 73.0612 0.009230
 73.4097 0.009546
 73.7876 0.009799
 74.1935 0.009935
 74.6217 0.010424
 75.0862 0.010857
 75.5971 0.011152
 76.1650 0.011576
 76.7941 0.012304
 77.5158 0.013220
 78.3427 0.014360
 79.3448 0.015882
 80.5876 0.018275
 82.3245 0.022480
 82.7601 0.023469
 83.2487 0.024502
 83.8033 0.025262
 84.4250 0.026730
 85.1240 0.029241
 86.0072 0.031914
 87.1129 0.036339
 88.7197 0.044988
 91.3187 0.061136
 93.8859 0.079896
 97.1411 0.122888
 99.5856 0.173059
 lm1-09-6 3 1
 41.2777 0.054736
 42.0099 0.042479
 43.1265 0.031346
 44.0878 0.022583
 45.1836 0.017828
 45.8505 0.015196
 46.3484 0.014185
 46.7578 0.013134
 47.1022 0.012168
 47.3968 0.011539
 47.6579 0.011199
 47.8988 0.011060
 48.1169 0.010723
 48.9932 0.009869
 49.6569 0.009087
 50.1911 0.008218
 50.6507 0.007891
 51.0562 0.007481
 51.4241 0.007030
 51.7591 0.006733
 52.0676 0.006530
 52.3507 0.006338
 52.6169 0.006187
 52.8702 0.006115
 53.1082 0.006117
 53.3371 0.005959
 53.5528 0.005761
 53.7599 0.005669
 53.9597 0.005586
 54.1541 0.005572
 54.3403 0.005518
 54.5200 0.005513
 54.6937 0.005444
 54.8616 0.005364
 55.0259 0.005369
 55.1867 0.005262
 55.3449 0.005210
 55.4991 0.005233
 55.6514 0.005135
 55.7984 0.005123
 55.9413 0.004996
 56.0811 0.005028
 56.2199 0.004942
 56.3573 0.004901
 56.4931 0.004896
 56.6257 0.004866
 56.7566 0.004914
 56.8835 0.004840
 57.0104 0.004801
 57.1355 0.004815
 57.2595 0.004817
 57.3829 0.004825
 57.5042 0.004833
 57.6246 0.004837
 57.7417 0.004826
 57.8585 0.004780
 57.9739 0.004756
 58.0892 0.004787
 58.2014 0.004743
 58.3132 0.004752
 58.4247 0.004757
 58.5352 0.004704
 58.6453 0.004710
 58.7545 0.004728
 58.8631 0.004681
 58.9708 0.004647
 59.0775 0.004575
 59.1826 0.004564
 59.2891 0.004555
 59.3937 0.004524
 59.4981 0.004486
 59.6020 0.004485
 59.7045 0.004505
 59.8074 0.004503
 59.9080 0.004489
 60.0096 0.004464
 60.1110 0.004535
 60.2109 0.004578
 60.3115 0.004593
 60.4115 0.004575
 60.5132 0.004566
 60.6121 0.004594
 60.7105 0.004599
 60.8094 0.004603
 60.9078 0.004627
 61.0059 0.004589
 61.1035 0.004626
 61.2021 0.004617
 61.2996 0.004670
 61.3968 0.004642
 61.4956 0.004638
 61.5937 0.004707
 61.6903 0.004737
 61.7880 0.004756
 61.8859 0.004804
 61.9831 0.004780
 62.0813 0.004768
 62.1781 0.004783
 62.2749 0.004816
 62.3710 0.004811
 62.4683 0.004802
 62.5664 0.004819
 62.6645 0.004877
 62.7614 0.004835
 62.8588 0.004815
 62.9566 0.004857
 63.0529 0.004865
 63.1512 0.004905
 63.2487 0.004918
 63.3470 0.004904
 63.4462 0.004929
 63.5457 0.004991
 63.6445 0.005000
 63.7436 0.004977
 63.8429 0.004998
 63.9415 0.005081
 64.0418 0.005069
 64.1425 0.005141
 64.2422 0.005165
 64.3442 0.005131
 64.4460 0.005134
 64.5489 0.005140
 64.6515 0.005171
 64.7537 0.005167
 64.8566 0.005177
 64.9601 0.005225
 65.0647 0.005310
 65.1685 0.005282
 65.2754 0.005272
 65.3802 0.005297
 65.4869 0.005248
 65.5932 0.005263
 65.7012 0.005317
 65.8092 0.005327
 65.9172 0.005362
 66.0268 0.005372
 66.1369 0.005394
 66.2467 0.005412
 66.3574 0.005465
 66.4695 0.005478
 66.5819 0.005475
 66.6970 0.005510
 66.8112 0.005533
 66.9261 0.005598
 67.0428 0.005681
 67.1592 0.005704
 67.2760 0.005771
 67.3948 0.005760
 67.5150 0.005778
 67.6370 0.005782
 67.7590 0.005705
 67.8839 0.005793
 68.0084 0.005801
 68.1343 0.005842
 68.2629 0.005837
 68.3929 0.005853
 68.5225 0.005904
 68.6544 0.005938
 68.7887 0.005946
 68.9251 0.006000
 69.0632 0.006016
 69.2011 0.006019
 69.3437 0.006120
 69.4859 0.006230
 69.6308 0.006285
 69.7786 0.006413
 69.9272 0.006336
 70.0796 0.006359
 70.2332 0.006424
 70.3916 0.006548
 70.5517 0.006572
 70.7151 0.006625
 70.8795 0.006653
 71.0497 0.006703
 71.2228 0.006797
 71.4001 0.006845
 71.5789 0.007006
 71.7615 0.007165
 71.9492 0.007234
 72.1449 0.007291
 72.3427 0.007347
 72.5441 0.007378
 72.7560 0.007410
 72.9730 0.007469
 73.1914 0.007586
 73.4199 0.007704
 73.6524 0.007726
 73.8931 0.007868
 74.1422 0.008043
 74.4001 0.008299
 74.6663 0.008370
 74.9472 0.008426
 75.2404 0.008552
 75.5458 0.008761
 75.8658 0.008991
 76.2045 0.009264
 76.5678 0.009743
 76.9543 0.010014
 77.3627 0.010523
 77.8046 0.011104
 78.2804 0.011446
 78.7977 0.011643
 79.3739 0.011898
 80.0044 0.012832
 80.7315 0.013765
 81.5803 0.015021
 82.5959 0.016440
 83.8792 0.018691
 85.6154 0.021195
 86.0661 0.022688
 86.5647 0.023961
 87.1181 0.025542
 87.7519 0.027515
 88.5075 0.030090
 89.3930 0.032954
 90.5425 0.037532
 92.1090 0.046158
 94.6896 0.060590
 97.3730 0.081830
100.7602 0.126194
103.2087 0.176428
lm1s-09-6 3 1
 41.9757 0.052680
 42.6978 0.045748
 43.8707 0.030377
 44.8430 0.023135
 45.9186 0.017310
 46.5972 0.014470
 47.0917 0.013428
 47.5032 0.012500
 47.8414 0.012341
 48.1325 0.011936
 48.4016 0.011435
 48.6474 0.011128
 48.8625 0.010918
 49.7387 0.009603
 50.3896 0.008577
 50.9335 0.008340
 51.4028 0.007918
 51.8164 0.007202
 52.1857 0.006939
 52.5170 0.006799
 52.8246 0.006538
 53.1119 0.006293
 53.3771 0.006198
 53.6291 0.005984
 53.8667 0.005981
 54.0955 0.005971
 54.3122 0.005833
 54.5195 0.005675
 54.7188 0.005641
 54.9076 0.005573
 55.0948 0.005544
 55.2739 0.005516
 55.4480 0.005502
 55.6184 0.005379
 55.7834 0.005241
 55.9451 0.005170
 56.1010 0.005036
 56.2555 0.005040
 56.4057 0.005035
 56.5541 0.004966
 56.6967 0.004967
 56.8378 0.005021
 56.9759 0.004917
 57.1141 0.004954
 57.2488 0.004949
 57.3822 0.004931
 57.5129 0.004863
 57.6423 0.004805
 57.7704 0.004779
 57.8945 0.004784
 58.0173 0.004789
 58.1393 0.004789
 58.2603 0.004813
 58.3806 0.004797
 58.4989 0.004794
 58.6160 0.004792
 58.7318 0.004812
 58.8450 0.004819
 58.9580 0.004788
 59.0701 0.004746
 59.1824 0.004720
 59.2921 0.004728
 59.4018 0.004748
 59.5100 0.004685
 59.6169 0.004626
 59.7247 0.004641
 59.8305 0.004677
 59.9371 0.004660
 60.0419 0.004638
 60.1470 0.004647
 60.2519 0.004600
 60.3560 0.004622
 60.4593 0.004615
 60.5627 0.004644
 60.6648 0.004658
 60.7662 0.004678
 60.8665 0.004752
 60.9679 0.004764
 61.0688 0.004759
 61.1694 0.004775
 61.2713 0.004781
 61.3703 0.004782
 61.4683 0.004738
 61.5668 0.004771
 61.6653 0.004808
 61.7648 0.004806
 61.8623 0.004794
 61.9607 0.004846
 62.0588 0.004845
 62.1559 0.004866
 62.2526 0.004897
 62.3504 0.004885
 62.4486 0.004853
 62.5459 0.004812
 62.6428 0.004824
 62.7410 0.004845
 62.8372 0.004863
 62.9330 0.004921
 63.0308 0.004947
 63.1275 0.004925
 63.2251 0.004975
 63.3234 0.004962
 63.4204 0.004983
 63.5203 0.005022
 63.6176 0.005062
 63.7152 0.005026
 63.8125 0.005005
 63.9100 0.005037
 64.0086 0.005078
 64.1059 0.005108
 64.2050 0.005167
 64.3032 0.005197
 64.4030 0.005157
 64.5020 0.005171
 64.6016 0.005226
 64.7007 0.005187
 64.8005 0.005193
 64.9023 0.005214
 65.0030 0.005209
 65.1049 0.005292
 65.2066 0.005270
 65.3086 0.005256
 65.4114 0.005241
 65.5128 0.005255
 65.6159 0.005291
 65.7195 0.005292
 65.8237 0.005292
 65.9281 0.005278
 66.0335 0.005249
 66.1401 0.005308
 66.2461 0.005288
 66.3525 0.005261
 66.4604 0.005313
 66.5671 0.005363
 66.6754 0.005392
 66.7853 0.005374
 66.8949 0.005367
 67.0042 0.005438
 67.1145 0.005514
 67.2265 0.005519
 67.3377 0.005608
 67.4516 0.005662
 67.5649 0.005653
 67.6810 0.005687
 67.7967 0.005669
 67.9145 0.005625
 68.0316 0.005677
 68.1505 0.005653
 68.2727 0.005695
 68.3945 0.005721
 68.5175 0.005679
 68.6409 0.005732
 68.7655 0.005760
 68.8920 0.005883
 69.0205 0.005940
 69.1492 0.005945
 69.2796 0.005979
 69.4114 0.006010
 69.5473 0.006046
 69.6834 0.006065
 69.8203 0.006053
 69.9599 0.006125
 70.1010 0.006175
 70.2438 0.006199
 70.3903 0.006254
 70.5385 0.006348
 70.6866 0.006404
 70.8395 0.006467
 70.9920 0.006530
 71.1488 0.006517
 71.3087 0.006597
 71.4716 0.006610
 71.6396 0.006734
 71.8103 0.006784
 71.9842 0.006807
 72.1607 0.006924
 72.3396 0.007071
 72.5253 0.007221
 72.7137 0.007179
 72.9074 0.007143
 73.1058 0.007283
 73.3078 0.007321
 73.5168 0.007306
 73.7310 0.007497
 73.9475 0.007656
 74.1746 0.007794
 74.4065 0.007978
 74.6481 0.008098
 74.8974 0.008107
 75.1572 0.008342
 75.4228 0.008524
 75.7048 0.008673
 75.9968 0.008663
 76.3043 0.008850
 76.6257 0.008950
 76.9684 0.009314
 77.3310 0.009444
 77.7132 0.009890
 78.1204 0.010270
 78.5613 0.010648
 79.0379 0.011145
 79.5581 0.011532
 80.1256 0.012132
 80.7630 0.013319
 81.4852 0.013872
 82.3333 0.014995
 83.3605 0.016561
 84.6260 0.018591
 86.3667 0.021869
 86.8133 0.023100
 87.3088 0.023914
 87.8556 0.025212
 88.4915 0.027837
 89.2311 0.030321
 90.1475 0.033208
 91.2849 0.037543
 92.8728 0.046001
 95.4740 0.060599
 98.0700 0.085696
101.3897 0.128093
103.8769 0.176164
 lm2-09-6 3 1
 43.5516 0.062548
 44.3497 0.048244
 45.5540 0.031154
 46.5834 0.024743
 47.7071 0.017687
 48.4034 0.015989
 48.9213 0.014570
 49.3396 0.013709
 49.6965 0.012550
 49.9973 0.011885
 50.2709 0.011081
 50.5079 0.010742
 50.7293 0.010389
 51.6198 0.009426
 52.2909 0.008544
 52.8385 0.007956
 53.3083 0.007672
 53.7250 0.007458
 54.1013 0.007187
 54.4406 0.007073
 54.7543 0.006782
 55.0459 0.006598
 55.3190 0.006410
 55.5735 0.006208
 55.8139 0.006088
 56.0468 0.006125
 56.2693 0.006061
 56.4821 0.005912
 56.6878 0.005748
 56.8852 0.005686
 57.0755 0.005521
 57.2582 0.005480
 57.4371 0.005393
 57.6114 0.005379
 57.7801 0.005253
 57.9460 0.005270
 58.1066 0.005327
 58.2635 0.005341
 58.4179 0.005174
 58.5682 0.005127
 58.7147 0.005076
 58.8596 0.005082
 59.0025 0.005111
 59.1428 0.005040
 59.2780 0.004991
 59.4134 0.004943
 59.5447 0.004991
 59.6760 0.004888
 59.8063 0.004845
 59.9356 0.004873
 60.0623 0.004855
 60.1858 0.004891
 60.3081 0.004897
 60.4323 0.004908
 60.5533 0.004822
 60.6739 0.004873
 60.7907 0.004892
 60.9080 0.004850
 61.0225 0.004860
 61.1379 0.004882
 61.2530 0.004869
 61.3663 0.004913
 61.4789 0.004859
 61.5900 0.004835
 61.6998 0.004838
 61.8095 0.004838
 61.9185 0.004837
 62.0261 0.004813
 62.1340 0.004792
 62.2396 0.004815
 62.3453 0.004846
 62.4518 0.004831
 62.5577 0.004823
 62.6631 0.004809
 62.7678 0.004793
 62.8717 0.004789
 62.9749 0.004786
 63.0768 0.004745
 63.1777 0.004663
 63.2791 0.004703
 63.3809 0.004634
 63.4825 0.004683
 63.5835 0.004713
 63.6840 0.004724
 63.7844 0.004694
 63.8851 0.004675
 63.9854 0.004661
 64.0845 0.004673
 64.1839 0.004704
 64.2849 0.004675
 64.3849 0.004677
 64.4846 0.004668
 64.5836 0.004672
 64.6842 0.004696
 64.7836 0.004737
 64.8832 0.004759
 64.9823 0.004759
 65.0800 0.004752
 65.1787 0.004827
 65.2789 0.004826
 65.3786 0.004788
 65.4780 0.004770
 65.5769 0.004800
 65.6780 0.004844
 65.7775 0.004899
 65.8773 0.004890
 65.9775 0.004878
 66.0775 0.004910
 66.1771 0.004939
 66.2767 0.004957
 66.3773 0.004973
 66.4787 0.004969
 66.5793 0.004957
 66.6808 0.005030
 66.7829 0.004954
 66.8843 0.004962
 66.9862 0.004971
 67.0873 0.004922
 67.1899 0.004909
 67.2921 0.004952
 67.3955 0.005002
 67.4998 0.005016
 67.6024 0.005032
 67.7064 0.005041
 67.8114 0.005016
 67.9177 0.005090
 68.0232 0.005131
 68.1288 0.005171
 68.2350 0.005198
 68.3425 0.005297
 68.4506 0.005336
 68.5579 0.005367
 68.6673 0.005392
 68.7761 0.005375
 68.8878 0.005375
 68.9994 0.005411
 69.1110 0.005459
 69.2232 0.005506
 69.3370 0.005507
 69.4485 0.005594
 69.5620 0.005667
 69.6783 0.005639
 69.7951 0.005657
 69.9136 0.005666
 70.0298 0.005671
 70.1499 0.005757
 70.2701 0.005774
 70.3904 0.005836
 70.5136 0.005838
 70.6390 0.005917
 70.7629 0.006010
 70.8895 0.006039
 71.0173 0.006061
 71.1474 0.006079
 71.2751 0.006147
 71.4063 0.006195
 71.5388 0.006209
 71.6740 0.006312
 71.8089 0.006359
 71.9479 0.006363
 72.0894 0.006445
 72.2302 0.006490
 72.3746 0.006605
 72.5232 0.006560
 72.6715 0.006596
 72.8208 0.006682
 72.9750 0.006790
 73.1301 0.006763
 73.2886 0.006779
 73.4481 0.006846
 73.6117 0.006944
 73.7778 0.007011
 73.9468 0.007126
 74.1174 0.007146
 74.2941 0.007165
 74.4718 0.007265
 74.6556 0.007313
 74.8428 0.007250
 75.0323 0.007282
 75.2276 0.007343
 75.4282 0.007226
 75.6296 0.007262
 75.8414 0.007256
 76.0581 0.007334
 76.2797 0.007564
 76.5086 0.007814
 76.7472 0.007989
 76.9919 0.008101
 77.2462 0.008273
 77.5074 0.008384
 77.7851 0.008374
 78.0701 0.008670
 78.3655 0.008883
 78.6781 0.008941
 79.0051 0.009089
 79.3537 0.009293
 79.7189 0.009604
 80.1115 0.009961
 80.5256 0.010233
 80.9716 0.010383
 81.4536 0.010833
 81.9751 0.011490
 82.5637 0.012163
 83.2092 0.012869
 83.9529 0.013914
 84.8161 0.015400
 85.8428 0.016337
 87.1204 0.018611
 88.9215 0.022309
 89.3724 0.023725
 89.8716 0.024493
 90.4376 0.026108
 91.0847 0.028012
 91.8469 0.030266
 92.7442 0.031850
 93.8826 0.035462
 95.4531 0.042612
 98.2441 0.060496
100.9344 0.081067
104.3225 0.127407
106.9638 0.175963
lm2s-09-6 3 1
 44.2528 0.063582
 45.0967 0.046582
 46.3256 0.032678
 47.3454 0.024554
 48.4805 0.018384
 49.1736 0.016552
 49.6968 0.014508
 50.1073 0.013247
 50.4607 0.012882
 50.7568 0.012219
 51.0218 0.011860
 51.2689 0.011531
 51.4876 0.011147
 52.3666 0.009571
 53.0463 0.008367
 53.5953 0.007799
 54.0693 0.007400
 54.4862 0.007299
 54.8620 0.007025
 55.2057 0.006749
 55.5158 0.006636
 55.8054 0.006490
 56.0768 0.006547
 56.3323 0.006525
 56.5739 0.006355
 56.8063 0.006123
 57.0269 0.006023
 57.2408 0.005895
 57.4497 0.005752
 57.6470 0.005729
 57.8386 0.005659
 58.0243 0.005579
 58.2023 0.005526
 58.3757 0.005484
 58.5438 0.005376
 58.7078 0.005247
 58.8695 0.005171
 59.0268 0.005263
 59.1808 0.005151
 59.3295 0.005121
 59.4770 0.005076
 59.6202 0.005014
 59.7629 0.005020
 59.9030 0.005000
 60.0399 0.005015
 60.1778 0.005005
 60.3125 0.005015
 60.4428 0.005028
 60.5733 0.004988
 60.7011 0.005005
 60.8260 0.005023
 60.9504 0.005027
 61.0736 0.004915
 61.1954 0.004862
 61.3164 0.004842
 61.4352 0.004812
 61.5539 0.004785
 61.6711 0.004726
 61.7877 0.004811
 61.9022 0.004821
 62.0161 0.004855
 62.1297 0.004806
 62.2407 0.004863
 62.3527 0.004840
 62.4634 0.004840
 62.5738 0.004866
 62.6832 0.004864
 62.7903 0.004868
 62.8977 0.004888
 63.0027 0.004917
 63.1093 0.004912
 63.2144 0.004866
 63.3189 0.004875
 63.4236 0.004888
 63.5270 0.004903
 63.6306 0.004876
 63.7343 0.004831
 63.8361 0.004858
 63.9387 0.004838
 64.0401 0.004832
 64.1409 0.004836
 64.2428 0.004859
 64.3439 0.004865
 64.4454 0.004814
 64.5459 0.004801
 64.6476 0.004759
 64.7477 0.004749
 64.8485 0.004771
 64.9471 0.004749
 65.0472 0.004788
 65.1471 0.004793
 65.2466 0.004826
 65.3471 0.004883
 65.4474 0.004913
 65.5476 0.004880
 65.6476 0.004825
 65.7465 0.004849
 65.8452 0.004877
 65.9448 0.004907
 66.0440 0.004920
 66.1423 0.004985
 66.2422 0.005015
 66.3418 0.005009
 66.4419 0.005031
 66.5424 0.005014
 66.6422 0.005066
 66.7426 0.005110
 66.8427 0.005046
 66.9430 0.004999
 67.0433 0.004945
 67.1437 0.004928
 67.2435 0.004927
 67.3434 0.004957
 67.4443 0.004913
 67.5447 0.004981
 67.6453 0.004957
 67.7465 0.004938
 67.8490 0.004871
 67.9512 0.004856
 68.0545 0.004904
 68.1580 0.004866
 68.2616 0.004920
 68.3652 0.004976
 68.4686 0.005005
 68.5732 0.005062
 68.6790 0.005097
 68.7853 0.005190
 68.8916 0.005194
 68.9984 0.005225
 69.1062 0.005255
 69.2130 0.005337
 69.3203 0.005368
 69.4282 0.005344
 69.5382 0.005336
 69.6486 0.005358
 69.7596 0.005397
 69.8712 0.005412
 69.9813 0.005441
 70.0957 0.005434
 70.2088 0.005478
 70.3227 0.005536
 70.4391 0.005554
 70.5554 0.005568
 70.6734 0.005700
 70.7921 0.005772
 70.9114 0.005755
 71.0331 0.005806
 71.1534 0.005846
 71.2765 0.005944
 71.3986 0.005967
 71.5232 0.005978
 71.6506 0.006035
 71.7766 0.006052
 71.9062 0.006122
 72.0368 0.006205
 72.1678 0.006248
 72.3015 0.006299
 72.4355 0.006318
 72.5721 0.006317
 72.7111 0.006415
 72.8517 0.006518
 72.9940 0.006488
 73.1375 0.006548
 73.2830 0.006654
 73.4319 0.006696
 73.5817 0.006648
 73.7361 0.006726
 73.8932 0.006805
 74.0508 0.006806
 74.2099 0.006889
 74.3726 0.006915
 74.5387 0.007045
 74.7080 0.007060
 74.8798 0.007069
 75.0559 0.007072
 75.2334 0.007121
 75.4163 0.007093
 75.6027 0.007054
 75.7917 0.007163
 75.9877 0.007184
 76.1854 0.007311
 76.3901 0.007311
 76.5996 0.007312
 76.8174 0.007512
 77.0401 0.007748
 77.2707 0.007851
 77.5064 0.008097
 77.7521 0.008143
 78.0098 0.008229
 78.2722 0.008412
 78.5466 0.008682
 78.8300 0.008769
 79.1279 0.008756
 79.4396 0.008997
 79.7686 0.009179
 80.1156 0.009438
 80.4798 0.009745
 80.8685 0.009900
 81.2851 0.010204
 81.7295 0.010703
 82.2126 0.011042
 82.7364 0.011540
 83.3171 0.012211
 83.9729 0.012908
 84.7118 0.014245
 85.5799 0.014950
 86.6084 0.016597
 87.8946 0.018706
 89.6710 0.021773
 90.1315 0.022950
 90.6321 0.024154
 91.1861 0.026154
 91.8249 0.028404
 92.5666 0.029570
 93.4866 0.031347
 94.6289 0.036600
 96.2247 0.044406
 98.9969 0.061504
101.5786 0.076878
104.9837 0.130665
107.7758 0.181394
 tr0-09-6 3 1
189.6501 0.212684
192.3987 0.153318
196.6633 0.104778
200.1220 0.081647
203.8138 0.065129
206.1832 0.057652
207.9127 0.052195
209.3114 0.048463
210.4882 0.045789
211.5132 0.041444
212.3968 0.038615
213.1906 0.037024
213.9036 0.035720
216.7866 0.031284
218.9649 0.029616
220.7363 0.027334
222.2395 0.025925
223.5667 0.024088
224.7462 0.023170
225.8177 0.021626
226.7974 0.021489
227.7011 0.020782
228.5483 0.020098
229.3486 0.019738
230.1093 0.018949
230.8227 0.018551
231.4951 0.018296
232.1399 0.018109
232.7539 0.018259
233.3582 0.017884
233.9306 0.017757
234.4862 0.017615
235.0180 0.017399
235.5408 0.017120
236.0484 0.016917
236.5404 0.016636
237.0177 0.016328
237.4850 0.016205
237.9425 0.015984
238.3931 0.016032
238.8282 0.015840
239.2521 0.015993
239.6716 0.015898
240.0811 0.015948
240.4815 0.015806
240.8809 0.015880
241.2720 0.015761
241.6566 0.015522
242.0357 0.015416
242.4066 0.015267
242.7771 0.015264
243.1366 0.015290
243.4965 0.015021
243.8509 0.014907
244.1993 0.014784
244.5465 0.014696
244.8848 0.014658
245.2227 0.014534
245.5535 0.014658
245.8816 0.014271
246.2086 0.014124
246.5315 0.014017
246.8521 0.014127
247.1711 0.013882
247.4818 0.013849
247.7921 0.013871
248.1004 0.013858
248.4028 0.013722
248.7073 0.014000
249.0075 0.014012
249.3054 0.013873
249.6004 0.013777
249.8996 0.013746
250.1951 0.013665
250.4850 0.013662
250.7746 0.013668
251.0638 0.013525
251.3516 0.013482
251.6371 0.013446
251.9239 0.013458
252.2069 0.013508
252.4885 0.013731
252.7705 0.013699
253.0521 0.013561
253.3273 0.013636
253.6069 0.013629
253.8825 0.013675
254.1588 0.013625
254.4346 0.013543
254.7088 0.013780
254.9808 0.013799
255.2512 0.013763
255.5253 0.013745
255.7940 0.013837
256.0684 0.013982
256.3409 0.014108
256.6123 0.014133
256.8824 0.014047
257.1499 0.014005
257.4191 0.013947
257.6881 0.013943
257.9577 0.013970
258.2272 0.014089
258.4941 0.014121
258.7637 0.013944
259.0309 0.013835
259.3004 0.013998
259.5696 0.014059
259.8377 0.014129
260.1041 0.014152
260.3735 0.014130
260.6437 0.014133
260.9124 0.014025
261.1807 0.014108
261.4546 0.014201
261.7267 0.014352
261.9962 0.014446
262.2723 0.014381
262.5415 0.014346
262.8133 0.014362
263.0866 0.014388
263.3613 0.014437
263.6365 0.014297
263.9128 0.014414
264.1879 0.014378
264.4601 0.014305
264.7396 0.014293
265.0179 0.014306
265.2962 0.014357
265.5770 0.014253
265.8576 0.014191
266.1435 0.014088
266.4287 0.014161
266.7133 0.014156
266.9972 0.014165
267.2856 0.014366
267.5741 0.014303
267.8638 0.014429
268.1559 0.014452
268.4479 0.014447
268.7466 0.014619
269.0464 0.014616
269.3483 0.014597
269.6459 0.014612
269.9456 0.014813
270.2523 0.014817
270.5589 0.014832
270.8709 0.014698
271.1838 0.014890
271.4998 0.015009
271.8210 0.015077
272.1410 0.014974
272.4615 0.015050
272.7859 0.015111
273.1174 0.015089
273.4482 0.015446
273.7835 0.015616
274.1174 0.015786
274.4589 0.015899
274.8055 0.015957
275.1544 0.015993
275.5091 0.016122
275.8635 0.016122
276.2260 0.016202
276.5911 0.016213
276.9611 0.016331
277.3355 0.016469
277.7201 0.016598
278.1057 0.016597
278.4999 0.016794
278.8994 0.016835
279.3052 0.016967
279.7158 0.017188
280.1331 0.017233
280.5587 0.017353
280.9920 0.017492
281.4304 0.017604
281.8892 0.017723
282.3529 0.017793
282.8269 0.017790
283.3090 0.017847
283.8103 0.018101
284.3127 0.018422
284.8333 0.018702
285.3613 0.019062
285.9069 0.019186
286.4744 0.019157
287.0600 0.019859
287.6651 0.019717
288.2926 0.020245
288.9397 0.020532
289.6115 0.020941
290.3156 0.021176
291.0476 0.021182
291.8074 0.021655
292.6141 0.022455
293.4683 0.022808
294.3682 0.023265
295.3199 0.023991
296.3294 0.025053
297.4271 0.025731
298.6333 0.026508
299.9365 0.028200
301.3775 0.029429
303.0318 0.031111
304.9032 0.033073
307.1636 0.035318
309.9880 0.039589
313.7887 0.046366
314.7528 0.047762
315.7993 0.051631
316.9936 0.053820
318.3510 0.056939
319.9350 0.063085
321.8297 0.072001
324.1680 0.080704
327.4122 0.090126
332.7337 0.123447
337.8957 0.169620
344.3220 0.267329
348.6742 0.344849
 tr1-09-6 3 1
205.0820 0.219208
208.2619 0.162913
212.5114 0.112711
216.2270 0.085072
219.9799 0.064584
222.3828 0.056780
224.1965 0.051464
225.6339 0.046506
226.8215 0.043964
227.8595 0.042318
228.7842 0.040168
229.5936 0.038716
230.3359 0.037934
233.3453 0.033158
235.6256 0.030467
237.4603 0.028596
239.0207 0.026330
240.3856 0.024850
241.5980 0.023584
242.7099 0.022957
243.7323 0.022935
244.6706 0.022544
245.5330 0.021797
246.3521 0.021662
247.1295 0.021305
247.8572 0.020200
248.5526 0.019593
249.2229 0.019254
249.8580 0.018794
250.4748 0.018706
251.0722 0.018322
251.6462 0.018185
252.2054 0.017931
252.7505 0.017757
253.2726 0.017662
253.7803 0.017589
254.2761 0.017285
254.7599 0.017240
255.2318 0.017068
255.6920 0.017114
256.1438 0.017187
256.5876 0.017015
257.0185 0.016804
257.4391 0.016809
257.8518 0.016736
258.2585 0.016784
258.6614 0.016669
259.0584 0.016705
259.4514 0.016585
259.8366 0.016441
260.2083 0.016472
260.5803 0.016314
260.9508 0.016243
261.3146 0.016117
261.6701 0.015971
262.0238 0.016006
262.3780 0.015939
262.7243 0.015774
263.0654 0.015738
263.4054 0.015679
263.7460 0.015464
264.0833 0.015239
264.4136 0.015236
264.7409 0.014898
265.0656 0.014971
265.3825 0.014884
265.7007 0.014784
266.0144 0.014819
266.3252 0.014794
266.6378 0.014715
266.9491 0.014713
267.2559 0.014635
267.5617 0.014608
267.8663 0.014605
268.1690 0.014722
268.4673 0.014811
268.7668 0.014672
269.0635 0.014688
269.3600 0.014724
269.6556 0.014778
269.9482 0.014718
270.2406 0.014928
270.5303 0.014807
270.8169 0.014700
271.1078 0.014536
271.3907 0.014403
271.6760 0.014275
271.9591 0.014376
272.2430 0.014234
272.5308 0.014273
272.8106 0.014231
273.0905 0.014218
273.3689 0.014113
273.6492 0.014059
273.9284 0.014148
274.2094 0.014174
274.4897 0.014154
274.7633 0.014105
275.0399 0.014233
275.3186 0.014289
275.5970 0.014148
275.8754 0.014263
276.1556 0.014463
276.4302 0.014459
276.7044 0.014540
276.9783 0.014401
277.2545 0.014302
277.5340 0.014250
277.8110 0.014185
278.0876 0.014196
278.3612 0.014212
278.6423 0.014050
278.9177 0.014010
279.1966 0.013981
279.4708 0.013901
279.7451 0.013859
280.0236 0.014012
280.3033 0.013856
280.5816 0.013928
280.8647 0.013906
281.1457 0.014002
281.4288 0.014099
281.7133 0.014054
281.9970 0.014031
282.2817 0.014078
282.5685 0.014039
282.8539 0.013955
283.1416 0.014155
283.4280 0.014374
283.7221 0.014584
284.0121 0.014524
284.3019 0.014529
284.5908 0.014527
284.8882 0.014618
285.1823 0.014496
285.4794 0.014484
285.7772 0.014564
286.0757 0.014644
286.3756 0.014777
286.6840 0.014813
286.9871 0.014878
287.2934 0.015001
287.6041 0.015071
287.9131 0.014982
288.2251 0.015041
288.5404 0.015190
288.8620 0.015214
289.1788 0.015230
289.5024 0.015252
289.8260 0.015314
290.1465 0.015308
290.4728 0.015362
290.8058 0.015468
291.1471 0.015444
291.4879 0.015587
291.8319 0.015745
292.1710 0.015829
292.5219 0.015586
292.8702 0.015773
293.2251 0.015777
293.5883 0.015801
293.9538 0.015918
294.3219 0.016103
294.6972 0.016332
295.0719 0.016373
295.4522 0.016235
295.8414 0.016235
296.2283 0.016578
296.6291 0.016687
297.0376 0.016562
297.4449 0.016592
297.8687 0.016622
298.2919 0.016975
298.7265 0.017210
299.1653 0.017147
299.6145 0.017377
300.0719 0.017512
300.5398 0.017656
301.0146 0.017666
301.5032 0.018047
302.0008 0.018348
302.5125 0.018531
303.0316 0.019079
303.5663 0.019304
304.1189 0.019464
304.6883 0.019370
305.2685 0.019403
305.8631 0.019806
306.4844 0.019882
307.1251 0.020482
307.7793 0.021017
308.4686 0.021057
309.1770 0.021283
309.9273 0.021851
310.7051 0.022033
311.5236 0.022032
312.3886 0.023051
313.3192 0.023852
314.2952 0.025100
315.3461 0.025633
316.4853 0.026358
317.7211 0.027384
319.0629 0.028778
320.5586 0.029796
322.2467 0.031194
324.1601 0.033228
326.5020 0.036404
329.3782 0.040199
333.2792 0.047597
334.2824 0.050301
335.3826 0.052644
336.6043 0.055858
337.9601 0.059320
339.5797 0.065199
341.4904 0.071391
343.9726 0.077952
347.3167 0.093661
352.7925 0.129420
357.9449 0.172115
364.6894 0.256217
369.8151 0.342465
tr1s-09-6 3 1
213.5334 0.217654
216.7883 0.163872
221.2793 0.115376
224.9566 0.085993
228.7788 0.068937
231.2146 0.058250
233.0231 0.053701
234.4433 0.049900
235.6308 0.045346
236.6921 0.043577
237.5834 0.040209
238.4111 0.038789
239.1676 0.037165
242.1683 0.032635
244.4548 0.029963
246.2840 0.028171
247.8654 0.026384
249.2580 0.024491
250.4968 0.023947
251.5986 0.022499
252.6124 0.022427
253.5506 0.021873
254.4268 0.021337
255.2543 0.020327
256.0318 0.020335
256.7675 0.019966
257.4625 0.020025
258.1371 0.019899
258.7872 0.019276
259.4073 0.019055
260.0023 0.018856
260.5785 0.018473
261.1333 0.017796
261.6737 0.017750
262.2028 0.017650
262.7120 0.017489
263.2046 0.017286
263.6862 0.017304
264.1597 0.017025
264.6217 0.016713
265.0715 0.016812
265.5140 0.016687
265.9531 0.016726
266.3777 0.016789
266.7963 0.016716
267.2055 0.016632
267.6100 0.016405
268.0093 0.016267
268.3971 0.016112
268.7830 0.015987
269.1627 0.015877
269.5417 0.015726
269.9078 0.015635
270.2789 0.015542
270.6411 0.015464
270.9938 0.015411
271.3415 0.015260
271.6885 0.015323
272.0306 0.015281
272.3703 0.015441
272.7106 0.015315
273.0408 0.015045
273.3688 0.015165
273.6949 0.014929
274.0173 0.014883
274.3398 0.015043
274.6618 0.014889
274.9810 0.014866
275.2972 0.014914
275.6094 0.014881
275.9200 0.014850
276.2262 0.014584
276.5335 0.014566
276.8373 0.014581
277.1409 0.014704
277.4400 0.014612
277.7382 0.014598
278.0375 0.014515
278.3369 0.014448
278.6313 0.014224
278.9301 0.014124
279.2247 0.014057
279.5140 0.014125
279.8051 0.014047
280.0918 0.013989
280.3805 0.013928
280.6667 0.013952
280.9535 0.014068
281.2388 0.014076
281.5257 0.013966
281.8039 0.014014
282.0846 0.014070
282.3656 0.013903
282.6476 0.014215
282.9266 0.014226
283.2070 0.014280
283.4876 0.014209
283.7636 0.014194
284.0418 0.014253
284.3202 0.014291
284.5984 0.014299
284.8763 0.014457
285.1561 0.014283
285.4311 0.014349
285.7036 0.014342
285.9782 0.014161
286.2594 0.014073
286.5345 0.014356
286.8105 0.014225
287.0917 0.014193
287.3713 0.014188
287.6480 0.014268
287.9306 0.014344
288.2064 0.014289
288.4823 0.014223
288.7616 0.014176
289.0449 0.014257
289.3243 0.014264
289.6058 0.014302
289.8851 0.014221
290.1666 0.014044
290.4500 0.014007
290.7332 0.014162
291.0188 0.014019
291.3009 0.014173
291.5882 0.014170
291.8766 0.014377
292.1649 0.014515
292.4568 0.014616
292.7473 0.014664
293.0382 0.014733
293.3317 0.014756
293.6265 0.014684
293.9203 0.014631
294.2145 0.014666
294.5134 0.014728
294.8104 0.014751
295.1104 0.014829
295.4135 0.014794
295.7190 0.014831
296.0220 0.014787
296.3245 0.014755
296.6310 0.014823
296.9441 0.014751
297.2534 0.014869
297.5729 0.014800
297.8901 0.014773
298.2109 0.014865
298.5340 0.015033
298.8598 0.015238
299.1920 0.015174
299.5262 0.015148
299.8594 0.015081
300.1981 0.015179
300.5396 0.015328
300.8808 0.015472
301.2234 0.015502
301.5683 0.015604
301.9184 0.015661
302.2785 0.015663
302.6396 0.015641
303.0057 0.015852
303.3704 0.015843
303.7441 0.015922
304.1269 0.016116
304.5075 0.016277
304.9034 0.016238
305.2975 0.016261
305.7011 0.016332
306.1068 0.016489
306.5206 0.016665
306.9389 0.016797
307.3617 0.017084
307.7921 0.017026
308.2377 0.017335
308.6846 0.017505
309.1400 0.017467
309.6036 0.017670
310.0752 0.017849
310.5576 0.018151
311.0492 0.018399
311.5647 0.018402
312.0860 0.018309
312.6222 0.018512
313.1700 0.018968
313.7335 0.019406
314.3142 0.019801
314.9163 0.020049
315.5328 0.020430
316.1781 0.020661
316.8459 0.020778
317.5382 0.021261
318.2611 0.021673
319.0102 0.021866
319.7910 0.022651
320.6261 0.023233
321.4979 0.024280
322.4306 0.024474
323.4066 0.025225
324.4626 0.025771
325.5854 0.026679
326.8247 0.027767
328.1618 0.028210
329.6567 0.030010
331.3542 0.031858
333.2927 0.033678
335.5927 0.036673
338.4811 0.040670
342.4451 0.048177
343.4329 0.049205
344.5305 0.051961
345.7447 0.056091
347.0732 0.057972
348.7032 0.062779
350.6417 0.070022
353.1169 0.081736
356.4338 0.098668
361.8507 0.131548
367.2497 0.185901
373.8937 0.271265
378.8377 0.354039
 tr2-09-6 3 1
221.0350 0.232011
224.3353 0.161228
228.8640 0.109723
232.6053 0.088359
236.5927 0.069239
239.1252 0.058534
240.9776 0.053273
242.4580 0.049515
243.7245 0.046802
244.7991 0.044462
245.7300 0.042173
246.5912 0.040743
247.3726 0.038539
250.5391 0.032949
252.8796 0.030379
254.7714 0.027958
256.3893 0.025748
257.7835 0.025008
259.0511 0.024006
260.1807 0.023883
261.2068 0.023054
262.1764 0.022572
263.0770 0.021879
263.9292 0.021009
264.7301 0.020448
265.4931 0.020076
266.2161 0.019494
266.9029 0.019119
267.5708 0.018925
268.2045 0.018787
268.8177 0.018810
269.4125 0.018364
269.9823 0.017906
270.5412 0.017827
271.0852 0.017676
271.6036 0.017391
272.1084 0.017394
272.6095 0.017285
273.0920 0.017206
273.5684 0.017107
274.0390 0.017047
274.4927 0.016661
274.9346 0.016697
275.3708 0.016445
275.8007 0.016449
276.2238 0.016502
276.6361 0.016311
277.0484 0.016326
277.4527 0.016226
277.8519 0.016128
278.2427 0.016023
278.6277 0.015889
279.0081 0.015958
279.3836 0.015809
279.7511 0.015714
280.1158 0.015782
280.4745 0.015716
280.8325 0.015704
281.1840 0.015625
281.5339 0.015671
281.8818 0.015585
282.2236 0.015588
282.5626 0.015572
282.8946 0.015463
283.2290 0.015494
283.5601 0.015354
283.8852 0.015322
284.2117 0.015559
284.5300 0.015354
284.8485 0.015295
285.1702 0.015254
285.4849 0.015511
285.8013 0.015427
286.1176 0.015260
286.4259 0.015357
286.7331 0.015286
287.0385 0.015337
287.3432 0.015273
287.6459 0.015204
287.9445 0.015099
288.2464 0.015001
288.5483 0.014892
288.8470 0.014888
289.1473 0.014929
289.4469 0.015064
289.7400 0.015029
290.0351 0.014949
290.3271 0.014954
290.6173 0.014835
290.9056 0.014938
291.1977 0.014905
291.4886 0.014957
291.7787 0.014903
292.0692 0.014976
292.3574 0.014851
292.6424 0.014884
292.9307 0.014746
293.2187 0.014597
293.5062 0.014687
293.7913 0.014874
294.0777 0.014755
294.3635 0.014853
294.6510 0.014842
294.9353 0.014878
295.2206 0.014952
295.5047 0.015012
295.7885 0.015055
296.0709 0.014967
296.3563 0.014889
296.6428 0.014871
296.9283 0.014830
297.2143 0.014817
297.4995 0.014723
297.7878 0.014563
298.0704 0.014692
298.3530 0.014594
298.6406 0.014756
298.9311 0.014726
299.2186 0.014796
299.5069 0.014771
299.7954 0.014887
300.0864 0.014907
300.3773 0.014819
300.6665 0.014709
300.9596 0.014826
301.2488 0.014746
301.5402 0.014928
301.8339 0.014963
302.1311 0.014731
302.4292 0.014877
302.7282 0.015015
303.0289 0.015294
303.3263 0.015234
303.6274 0.015119
303.9296 0.015152
304.2370 0.015142
304.5419 0.015091
304.8509 0.015365
305.1600 0.015406
305.4696 0.015513
305.7778 0.015603
306.0899 0.015662
306.4081 0.015747
306.7278 0.015799
307.0484 0.015858
307.3708 0.015881
307.6955 0.016073
308.0198 0.016154
308.3490 0.016230
308.6844 0.016411
309.0203 0.016466
309.3563 0.016370
309.6937 0.016345
310.0367 0.016480
310.3803 0.016462
310.7343 0.016447
311.0886 0.016569
311.4495 0.016725
311.8089 0.017026
312.1761 0.017028
312.5477 0.017139
312.9211 0.017133
313.3035 0.017051
313.6858 0.017184
314.0757 0.017292
314.4720 0.017621
314.8728 0.017575
315.2771 0.017543
315.6920 0.017866
316.1069 0.017596
316.5279 0.017886
316.9549 0.018086
317.3859 0.018127
317.8312 0.018315
318.2875 0.018439
318.7517 0.018771
319.2257 0.018696
319.7060 0.018964
320.1964 0.018887
320.6908 0.019060
321.2033 0.019283
321.7220 0.019282
322.2582 0.019651
322.8150 0.020036
323.3827 0.019970
323.9634 0.020074
324.5628 0.020302
325.1753 0.020892
325.8128 0.021321
326.4669 0.021421
327.1544 0.021998
327.8616 0.022447
328.6001 0.023422
329.3599 0.023326
330.1572 0.023296
330.9969 0.023660
331.8885 0.023973
332.8336 0.024676
333.8533 0.025495
334.9282 0.026271
336.0811 0.027950
337.3417 0.028983
338.7274 0.030446
340.2678 0.031758
342.0160 0.032751
344.0030 0.035494
346.3754 0.038317
349.3475 0.043456
353.3506 0.049844
354.3772 0.052162
355.5045 0.055516
356.7713 0.057864
358.2719 0.061688
359.9038 0.065635
361.8900 0.073042
364.3877 0.083177
367.8538 0.098058
373.4984 0.136971
378.8494 0.191073
385.6953 0.266748
390.6811 0.356347
tr2s-09-6 3 1
229.9822 0.234835
233.1454 0.162847
237.8605 0.112789
241.5318 0.087496
245.5655 0.070425
248.1132 0.060199
249.9376 0.056355
251.4325 0.049960
252.6772 0.047127
253.7584 0.043333
254.7090 0.041634
255.5773 0.040145
256.3674 0.038956
259.5269 0.034767
261.8641 0.030690
263.7641 0.027665
265.3600 0.025732
266.7620 0.024891
268.0152 0.023962
269.1607 0.023361
270.2050 0.022512
271.1740 0.022039
272.0726 0.021635
272.9251 0.021180
273.7246 0.021107
274.4760 0.020457
275.1883 0.019840
275.8811 0.019280
276.5477 0.018826
277.1824 0.018781
277.7910 0.018572
278.3853 0.018386
278.9596 0.018327
279.5161 0.018379
280.0599 0.018180
280.5877 0.018040
281.1124 0.018062
281.6106 0.017530
282.0969 0.017500
282.5737 0.017298
283.0390 0.016964
283.4944 0.016866
283.9401 0.016765
284.3749 0.016757
284.8049 0.016667
285.2283 0.016745
285.6481 0.016461
286.0589 0.016249
286.4578 0.015961
286.8525 0.015830
287.2356 0.015897
287.6208 0.015942
287.9975 0.015886
288.3701 0.015614
288.7410 0.015584
289.1052 0.015592
289.4628 0.015557
289.8188 0.015548
290.1703 0.015551
290.5191 0.015398
290.8665 0.015514
291.2097 0.015429
291.5494 0.015336
291.8867 0.015242
292.2155 0.015004
292.5453 0.015009
292.8720 0.014952
293.1949 0.014776
293.5246 0.014689
293.8487 0.014735
294.1703 0.014685
294.4806 0.014738
294.7978 0.014667
295.1098 0.014470
295.4196 0.014702
295.7260 0.014745
296.0371 0.014486
296.3421 0.014422
296.6495 0.014312
296.9544 0.014373
297.2554 0.014227
297.5568 0.014392
297.8544 0.014440
298.1519 0.014434
298.4486 0.014368
298.7451 0.014253
299.0445 0.014278
299.3386 0.014323
299.6294 0.014338
299.9185 0.014279
300.2093 0.014294
300.4975 0.014169
300.7864 0.014218
301.0753 0.014396
301.3640 0.014440
301.6512 0.014475
301.9417 0.014443
302.2293 0.014496
302.5132 0.014379
302.8002 0.014327
303.0861 0.014344
303.3726 0.014423
303.6560 0.014361
303.9395 0.014426
304.2254 0.014461
304.5069 0.014393
304.7917 0.014636
305.0788 0.014585
305.3644 0.014626
305.6501 0.014566
305.9361 0.014602
306.2201 0.014605
306.5069 0.014673
306.7945 0.014740
307.0808 0.014933
307.3654 0.014940
307.6541 0.014821
307.9393 0.014816
308.2299 0.014790
308.5174 0.014778
308.8093 0.014848
309.0969 0.014862
309.3847 0.014779
309.6756 0.014819
309.9647 0.014912
310.2548 0.015042
310.5451 0.015033
310.8380 0.015117
311.1325 0.015095
311.4277 0.014878
311.7276 0.015013
312.0268 0.015042
312.3243 0.015101
312.6281 0.015238
312.9327 0.015253
313.2367 0.015393
313.5421 0.015264
313.8473 0.015409
314.1543 0.015427
314.4639 0.015270
314.7745 0.015466
315.0879 0.015592
315.4064 0.015656
315.7284 0.015821
316.0522 0.015883
316.3755 0.015871
316.7024 0.015970
317.0338 0.016102
317.3651 0.016272
317.7018 0.016306
318.0365 0.016304
318.3726 0.016562
318.7150 0.016575
319.0606 0.016782
319.4115 0.016643
319.7688 0.016679
320.1204 0.016690
320.4778 0.016554
320.8425 0.016747
321.2040 0.017013
321.5759 0.017093
321.9510 0.017012
322.3302 0.017133
322.7160 0.017168
323.0995 0.017418
323.4903 0.017230
323.8885 0.017493
324.2949 0.017907
324.7047 0.017817
325.1233 0.018083
325.5451 0.017952
325.9779 0.018131
326.4164 0.017846
326.8600 0.017973
327.3130 0.018257
327.7763 0.018312
328.2444 0.018459
328.7257 0.018766
329.2222 0.018898
329.7220 0.019015
330.2303 0.019458
330.7509 0.019451
331.2887 0.019641
331.8360 0.019679
332.4052 0.019870
332.9805 0.020175
333.5795 0.020825
334.1973 0.020971
334.8271 0.021499
335.4829 0.021415
336.1618 0.021876
336.8726 0.022037
337.6039 0.022542
338.3673 0.022847
339.1707 0.023274
340.0172 0.023726
340.9137 0.024709
341.8671 0.025391
342.8688 0.026723
343.9477 0.027452
345.1089 0.028101
346.3696 0.028503
347.7567 0.030417
349.3022 0.032186
351.0301 0.033587
353.0212 0.035916
355.4080 0.037318
358.3918 0.041865
362.4090 0.048750
363.3995 0.051989
364.5213 0.054753
365.7700 0.056551
367.2382 0.062612
368.8705 0.066952
370.9370 0.071977
373.4611 0.083115
376.9028 0.099130
382.5769 0.136473
387.8781 0.186711
394.6363 0.267321
399.7911 0.371728
