Copyright (C) 1998 James G. MacKinnon, Alfred A. Haug, and Leo Michelis.
 lm0-10-5 3 1
 41.0729 0.055972
 41.9200 0.042414
 43.1170 0.032446
 44.1077 0.024831
 45.1735 0.018970
 45.8356 0.015539
 46.3363 0.013598
 46.7367 0.012858
 47.0724 0.012250
 47.3711 0.011623
 47.6372 0.011345
 47.8686 0.010894
 48.0752 0.010381
 48.9272 0.009049
 49.5874 0.008013
 50.1291 0.007361
 50.5857 0.007222
 50.9876 0.006950
 51.3532 0.006476
 51.6844 0.006282
 51.9876 0.006146
 52.2712 0.006140
 52.5346 0.006133
 52.7861 0.005960
 53.0220 0.005887
 53.2467 0.005773
 53.4613 0.005739
 53.6666 0.005487
 53.8643 0.005412
 54.0574 0.005437
 54.2420 0.005361
 54.4218 0.005331
 54.5967 0.005308
 54.7663 0.005277
 54.9299 0.005214
 55.0893 0.005126
 55.2443 0.005162
 55.3971 0.005101
 55.5448 0.005183
 55.6915 0.005239
 55.8345 0.005234
 55.9748 0.005244
 56.1123 0.005245
 56.2472 0.005249
 56.3804 0.005169
 56.5124 0.005131
 56.6427 0.005166
 56.7705 0.005072
 56.8962 0.005109
 57.0204 0.005033
 57.1430 0.005023
 57.2646 0.005049
 57.3846 0.005030
 57.5025 0.004998
 57.6194 0.005030
 57.7343 0.005064
 57.8481 0.005064
 57.9630 0.005089
 58.0763 0.005026
 58.1894 0.004986
 58.2998 0.004919
 58.4085 0.004917
 58.5180 0.004875
 58.6253 0.004907
 58.7309 0.004911
 58.8378 0.004850
 58.9423 0.004809
 59.0475 0.004775
 59.1516 0.004753
 59.2549 0.004748
 59.3575 0.004740
 59.4591 0.004760
 59.5627 0.004774
 59.6647 0.004792
 59.7664 0.004710
 59.8684 0.004723
 59.9686 0.004739
 60.0688 0.004770
 60.1689 0.004779
 60.2680 0.004766
 60.3658 0.004849
 60.4646 0.004848
 60.5625 0.004931
 60.6605 0.004946
 60.7584 0.004941
 60.8562 0.004909
 60.9531 0.004919
 61.0491 0.004962
 61.1471 0.004919
 61.2431 0.004888
 61.3403 0.004936
 61.4365 0.004959
 61.5333 0.004968
 61.6300 0.004959
 61.7264 0.004952
 61.8232 0.004999
 61.9188 0.005070
 62.0147 0.005122
 62.1105 0.005110
 62.2076 0.005107
 62.3038 0.005116
 62.4000 0.005087
 62.4961 0.005036
 62.5916 0.005096
 62.6877 0.005090
 62.7842 0.005129
 62.8803 0.005163
 62.9772 0.005161
 63.0742 0.005183
 63.1722 0.005184
 63.2698 0.005253
 63.3670 0.005283
 63.4654 0.005305
 63.5633 0.005310
 63.6605 0.005284
 63.7590 0.005331
 63.8594 0.005258
 63.9583 0.005296
 64.0588 0.005348
 64.1588 0.005396
 64.2589 0.005438
 64.3603 0.005429
 64.4626 0.005444
 64.5642 0.005509
 64.6653 0.005560
 64.7668 0.005558
 64.8696 0.005500
 64.9736 0.005508
 65.0781 0.005523
 65.1812 0.005604
 65.2875 0.005575
 65.3918 0.005634
 65.4990 0.005629
 65.6048 0.005620
 65.7121 0.005619
 65.8203 0.005655
 65.9290 0.005646
 66.0379 0.005625
 66.1483 0.005636
 66.2596 0.005694
 66.3711 0.005723
 66.4849 0.005817
 66.5982 0.005857
 66.7127 0.005864
 66.8269 0.005926
 66.9418 0.005943
 67.0578 0.005943
 67.1754 0.005978
 67.2932 0.005964
 67.4136 0.005968
 67.5349 0.006027
 67.6571 0.006094
 67.7812 0.006095
 67.9068 0.006067
 68.0343 0.006113
 68.1606 0.006092
 68.2907 0.006140
 68.4209 0.006201
 68.5542 0.006145
 68.6891 0.006086
 68.8262 0.006079
 68.9637 0.006154
 69.1047 0.006203
 69.2463 0.006259
 69.3891 0.006332
 69.5352 0.006424
 69.6825 0.006553
 69.8327 0.006621
 69.9839 0.006623
 70.1407 0.006688
 70.2986 0.006720
 70.4599 0.006610
 70.6227 0.006745
 70.7902 0.006819
 70.9581 0.006829
 71.1305 0.006805
 71.3099 0.006890
 71.4936 0.006948
 71.6783 0.006950
 71.8707 0.007071
 72.0665 0.007133
 72.2643 0.007206
 72.4691 0.007296
 72.6789 0.007386
 72.8966 0.007570
 73.1219 0.007664
 73.3547 0.007706
 73.5927 0.007873
 73.8418 0.007934
 74.1004 0.008207
 74.3665 0.008442
 74.6455 0.008691
 74.9365 0.008819
 75.2409 0.009018
 75.5619 0.009304
 75.8981 0.009350
 76.2599 0.009483
 76.6393 0.009775
 77.0464 0.010153
 77.4845 0.010370
 77.9518 0.010731
 78.4637 0.011179
 79.0339 0.011821
 79.6728 0.012730
 80.3993 0.013154
 81.2295 0.014328
 82.2417 0.016200
 83.5117 0.018123
 85.2620 0.022196
 85.7004 0.023176
 86.1859 0.024194
 86.7406 0.025389
 87.3697 0.027183
 88.1022 0.029453
 89.0125 0.032432
 90.1453 0.038327
 91.7199 0.045393
 94.3260 0.065017
 96.7399 0.088634
 99.9451 0.129834
102.2834 0.170897
 lm1-10-5 3 1
 43.6735 0.061510
 44.5249 0.047125
 45.7246 0.032083
 46.6880 0.024235
 47.7900 0.018082
 48.4633 0.015747
 48.9642 0.014209
 49.3690 0.012969
 49.7134 0.012817
 50.0163 0.011792
 50.2815 0.011349
 50.5239 0.011008
 50.7417 0.010727
 51.6264 0.009251
 52.2994 0.008728
 52.8461 0.008138
 53.3175 0.007697
 53.7342 0.007281
 54.1052 0.006706
 54.4393 0.006527
 54.7492 0.006294
 55.0408 0.006250
 55.3099 0.006228
 55.5658 0.006050
 55.8097 0.005864
 56.0395 0.005782
 56.2565 0.005642
 56.4668 0.005573
 56.6677 0.005555
 56.8630 0.005478
 57.0515 0.005436
 57.2354 0.005526
 57.4122 0.005437
 57.5831 0.005465
 57.7515 0.005467
 57.9142 0.005367
 58.0707 0.005362
 58.2248 0.005242
 58.3770 0.005256
 58.5260 0.005192
 58.6735 0.005154
 58.8161 0.005074
 58.9578 0.005116
 59.0958 0.005110
 59.2330 0.005117
 59.3666 0.005199
 59.4977 0.005228
 59.6283 0.005189
 59.7583 0.005155
 59.8839 0.005170
 60.0092 0.005102
 60.1321 0.005108
 60.2534 0.005086
 60.3759 0.005046
 60.4956 0.005050
 60.6146 0.004935
 60.7302 0.004964
 60.8463 0.004941
 60.9597 0.005017
 61.0722 0.005037
 61.1860 0.005057
 61.2984 0.005085
 61.4081 0.005071
 61.5185 0.005120
 61.6291 0.005054
 61.7377 0.005038
 61.8464 0.005096
 61.9530 0.005042
 62.0590 0.005084
 62.1646 0.005095
 62.2697 0.005032
 62.3734 0.005056
 62.4783 0.005061
 62.5807 0.005069
 62.6825 0.005128
 62.7862 0.005086
 62.8889 0.005052
 62.9913 0.005014
 63.0917 0.005041
 63.1937 0.005068
 63.2948 0.005060
 63.3947 0.005050
 63.4944 0.005005
 63.5937 0.004986
 63.6933 0.005025
 63.7928 0.005017
 63.8921 0.005014
 63.9914 0.005020
 64.0902 0.005045
 64.1904 0.005031
 64.2902 0.004992
 64.3887 0.004980
 64.4858 0.004980
 64.5845 0.004957
 64.6829 0.004953
 64.7798 0.004916
 64.8776 0.004938
 64.9758 0.004941
 65.0730 0.004895
 65.1702 0.004891
 65.2692 0.004814
 65.3679 0.004827
 65.4659 0.004826
 65.5633 0.004890
 65.6625 0.004929
 65.7600 0.004944
 65.8587 0.004971
 65.9583 0.005015
 66.0589 0.005023
 66.1584 0.005025
 66.2576 0.005062
 66.3578 0.005097
 66.4574 0.005096
 66.5576 0.005098
 66.6583 0.005137
 66.7585 0.005183
 66.8594 0.005189
 66.9619 0.005240
 67.0627 0.005268
 67.1645 0.005307
 67.2669 0.005250
 67.3686 0.005310
 67.4714 0.005269
 67.5757 0.005348
 67.6789 0.005381
 67.7827 0.005425
 67.8875 0.005399
 67.9928 0.005438
 68.0985 0.005496
 68.2046 0.005493
 68.3118 0.005554
 68.4186 0.005543
 68.5269 0.005571
 68.6347 0.005598
 68.7434 0.005687
 68.8529 0.005632
 68.9648 0.005623
 69.0749 0.005627
 69.1868 0.005651
 69.2990 0.005646
 69.4131 0.005656
 69.5281 0.005726
 69.6440 0.005747
 69.7600 0.005742
 69.8766 0.005787
 69.9949 0.005899
 70.1140 0.005960
 70.2366 0.005979
 70.3584 0.005957
 70.4806 0.006006
 70.6051 0.006058
 70.7305 0.006053
 70.8572 0.006074
 70.9836 0.006023
 71.1123 0.006015
 71.2426 0.006080
 71.3749 0.006099
 71.5077 0.006130
 71.6424 0.006114
 71.7788 0.006158
 71.9156 0.006161
 72.0541 0.006143
 72.1965 0.006210
 72.3399 0.006266
 72.4874 0.006359
 72.6362 0.006360
 72.7856 0.006456
 72.9388 0.006454
 73.0947 0.006483
 73.2516 0.006553
 73.4122 0.006610
 73.5735 0.006708
 73.7405 0.006769
 73.9098 0.006837
 74.0819 0.006952
 74.2617 0.006949
 74.4423 0.006980
 74.6270 0.007112
 74.8147 0.007322
 75.0093 0.007511
 75.2092 0.007557
 75.4111 0.007552
 75.6221 0.007676
 75.8365 0.007631
 76.0593 0.007734
 76.2873 0.007797
 76.5207 0.007923
 76.7656 0.007955
 77.0167 0.008255
 77.2788 0.008228
 77.5509 0.008497
 77.8339 0.008719
 78.1319 0.008872
 78.4456 0.009132
 78.7766 0.009337
 79.1215 0.009623
 79.4874 0.009833
 79.8731 0.010126
 80.2803 0.010698
 80.7164 0.011169
 81.1994 0.011272
 81.7201 0.011803
 82.2954 0.012692
 82.9404 0.013505
 83.6749 0.014143
 84.5345 0.014921
 85.5649 0.016536
 86.8656 0.018131
 88.6142 0.021640
 89.0613 0.022726
 89.5645 0.023719
 90.1180 0.025767
 90.7695 0.028450
 91.5133 0.030691
 92.4093 0.034569
 93.5583 0.039610
 95.1519 0.045985
 97.8470 0.063004
100.3385 0.084743
103.5467 0.132598
105.7832 0.178015
lm1s-10-5 3 1
 44.3820 0.064169
 45.2052 0.047855
 46.4414 0.032795
 47.4037 0.024069
 48.4920 0.018531
 49.1760 0.015733
 49.6861 0.014795
 50.0961 0.013585
 50.4513 0.012537
 50.7609 0.011902
 51.0155 0.011396
 51.2561 0.011152
 51.4759 0.010800
 52.3637 0.009622
 53.0405 0.008649
 53.5881 0.008182
 54.0621 0.007434
 54.4742 0.006950
 54.8454 0.006750
 55.1839 0.006591
 55.4942 0.006440
 55.7840 0.006257
 56.0535 0.005961
 56.3094 0.005801
 56.5500 0.005869
 56.7801 0.005746
 57.0005 0.005686
 57.2111 0.005674
 57.4129 0.005700
 57.6080 0.005677
 57.7976 0.005577
 57.9796 0.005632
 58.1533 0.005464
 58.3270 0.005401
 58.4942 0.005419
 58.6569 0.005440
 58.8158 0.005281
 58.9716 0.005208
 59.1251 0.005163
 59.2734 0.005199
 59.4207 0.005168
 59.5635 0.005215
 59.7058 0.005235
 59.8430 0.005141
 59.9785 0.005069
 60.1136 0.004979
 60.2458 0.004993
 60.3774 0.005037
 60.5070 0.004999
 60.6350 0.004926
 60.7606 0.004978
 60.8838 0.005017
 61.0067 0.004984
 61.1273 0.004965
 61.2463 0.004979
 61.3626 0.004977
 61.4802 0.004970
 61.5963 0.005005
 61.7122 0.004991
 61.8263 0.005024
 61.9383 0.004975
 62.0501 0.004943
 62.1589 0.004955
 62.2686 0.005019
 62.3778 0.004996
 62.4866 0.005046
 62.5946 0.004978
 62.7013 0.005016
 62.8075 0.005077
 62.9134 0.005055
 63.0193 0.005096
 63.1234 0.005081
 63.2269 0.005115
 63.3304 0.005093
 63.4334 0.005050
 63.5352 0.005019
 63.6377 0.005025
 63.7400 0.005038
 63.8410 0.005013
 63.9426 0.005041
 64.0429 0.005050
 64.1427 0.005047
 64.2430 0.005022
 64.3422 0.005041
 64.4425 0.005064
 64.5419 0.005091
 64.6417 0.005070
 64.7392 0.005005
 64.8378 0.005041
 64.9361 0.005075
 65.0363 0.005058
 65.1350 0.005007
 65.2318 0.004928
 65.3301 0.004900
 65.4286 0.004839
 65.5272 0.004845
 65.6248 0.004810
 65.7227 0.004856
 65.8200 0.004908
 65.9180 0.004995
 66.0164 0.004970
 66.1157 0.004964
 66.2147 0.004985
 66.3138 0.005006
 66.4118 0.005065
 66.5119 0.005016
 66.6103 0.005084
 66.7093 0.005069
 66.8088 0.005109
 66.9083 0.005114
 67.0085 0.005116
 67.1084 0.005171
 67.2090 0.005193
 67.3077 0.005191
 67.4084 0.005187
 67.5091 0.005159
 67.6105 0.005152
 67.7114 0.005209
 67.8119 0.005203
 67.9139 0.005227
 68.0158 0.005244
 68.1186 0.005269
 68.2222 0.005315
 68.3251 0.005333
 68.4289 0.005300
 68.5330 0.005345
 68.6380 0.005360
 68.7431 0.005447
 68.8495 0.005446
 68.9559 0.005389
 69.0617 0.005428
 69.1685 0.005451
 69.2762 0.005506
 69.3854 0.005506
 69.4938 0.005478
 69.6046 0.005479
 69.7160 0.005516
 69.8270 0.005558
 69.9391 0.005636
 70.0517 0.005670
 70.1666 0.005650
 70.2812 0.005719
 70.3972 0.005700
 70.5148 0.005776
 70.6324 0.005818
 70.7510 0.005815
 70.8693 0.005838
 70.9892 0.005832
 71.1096 0.005858
 71.2328 0.005904
 71.3565 0.005886
 71.4804 0.005883
 71.6065 0.005951
 71.7346 0.005940
 71.8624 0.005958
 71.9896 0.005968
 72.1232 0.006064
 72.2559 0.006038
 72.3891 0.006071
 72.5254 0.006110
 72.6632 0.006261
 72.8046 0.006185
 72.9463 0.006257
 73.0902 0.006311
 73.2373 0.006361
 73.3834 0.006422
 73.5332 0.006507
 73.6872 0.006542
 73.8426 0.006537
 73.9997 0.006594
 74.1608 0.006521
 74.3236 0.006628
 74.4920 0.006697
 74.6624 0.006819
 74.8357 0.006966
 75.0113 0.007052
 75.1925 0.007151
 75.3753 0.007339
 75.5658 0.007530
 75.7590 0.007616
 75.9576 0.007679
 76.1622 0.007754
 76.3699 0.007758
 76.5856 0.007811
 76.8082 0.007809
 77.0368 0.008057
 77.2727 0.008037
 77.5178 0.008188
 77.7706 0.008235
 78.0334 0.008509
 78.3068 0.008666
 78.5910 0.008944
 78.8858 0.009147
 79.2003 0.009237
 79.5311 0.009373
 79.8740 0.009583
 80.2360 0.009865
 80.6199 0.010093
 81.0302 0.010581
 81.4743 0.010945
 81.9447 0.011304
 82.4681 0.011895
 83.0432 0.012663
 83.6887 0.013227
 84.4322 0.013805
 85.2874 0.014775
 86.3174 0.015659
 87.6081 0.018068
 89.3703 0.021602
 89.8076 0.022798
 90.2973 0.024364
 90.8628 0.025643
 91.5198 0.027537
 92.2638 0.029930
 93.1786 0.034813
 94.3505 0.039322
 95.9371 0.046557
 98.5872 0.061358
101.0761 0.085024
104.3397 0.129246
106.4870 0.176495
 lm2-10-5 3 1
 46.1560 0.061210
 47.0324 0.044473
 48.2028 0.031387
 49.2696 0.023848
 50.3951 0.018412
 51.0947 0.016324
 51.6159 0.014704
 52.0270 0.013161
 52.3824 0.012040
 52.6849 0.011976
 52.9570 0.011382
 53.1978 0.011030
 53.4244 0.010761
 54.3281 0.009485
 55.0145 0.008488
 55.5794 0.007911
 56.0570 0.007623
 56.4744 0.007201
 56.8493 0.006805
 57.1939 0.006703
 57.5108 0.006413
 57.8047 0.006424
 58.0802 0.006294
 58.3442 0.006100
 58.5890 0.005923
 58.8247 0.005811
 59.0470 0.005829
 59.2612 0.005735
 59.4689 0.005705
 59.6692 0.005596
 59.8631 0.005541
 60.0499 0.005426
 60.2308 0.005463
 60.4070 0.005381
 60.5768 0.005277
 60.7439 0.005245
 60.9070 0.005175
 61.0659 0.005152
 61.2233 0.005128
 61.3757 0.005144
 61.5242 0.004982
 61.6710 0.004983
 61.8147 0.004967
 61.9554 0.004978
 62.0934 0.004955
 62.2297 0.004982
 62.3630 0.004980
 62.4946 0.004958
 62.6254 0.004931
 62.7557 0.004927
 62.8824 0.004960
 63.0082 0.004926
 63.1319 0.004989
 63.2543 0.005043
 63.3759 0.005072
 63.4960 0.005008
 63.6125 0.004989
 63.7300 0.004998
 63.8468 0.005010
 63.9618 0.004997
 64.0778 0.004936
 64.1923 0.004935
 64.3038 0.004922
 64.4152 0.004897
 64.5279 0.004891
 64.6379 0.004892
 64.7460 0.004918
 64.8537 0.004958
 64.9616 0.004903
 65.0699 0.004869
 65.1769 0.004874
 65.2841 0.004838
 65.3907 0.004837
 65.4970 0.004826
 65.6015 0.004872
 65.7056 0.004865
 65.8101 0.004870
 65.9142 0.004909
 66.0165 0.004894
 66.1188 0.004943
 66.2224 0.004960
 66.3250 0.004923
 66.4280 0.004910
 66.5287 0.004919
 66.6312 0.004921
 66.7338 0.004899
 66.8356 0.004867
 66.9369 0.004863
 67.0391 0.004830
 67.1398 0.004856
 67.2399 0.004861
 67.3396 0.004833
 67.4406 0.004882
 67.5414 0.004899
 67.6430 0.004920
 67.7437 0.004947
 67.8436 0.005000
 67.9432 0.005038
 68.0426 0.005021
 68.1432 0.005019
 68.2442 0.005073
 68.3450 0.005082
 68.4450 0.005110
 68.5448 0.005123
 68.6445 0.005137
 68.7449 0.005187
 68.8467 0.005184
 68.9471 0.005179
 69.0489 0.005201
 69.1490 0.005207
 69.2500 0.005195
 69.3506 0.005235
 69.4522 0.005321
 69.5537 0.005330
 69.6561 0.005339
 69.7585 0.005354
 69.8618 0.005404
 69.9652 0.005366
 70.0685 0.005372
 70.1716 0.005379
 70.2753 0.005438
 70.3789 0.005404
 70.4839 0.005368
 70.5895 0.005356
 70.6956 0.005388
 70.8019 0.005410
 70.9092 0.005431
 71.0160 0.005393
 71.1227 0.005394
 71.2300 0.005471
 71.3403 0.005475
 71.4491 0.005445
 71.5579 0.005414
 71.6696 0.005467
 71.7806 0.005479
 71.8927 0.005542
 72.0042 0.005563
 72.1175 0.005547
 72.2306 0.005572
 72.3456 0.005636
 72.4599 0.005714
 72.5758 0.005786
 72.6935 0.005827
 72.8107 0.005906
 72.9284 0.005932
 73.0483 0.006002
 73.1687 0.006017
 73.2924 0.006029
 73.4176 0.006033
 73.5421 0.006041
 73.6686 0.006057
 73.7962 0.006093
 73.9239 0.006090
 74.0547 0.006137
 74.1865 0.006132
 74.3180 0.006140
 74.4525 0.006173
 74.5891 0.006214
 74.7262 0.006250
 74.8642 0.006337
 75.0043 0.006333
 75.1448 0.006398
 75.2900 0.006428
 75.4367 0.006473
 75.5843 0.006458
 75.7352 0.006405
 75.8863 0.006463
 76.0426 0.006475
 76.2026 0.006457
 76.3650 0.006474
 76.5285 0.006508
 76.6942 0.006584
 76.8633 0.006706
 77.0361 0.006758
 77.2147 0.006861
 77.3944 0.006883
 77.5766 0.006880
 77.7673 0.006945
 77.9567 0.007029
 78.1518 0.007137
 78.3536 0.007230
 78.5598 0.007341
 78.7724 0.007445
 78.9912 0.007685
 79.2169 0.007760
 79.4519 0.007897
 79.6913 0.008082
 79.9394 0.008254
 80.1957 0.008313
 80.4609 0.008577
 80.7367 0.008758
 81.0235 0.008964
 81.3238 0.009036
 81.6377 0.009123
 81.9712 0.009434
 82.3181 0.009681
 82.6840 0.009955
 83.0737 0.010379
 83.4899 0.010588
 83.9378 0.010824
 84.4270 0.011045
 84.9575 0.011628
 85.5402 0.011908
 86.1914 0.012834
 86.9441 0.013449
 87.8198 0.014269
 88.8633 0.016113
 90.1547 0.018714
 91.9301 0.022851
 92.4016 0.024673
 92.9034 0.025135
 93.4585 0.027261
 94.1003 0.029235
 94.8681 0.029484
 95.7782 0.033019
 96.9457 0.035919
 98.5945 0.045127
101.3395 0.061664
103.8948 0.084915
107.2014 0.131591
109.7134 0.187726
lm2s-10-5 3 1
 46.8839 0.060145
 47.7474 0.043292
 49.0026 0.031644
 50.0193 0.024206
 51.1409 0.019482
 51.8500 0.016314
 52.3535 0.014304
 52.7766 0.013256
 53.1367 0.012650
 53.4378 0.011919
 53.7049 0.011714
 53.9537 0.011256
 54.1698 0.010840
 55.0759 0.009390
 55.7660 0.008485
 56.3342 0.007893
 56.8041 0.007415
 57.2246 0.007079
 57.6038 0.006950
 57.9458 0.006750
 58.2626 0.006665
 58.5575 0.006456
 58.8349 0.006184
 59.0951 0.005904
 59.3439 0.005758
 59.5773 0.005864
 59.8042 0.005790
 60.0196 0.005797
 60.2249 0.005818
 60.4228 0.005720
 60.6162 0.005623
 60.8014 0.005584
 60.9798 0.005590
 61.1554 0.005514
 61.3267 0.005414
 61.4947 0.005381
 61.6567 0.005358
 61.8146 0.005275
 61.9692 0.005238
 62.1214 0.005158
 62.2697 0.005156
 62.4162 0.005093
 62.5607 0.005080
 62.7014 0.005113
 62.8408 0.005150
 62.9781 0.005159
 63.1124 0.005182
 63.2456 0.005119
 63.3771 0.005161
 63.5070 0.005086
 63.6340 0.005042
 63.7597 0.004920
 63.8830 0.004963
 64.0059 0.005006
 64.1284 0.005001
 64.2485 0.004937
 64.3682 0.004962
 64.4859 0.004947
 64.6019 0.004886
 64.7169 0.004865
 64.8303 0.004870
 64.9432 0.004786
 65.0567 0.004776
 65.1684 0.004838
 65.2803 0.004830
 65.3904 0.004771
 65.5005 0.004742
 65.6091 0.004766
 65.7172 0.004814
 65.8253 0.004844
 65.9317 0.004863
 66.0377 0.004914
 66.1452 0.004910
 66.2514 0.004902
 66.3564 0.004921
 66.4613 0.004938
 66.5653 0.004963
 66.6684 0.004909
 66.7731 0.004897
 66.8759 0.004903
 66.9789 0.004945
 67.0811 0.004882
 67.1831 0.004868
 67.2860 0.004862
 67.3873 0.004885
 67.4895 0.004916
 67.5909 0.004908
 67.6912 0.004879
 67.7921 0.004883
 67.8940 0.004831
 67.9954 0.004816
 68.0968 0.004882
 68.1975 0.004955
 68.2982 0.004930
 68.3975 0.004939
 68.4982 0.004971
 68.5976 0.004985
 68.6975 0.005061
 68.7969 0.005105
 68.8973 0.005192
 68.9973 0.005231
 69.0967 0.005199
 69.1966 0.005156
 69.2975 0.005230
 69.3999 0.005268
 69.5005 0.005283
 69.6015 0.005280
 69.7019 0.005360
 69.8033 0.005345
 69.9045 0.005345
 70.0057 0.005365
 70.1067 0.005447
 70.2072 0.005443
 70.3082 0.005435
 70.4096 0.005399
 70.5128 0.005421
 70.6158 0.005367
 70.7192 0.005430
 70.8235 0.005412
 70.9275 0.005446
 71.0309 0.005437
 71.1343 0.005402
 71.2388 0.005431
 71.3439 0.005458
 71.4499 0.005414
 71.5554 0.005448
 71.6621 0.005412
 71.7700 0.005442
 71.8772 0.005425
 71.9859 0.005455
 72.0935 0.005482
 72.2024 0.005529
 72.3124 0.005560
 72.4228 0.005582
 72.5327 0.005650
 72.6449 0.005645
 72.7582 0.005638
 72.8711 0.005683
 72.9851 0.005738
 73.0999 0.005763
 73.2145 0.005793
 73.3304 0.005873
 73.4474 0.005854
 73.5654 0.005865
 73.6838 0.005932
 73.8051 0.005931
 73.9267 0.005987
 74.0484 0.006006
 74.1718 0.005982
 74.2960 0.006008
 74.4211 0.006011
 74.5468 0.005970
 74.6743 0.006002
 74.8049 0.006113
 74.9355 0.006151
 75.0685 0.006145
 75.2015 0.006147
 75.3372 0.006212
 75.4752 0.006270
 75.6141 0.006301
 75.7538 0.006343
 75.8969 0.006376
 76.0410 0.006355
 76.1870 0.006399
 76.3373 0.006418
 76.4892 0.006423
 76.6422 0.006400
 76.7977 0.006419
 76.9558 0.006547
 77.1150 0.006540
 77.2798 0.006538
 77.4459 0.006536
 77.6172 0.006579
 77.7902 0.006757
 77.9650 0.006820
 78.1440 0.006819
 78.3255 0.006943
 78.5140 0.007053
 78.7066 0.007133
 78.9062 0.007256
 79.1068 0.007353
 79.3145 0.007595
 79.5308 0.007670
 79.7494 0.007777
 79.9734 0.007919
 80.2014 0.008018
 80.4414 0.008162
 80.6933 0.008261
 80.9471 0.008386
 81.2141 0.008612
 81.4892 0.008852
 81.7794 0.009224
 82.0789 0.009278
 82.3951 0.009364
 82.7275 0.009528
 83.0729 0.009941
 83.4406 0.010203
 83.8333 0.010277
 84.2486 0.010556
 84.7003 0.010994
 85.1891 0.011498
 85.7178 0.011749
 86.2959 0.012504
 86.9498 0.012886
 87.6994 0.013253
 88.5731 0.014371
 89.6084 0.016324
 90.9119 0.018378
 92.6915 0.022871
 93.1447 0.023817
 93.6404 0.025691
 94.1943 0.027065
 94.8631 0.027868
 95.6180 0.029667
 96.5396 0.033226
 97.7061 0.035737
 99.3384 0.043796
102.0776 0.061320
104.6711 0.083290
107.9116 0.130928
110.3107 0.185393
 tr0-10-5 3 1
214.9091 0.237807
218.0821 0.175384
222.5010 0.122606
226.1178 0.091618
230.1894 0.070911
232.6393 0.061060
234.4387 0.053372
235.8992 0.049273
237.1212 0.044826
238.1575 0.042181
239.0873 0.041259
239.9316 0.039457
240.6941 0.038357
243.7421 0.032389
246.0378 0.029936
247.8985 0.026727
249.4794 0.025114
250.8750 0.024325
252.1065 0.023183
253.2237 0.022166
254.2470 0.021198
255.1958 0.021367
256.0827 0.020834
256.9080 0.020931
257.6981 0.020464
258.4475 0.020157
259.1555 0.019722
259.8303 0.019628
260.4875 0.019632
261.1177 0.019456
261.7262 0.018928
262.3014 0.018903
262.8663 0.018982
263.4124 0.018514
263.9422 0.018328
264.4616 0.018005
264.9643 0.017885
265.4577 0.018001
265.9336 0.018054
266.4049 0.017846
266.8657 0.017672
267.3111 0.017422
267.7503 0.017344
268.1828 0.017405
268.6019 0.017245
269.0210 0.017166
269.4297 0.016914
269.8314 0.016782
270.2282 0.016887
270.6108 0.016985
270.9999 0.016872
271.3798 0.016593
271.7515 0.016756
272.1175 0.016688
272.4809 0.016500
272.8399 0.016227
273.1938 0.016143
273.5451 0.016031
273.8920 0.016076
274.2356 0.015799
274.5751 0.015668
274.9117 0.015623
275.2453 0.015675
275.5787 0.015653
275.9060 0.015498
276.2317 0.015371
276.5497 0.015409
276.8676 0.015369
277.1838 0.015351
277.4975 0.015560
277.8087 0.015496
278.1207 0.015389
278.4316 0.015302
278.7345 0.015156
279.0456 0.015176
279.3496 0.015147
279.6551 0.015092
279.9571 0.015030
280.2584 0.015075
280.5555 0.015054
280.8521 0.014920
281.1477 0.014912
281.4385 0.014901
281.7311 0.014851
282.0189 0.015009
282.3079 0.015034
282.6006 0.014980
282.8903 0.014869
283.1774 0.014916
283.4622 0.014777
283.7467 0.014743
284.0320 0.014762
284.3150 0.014786
284.6017 0.014678
284.8862 0.014630
285.1692 0.014528
285.4488 0.014587
285.7340 0.014508
286.0202 0.014427
286.3031 0.014545
286.5792 0.014502
286.8596 0.014541
287.1382 0.014617
287.4166 0.014713
287.6962 0.014666
287.9765 0.014705
288.2557 0.014650
288.5343 0.014548
288.8167 0.014468
289.0977 0.014456
289.3753 0.014386
289.6581 0.014286
289.9368 0.014306
290.2190 0.014312
290.4996 0.014315
290.7855 0.014313
291.0685 0.014294
291.3514 0.014165
291.6356 0.014249
291.9214 0.014236
292.2059 0.014285
292.4897 0.014040
292.7739 0.014085
293.0584 0.014127
293.3456 0.014120
293.6358 0.014052
293.9277 0.014084
294.2157 0.014044
294.5053 0.014139
294.7953 0.014257
295.0905 0.014283
295.3868 0.014576
295.6778 0.014419
295.9731 0.014500
296.2739 0.014453
296.5771 0.014439
296.8780 0.014334
297.1780 0.014234
297.4834 0.014249
297.7908 0.014087
298.1012 0.014156
298.4085 0.014322
298.7182 0.014321
299.0337 0.014396
299.3499 0.014500
299.6743 0.014376
299.9935 0.014376
300.3169 0.014748
300.6415 0.014755
300.9701 0.014785
301.2984 0.014921
301.6311 0.014887
301.9672 0.015152
302.3062 0.015094
302.6500 0.015148
302.9958 0.015159
303.3385 0.015108
303.6862 0.015245
304.0398 0.015275
304.4022 0.015432
304.7694 0.015431
305.1367 0.015560
305.5115 0.015781
305.8866 0.015985
306.2691 0.016196
306.6516 0.016411
307.0442 0.016412
307.4415 0.016680
307.8436 0.016850
308.2566 0.017056
308.6721 0.017422
309.0939 0.017686
309.5233 0.017974
309.9606 0.018208
310.4053 0.018205
310.8591 0.018295
311.3196 0.018068
311.7933 0.018194
312.2789 0.018425
312.7735 0.018653
313.2751 0.018677
313.7835 0.019123
314.3075 0.019474
314.8478 0.019436
315.4033 0.019935
315.9716 0.020182
316.5656 0.020453
317.1765 0.020852
317.8078 0.021150
318.4555 0.021155
319.1300 0.020996
319.8265 0.021577
320.5654 0.022174
321.3254 0.022389
322.1274 0.022657
322.9680 0.023175
323.8525 0.023846
324.7703 0.024622
325.7627 0.025701
326.8164 0.026653
327.9639 0.027329
329.2107 0.028901
330.5639 0.029732
332.0848 0.031255
333.8124 0.033119
335.7866 0.036095
338.1335 0.039010
341.0669 0.044759
345.0418 0.052326
346.0584 0.054589
347.1717 0.056740
348.3911 0.058757
349.7942 0.061554
351.4943 0.064614
353.5272 0.071853
356.0092 0.082438
359.3456 0.093607
365.0501 0.129601
370.4866 0.173020
377.1666 0.269994
381.8024 0.371409
 tr1-10-5 3 1
232.3587 0.237757
235.6424 0.175561
240.2438 0.126685
244.0772 0.090484
248.1990 0.069778
250.7906 0.061423
252.6454 0.054257
254.1785 0.048965
255.4481 0.047457
256.5284 0.046286
257.4784 0.044043
258.3383 0.040980
259.1403 0.039964
262.3130 0.033785
264.6887 0.031564
266.6266 0.028649
268.2617 0.027076
269.6986 0.025625
270.9823 0.024552
272.1403 0.023427
273.1972 0.022660
274.1818 0.022403
275.0925 0.021305
275.9491 0.021121
276.7628 0.020656
277.5319 0.020165
278.2677 0.020301
278.9606 0.020307
279.6296 0.019983
280.2719 0.019935
280.8909 0.019595
281.4958 0.018894
282.0809 0.018665
282.6426 0.018841
283.1824 0.018541
283.7092 0.018351
284.2282 0.018379
284.7277 0.018192
285.2170 0.018159
285.6993 0.017720
286.1693 0.017535
286.6353 0.017445
287.0921 0.017306
287.5351 0.016976
287.9623 0.016969
288.3897 0.016891
288.8114 0.016725
289.2288 0.016751
289.6367 0.016729
290.0370 0.016559
290.4374 0.016527
290.8235 0.016239
291.2068 0.016379
291.5836 0.016281
291.9593 0.016331
292.3349 0.016408
292.7022 0.016265
293.0637 0.016293
293.4173 0.016334
293.7731 0.016298
294.1241 0.016115
294.4708 0.015914
294.8149 0.015774
295.1598 0.015704
295.4973 0.015635
295.8339 0.015454
296.1686 0.015580
296.5018 0.015456
296.8306 0.015423
297.1550 0.015425
297.4785 0.015388
297.7959 0.015505
298.1152 0.015559
298.4321 0.015542
298.7445 0.015501
299.0604 0.015406
299.3697 0.015221
299.6788 0.015152
299.9883 0.015227
300.2952 0.015421
300.6001 0.015543
300.9025 0.015594
301.2016 0.015568
301.5020 0.015404
301.8011 0.015310
302.1006 0.015293
302.3952 0.015209
302.6891 0.015203
302.9842 0.015219
303.2795 0.015060
303.5757 0.014938
303.8681 0.014993
304.1535 0.015115
304.4428 0.015108
304.7369 0.015304
305.0272 0.015311
305.3145 0.015267
305.6059 0.015384
305.8974 0.015463
306.1844 0.015277
306.4716 0.015259
306.7616 0.015268
307.0509 0.015078
307.3377 0.015034
307.6269 0.015011
307.9171 0.015122
308.2056 0.015172
308.4928 0.015220
308.7836 0.015103
309.0713 0.015177
309.3603 0.015203
309.6467 0.015179
309.9357 0.015136
310.2281 0.015042
310.5176 0.015148
310.8084 0.015134
311.1010 0.015152
311.3899 0.015106
311.6821 0.015138
311.9716 0.015274
312.2644 0.015183
312.5587 0.015252
312.8492 0.015088
313.1429 0.015080
313.4411 0.015048
313.7409 0.015113
314.0413 0.015075
314.3403 0.015225
314.6419 0.015316
314.9438 0.015351
315.2488 0.015461
315.5538 0.015341
315.8630 0.015320
316.1693 0.015388
316.4771 0.015296
316.7827 0.015344
317.0929 0.015381
317.4059 0.015451
317.7218 0.015402
318.0379 0.015404
318.3541 0.015383
318.6722 0.015464
318.9930 0.015696
319.3182 0.015638
319.6439 0.015493
319.9721 0.015328
320.2988 0.015569
320.6282 0.015782
320.9594 0.015794
321.2977 0.015898
321.6345 0.016029
321.9757 0.015958
322.3223 0.016164
322.6684 0.016317
323.0221 0.016592
323.3758 0.016734
323.7338 0.016696
324.0978 0.016684
324.4645 0.016953
324.8337 0.017118
325.2093 0.017174
325.5913 0.017341
325.9764 0.017422
326.3620 0.017539
326.7553 0.017615
327.1516 0.017588
327.5550 0.017598
327.9624 0.017658
328.3781 0.017682
328.7987 0.017824
329.2228 0.017901
329.6563 0.018292
330.0993 0.018505
330.5472 0.018713
331.0087 0.018950
331.4732 0.018879
331.9485 0.018927
332.4294 0.019143
332.9280 0.019389
333.4421 0.019506
333.9635 0.019551
334.4948 0.019937
335.0360 0.020641
335.5943 0.020841
336.1673 0.021227
336.7574 0.021241
337.3603 0.021399
337.9910 0.021831
338.6296 0.022335
339.2975 0.022507
339.9948 0.022801
340.7121 0.023037
341.4734 0.023436
342.2467 0.023713
343.0531 0.024108
343.9125 0.024501
344.8172 0.024974
345.7760 0.025475
346.7872 0.025871
347.8861 0.026547
349.0541 0.027996
350.3285 0.029529
351.7242 0.030250
353.2530 0.031641
355.0018 0.034095
357.0329 0.037138
359.4352 0.040101
362.4426 0.045505
366.5172 0.052594
367.5392 0.054082
368.6764 0.055398
369.9668 0.058845
371.4444 0.063215
373.1625 0.067433
375.1120 0.073197
377.6735 0.086266
381.1058 0.102072
386.8653 0.137189
392.1979 0.167499
399.1981 0.247770
404.4289 0.359360
tr1s-10-5 3 1
241.8338 0.246745
245.1498 0.179774
249.7985 0.124394
253.7616 0.095859
257.7640 0.071393
260.3962 0.061243
262.2894 0.056661
263.8195 0.050473
265.0928 0.047321
266.1897 0.044846
267.1720 0.043047
268.0335 0.041686
268.8296 0.040309
272.0426 0.034282
274.4531 0.032006
276.3823 0.029389
278.0338 0.028407
279.4520 0.026084
280.7425 0.025493
281.9122 0.024260
282.9777 0.023255
283.9625 0.021709
284.8777 0.021117
285.7357 0.020727
286.5571 0.020643
287.3287 0.020550
288.0750 0.020416
288.7846 0.020406
289.4641 0.019847
290.1159 0.019711
290.7371 0.019440
291.3437 0.019341
291.9288 0.019403
292.4941 0.018993
293.0421 0.018705
293.5728 0.018435
294.0902 0.018140
294.6020 0.017852
295.1022 0.017850
295.5887 0.017806
296.0663 0.017925
296.5272 0.017709
296.9822 0.017812
297.4277 0.017713
297.8618 0.017806
298.2893 0.017403
298.7107 0.017417
299.1292 0.017107
299.5369 0.016989
299.9393 0.016963
300.3368 0.016729
300.7282 0.016685
301.1137 0.016609
301.4992 0.016563
301.8788 0.016570
302.2511 0.016366
302.6227 0.016224
302.9886 0.016219
303.3504 0.016175
303.7056 0.016156
304.0613 0.016102
304.4199 0.015923
304.7648 0.015886
305.1076 0.015577
305.4506 0.015787
305.7873 0.015565
306.1180 0.015223
306.4493 0.015277
306.7769 0.015324
307.1013 0.015434
307.4239 0.015519
307.7466 0.015424
308.0679 0.015452
308.3845 0.015581
308.7018 0.015662
309.0119 0.015744
309.3255 0.015909
309.6346 0.015951
309.9426 0.015870
310.2506 0.015782
310.5556 0.015771
310.8631 0.015595
311.1658 0.015433
311.4665 0.015399
311.7687 0.015315
312.0682 0.015221
312.3630 0.015132
312.6632 0.015000
312.9623 0.014901
313.2578 0.015036
313.5496 0.015175
313.8411 0.015101
314.1347 0.015050
314.4276 0.015146
314.7185 0.015172
315.0108 0.015145
315.3011 0.015188
315.5951 0.015245
315.8871 0.015252
316.1770 0.015205
316.4658 0.015237
316.7573 0.015352
317.0465 0.015329
317.3359 0.015236
317.6252 0.015352
317.9152 0.015211
318.2052 0.015177
318.4943 0.015220
318.7881 0.015178
319.0739 0.015268
319.3642 0.015343
319.6529 0.015399
319.9465 0.015383
320.2390 0.015422
320.5289 0.015475
320.8272 0.015435
321.1196 0.015390
321.4150 0.015381
321.7116 0.015350
322.0071 0.015307
322.2982 0.015325
322.5930 0.015396
322.8859 0.015451
323.1806 0.015464
323.4809 0.015654
323.7751 0.015591
324.0757 0.015563
324.3760 0.015569
324.6816 0.015692
324.9863 0.015691
325.2882 0.015602
325.5970 0.015539
325.9011 0.015595
326.2126 0.015529
326.5210 0.015702
326.8313 0.015635
327.1423 0.015879
327.4548 0.016021
327.7722 0.016143
328.0874 0.015949
328.4058 0.015809
328.7244 0.016066
329.0478 0.015951
329.3735 0.015935
329.7027 0.016106
330.0303 0.016118
330.3630 0.016109
330.6931 0.016263
331.0280 0.016334
331.3656 0.016426
331.7084 0.016548
332.0513 0.016654
332.3951 0.016819
332.7430 0.016826
333.0951 0.016904
333.4503 0.016952
333.8084 0.017015
334.1731 0.017166
334.5473 0.017275
334.9160 0.017328
335.2896 0.017229
335.6685 0.017263
336.0515 0.017211
336.4416 0.017052
336.8340 0.017310
337.2365 0.017363
337.6417 0.017306
338.0502 0.017542
338.4673 0.017616
338.8915 0.017731
339.3250 0.017926
339.7620 0.018091
340.2056 0.018301
340.6597 0.018259
341.1197 0.018533
341.5852 0.018594
342.0680 0.018682
342.5599 0.018849
343.0625 0.018940
343.5675 0.019244
344.0864 0.019515
344.6230 0.019528
345.1680 0.019894
345.7251 0.020234
346.2948 0.020234
346.8835 0.020617
347.4894 0.020724
348.1182 0.021140
348.7695 0.021512
349.4365 0.021525
350.1352 0.021838
350.8610 0.022591
351.6195 0.022797
352.4043 0.023340
353.2275 0.024137
354.0887 0.024414
354.9928 0.025023
355.9493 0.025598
356.9578 0.026770
358.0438 0.027333
359.2289 0.027707
360.5177 0.029281
361.9137 0.030382
363.4710 0.031637
365.2231 0.034597
367.2508 0.037513
369.6750 0.041202
372.7016 0.045872
376.7797 0.053280
377.8264 0.055033
378.9630 0.056066
380.2437 0.060491
381.7492 0.064686
383.4293 0.070709
385.4456 0.076682
387.9907 0.087227
391.4064 0.101830
397.1334 0.135681
402.5852 0.167678
409.3991 0.249607
414.6123 0.377718
 tr2-10-5 3 1
250.3390 0.243800
253.7425 0.180206
258.8621 0.127071
262.8153 0.100190
266.9971 0.073046
269.6138 0.063429
271.5419 0.056497
273.1178 0.052877
274.4454 0.048615
275.5511 0.045471
276.5415 0.043214
277.4225 0.042270
278.2222 0.040924
281.5294 0.034671
283.9874 0.031184
285.9749 0.029700
287.6437 0.028392
289.1243 0.027253
290.4491 0.025973
291.6466 0.024737
292.7515 0.023012
293.7515 0.022645
294.7046 0.022800
295.5962 0.022694
296.4323 0.021894
297.2095 0.021145
297.9673 0.020907
298.6915 0.020548
299.3874 0.020110
300.0443 0.019556
300.6780 0.019066
301.2953 0.018753
301.8934 0.018488
302.4726 0.018339
303.0314 0.017979
303.5737 0.017875
304.1016 0.017569
304.6167 0.017486
305.1337 0.017366
305.6328 0.017382
306.1143 0.017134
306.5874 0.017012
307.0551 0.016920
307.5094 0.016743
307.9594 0.016584
308.4007 0.016167
308.8299 0.016222
309.2569 0.016053
309.6749 0.015916
310.0870 0.015941
310.4963 0.016031
310.8977 0.016215
311.2894 0.015850
311.6788 0.015705
312.0613 0.015608
312.4417 0.015293
312.8232 0.015084
313.2002 0.014944
313.5655 0.014953
313.9304 0.015126
314.2893 0.014811
314.6426 0.014962
315.0000 0.014933
315.3557 0.014752
315.7058 0.014659
316.0526 0.014588
316.3941 0.014845
316.7304 0.014718
317.0667 0.014743
317.4030 0.014729
317.7382 0.014739
318.0709 0.014673
318.3982 0.014661
318.7241 0.014573
319.0446 0.014508
319.3676 0.014452
319.6878 0.014365
320.0036 0.014297
320.3165 0.014367
320.6296 0.014582
320.9469 0.014563
321.2588 0.014576
321.5711 0.014485
321.8834 0.014526
322.1907 0.014502
322.4980 0.014508
322.8016 0.014598
323.1040 0.014701
323.4127 0.014658
323.7158 0.014572
324.0184 0.014756
324.3220 0.014753
324.6241 0.014700
324.9251 0.014839
325.2245 0.014701
325.5227 0.014573
325.8243 0.014754
326.1261 0.014857
326.4225 0.014770
326.7195 0.014847
327.0158 0.014928
327.3120 0.014962
327.6101 0.014960
327.9063 0.015037
328.2072 0.014998
328.5062 0.015186
328.8095 0.015304
329.1038 0.015460
329.3965 0.015265
329.6924 0.015376
329.9917 0.015323
330.2906 0.015315
330.5840 0.015267
330.8806 0.015172
331.1782 0.015198
331.4709 0.015406
331.7701 0.015388
332.0712 0.015478
332.3684 0.015446
332.6715 0.015407
332.9755 0.015456
333.2761 0.015445
333.5797 0.015488
333.8813 0.015535
334.1855 0.015479
334.4935 0.015414
334.8002 0.015332
335.1067 0.015460
335.4169 0.015478
335.7221 0.015406
336.0334 0.015483
336.3446 0.015489
336.6583 0.015644
336.9707 0.015485
337.2910 0.015702
337.6062 0.015774
337.9211 0.015863
338.2399 0.015811
338.5620 0.015898
338.8842 0.015825
339.2135 0.016044
339.5367 0.016074
339.8698 0.015974
340.2031 0.016026
340.5351 0.015902
340.8730 0.015898
341.2105 0.015916
341.5536 0.015919
341.8970 0.015802
342.2431 0.015890
342.5926 0.015908
342.9428 0.016125
343.3003 0.016059
343.6597 0.016077
344.0177 0.016162
344.3817 0.016209
344.7477 0.016334
345.1189 0.016386
345.4918 0.016409
345.8768 0.016538
346.2562 0.016681
346.6476 0.016772
347.0389 0.016883
347.4333 0.016862
347.8341 0.016920
348.2513 0.016955
348.6614 0.017159
349.0853 0.017271
349.5086 0.017567
349.9448 0.017594
350.3867 0.017996
350.8367 0.018035
351.2920 0.017895
351.7493 0.018328
352.2146 0.018250
352.6946 0.018386
353.1835 0.018753
353.6820 0.018689
354.1883 0.018624
354.7093 0.018854
355.2384 0.019336
355.7823 0.019245
356.3401 0.019445
356.9090 0.019692
357.4903 0.020072
358.0989 0.020500
358.7217 0.020765
359.3580 0.021121
360.0170 0.021198
360.7064 0.022020
361.4173 0.022414
362.1538 0.022588
362.9309 0.022816
363.7268 0.023393
364.5657 0.024122
365.4500 0.024577
366.3737 0.024953
367.3686 0.025725
368.4121 0.026229
369.5154 0.027496
370.7233 0.028108
372.0246 0.029485
373.4772 0.030253
375.0614 0.032289
376.8586 0.034213
378.9394 0.035287
381.4283 0.038636
384.5374 0.043075
388.6822 0.052077
389.7429 0.054997
390.9069 0.058712
392.1929 0.062557
393.6849 0.067042
395.3977 0.071713
397.4769 0.076747
400.0772 0.083299
403.6490 0.096224
409.4620 0.131386
415.0020 0.173830
422.2302 0.268619
427.1874 0.378621
tr2s-10-5 3 1
260.0780 0.246457
263.4870 0.186190
268.4840 0.130995
272.6165 0.099329
276.8373 0.073698
279.4385 0.063071
281.4511 0.056464
282.9918 0.050758
284.2708 0.047877
285.4057 0.044386
286.3880 0.042429
287.2920 0.041328
288.1158 0.040247
291.3851 0.035852
293.8518 0.032341
295.8439 0.029817
297.5392 0.027761
299.0031 0.026142
300.3330 0.026223
301.5418 0.024708
302.6386 0.023549
303.6651 0.023299
304.6094 0.022480
305.5006 0.022044
306.3437 0.021807
307.1277 0.021903
307.8814 0.021132
308.6006 0.020702
309.2823 0.020158
309.9431 0.020011
310.5870 0.019425
311.2054 0.018839
311.8031 0.018599
312.3916 0.018064
312.9551 0.018038
313.5047 0.017674
314.0396 0.017334
314.5591 0.017375
315.0740 0.017222
315.5786 0.017015
316.0639 0.016961
316.5349 0.016850
316.9991 0.016672
317.4580 0.016378
317.9050 0.016471
318.3407 0.016632
318.7737 0.016493
319.2059 0.016307
319.6249 0.016108
320.0410 0.016034
320.4461 0.016144
320.8562 0.016045
321.2585 0.015978
321.6448 0.016080
322.0301 0.016071
322.4132 0.015962
322.7889 0.015963
323.1617 0.015790
323.5298 0.015648
323.8965 0.015227
324.2595 0.015425
324.6174 0.015428
324.9713 0.015607
325.3235 0.015744
325.6744 0.015722
326.0178 0.015744
326.3602 0.015547
326.6981 0.015476
327.0323 0.015429
327.3679 0.015276
327.7016 0.015247
328.0326 0.014893
328.3618 0.014856
328.6937 0.015127
329.0151 0.015240
329.3377 0.015098
329.6558 0.015095
329.9774 0.014957
330.2949 0.014868
330.6115 0.014813
330.9255 0.014856
331.2431 0.014908
331.5577 0.015109
331.8652 0.015149
332.1769 0.015043
332.4848 0.014793
332.7913 0.014829
333.0994 0.014855
333.4053 0.014721
333.7126 0.014718
334.0136 0.014819
334.3137 0.014843
334.6139 0.014915
334.9177 0.015083
335.2193 0.015130
335.5187 0.014990
335.8209 0.015059
336.1221 0.015170
336.4214 0.015083
336.7201 0.015041
337.0191 0.015096
337.3219 0.015091
337.6175 0.014945
337.9119 0.014953
338.2102 0.014987
338.5089 0.015017
338.8096 0.015176
339.1054 0.015240
339.3996 0.015190
339.6980 0.015105
339.9908 0.015040
340.2901 0.015216
340.5840 0.015377
340.8835 0.015268
341.1784 0.015262
341.4790 0.015219
341.7800 0.015263
342.0781 0.015127
342.3766 0.015011
342.6783 0.015164
342.9799 0.015100
343.2828 0.015069
343.5834 0.015147
343.8871 0.015205
344.1902 0.015064
344.4971 0.015175
344.8052 0.015208
345.1129 0.015263
345.4198 0.015292
345.7298 0.015437
346.0418 0.015529
346.3585 0.015733
346.6721 0.015710
346.9905 0.015746
347.3081 0.015630
347.6205 0.015742
347.9410 0.015825
348.2616 0.015763
348.5859 0.015977
348.9121 0.016036
349.2358 0.016228
349.5635 0.016207
349.8936 0.016120
350.2222 0.016313
350.5538 0.016242
350.8885 0.016167
351.2294 0.016204
351.5710 0.016294
351.9202 0.016197
352.2664 0.016236
352.6155 0.016259
352.9701 0.016312
353.3245 0.016393
353.6859 0.016505
354.0464 0.016583
354.4162 0.016859
354.7844 0.016865
355.1551 0.016770
355.5290 0.016610
355.9085 0.016734
356.2916 0.016912
356.6824 0.017049
357.0799 0.016965
357.4854 0.016994
357.8904 0.017241
358.3014 0.017018
358.7163 0.016973
359.1390 0.017194
359.5677 0.017312
359.9986 0.017517
360.4467 0.017526
360.8948 0.017614
361.3546 0.017605
361.8206 0.017673
362.2938 0.017745
362.7686 0.018074
363.2605 0.018137
363.7521 0.018245
364.2625 0.018677
364.7828 0.018953
365.3105 0.019294
365.8555 0.019501
366.4179 0.019943
366.9864 0.020320
367.5705 0.020362
368.1741 0.020873
368.7990 0.021301
369.4400 0.021306
370.1049 0.021815
370.7901 0.022353
371.5008 0.022335
372.2319 0.022915
373.0027 0.022943
373.7975 0.023217
374.6390 0.023516
375.5265 0.024242
376.4484 0.024759
377.4229 0.025430
378.4537 0.025527
379.5746 0.026096
380.7885 0.026654
382.0951 0.028662
383.5474 0.030075
385.1723 0.032221
386.9667 0.034005
389.0612 0.036931
391.5379 0.039397
394.6505 0.045612
398.8587 0.051158
399.9029 0.054261
401.0984 0.057110
402.4034 0.059762
403.8970 0.065493
405.6195 0.070255
407.6713 0.075870
410.2342 0.085416
413.7761 0.100179
419.6382 0.129745
425.3633 0.177745
432.6066 0.277768
437.2591 0.371409
