Copyright (C) 1998 James G. MacKinnon, Alfred A. Haug, and Leo Michelis.
 lm0-09-8 3 1
 43.3791 0.059754
 44.2324 0.046801
 45.4240 0.032452
 46.4630 0.024413
 47.5813 0.018648
 48.2655 0.016203
 48.7853 0.015061
 49.1989 0.013448
 49.5450 0.012455
 49.8577 0.011840
 50.1259 0.011536
 50.3690 0.011252
 50.5898 0.010741
 51.4834 0.009458
 52.1633 0.008810
 52.7191 0.007923
 53.1920 0.007124
 53.6095 0.006827
 53.9804 0.006538
 54.3201 0.006425
 54.6349 0.006371
 54.9247 0.006255
 55.2039 0.006172
 55.4632 0.006042
 55.7060 0.005963
 55.9394 0.005964
 56.1601 0.005838
 56.3772 0.005790
 56.5809 0.005721
 56.7756 0.005846
 56.9643 0.005756
 57.1483 0.005727
 57.3260 0.005761
 57.5007 0.005645
 57.6702 0.005640
 57.8363 0.005576
 57.9975 0.005516
 58.1548 0.005503
 58.3094 0.005460
 58.4591 0.005385
 58.6082 0.005293
 58.7538 0.005172
 58.8966 0.005120
 59.0348 0.005116
 59.1723 0.005106
 59.3068 0.005113
 59.4415 0.005139
 59.5713 0.005109
 59.7001 0.005099
 59.8292 0.005022
 59.9554 0.005023
 60.0828 0.005001
 60.2076 0.005007
 60.3300 0.005033
 60.4511 0.005083
 60.5710 0.005069
 60.6921 0.005062
 60.8095 0.005045
 60.9271 0.005064
 61.0421 0.005064
 61.1565 0.005043
 61.2714 0.005028
 61.3840 0.005030
 61.4937 0.005004
 61.6049 0.005059
 61.7147 0.005071
 61.8238 0.005058
 61.9330 0.005131
 62.0398 0.005138
 62.1474 0.005098
 62.2537 0.005130
 62.3601 0.005077
 62.4643 0.005012
 62.5687 0.005025
 62.6737 0.005017
 62.7786 0.005059
 62.8821 0.005025
 62.9848 0.005020
 63.0876 0.005066
 63.1909 0.005058
 63.2936 0.005037
 63.3961 0.005028
 63.4978 0.005005
 63.5985 0.005016
 63.6998 0.005041
 63.8007 0.005040
 63.9015 0.004989
 64.0007 0.005012
 64.1003 0.005024
 64.1998 0.004973
 64.3006 0.005026
 64.4013 0.004950
 64.5001 0.005020
 64.5990 0.004987
 64.6974 0.004992
 64.7968 0.004979
 64.8974 0.005035
 64.9977 0.004943
 65.0979 0.004909
 65.1966 0.004876
 65.2967 0.004892
 65.3969 0.004888
 65.4967 0.004885
 65.5969 0.004898
 65.6968 0.004839
 65.7971 0.004860
 65.8968 0.004839
 65.9973 0.004840
 66.0976 0.004845
 66.1974 0.004839
 66.2969 0.004853
 66.3976 0.004916
 66.4985 0.004979
 66.5982 0.005023
 66.6988 0.005043
 66.7992 0.005057
 66.9018 0.005086
 67.0035 0.005105
 67.1061 0.005087
 67.2088 0.005121
 67.3108 0.005102
 67.4166 0.005083
 67.5204 0.005093
 67.6242 0.005050
 67.7289 0.005079
 67.8345 0.005119
 67.9399 0.005163
 68.0454 0.005204
 68.1535 0.005255
 68.2616 0.005264
 68.3699 0.005352
 68.4803 0.005436
 68.5886 0.005433
 68.6989 0.005439
 68.8094 0.005440
 68.9197 0.005461
 69.0312 0.005533
 69.1437 0.005559
 69.2581 0.005503
 69.3704 0.005471
 69.4853 0.005462
 69.6008 0.005485
 69.7166 0.005499
 69.8345 0.005516
 69.9530 0.005535
 70.0734 0.005602
 70.1938 0.005580
 70.3161 0.005638
 70.4379 0.005774
 70.5636 0.005804
 70.6884 0.005852
 70.8161 0.005856
 70.9434 0.005905
 71.0720 0.005931
 71.2026 0.005989
 71.3346 0.006053
 71.4673 0.006116
 71.6017 0.006145
 71.7391 0.006210
 71.8771 0.006196
 72.0166 0.006212
 72.1567 0.006291
 72.2998 0.006318
 72.4445 0.006431
 72.5927 0.006517
 72.7462 0.006524
 72.8996 0.006546
 73.0532 0.006621
 73.2116 0.006737
 73.3708 0.006765
 73.5314 0.006871
 73.6960 0.006978
 73.8632 0.007055
 74.0347 0.007164
 74.2107 0.007205
 74.3893 0.007283
 74.5728 0.007372
 74.7589 0.007384
 74.9505 0.007398
 75.1473 0.007435
 75.3488 0.007465
 75.5571 0.007576
 75.7694 0.007602
 75.9853 0.007664
 76.2099 0.007696
 76.4411 0.007756
 76.6788 0.007873
 76.9264 0.008014
 77.1816 0.008135
 77.4470 0.008431
 77.7210 0.008485
 78.0065 0.008902
 78.3052 0.009189
 78.6195 0.009194
 78.9469 0.009534
 79.2918 0.009892
 79.6561 0.010037
 80.0460 0.010283
 80.4614 0.010398
 80.9101 0.010486
 81.3981 0.010846
 81.9196 0.011293
 82.5030 0.012102
 83.1532 0.012864
 83.8962 0.013936
 84.7576 0.015004
 85.7882 0.016282
 87.0672 0.018288
 88.8371 0.022749
 89.2802 0.024036
 89.7724 0.025446
 90.3419 0.026730
 90.9737 0.028222
 91.7227 0.030936
 92.6503 0.033888
 93.8198 0.036819
 95.4360 0.043438
 98.1253 0.061384
100.7049 0.087540
104.1362 0.138030
106.7038 0.184342
 lm1-09-8 3 1
 45.7205 0.060620
 46.6181 0.048309
 47.8669 0.035052
 48.9153 0.024871
 50.0518 0.019461
 50.7604 0.017035
 51.2950 0.014955
 51.7226 0.014227
 52.0845 0.013146
 52.4045 0.012494
 52.6764 0.011704
 52.9240 0.011367
 53.1548 0.011121
 54.0549 0.009696
 54.7524 0.008910
 55.3178 0.008585
 55.8009 0.008162
 56.2225 0.007907
 56.6066 0.007611
 56.9520 0.007270
 57.2716 0.007086
 57.5703 0.006881
 57.8532 0.006677
 58.1136 0.006714
 58.3618 0.006613
 58.5980 0.006504
 58.8239 0.006313
 59.0430 0.006147
 59.2520 0.006097
 59.4574 0.006112
 59.6527 0.005912
 59.8405 0.005760
 60.0240 0.005800
 60.2044 0.005776
 60.3769 0.005673
 60.5454 0.005657
 60.7100 0.005551
 60.8705 0.005454
 61.0282 0.005430
 61.1831 0.005448
 61.3325 0.005401
 61.4806 0.005430
 61.6251 0.005393
 61.7686 0.005335
 61.9097 0.005272
 62.0475 0.005213
 62.1843 0.005100
 62.3191 0.005076
 62.4512 0.005009
 62.5821 0.005028
 62.7118 0.004975
 62.8378 0.004990
 62.9637 0.004987
 63.0877 0.004983
 63.2104 0.004970
 63.3321 0.004968
 63.4514 0.005001
 63.5697 0.005015
 63.6868 0.005044
 63.8044 0.005020
 63.9194 0.005084
 64.0343 0.005139
 64.1490 0.005061
 64.2630 0.005010
 64.3764 0.005024
 64.4888 0.005049
 64.5980 0.005010
 64.7090 0.005023
 64.8190 0.005005
 64.9294 0.005023
 65.0384 0.005068
 65.1467 0.005100
 65.2534 0.005038
 65.3610 0.005014
 65.4670 0.004938
 65.5736 0.004956
 65.6788 0.004946
 65.7841 0.004925
 65.8900 0.004906
 65.9941 0.004940
 66.0991 0.004955
 66.2015 0.004934
 66.3047 0.004949
 66.4078 0.004987
 66.5107 0.005001
 66.6135 0.005028
 66.7160 0.005034
 66.8177 0.005074
 66.9203 0.005025
 67.0222 0.005037
 67.1254 0.005074
 67.2267 0.005077
 67.3285 0.005066
 67.4297 0.005083
 67.5311 0.005120
 67.6319 0.005130
 67.7338 0.005192
 67.8340 0.005208
 67.9339 0.005170
 68.0347 0.005202
 68.1357 0.005214
 68.2382 0.005225
 68.3398 0.005204
 68.4406 0.005267
 68.5416 0.005262
 68.6430 0.005305
 68.7454 0.005308
 68.8467 0.005251
 68.9495 0.005281
 69.0524 0.005306
 69.1536 0.005295
 69.2568 0.005307
 69.3594 0.005348
 69.4614 0.005319
 69.5647 0.005323
 69.6684 0.005388
 69.7735 0.005345
 69.8782 0.005333
 69.9832 0.005370
 70.0885 0.005400
 70.1943 0.005402
 70.2993 0.005423
 70.4055 0.005441
 70.5124 0.005452
 70.6193 0.005442
 70.7263 0.005487
 70.8343 0.005563
 70.9425 0.005586
 71.0528 0.005582
 71.1617 0.005650
 71.2713 0.005651
 71.3812 0.005681
 71.4925 0.005655
 71.6050 0.005686
 71.7172 0.005669
 71.8298 0.005677
 71.9445 0.005749
 72.0582 0.005813
 72.1744 0.005790
 72.2891 0.005748
 72.4064 0.005787
 72.5239 0.005805
 72.6437 0.005768
 72.7629 0.005814
 72.8846 0.005866
 73.0067 0.005877
 73.1288 0.005997
 73.2535 0.006029
 73.3796 0.006021
 73.5061 0.006036
 73.6332 0.006093
 73.7619 0.006119
 73.8910 0.006137
 74.0216 0.006161
 74.1552 0.006218
 74.2894 0.006174
 74.4249 0.006181
 74.5621 0.006234
 74.7018 0.006271
 74.8415 0.006349
 74.9840 0.006309
 75.1285 0.006332
 75.2756 0.006369
 75.4242 0.006466
 75.5736 0.006456
 75.7260 0.006612
 75.8808 0.006771
 76.0378 0.006859
 76.1978 0.006858
 76.3590 0.006869
 76.5232 0.006914
 76.6934 0.006981
 76.8650 0.007039
 77.0393 0.007116
 77.2186 0.007255
 77.4006 0.007333
 77.5864 0.007325
 77.7774 0.007424
 77.9699 0.007517
 78.1707 0.007638
 78.3738 0.007620
 78.5816 0.007667
 78.7953 0.007808
 79.0146 0.007972
 79.2408 0.008028
 79.4719 0.008109
 79.7149 0.008230
 79.9676 0.008344
 80.2265 0.008431
 80.4952 0.008525
 80.7742 0.008579
 81.0669 0.008746
 81.3741 0.008980
 81.6971 0.009184
 82.0299 0.009345
 82.3827 0.009698
 82.7502 0.009994
 83.1434 0.010541
 83.5652 0.011128
 84.0160 0.011459
 84.5116 0.011877
 85.0414 0.012402
 85.6311 0.012935
 86.2878 0.013466
 87.0384 0.014173
 87.8962 0.015855
 88.9358 0.017524
 90.2503 0.020357
 92.0435 0.023649
 92.4919 0.024751
 92.9909 0.025819
 93.5830 0.027790
 94.2303 0.028630
 95.0157 0.029315
 95.9441 0.031696
 97.1266 0.037847
 98.7578 0.045002
101.4801 0.063808
104.1316 0.088126
107.7199 0.137377
110.3166 0.179772
lm1s-09-8 3 1
 46.4657 0.063920
 47.3495 0.051143
 48.6270 0.034019
 49.6788 0.024748
 50.8004 0.019604
 51.5198 0.016692
 52.0537 0.015097
 52.4815 0.014192
 52.8462 0.013234
 53.1599 0.012529
 53.4274 0.012084
 53.6795 0.011324
 53.9018 0.011005
 54.8168 0.009616
 55.5181 0.008844
 56.0841 0.008636
 56.5659 0.008029
 56.9893 0.007752
 57.3729 0.007515
 57.7201 0.007377
 58.0418 0.006939
 58.3418 0.006911
 58.6205 0.006699
 58.8812 0.006514
 59.1306 0.006434
 59.3682 0.006418
 59.5956 0.006315
 59.8128 0.006231
 60.0205 0.006133
 60.2222 0.006114
 60.4187 0.006069
 60.6055 0.006011
 60.7896 0.005899
 60.9649 0.005690
 61.1386 0.005708
 61.3094 0.005578
 61.4721 0.005627
 61.6325 0.005580
 61.7894 0.005559
 61.9443 0.005619
 62.0947 0.005567
 62.2441 0.005401
 62.3901 0.005293
 62.5334 0.005410
 62.6751 0.005357
 62.8139 0.005263
 62.9505 0.005243
 63.0843 0.005194
 63.2164 0.005246
 63.3455 0.005208
 63.4723 0.005163
 63.6013 0.005120
 63.7267 0.005127
 63.8499 0.005142
 63.9738 0.005196
 64.0947 0.005200
 64.2148 0.005187
 64.3343 0.005153
 64.4533 0.005178
 64.5703 0.005116
 64.6870 0.005072
 64.8035 0.005069
 64.9173 0.005071
 65.0316 0.005105
 65.1450 0.005083
 65.2557 0.005073
 65.3678 0.005010
 65.4788 0.005047
 65.5880 0.005032
 65.6978 0.004985
 65.8072 0.004954
 65.9147 0.004940
 66.0229 0.004993
 66.1293 0.005020
 66.2347 0.005036
 66.3406 0.005023
 66.4484 0.005039
 66.5533 0.005049
 66.6563 0.005006
 66.7595 0.004975
 66.8640 0.005040
 66.9678 0.005003
 67.0713 0.005025
 67.1745 0.005058
 67.2770 0.005038
 67.3790 0.005060
 67.4820 0.005016
 67.5853 0.005002
 67.6864 0.005091
 67.7871 0.005055
 67.8886 0.005086
 67.9897 0.005115
 68.0907 0.005145
 68.1912 0.005140
 68.2921 0.005116
 68.3928 0.005135
 68.4949 0.005100
 68.5962 0.005087
 68.6979 0.005129
 68.7992 0.005115
 68.9004 0.005120
 69.0016 0.005135
 69.1036 0.005203
 69.2045 0.005163
 69.3073 0.005177
 69.4081 0.005170
 69.5096 0.005169
 69.6121 0.005151
 69.7142 0.005149
 69.8161 0.005182
 69.9188 0.005222
 70.0220 0.005229
 70.1244 0.005249
 70.2295 0.005265
 70.3331 0.005311
 70.4362 0.005319
 70.5398 0.005345
 70.6432 0.005297
 70.7486 0.005330
 70.8561 0.005361
 70.9621 0.005379
 71.0680 0.005373
 71.1746 0.005424
 71.2809 0.005436
 71.3873 0.005457
 71.4945 0.005453
 71.6018 0.005510
 71.7106 0.005493
 71.8194 0.005504
 71.9274 0.005552
 72.0379 0.005661
 72.1484 0.005713
 72.2581 0.005727
 72.3694 0.005740
 72.4820 0.005764
 72.5957 0.005797
 72.7103 0.005774
 72.8247 0.005729
 72.9388 0.005793
 73.0549 0.005772
 73.1727 0.005848
 73.2908 0.005930
 73.4111 0.005947
 73.5313 0.005991
 73.6516 0.005985
 73.7728 0.005974
 73.8945 0.006058
 74.0184 0.006127
 74.1434 0.006148
 74.2700 0.006176
 74.3981 0.006184
 74.5255 0.006146
 74.6557 0.006128
 74.7856 0.006196
 74.9188 0.006190
 75.0524 0.006225
 75.1890 0.006262
 75.3256 0.006313
 75.4642 0.006416
 75.6047 0.006490
 75.7483 0.006510
 75.8925 0.006618
 76.0391 0.006699
 76.1877 0.006802
 76.3372 0.006854
 76.4900 0.006895
 76.6449 0.006921
 76.8001 0.007021
 76.9613 0.007016
 77.1265 0.007013
 77.2916 0.007051
 77.4598 0.007098
 77.6296 0.007176
 77.8051 0.007270
 77.9832 0.007363
 78.1653 0.007411
 78.3512 0.007456
 78.5402 0.007536
 78.7354 0.007596
 78.9326 0.007614
 79.1324 0.007667
 79.3407 0.007767
 79.5557 0.007822
 79.7764 0.007914
 80.0039 0.007990
 80.2384 0.008089
 80.4758 0.008170
 80.7253 0.008186
 80.9842 0.008357
 81.2544 0.008576
 81.5385 0.008631
 81.8306 0.008869
 82.1341 0.009088
 82.4521 0.009416
 82.7837 0.009760
 83.1390 0.010173
 83.5134 0.010532
 83.9052 0.010883
 84.3253 0.011164
 84.7751 0.011664
 85.2654 0.011917
 85.8051 0.012298
 86.3929 0.012924
 87.0448 0.013424
 87.7903 0.014589
 88.6646 0.016006
 89.7042 0.017700
 91.0210 0.020087
 92.7962 0.023767
 93.2498 0.024728
 93.7610 0.026305
 94.3262 0.027418
 94.9844 0.028023
 95.7473 0.029490
 96.6972 0.031631
 97.8834 0.036892
 99.5317 0.045544
102.2082 0.063991
104.8991 0.090678
108.3821 0.137223
111.0374 0.181184
 lm2-09-8 3 1
 48.2284 0.082532
 49.1201 0.062349
 50.3677 0.044721
 51.3960 0.033171
 52.5614 0.023927
 53.2910 0.021392
 53.8394 0.019233
 54.2715 0.017609
 54.6244 0.017180
 54.9473 0.016448
 55.2264 0.015790
 55.4827 0.015058
 55.7117 0.014796
 56.6381 0.013220
 57.3416 0.011924
 57.9183 0.011297
 58.4106 0.010549
 58.8439 0.010191
 59.2441 0.009872
 59.5957 0.009390
 59.9236 0.009007
 60.2267 0.008742
 60.5127 0.008563
 60.7839 0.008301
 61.0409 0.008226
 61.2810 0.008039
 61.5174 0.007842
 61.7370 0.007629
 61.9516 0.007419
 62.1581 0.007374
 62.3585 0.007255
 62.5515 0.007285
 62.7359 0.007196
 62.9150 0.007157
 63.0906 0.007151
 63.2599 0.007235
 63.4264 0.007167
 63.5904 0.007070
 63.7494 0.007144
 63.9058 0.007085
 64.0596 0.007001
 64.2110 0.006969
 64.3591 0.006832
 64.5047 0.006811
 64.6478 0.006672
 64.7902 0.006539
 64.9303 0.006569
 65.0676 0.006643
 65.2043 0.006654
 65.3386 0.006563
 65.4698 0.006412
 65.6010 0.006348
 65.7302 0.006300
 65.8568 0.006340
 65.9833 0.006349
 66.1079 0.006352
 66.2316 0.006345
 66.3544 0.006383
 66.4747 0.006380
 66.5924 0.006492
 66.7103 0.006432
 66.8267 0.006450
 66.9435 0.006426
 67.0591 0.006456
 67.1735 0.006479
 67.2868 0.006481
 67.4017 0.006461
 67.5153 0.006504
 67.6267 0.006431
 67.7362 0.006341
 67.8447 0.006368
 67.9541 0.006280
 68.0633 0.006277
 68.1733 0.006307
 68.2829 0.006323
 68.3904 0.006343
 68.4971 0.006306
 68.6054 0.006323
 68.7124 0.006255
 68.8174 0.006279
 68.9235 0.006270
 69.0286 0.006290
 69.1351 0.006266
 69.2398 0.006269
 69.3447 0.006265
 69.4508 0.006342
 69.5554 0.006346
 69.6595 0.006362
 69.7645 0.006325
 69.8694 0.006340
 69.9736 0.006261
 70.0761 0.006299
 70.1796 0.006282
 70.2832 0.006327
 70.3858 0.006321
 70.4894 0.006395
 70.5947 0.006511
 70.6995 0.006538
 70.8026 0.006553
 70.9056 0.006572
 71.0065 0.006546
 71.1103 0.006616
 71.2127 0.006605
 71.3164 0.006635
 71.4199 0.006626
 71.5223 0.006632
 71.6253 0.006689
 71.7280 0.006750
 71.8328 0.006759
 71.9364 0.006777
 72.0399 0.006853
 72.1429 0.006882
 72.2458 0.006906
 72.3506 0.006961
 72.4552 0.006932
 72.5586 0.006998
 72.6637 0.007023
 72.7692 0.007081
 72.8755 0.007057
 72.9810 0.007104
 73.0862 0.006994
 73.1957 0.007002
 73.3043 0.007068
 73.4138 0.007029
 73.5241 0.007055
 73.6343 0.007193
 73.7455 0.007244
 73.8555 0.007212
 73.9655 0.007211
 74.0753 0.007239
 74.1865 0.007293
 74.2994 0.007356
 74.4128 0.007307
 74.5269 0.007394
 74.6413 0.007418
 74.7557 0.007512
 74.8713 0.007590
 74.9893 0.007650
 75.1059 0.007741
 75.2234 0.007767
 75.3435 0.007805
 75.4624 0.007727
 75.5818 0.007707
 75.7042 0.007750
 75.8268 0.007765
 75.9495 0.007772
 76.0744 0.007855
 76.2011 0.007868
 76.3278 0.007862
 76.4544 0.007881
 76.5843 0.007914
 76.7139 0.007813
 76.8464 0.007819
 76.9796 0.007879
 77.1117 0.007903
 77.2471 0.008023
 77.3840 0.007995
 77.5243 0.007956
 77.6642 0.007965
 77.8076 0.008082
 77.9530 0.008133
 78.0998 0.008234
 78.2496 0.008340
 78.4013 0.008313
 78.5536 0.008374
 78.7094 0.008468
 78.8669 0.008494
 79.0255 0.008509
 79.1915 0.008518
 79.3559 0.008513
 79.5258 0.008702
 79.6965 0.008926
 79.8683 0.009037
 80.0451 0.009159
 80.2242 0.009155
 80.4130 0.009253
 80.5998 0.009301
 80.7908 0.009411
 80.9847 0.009336
 81.1906 0.009552
 81.3983 0.009641
 81.6096 0.010015
 81.8285 0.010113
 82.0542 0.010306
 82.2846 0.010394
 82.5228 0.010598
 82.7700 0.010834
 83.0252 0.010864
 83.2870 0.011098
 83.5626 0.011539
 83.8494 0.011725
 84.1437 0.011868
 84.4516 0.012385
 84.7744 0.012879
 85.1039 0.013267
 85.4596 0.013345
 85.8379 0.013679
 86.2416 0.013627
 86.6655 0.014301
 87.1309 0.014894
 87.6279 0.015349
 88.1681 0.015880
 88.7664 0.017093
 89.4304 0.017914
 90.2013 0.019455
 91.0805 0.020694
 92.1330 0.022553
 93.4538 0.024707
 95.2877 0.029384
 95.7487 0.030291
 96.2684 0.032572
 96.8383 0.034956
 97.5249 0.037606
 98.3066 0.040752
 99.2472 0.044114
100.4239 0.050560
102.0989 0.057093
104.9275 0.077483
107.6127 0.109179
111.1084 0.162156
113.8007 0.224974
lm2s-09-8 3 1
 49.0571 0.083832
 49.8637 0.063019
 51.0883 0.043622
 52.1743 0.033199
 53.3128 0.025699
 54.0462 0.021359
 54.6094 0.019252
 55.0410 0.018317
 55.3973 0.017137
 55.7079 0.016234
 55.9911 0.015509
 56.2514 0.015004
 56.4845 0.014668
 57.4056 0.013093
 58.1088 0.012188
 58.6845 0.011124
 59.1758 0.010617
 59.6128 0.010185
 60.0018 0.009843
 60.3582 0.009401
 60.6882 0.009253
 60.9961 0.008926
 61.2841 0.008764
 61.5536 0.008306
 61.8087 0.008074
 62.0526 0.007902
 62.2861 0.007685
 62.5107 0.007598
 62.7239 0.007416
 62.9306 0.007299
 63.1274 0.007475
 63.3183 0.007521
 63.5046 0.007445
 63.6841 0.007376
 63.8606 0.007337
 64.0323 0.007175
 64.1999 0.007101
 64.3655 0.007022
 64.5246 0.007008
 64.6823 0.006930
 64.8367 0.006841
 64.9888 0.006801
 65.1372 0.006781
 65.2808 0.006765
 65.4266 0.006837
 65.5674 0.006702
 65.7068 0.006632
 65.8455 0.006638
 65.9805 0.006660
 66.1128 0.006701
 66.2431 0.006565
 66.3733 0.006461
 66.5024 0.006454
 66.6283 0.006484
 66.7547 0.006438
 66.8810 0.006463
 67.0027 0.006461
 67.1250 0.006540
 67.2442 0.006542
 67.3633 0.006638
 67.4817 0.006648
 67.5994 0.006632
 67.7203 0.006576
 67.8347 0.006605
 67.9483 0.006442
 68.0611 0.006388
 68.1735 0.006292
 68.2850 0.006302
 68.3952 0.006181
 68.5076 0.006252
 68.6181 0.006230
 68.7290 0.006130
 68.8367 0.006221
 68.9453 0.006193
 69.0526 0.006186
 69.1616 0.006155
 69.2692 0.006151
 69.3767 0.006159
 69.4825 0.006185
 69.5893 0.006186
 69.6953 0.006224
 69.8016 0.006172
 69.9071 0.006098
 70.0126 0.006156
 70.1175 0.006193
 70.2234 0.006223
 70.3287 0.006302
 70.4327 0.006364
 70.5349 0.006317
 70.6390 0.006325
 70.7422 0.006373
 70.8452 0.006400
 70.9486 0.006369
 71.0519 0.006497
 71.1556 0.006482
 71.2590 0.006536
 71.3607 0.006609
 71.4634 0.006675
 71.5657 0.006678
 71.6691 0.006720
 71.7728 0.006711
 71.8755 0.006693
 71.9776 0.006789
 72.0804 0.006798
 72.1840 0.006810
 72.2876 0.006786
 72.3916 0.006830
 72.4948 0.006835
 72.5983 0.006808
 72.7017 0.006800
 72.8046 0.006765
 72.9079 0.006777
 73.0130 0.006805
 73.1167 0.006805
 73.2217 0.006810
 73.3276 0.006796
 73.4325 0.006828
 73.5396 0.006856
 73.6462 0.006951
 73.7521 0.007015
 73.8601 0.007042
 73.9695 0.007098
 74.0755 0.007081
 74.1838 0.007083
 74.2916 0.007198
 74.4012 0.007180
 74.5113 0.007245
 74.6240 0.007336
 74.7344 0.007322
 74.8450 0.007354
 74.9582 0.007363
 75.0701 0.007438
 75.1830 0.007491
 75.2957 0.007574
 75.4108 0.007557
 75.5253 0.007571
 75.6407 0.007598
 75.7584 0.007637
 75.8747 0.007624
 75.9923 0.007613
 76.1115 0.007708
 76.2315 0.007778
 76.3551 0.007777
 76.4756 0.007755
 76.5983 0.007672
 76.7231 0.007609
 76.8467 0.007574
 76.9721 0.007578
 77.0992 0.007605
 77.2270 0.007683
 77.3563 0.007783
 77.4863 0.007875
 77.6174 0.007942
 77.7500 0.008024
 77.8840 0.008031
 78.0214 0.008082
 78.1577 0.008113
 78.2996 0.008063
 78.4410 0.008229
 78.5848 0.008148
 78.7286 0.008203
 78.8748 0.008160
 79.0206 0.008273
 79.1713 0.008328
 79.3238 0.008331
 79.4788 0.008284
 79.6384 0.008501
 79.7951 0.008675
 79.9567 0.008782
 80.1193 0.008921
 80.2872 0.008991
 80.4586 0.009135
 80.6310 0.009228
 80.8048 0.009233
 80.9838 0.009267
 81.1693 0.009328
 81.3598 0.009404
 81.5557 0.009535
 81.7559 0.009654
 81.9576 0.009655
 82.1657 0.009767
 82.3783 0.009941
 82.5942 0.010089
 82.8185 0.010279
 83.0504 0.010185
 83.2871 0.010514
 83.5322 0.010815
 83.7867 0.011264
 84.0514 0.011409
 84.3284 0.011690
 84.6120 0.012030
 84.9044 0.012348
 85.2130 0.012527
 85.5314 0.012695
 85.8659 0.013054
 86.2244 0.013225
 86.6071 0.013657
 86.9998 0.014101
 87.4288 0.014623
 87.8911 0.014879
 88.3837 0.015529
 88.9274 0.016768
 89.5303 0.017372
 90.2053 0.018517
 90.9585 0.019483
 91.8351 0.020861
 92.9006 0.022039
 94.2363 0.024972
 96.0537 0.029280
 96.5204 0.030803
 97.0309 0.032498
 97.6080 0.035273
 98.2832 0.037737
 99.0759 0.040455
100.0212 0.045663
101.1846 0.049242
102.8438 0.058237
105.6436 0.079920
108.3163 0.109301
111.7270 0.164703
114.5013 0.232153
 tr0-09-8 3 1
219.4149 0.225581
222.5251 0.171350
227.0577 0.120218
230.9129 0.086949
235.0461 0.065711
237.5819 0.059427
239.5157 0.054374
240.9857 0.049855
242.2432 0.047812
243.3302 0.045682
244.2847 0.043246
245.1790 0.041372
245.9883 0.040517
249.2227 0.035370
251.6066 0.031322
253.5281 0.028339
255.1713 0.026806
256.6012 0.025533
257.8650 0.024018
259.0163 0.023147
260.0745 0.022993
261.0546 0.022819
261.9780 0.022113
262.8477 0.021433
263.6587 0.020539
264.4363 0.020246
265.1745 0.019720
265.8781 0.019270
266.5515 0.019122
267.1985 0.019067
267.8131 0.018867
268.4166 0.018866
268.9928 0.018878
269.5594 0.018835
270.1046 0.018508
270.6374 0.018289
271.1547 0.018449
271.6574 0.018231
272.1534 0.017983
272.6378 0.017754
273.1110 0.017857
273.5772 0.017639
274.0305 0.017789
274.4704 0.017607
274.9073 0.017470
275.3310 0.017445
275.7527 0.017310
276.1660 0.017338
276.5737 0.017281
276.9739 0.017401
277.3729 0.017288
277.7677 0.017304
278.1521 0.017041
278.5314 0.016776
278.9044 0.016403
279.2751 0.016120
279.6466 0.016134
280.0106 0.015990
280.3701 0.015705
280.7263 0.015590
281.0778 0.015369
281.4291 0.015478
281.7733 0.015649
282.1156 0.015682
282.4551 0.015572
282.7926 0.015567
283.1233 0.015363
283.4515 0.015454
283.7791 0.015476
284.1075 0.015352
284.4295 0.015463
284.7541 0.015285
285.0747 0.015276
285.3918 0.015415
285.7062 0.015633
286.0234 0.015641
286.3347 0.015582
286.6475 0.015487
286.9527 0.015337
287.2579 0.015359
287.5673 0.015257
287.8702 0.015170
288.1745 0.015111
288.4735 0.014969
288.7787 0.014960
289.0818 0.014989
289.3793 0.015107
289.6798 0.015133
289.9769 0.015099
290.2723 0.014972
290.5698 0.014977
290.8620 0.014818
291.1549 0.014907
291.4483 0.014962
291.7400 0.014909
292.0313 0.014902
292.3184 0.014827
292.6073 0.014915
292.8973 0.014894
293.1865 0.014879
293.4767 0.014857
293.7675 0.014816
294.0535 0.014833
294.3403 0.015108
294.6309 0.015128
294.9193 0.015127
295.2089 0.014924
295.4972 0.015042
295.7891 0.014954
296.0779 0.014969
296.3650 0.015098
296.6573 0.015089
296.9495 0.015179
297.2400 0.015272
297.5320 0.015394
297.8205 0.015261
298.1108 0.015233
298.4043 0.015278
298.6916 0.015165
298.9826 0.015146
299.2760 0.015061
299.5678 0.015080
299.8658 0.015120
300.1587 0.015096
300.4533 0.015181
300.7485 0.015291
301.0476 0.015221
301.3485 0.015284
301.6510 0.015239
301.9561 0.015356
302.2580 0.015336
302.5683 0.015301
302.8758 0.015324
303.1817 0.015417
303.4874 0.015525
303.7988 0.015445
304.1100 0.015464
304.4210 0.015502
304.7337 0.015432
305.0454 0.015401
305.3651 0.015360
305.6841 0.015505
306.0013 0.015369
306.3230 0.015467
306.6486 0.015539
306.9762 0.015584
307.3028 0.015818
307.6367 0.015798
307.9674 0.015874
308.3028 0.015806
308.6455 0.015894
308.9872 0.015766
309.3322 0.015771
309.6826 0.015928
310.0361 0.015912
310.3968 0.015871
310.7536 0.015952
311.1167 0.016074
311.4847 0.016343
311.8572 0.016169
312.2345 0.016066
312.6117 0.016276
312.9955 0.016483
313.3843 0.016460
313.7796 0.016568
314.1803 0.016716
314.5863 0.016756
315.0017 0.016809
315.4159 0.016854
315.8407 0.016728
316.2673 0.016787
316.7047 0.016826
317.1514 0.017097
317.6043 0.017270
318.0680 0.017311
318.5350 0.017594
319.0132 0.017915
319.4964 0.018129
319.9936 0.018342
320.5002 0.018832
321.0173 0.019329
321.5457 0.019628
322.0902 0.019863
322.6523 0.019828
323.2215 0.019987
323.8122 0.020310
324.4226 0.020803
325.0488 0.020829
325.6893 0.021321
326.3543 0.021521
327.0506 0.021786
327.7663 0.021984
328.5146 0.022523
329.2874 0.022606
330.1039 0.023480
330.9615 0.023950
331.8722 0.024113
332.8336 0.025156
333.8521 0.026151
334.9440 0.026977
336.1237 0.027682
337.3936 0.028432
338.8018 0.029847
340.3533 0.031224
342.1003 0.033114
344.1350 0.036042
346.5697 0.038245
349.5625 0.042503
353.6107 0.049486
354.6399 0.050659
355.7444 0.053751
357.0319 0.056306
358.5258 0.060427
360.1696 0.068104
362.2011 0.075270
364.8737 0.085580
368.2913 0.102964
373.9609 0.134860
379.2746 0.174680
386.1101 0.257844
391.0934 0.360271
 tr1-09-8 3 1
235.2979 0.241965
238.3214 0.182171
243.1846 0.123385
247.1046 0.091176
251.2804 0.070984
253.8702 0.061208
255.8532 0.056031
257.3880 0.051458
258.7013 0.048400
259.8179 0.047450
260.8126 0.046038
261.7149 0.043143
262.5257 0.041977
265.8088 0.035698
268.2670 0.033058
270.2666 0.031913
271.9633 0.029891
273.4558 0.029226
274.7643 0.027630
275.9531 0.026971
277.0395 0.026301
278.0645 0.024853
279.0189 0.024275
279.9101 0.023220
280.7439 0.022627
281.5312 0.021991
282.2939 0.021157
283.0135 0.020569
283.7025 0.020523
284.3731 0.019999
285.0142 0.020111
285.6337 0.019827
286.2233 0.019344
286.8093 0.019060
287.3813 0.019024
287.9260 0.019056
288.4570 0.019054
288.9752 0.018930
289.4903 0.018492
289.9850 0.018104
290.4719 0.017981
290.9443 0.017632
291.4181 0.017603
291.8725 0.017410
292.3256 0.017022
292.7698 0.017093
293.2054 0.017009
293.6339 0.016958
294.0515 0.017127
294.4634 0.016967
294.8706 0.017008
295.2673 0.017042
295.6651 0.016948
296.0520 0.016836
296.4368 0.016694
296.8180 0.016530
297.1945 0.016388
297.5670 0.016215
297.9352 0.016325
298.3010 0.016251
298.6603 0.016190
299.0164 0.015918
299.3691 0.015931
299.7195 0.016014
300.0671 0.015940
300.4128 0.016039
300.7540 0.015902
301.0915 0.015857
301.4277 0.015566
301.7596 0.015478
302.0898 0.015446
302.4203 0.015361
302.7482 0.015366
303.0765 0.015163
303.3980 0.014811
303.7210 0.014707
304.0401 0.014909
304.3549 0.014815
304.6725 0.014859
304.9873 0.014736
305.3027 0.014885
305.6140 0.014910
305.9253 0.014655
306.2394 0.014595
306.5495 0.014637
306.8565 0.014766
307.1595 0.014735
307.4643 0.014872
307.7681 0.014745
308.0720 0.014750
308.3749 0.014753
308.6783 0.014644
308.9846 0.014646
309.2900 0.014666
309.5914 0.014740
309.8869 0.014666
310.1852 0.014820
310.4870 0.014843
310.7870 0.014829
311.0860 0.014877
311.3866 0.014932
311.6849 0.014894
311.9813 0.014998
312.2794 0.014823
312.5765 0.014609
312.8769 0.014612
313.1747 0.014584
313.4734 0.014425
313.7668 0.014425
314.0621 0.014645
314.3568 0.014666
314.6519 0.014781
314.9507 0.014610
315.2477 0.014716
315.5437 0.014808
315.8419 0.014843
316.1436 0.014870
316.4425 0.015055
316.7458 0.014957
317.0470 0.015123
317.3450 0.015202
317.6441 0.015070
317.9462 0.014981
318.2467 0.015128
318.5538 0.015310
318.8608 0.015347
319.1640 0.015398
319.4714 0.015452
319.7768 0.015337
320.0864 0.015443
320.3982 0.015568
320.7098 0.015591
321.0232 0.015507
321.3352 0.015546
321.6529 0.015677
321.9718 0.015598
322.2900 0.015521
322.6107 0.015784
322.9343 0.015829
323.2601 0.015950
323.5905 0.015872
323.9234 0.015905
324.2519 0.015976
324.5822 0.016100
324.9219 0.016117
325.2562 0.016295
325.5949 0.016426
325.9376 0.016519
326.2873 0.016511
326.6287 0.016751
326.9758 0.016819
327.3292 0.017059
327.6856 0.016924
328.0401 0.017032
328.4056 0.017040
328.7692 0.017279
329.1371 0.017198
329.5066 0.017222
329.8782 0.017183
330.2597 0.017192
330.6479 0.017333
331.0341 0.017328
331.4276 0.017435
331.8285 0.017713
332.2333 0.017731
332.6499 0.018132
333.0601 0.018026
333.4770 0.018064
333.9034 0.018258
334.3332 0.018286
334.7746 0.018171
335.2200 0.018244
335.6835 0.018169
336.1415 0.018358
336.6084 0.018377
337.0896 0.018562
337.5766 0.018666
338.0736 0.018893
338.5821 0.019134
339.1105 0.019506
339.6450 0.019552
340.1866 0.019585
340.7466 0.019896
341.3170 0.020067
341.9076 0.020174
342.5098 0.020420
343.1363 0.020798
343.7724 0.020795
344.4427 0.021118
345.1235 0.021393
345.8246 0.021752
346.5635 0.022317
347.3287 0.023004
348.1333 0.023636
348.9635 0.023938
349.8506 0.024901
350.7921 0.025546
351.7727 0.026657
352.8258 0.027033
353.9444 0.027921
355.1404 0.029262
356.4500 0.030667
357.8776 0.032020
359.4710 0.033485
361.2697 0.035770
363.3441 0.038378
365.8638 0.040710
368.9152 0.044879
373.0858 0.050606
374.1454 0.051779
375.2941 0.056060
376.5589 0.058987
378.0758 0.062720
379.8122 0.066403
381.8756 0.073438
384.5429 0.081874
388.1324 0.097102
393.9419 0.135347
399.6558 0.178973
406.3322 0.269774
411.3946 0.374311
tr1s-09-8 3 1
243.7232 0.245812
247.3718 0.181185
252.0115 0.121575
256.0676 0.090064
260.2120 0.072824
262.8189 0.060367
264.7473 0.055273
266.2780 0.052250
267.6099 0.049015
268.7445 0.044685
269.7456 0.044060
270.6549 0.042205
271.4668 0.040354
274.7693 0.035533
277.2413 0.032644
279.2443 0.029868
280.9483 0.028859
282.4131 0.027766
283.7335 0.026540
284.9377 0.025798
286.0255 0.024830
287.0367 0.024418
287.9959 0.023890
288.8810 0.023544
289.7206 0.022579
290.5190 0.021833
291.2719 0.021313
291.9965 0.020711
292.6932 0.020154
293.3607 0.019709
294.0031 0.019369
294.6250 0.019192
295.2210 0.019188
295.8059 0.018972
296.3608 0.018547
296.9108 0.018318
297.4445 0.018300
297.9664 0.017821
298.4799 0.017732
298.9770 0.017598
299.4609 0.017060
299.9355 0.017381
300.4037 0.017349
300.8658 0.017285
301.3135 0.017328
301.7502 0.017329
302.1781 0.016903
302.6064 0.016783
303.0290 0.016907
303.4423 0.016696
303.8483 0.016540
304.2498 0.016463
304.6461 0.016254
305.0346 0.015945
305.4191 0.015854
305.8004 0.015824
306.1791 0.015736
306.5526 0.015706
306.9189 0.015617
307.2817 0.015624
307.6481 0.015972
308.0060 0.015597
308.3655 0.015513
308.7135 0.015446
309.0611 0.015290
309.4066 0.015369
309.7506 0.015176
310.0913 0.015410
310.4301 0.015581
310.7636 0.015524
311.0959 0.015517
311.4214 0.015393
311.7473 0.015323
312.0757 0.015004
312.4001 0.015244
312.7230 0.015070
313.0442 0.014834
313.3646 0.014806
313.6828 0.014679
313.9996 0.014797
314.3133 0.014888
314.6234 0.014828
314.9359 0.014933
315.2491 0.014948
315.5632 0.014805
315.8723 0.014869
316.1778 0.014722
316.4847 0.014708
316.7918 0.014568
317.1000 0.014616
317.4034 0.014449
317.7039 0.014210
318.0043 0.014070
318.3063 0.014220
318.6062 0.014310
318.9069 0.014335
319.2086 0.014253
319.5049 0.014228
319.8003 0.014402
320.0958 0.014427
320.3915 0.014218
320.6928 0.014274
320.9865 0.014430
321.2803 0.014600
321.5767 0.014436
321.8733 0.014359
322.1695 0.014488
322.4646 0.014448
322.7626 0.014407
323.0575 0.014555
323.3588 0.014850
323.6572 0.014944
323.9567 0.014867
324.2530 0.014721
324.5503 0.014776
324.8492 0.014892
325.1450 0.014935
325.4439 0.015004
325.7440 0.015004
326.0438 0.015052
326.3478 0.014927
326.6521 0.014932
326.9570 0.014840
327.2631 0.014825
327.5655 0.015003
327.8708 0.015062
328.1772 0.015129
328.4840 0.015173
328.7897 0.015321
329.0985 0.015249
329.4111 0.015209
329.7217 0.015320
330.0355 0.015383
330.3490 0.015625
330.6640 0.015764
330.9812 0.015753
331.2958 0.015858
331.6205 0.016036
331.9392 0.016038
332.2605 0.015952
332.5866 0.016074
332.9176 0.016089
333.2454 0.016012
333.5814 0.016023
333.9185 0.016130
334.2506 0.016207
334.5935 0.016287
334.9368 0.016297
335.2839 0.016585
335.6294 0.016897
335.9754 0.017046
336.3267 0.017103
336.6810 0.017173
337.0390 0.017243
337.4023 0.017324
337.7692 0.017443
338.1454 0.017330
338.5211 0.017426
338.9034 0.017737
339.2832 0.017631
339.6697 0.017591
340.0577 0.017699
340.4516 0.017679
340.8521 0.017823
341.2569 0.017842
341.6688 0.017850
342.0819 0.018125
342.5015 0.018167
342.9300 0.018127
343.3625 0.017992
343.7997 0.018210
344.2434 0.018345
344.7004 0.018550
345.1646 0.018508
345.6337 0.018568
346.1105 0.018935
346.5976 0.018899
347.0968 0.019107
347.6035 0.019234
348.1238 0.019363
348.6522 0.019416
349.1969 0.019553
349.7603 0.019603
350.3367 0.020041
350.9237 0.020329
351.5308 0.020594
352.1493 0.020901
352.7954 0.021563
353.4593 0.021705
354.1430 0.021946
354.8563 0.022595
355.5915 0.023129
356.3590 0.023629
357.1660 0.024478
358.0036 0.024532
358.8888 0.025635
359.8071 0.026519
360.7907 0.027245
361.8382 0.028029
362.9485 0.028562
364.1498 0.029394
365.4494 0.030411
366.8907 0.032355
368.4778 0.033942
370.2941 0.035907
372.3599 0.036865
374.8422 0.041056
377.9407 0.043672
382.0797 0.052018
383.1712 0.052437
384.3138 0.054810
385.6181 0.057832
387.1210 0.060965
388.8669 0.067254
390.9713 0.073720
393.6129 0.083421
397.0629 0.100036
402.9981 0.137959
408.4459 0.181929
415.1485 0.265357
420.4373 0.379774
 tr2-09-8 3 1
251.2409 0.232842
254.3711 0.179077
259.4370 0.126658
263.5896 0.097793
267.9998 0.073629
270.7215 0.062566
272.6845 0.054771
274.2687 0.051663
275.6449 0.049936
276.8177 0.047859
277.8506 0.045678
278.7868 0.043420
279.6346 0.041622
282.9915 0.036527
285.5367 0.033859
287.5949 0.031427
289.3407 0.029524
290.8570 0.027626
292.1826 0.025910
293.4026 0.025086
294.5353 0.024349
295.5733 0.024359
296.5503 0.024371
297.4669 0.024186
298.3329 0.023513
299.1512 0.022924
299.9207 0.022335
300.6671 0.021713
301.3639 0.021095
302.0511 0.020801
302.7191 0.020640
303.3570 0.020333
303.9695 0.020071
304.5642 0.019834
305.1525 0.019755
305.7195 0.019561
306.2735 0.019233
306.8052 0.019023
307.3320 0.018638
307.8370 0.018404
308.3403 0.018205
308.8300 0.018192
309.3079 0.018062
309.7769 0.017924
310.2422 0.017724
310.6967 0.017689
311.1409 0.017561
311.5759 0.017297
312.0077 0.017062
312.4290 0.016982
312.8487 0.016743
313.2592 0.016717
313.6640 0.016891
314.0594 0.016745
314.4582 0.016604
314.8473 0.016550
315.2375 0.016499
315.6156 0.016438
315.9931 0.016348
316.3650 0.016088
316.7363 0.015918
317.1012 0.015938
317.4685 0.016217
317.8279 0.016206
318.1860 0.016225
318.5391 0.016036
318.8889 0.015964
319.2353 0.015793
319.5817 0.015763
319.9247 0.015716
320.2651 0.015589
320.6069 0.015647
320.9452 0.015613
321.2794 0.015506
321.6116 0.015412
321.9434 0.015795
322.2702 0.015883
322.5980 0.015717
322.9226 0.015778
323.2469 0.015824
323.5725 0.015836
323.8951 0.015938
324.2147 0.015829
324.5333 0.015703
324.8494 0.015681
325.1657 0.015613
325.4804 0.015421
325.7922 0.015301
326.1001 0.015166
326.4132 0.015224
326.7290 0.015263
327.0397 0.015359
327.3522 0.015613
327.6638 0.015390
327.9735 0.015341
328.2819 0.015121
328.5863 0.015313
328.8938 0.015169
329.1976 0.015229
329.5015 0.015188
329.8037 0.015012
330.1099 0.015368
330.4171 0.015261
330.7204 0.015252
331.0244 0.015160
331.3307 0.015073
331.6381 0.015086
331.9406 0.014922
332.2422 0.014940
332.5476 0.014871
332.8515 0.014956
333.1559 0.014896
333.4623 0.014955
333.7623 0.015075
334.0651 0.015053
334.3690 0.015087
334.6776 0.015005
334.9820 0.014908
335.2916 0.014969
335.5982 0.014902
335.9054 0.015031
336.2129 0.015273
336.5248 0.015375
336.8403 0.015457
337.1572 0.015558
337.4679 0.015547
337.7792 0.015545
338.0934 0.015414
338.4110 0.015423
338.7276 0.015462
339.0437 0.015498
339.3646 0.015516
339.6877 0.015629
340.0135 0.015765
340.3360 0.015775
340.6568 0.015841
340.9868 0.015906
341.3169 0.016100
341.6451 0.016252
341.9771 0.016453
342.3155 0.016477
342.6488 0.016489
342.9866 0.016466
343.3238 0.016529
343.6683 0.016392
344.0135 0.016557
344.3604 0.016645
344.7127 0.016661
345.0661 0.016662
345.4221 0.016792
345.7819 0.016902
346.1424 0.016963
346.5070 0.016810
346.8732 0.016663
347.2410 0.016672
347.6140 0.016894
348.0006 0.016960
348.3814 0.016858
348.7680 0.017097
349.1567 0.017349
349.5522 0.017283
349.9509 0.017349
350.3556 0.017587
350.7637 0.017434
351.1758 0.017572
351.5951 0.017604
352.0159 0.017582
352.4456 0.017545
352.8817 0.017884
353.3245 0.017960
353.7755 0.018351
354.2320 0.018457
354.6962 0.018455
355.1734 0.018770
355.6602 0.019078
356.1461 0.018954
356.6509 0.019042
357.1584 0.019444
357.6848 0.019598
358.2206 0.020049
358.7648 0.020480
359.3282 0.020912
359.8974 0.021042
360.4796 0.021765
361.0833 0.022100
361.7044 0.022549
362.3391 0.023113
362.9960 0.023600
363.6748 0.023726
364.3721 0.023943
365.1017 0.024320
365.8620 0.024228
366.6489 0.024424
367.4655 0.024946
368.3216 0.025254
369.2169 0.026186
370.1737 0.026695
371.1910 0.026892
372.2713 0.027914
373.3958 0.028968
374.6320 0.030387
375.9562 0.031227
377.4218 0.032303
379.0581 0.033974
380.9043 0.034954
383.0503 0.037713
385.5744 0.041592
388.7487 0.046605
393.0575 0.052877
394.1170 0.054531
395.3217 0.056141
396.6442 0.059603
398.0874 0.062402
399.8519 0.067886
401.9667 0.075508
404.6157 0.085673
408.2928 0.103277
414.3401 0.137080
419.9242 0.181424
427.1222 0.280842
431.9582 0.370199
tr2s-09-8 3 1
260.2081 0.242117
263.7316 0.178716
268.5001 0.129216
272.6634 0.097868
277.0915 0.069920
279.7520 0.061693
281.7405 0.055209
283.3543 0.050081
284.7142 0.047336
285.9021 0.045834
286.9307 0.043702
287.8728 0.042674
288.7103 0.040898
292.0602 0.036612
294.5692 0.033220
296.6304 0.030644
298.3800 0.028185
299.8815 0.027965
301.2269 0.027447
302.4651 0.026239
303.5919 0.025334
304.6271 0.024684
305.6055 0.023954
306.5068 0.023247
307.3697 0.022591
308.1879 0.022049
308.9611 0.021633
309.6996 0.021307
310.4121 0.020945
311.0930 0.020558
311.7512 0.020140
312.3944 0.020083
313.0144 0.020075
313.6107 0.019765
314.1890 0.019779
314.7539 0.019538
315.3049 0.019238
315.8407 0.018980
316.3673 0.018651
316.8736 0.018290
317.3729 0.018162
317.8549 0.017935
318.3337 0.017645
318.8004 0.017325
319.2595 0.017175
319.7125 0.016963
320.1595 0.016902
320.5905 0.016839
321.0167 0.016829
321.4432 0.016782
321.8576 0.016562
322.2698 0.016448
322.6717 0.016491
323.0742 0.016443
323.4675 0.016619
323.8617 0.016599
324.2448 0.016354
324.6263 0.016333
325.0054 0.016390
325.3780 0.016383
325.7492 0.016297
326.1167 0.016151
326.4850 0.015989
326.8433 0.015891
327.1996 0.015553
327.5538 0.015594
327.9005 0.015514
328.2473 0.015384
328.5921 0.015621
328.9353 0.015521
329.2781 0.015463
329.6202 0.015345
329.9578 0.015209
330.2944 0.015268
330.6234 0.015375
330.9547 0.015363
331.2834 0.015355
331.6126 0.015270
331.9379 0.015365
332.2622 0.015397
332.5854 0.015398
332.9071 0.015223
333.2291 0.015218
333.5423 0.015235
333.8546 0.015059
334.1716 0.015108
334.4870 0.015133
334.7965 0.015121
335.1094 0.015107
335.4225 0.015144
335.7358 0.015070
336.0449 0.015025
336.3515 0.015189
336.6592 0.015277
336.9653 0.015411
337.2738 0.015482
337.5812 0.015361
337.8891 0.015394
338.1942 0.015346
338.5023 0.015359
338.8083 0.015263
339.1133 0.015201
339.4170 0.015262
339.7210 0.015303
340.0308 0.015311
340.3367 0.015143
340.6414 0.015045
340.9437 0.015000
341.2455 0.015182
341.5510 0.015020
341.8549 0.014871
342.1617 0.014865
342.4662 0.014975
342.7703 0.014942
343.0781 0.015063
343.3829 0.015159
343.6874 0.015377
343.9939 0.015516
344.3019 0.015393
344.6089 0.015415
344.9194 0.015292
345.2304 0.015229
345.5401 0.015160
345.8475 0.015072
346.1590 0.015068
346.4722 0.014998
346.7872 0.014975
347.0980 0.015118
347.4138 0.015102
347.7289 0.015146
348.0494 0.015131
348.3702 0.015274
348.6889 0.015495
349.0091 0.015537
349.3322 0.015700
349.6612 0.015971
349.9872 0.016307
350.3187 0.016344
350.6450 0.016323
350.9764 0.016365
351.3110 0.016437
351.6509 0.016392
351.9878 0.016389
352.3274 0.016366
352.6682 0.016411
353.0116 0.016406
353.3555 0.016616
353.7083 0.016683
354.0625 0.016867
354.4171 0.016909
354.7764 0.017120
355.1349 0.017174
355.4944 0.017218
355.8633 0.017257
356.2306 0.017338
356.6064 0.017362
356.9793 0.017297
357.3614 0.017286
357.7497 0.017350
358.1429 0.017230
358.5375 0.017285
358.9353 0.017553
359.3392 0.017773
359.7415 0.018016
360.1571 0.018230
360.5741 0.018314
361.0008 0.018360
361.4306 0.018447
361.8698 0.018590
362.3095 0.018689
362.7571 0.018804
363.2200 0.018916
363.6845 0.018854
364.1558 0.018808
364.6414 0.018703
365.1279 0.019142
365.6269 0.019277
366.1341 0.019397
366.6617 0.019707
367.1914 0.020417
367.7327 0.020349
368.2888 0.020575
368.8634 0.020691
369.4534 0.020956
370.0588 0.021264
370.6822 0.021695
371.3233 0.021948
371.9876 0.022165
372.6579 0.022403
373.3595 0.023327
374.0823 0.023483
374.8380 0.023822
375.6273 0.024188
376.4452 0.024522
377.3047 0.025292
378.2026 0.025435
379.1470 0.026341
380.1539 0.027319
381.2228 0.027883
382.3516 0.028537
383.5938 0.029093
384.9330 0.030233
386.3984 0.031431
388.0113 0.032947
389.8697 0.035337
392.0053 0.036744
394.5504 0.040487
397.7148 0.045043
401.9846 0.054455
403.0666 0.055390
404.2230 0.058362
405.5719 0.060736
407.0658 0.063471
408.7886 0.067875
410.9386 0.071347
413.5500 0.086553
417.2550 0.101433
423.2556 0.134443
428.9906 0.183585
436.2747 0.275105
441.0818 0.372054
