Copyright (C) 1998 James G. MacKinnon, Alfred A. Haug, and Leo Michelis.
 lm0-04-7 3 1
 16.6769 0.043599
 17.3055 0.033759
 18.1636 0.024386
 18.8749 0.018944
 19.6970 0.013990
 20.1971 0.012007
 20.5853 0.010885
 20.8831 0.010245
 21.1405 0.009408
 21.3669 0.008921
 21.5651 0.008729
 21.7498 0.008534
 21.9166 0.008139
 22.5840 0.006843
 23.1069 0.006318
 23.5282 0.005869
 23.8937 0.005838
 24.2125 0.005607
 24.4990 0.005421
 24.7634 0.005389
 25.0040 0.005341
 25.2283 0.005363
 25.4415 0.005293
 25.6424 0.005085
 25.8306 0.004980
 26.0122 0.004829
 26.1855 0.004633
 26.3512 0.004604
 26.5127 0.004566
 26.6675 0.004547
 26.8161 0.004501
 26.9609 0.004456
 27.1024 0.004410
 27.2377 0.004367
 27.3700 0.004375
 27.4999 0.004321
 27.6267 0.004303
 27.7498 0.004271
 27.8703 0.004261
 27.9904 0.004248
 28.1064 0.004229
 28.2206 0.004191
 28.3335 0.004181
 28.4450 0.004160
 28.5541 0.004152
 28.6620 0.004164
 28.7689 0.004169
 28.8724 0.004155
 28.9759 0.004209
 29.0774 0.004219
 29.1787 0.004168
 29.2775 0.004166
 29.3756 0.004214
 29.4727 0.004224
 29.5688 0.004233
 29.6651 0.004230
 29.7594 0.004231
 29.8523 0.004234
 29.9448 0.004228
 30.0359 0.004258
 30.1254 0.004249
 30.2153 0.004265
 30.3053 0.004253
 30.3947 0.004248
 30.4828 0.004191
 30.5716 0.004232
 30.6595 0.004168
 30.7465 0.004167
 30.8333 0.004127
 30.9184 0.004132
 31.0045 0.004123
 31.0906 0.004114
 31.1756 0.004074
 31.2600 0.004071
 31.3441 0.004120
 31.4275 0.004122
 31.5108 0.004184
 31.5926 0.004177
 31.6760 0.004166
 31.7579 0.004184
 31.8402 0.004196
 31.9231 0.004148
 32.0045 0.004156
 32.0854 0.004190
 32.1667 0.004179
 32.2479 0.004184
 32.3284 0.004205
 32.4078 0.004212
 32.4891 0.004187
 32.5703 0.004190
 32.6506 0.004223
 32.7311 0.004215
 32.8118 0.004264
 32.8923 0.004258
 32.9731 0.004304
 33.0537 0.004309
 33.1349 0.004298
 33.2151 0.004304
 33.2960 0.004334
 33.3779 0.004338
 33.4579 0.004407
 33.5382 0.004371
 33.6187 0.004387
 33.6994 0.004388
 33.7807 0.004378
 33.8621 0.004363
 33.9426 0.004355
 34.0237 0.004350
 34.1058 0.004363
 34.1876 0.004377
 34.2701 0.004383
 34.3515 0.004386
 34.4328 0.004390
 34.5146 0.004429
 34.5978 0.004418
 34.6813 0.004404
 34.7629 0.004434
 34.8464 0.004428
 34.9312 0.004462
 35.0155 0.004499
 35.1002 0.004526
 35.1857 0.004516
 35.2714 0.004540
 35.3566 0.004573
 35.4415 0.004553
 35.5276 0.004565
 35.6138 0.004543
 35.6999 0.004558
 35.7878 0.004566
 35.8764 0.004608
 35.9647 0.004631
 36.0531 0.004624
 36.1413 0.004553
 36.2312 0.004612
 36.3204 0.004631
 36.4113 0.004690
 36.5037 0.004769
 36.5967 0.004785
 36.6899 0.004805
 36.7832 0.004874
 36.8780 0.004881
 36.9746 0.004953
 37.0694 0.004961
 37.1652 0.004904
 37.2625 0.004950
 37.3609 0.004991
 37.4607 0.005034
 37.5606 0.004966
 37.6613 0.004955
 37.7637 0.004972
 37.8661 0.004963
 37.9692 0.005009
 38.0754 0.005048
 38.1825 0.005122
 38.2900 0.005222
 38.3984 0.005208
 38.5094 0.005226
 38.6204 0.005243
 38.7324 0.005288
 38.8462 0.005288
 38.9613 0.005337
 39.0791 0.005407
 39.1977 0.005429
 39.3180 0.005439
 39.4415 0.005415
 39.5664 0.005507
 39.6937 0.005505
 39.8237 0.005513
 39.9523 0.005545
 40.0864 0.005653
 40.2211 0.005690
 40.3602 0.005639
 40.5007 0.005673
 40.6450 0.005692
 40.7912 0.005823
 40.9395 0.005811
 41.0928 0.005959
 41.2493 0.005901
 41.4084 0.005915
 41.5708 0.005966
 41.7381 0.006137
 41.9102 0.006198
 42.0879 0.006308
 42.2707 0.006381
 42.4584 0.006425
 42.6528 0.006538
 42.8506 0.006652
 43.0583 0.006802
 43.2714 0.006868
 43.4945 0.007008
 43.7257 0.007145
 43.9650 0.007280
 44.2185 0.007506
 44.4810 0.007712
 44.7574 0.007892
 45.0502 0.008102
 45.3564 0.008318
 45.6865 0.008567
 46.0370 0.008534
 46.4142 0.008793
 46.8232 0.009505
 47.2733 0.009953
 47.7668 0.010293
 48.3213 0.010856
 48.9539 0.011479
 49.6909 0.011907
 50.5595 0.013112
 51.6739 0.016009
 53.1792 0.018250
 53.5607 0.019554
 53.9936 0.021434
 54.4934 0.022535
 55.0617 0.023715
 55.7262 0.025468
 56.5157 0.028375
 57.5558 0.032781
 58.9340 0.038999
 61.1388 0.053737
 63.5050 0.072307
 66.2627 0.111154
 68.4280 0.160908
 lm1-04-7 3 1
 18.4717 0.046822
 19.1498 0.036720
 20.0813 0.023440
 20.8457 0.018498
 21.6977 0.014209
 22.2384 0.013267
 22.6353 0.012321
 22.9607 0.011196
 23.2392 0.010471
 23.4783 0.009576
 23.6907 0.009105
 23.8753 0.008798
 24.0491 0.008459
 24.7608 0.007721
 25.3019 0.007214
 25.7422 0.006838
 26.1204 0.006489
 26.4551 0.006248
 26.7549 0.006024
 27.0280 0.005699
 27.2782 0.005621
 27.5134 0.005427
 27.7337 0.005191
 27.9412 0.005092
 28.1364 0.004984
 28.3230 0.004931
 28.5026 0.004852
 28.6725 0.004781
 28.8394 0.004723
 29.0008 0.004718
 29.1565 0.004671
 29.3058 0.004717
 29.4500 0.004739
 29.5896 0.004667
 29.7282 0.004583
 29.8608 0.004495
 29.9930 0.004483
 30.1213 0.004469
 30.2456 0.004387
 30.3690 0.004333
 30.4899 0.004331
 30.6075 0.004329
 30.7244 0.004316
 30.8387 0.004309
 30.9518 0.004256
 31.0631 0.004272
 31.1724 0.004314
 31.2802 0.004320
 31.3875 0.004368
 31.4934 0.004364
 31.5988 0.004337
 31.7018 0.004272
 31.8038 0.004300
 31.9028 0.004289
 32.0027 0.004286
 32.1007 0.004275
 32.1984 0.004298
 32.2955 0.004291
 32.3922 0.004270
 32.4863 0.004269
 32.5810 0.004290
 32.6746 0.004281
 32.7661 0.004308
 32.8596 0.004365
 32.9516 0.004436
 33.0425 0.004454
 33.1322 0.004526
 33.2220 0.004518
 33.3114 0.004472
 33.4007 0.004485
 33.4901 0.004497
 33.5777 0.004507
 33.6646 0.004487
 33.7500 0.004503
 33.8371 0.004450
 33.9246 0.004450
 34.0114 0.004424
 34.0975 0.004396
 34.1836 0.004381
 34.2698 0.004391
 34.3548 0.004409
 34.4397 0.004402
 34.5228 0.004416
 34.6075 0.004458
 34.6933 0.004437
 34.7770 0.004387
 34.8608 0.004376
 34.9442 0.004403
 35.0267 0.004421
 35.1113 0.004408
 35.1956 0.004387
 35.2785 0.004420
 35.3614 0.004475
 35.4454 0.004454
 35.5291 0.004480
 35.6128 0.004466
 35.6964 0.004467
 35.7792 0.004467
 35.8625 0.004529
 35.9457 0.004506
 36.0292 0.004496
 36.1124 0.004516
 36.1955 0.004525
 36.2794 0.004557
 36.3624 0.004555
 36.4464 0.004576
 36.5303 0.004542
 36.6141 0.004569
 36.6981 0.004558
 36.7824 0.004609
 36.8668 0.004640
 36.9522 0.004645
 37.0368 0.004695
 37.1213 0.004695
 37.2067 0.004716
 37.2935 0.004736
 37.3803 0.004755
 37.4674 0.004779
 37.5531 0.004816
 37.6399 0.004806
 37.7274 0.004789
 37.8152 0.004804
 37.9020 0.004825
 37.9899 0.004828
 38.0773 0.004879
 38.1657 0.004890
 38.2546 0.004921
 38.3459 0.004908
 38.4360 0.004928
 38.5269 0.004976
 38.6188 0.004965
 38.7097 0.004960
 38.8018 0.004926
 38.8940 0.004968
 38.9870 0.004982
 39.0807 0.005023
 39.1762 0.005030
 39.2710 0.005042
 39.3675 0.005091
 39.4638 0.005087
 39.5609 0.005089
 39.6597 0.005121
 39.7580 0.005190
 39.8583 0.005231
 39.9580 0.005234
 40.0598 0.005283
 40.1623 0.005278
 40.2652 0.005248
 40.3696 0.005283
 40.4743 0.005252
 40.5799 0.005246
 40.6873 0.005272
 40.7954 0.005257
 40.9053 0.005265
 41.0155 0.005276
 41.1294 0.005311
 41.2434 0.005313
 41.3594 0.005257
 41.4759 0.005226
 41.5939 0.005334
 41.7134 0.005383
 41.8348 0.005412
 41.9572 0.005412
 42.0808 0.005448
 42.2081 0.005460
 42.3363 0.005543
 42.4658 0.005602
 42.5974 0.005593
 42.7305 0.005593
 42.8699 0.005565
 43.0069 0.005627
 43.1493 0.005660
 43.2931 0.005725
 43.4406 0.005825
 43.5911 0.005845
 43.7439 0.005910
 43.8995 0.005922
 44.0587 0.006050
 44.2213 0.006143
 44.3905 0.006149
 44.5603 0.006273
 44.7387 0.006332
 44.9204 0.006464
 45.1081 0.006599
 45.2999 0.006667
 45.4986 0.006835
 45.7059 0.006951
 45.9167 0.007062
 46.1341 0.007211
 46.3625 0.007173
 46.5973 0.007437
 46.8464 0.007461
 47.1041 0.007880
 47.3750 0.007871
 47.6602 0.008127
 47.9628 0.008420
 48.2823 0.008625
 48.6198 0.008906
 48.9798 0.009396
 49.3709 0.009538
 49.7890 0.009869
 50.2423 0.010476
 50.7456 0.010718
 51.3084 0.011241
 51.9514 0.011929
 52.7023 0.012795
 53.5982 0.014285
 54.7466 0.016524
 56.3128 0.019744
 56.7096 0.020660
 57.1541 0.021955
 57.6627 0.023701
 58.2284 0.025211
 58.9064 0.026548
 59.7199 0.029075
 60.7378 0.033274
 62.1717 0.040061
 64.5304 0.056007
 66.8326 0.076953
 69.8203 0.109772
 72.1148 0.158936
lm1s-04-7 3 1
 19.3585 0.048041
 19.9603 0.035083
 20.9147 0.023248
 21.6881 0.017789
 22.5313 0.014662
 23.0598 0.012594
 23.4619 0.011579
 23.7876 0.010912
 24.0642 0.010284
 24.3027 0.009690
 24.5166 0.009231
 24.7081 0.008843
 24.8865 0.008586
 25.5923 0.007589
 26.1285 0.007188
 26.5670 0.007017
 26.9487 0.006534
 27.2815 0.006261
 27.5812 0.005998
 27.8536 0.005666
 28.1011 0.005539
 28.3348 0.005486
 28.5532 0.005297
 28.7600 0.005085
 28.9580 0.004977
 29.1475 0.005020
 29.3259 0.005012
 29.4967 0.004987
 29.6631 0.004894
 29.8217 0.004839
 29.9755 0.004873
 30.1234 0.004825
 30.2674 0.004779
 30.4089 0.004675
 30.5461 0.004564
 30.6795 0.004543
 30.8106 0.004534
 30.9393 0.004443
 31.0661 0.004421
 31.1892 0.004389
 31.3096 0.004376
 31.4288 0.004386
 31.5442 0.004375
 31.6587 0.004316
 31.7713 0.004303
 31.8822 0.004292
 31.9914 0.004305
 32.0982 0.004250
 32.2058 0.004266
 32.3102 0.004325
 32.4142 0.004317
 32.5160 0.004347
 32.6189 0.004341
 32.7198 0.004353
 32.8196 0.004397
 32.9171 0.004370
 33.0139 0.004329
 33.1106 0.004337
 33.2057 0.004400
 33.3003 0.004392
 33.3957 0.004403
 33.4888 0.004376
 33.5824 0.004376
 33.6739 0.004371
 33.7647 0.004407
 33.8555 0.004442
 33.9471 0.004401
 34.0356 0.004402
 34.1248 0.004368
 34.2141 0.004401
 34.3029 0.004395
 34.3911 0.004354
 34.4782 0.004334
 34.5661 0.004354
 34.6535 0.004371
 34.7399 0.004408
 34.8259 0.004366
 34.9117 0.004376
 34.9965 0.004357
 35.0815 0.004390
 35.1668 0.004347
 35.2520 0.004361
 35.3366 0.004388
 35.4208 0.004397
 35.5046 0.004424
 35.5887 0.004415
 35.6726 0.004384
 35.7568 0.004351
 35.8408 0.004307
 35.9256 0.004351
 36.0083 0.004360
 36.0908 0.004390
 36.1743 0.004397
 36.2578 0.004358
 36.3413 0.004362
 36.4239 0.004329
 36.5076 0.004332
 36.5910 0.004364
 36.6735 0.004388
 36.7573 0.004440
 36.8413 0.004425
 36.9246 0.004415
 37.0085 0.004457
 37.0922 0.004465
 37.1758 0.004460
 37.2594 0.004500
 37.3429 0.004533
 37.4268 0.004581
 37.5100 0.004568
 37.5941 0.004548
 37.6783 0.004578
 37.7629 0.004617
 37.8483 0.004664
 37.9335 0.004666
 38.0187 0.004711
 38.1042 0.004690
 38.1896 0.004750
 38.2760 0.004729
 38.3618 0.004747
 38.4482 0.004731
 38.5363 0.004758
 38.6233 0.004793
 38.7111 0.004818
 38.7979 0.004819
 38.8852 0.004798
 38.9741 0.004840
 39.0637 0.004885
 39.1539 0.004886
 39.2438 0.004940
 39.3332 0.004999
 39.4242 0.004984
 39.5159 0.004992
 39.6086 0.004983
 39.7027 0.005013
 39.7967 0.005058
 39.8894 0.004993
 39.9823 0.005013
 40.0775 0.005058
 40.1744 0.005073
 40.2717 0.005015
 40.3689 0.005092
 40.4678 0.005149
 40.5655 0.005124
 40.6647 0.005090
 40.7656 0.005113
 40.8670 0.005099
 40.9679 0.005176
 41.0718 0.005162
 41.1764 0.005169
 41.2815 0.005204
 41.3881 0.005192
 41.4962 0.005240
 41.6060 0.005259
 41.7158 0.005326
 41.8259 0.005336
 41.9369 0.005380
 42.0497 0.005411
 42.1637 0.005396
 42.2807 0.005492
 42.3983 0.005469
 42.5193 0.005532
 42.6400 0.005559
 42.7609 0.005510
 42.8857 0.005509
 43.0119 0.005513
 43.1402 0.005572
 43.2707 0.005543
 43.4023 0.005607
 43.5357 0.005646
 43.6713 0.005722
 43.8100 0.005755
 43.9519 0.005743
 44.0958 0.005738
 44.2423 0.005773
 44.3910 0.005723
 44.5442 0.005821
 44.7017 0.005971
 44.8617 0.006087
 45.0233 0.006119
 45.1916 0.006261
 45.3652 0.006372
 45.5400 0.006456
 45.7234 0.006611
 45.9086 0.006673
 46.1017 0.006838
 46.3005 0.006949
 46.5057 0.006923
 46.7144 0.007157
 46.9344 0.007198
 47.1617 0.007532
 47.3977 0.007461
 47.6452 0.007537
 47.9014 0.007847
 48.1744 0.007892
 48.4616 0.008092
 48.7602 0.008373
 49.0826 0.008698
 49.4182 0.008840
 49.7764 0.009012
 50.1638 0.009326
 50.5790 0.009744
 51.0370 0.010086
 51.5398 0.010762
 52.1080 0.011425
 52.7449 0.012095
 53.4902 0.013158
 54.3926 0.014647
 55.5337 0.016674
 57.1101 0.020054
 57.5109 0.020985
 57.9578 0.021641
 58.4609 0.023430
 59.0352 0.025082
 59.7112 0.026940
 60.4951 0.029419
 61.5161 0.032430
 62.9524 0.039782
 65.3363 0.055087
 67.6706 0.075040
 70.6411 0.114968
 72.9859 0.160498
 lm2-04-7 3 1
 20.4754 0.047036
 21.1035 0.034274
 22.1101 0.026155
 22.9177 0.019814
 23.7993 0.015482
 24.3564 0.013675
 24.7734 0.012468
 25.1126 0.011409
 25.3996 0.010554
 25.6437 0.009970
 25.8636 0.009727
 26.0605 0.009402
 26.2402 0.009065
 26.9807 0.007823
 27.5365 0.007352
 27.9933 0.007006
 28.3798 0.006716
 28.7265 0.006479
 29.0347 0.006211
 29.3216 0.006105
 29.5827 0.005889
 29.8279 0.005808
 30.0539 0.005531
 30.2695 0.005377
 30.4717 0.005231
 30.6656 0.005237
 30.8528 0.005150
 31.0336 0.005144
 31.2049 0.005122
 31.3713 0.005035
 31.5306 0.005033
 31.6868 0.004996
 31.8374 0.005014
 31.9841 0.004977
 32.1270 0.004937
 32.2660 0.004840
 32.4020 0.004804
 32.5345 0.004799
 32.6654 0.004712
 32.7919 0.004700
 32.9165 0.004698
 33.0397 0.004694
 33.1596 0.004654
 33.2799 0.004644
 33.3974 0.004606
 33.5109 0.004611
 33.6243 0.004607
 33.7353 0.004536
 33.8456 0.004544
 33.9539 0.004508
 34.0611 0.004504
 34.1667 0.004549
 34.2719 0.004511
 34.3749 0.004486
 34.4782 0.004498
 34.5796 0.004501
 34.6799 0.004462
 34.7799 0.004412
 34.8787 0.004414
 34.9781 0.004458
 35.0755 0.004491
 35.1727 0.004417
 35.2685 0.004420
 35.3635 0.004386
 35.4585 0.004370
 35.5514 0.004361
 35.6437 0.004393
 35.7367 0.004419
 35.8289 0.004383
 35.9210 0.004415
 36.0132 0.004437
 36.1047 0.004448
 36.1956 0.004526
 36.2850 0.004523
 36.3758 0.004516
 36.4651 0.004517
 36.5549 0.004529
 36.6432 0.004505
 36.7317 0.004522
 36.8200 0.004537
 36.9072 0.004488
 36.9952 0.004473
 37.0815 0.004534
 37.1687 0.004525
 37.2557 0.004566
 37.3433 0.004574
 37.4304 0.004594
 37.5172 0.004570
 37.6026 0.004543
 37.6891 0.004564
 37.7756 0.004568
 37.8622 0.004600
 37.9489 0.004628
 38.0340 0.004674
 38.1207 0.004659
 38.2055 0.004632
 38.2914 0.004669
 38.3770 0.004664
 38.4621 0.004606
 38.5482 0.004591
 38.6332 0.004586
 38.7191 0.004601
 38.8053 0.004581
 38.8908 0.004595
 38.9756 0.004600
 39.0612 0.004606
 39.1475 0.004598
 39.2340 0.004595
 39.3210 0.004638
 39.4084 0.004632
 39.4950 0.004666
 39.5829 0.004679
 39.6702 0.004728
 39.7582 0.004723
 39.8450 0.004733
 39.9332 0.004737
 40.0221 0.004769
 40.1104 0.004759
 40.2006 0.004750
 40.2887 0.004733
 40.3789 0.004735
 40.4692 0.004691
 40.5600 0.004709
 40.6508 0.004737
 40.7421 0.004727
 40.8341 0.004770
 40.9259 0.004777
 41.0189 0.004770
 41.1117 0.004806
 41.2045 0.004779
 41.2976 0.004828
 41.3920 0.004861
 41.4874 0.004892
 41.5822 0.004878
 41.6773 0.004894
 41.7733 0.004932
 41.8711 0.004966
 41.9691 0.004974
 42.0676 0.004979
 42.1678 0.005013
 42.2684 0.005055
 42.3692 0.005054
 42.4702 0.005128
 42.5729 0.005116
 42.6761 0.005178
 42.7807 0.005252
 42.8869 0.005321
 42.9925 0.005359
 43.0991 0.005422
 43.2067 0.005425
 43.3156 0.005415
 43.4256 0.005416
 43.5372 0.005460
 43.6490 0.005474
 43.7635 0.005518
 43.8783 0.005534
 43.9942 0.005564
 44.1110 0.005529
 44.2309 0.005545
 44.3517 0.005577
 44.4748 0.005639
 44.5976 0.005692
 44.7219 0.005710
 44.8494 0.005733
 44.9794 0.005780
 45.1103 0.005830
 45.2439 0.005900
 45.3805 0.005955
 45.5180 0.006044
 45.6585 0.006126
 45.8016 0.006245
 45.9470 0.006345
 46.0963 0.006371
 46.2474 0.006339
 46.4009 0.006454
 46.5592 0.006559
 46.7209 0.006576
 46.8843 0.006726
 47.0526 0.006732
 47.2259 0.006757
 47.4010 0.006790
 47.5840 0.006811
 47.7701 0.006860
 47.9595 0.006926
 48.1565 0.007084
 48.3581 0.007051
 48.5680 0.007161
 48.7872 0.007261
 49.0119 0.007323
 49.2441 0.007564
 49.4875 0.007650
 49.7429 0.007632
 50.0059 0.007701
 50.2837 0.007702
 50.5761 0.007901
 50.8862 0.008052
 51.2124 0.008450
 51.5587 0.008710
 51.9315 0.009090
 52.3305 0.009627
 52.7638 0.010125
 53.2351 0.010599
 53.7549 0.010699
 54.3258 0.011421
 54.9797 0.012388
 55.7442 0.013457
 56.6707 0.014530
 57.8387 0.016564
 59.4294 0.020853
 59.8371 0.022081
 60.2934 0.022871
 60.8155 0.023949
 61.4005 0.025640
 62.0923 0.028718
 62.8955 0.032239
 63.9344 0.035561
 65.3879 0.041478
 67.8174 0.058649
 70.1888 0.081637
 73.2289 0.107261
 75.5415 0.151904
lm2s-04-7 3 1
 21.2939 0.046387
 21.9570 0.035942
 22.9403 0.025456
 23.7767 0.019142
 24.6598 0.015601
 25.2081 0.013519
 25.6308 0.012043
 25.9620 0.011255
 26.2435 0.011091
 26.4954 0.010306
 26.7135 0.009695
 26.9115 0.009270
 27.0921 0.009076
 27.8254 0.008312
 28.3760 0.007493
 28.8269 0.007144
 29.2209 0.006781
 29.5680 0.006451
 29.8780 0.006393
 30.1598 0.006297
 30.4183 0.006064
 30.6605 0.005850
 30.8900 0.005637
 31.1035 0.005568
 31.3057 0.005470
 31.4997 0.005384
 31.6852 0.005292
 31.8642 0.005199
 32.0351 0.005232
 32.2001 0.005156
 32.3603 0.005007
 32.5148 0.005017
 32.6661 0.004901
 32.8117 0.004896
 32.9534 0.004854
 33.0918 0.004790
 33.2281 0.004779
 33.3592 0.004758
 33.4900 0.004730
 33.6172 0.004707
 33.7434 0.004687
 33.8653 0.004643
 33.9838 0.004572
 34.1013 0.004562
 34.2187 0.004524
 34.3355 0.004554
 34.4479 0.004527
 34.5590 0.004522
 34.6693 0.004531
 34.7775 0.004534
 34.8841 0.004486
 34.9896 0.004488
 35.0945 0.004479
 35.1981 0.004433
 35.3015 0.004494
 35.4039 0.004476
 35.5038 0.004470
 35.6032 0.004490
 35.7017 0.004476
 35.7988 0.004440
 35.8958 0.004432
 35.9913 0.004451
 36.0880 0.004434
 36.1832 0.004502
 36.2777 0.004502
 36.3721 0.004478
 36.4659 0.004417
 36.5588 0.004399
 36.6515 0.004393
 36.7428 0.004415
 36.8339 0.004453
 36.9254 0.004439
 37.0163 0.004416
 37.1064 0.004421
 37.1954 0.004435
 37.2833 0.004461
 37.3733 0.004459
 37.4613 0.004491
 37.5500 0.004494
 37.6387 0.004446
 37.7264 0.004497
 37.8134 0.004541
 37.9015 0.004540
 37.9898 0.004530
 38.0767 0.004556
 38.1630 0.004523
 38.2488 0.004572
 38.3356 0.004590
 38.4207 0.004609
 38.5070 0.004600
 38.5925 0.004614
 38.6775 0.004592
 38.7652 0.004603
 38.8510 0.004619
 38.9368 0.004671
 39.0212 0.004677
 39.1066 0.004683
 39.1914 0.004675
 39.2768 0.004661
 39.3632 0.004664
 39.4483 0.004673
 39.5344 0.004656
 39.6208 0.004630
 39.7063 0.004662
 39.7920 0.004666
 39.8786 0.004680
 39.9650 0.004656
 40.0509 0.004621
 40.1384 0.004582
 40.2248 0.004602
 40.3104 0.004625
 40.3975 0.004653
 40.4841 0.004672
 40.5724 0.004669
 40.6606 0.004709
 40.7479 0.004724
 40.8356 0.004714
 40.9248 0.004691
 41.0136 0.004705
 41.1026 0.004735
 41.1924 0.004787
 41.2835 0.004792
 41.3734 0.004867
 41.4621 0.004877
 41.5533 0.004840
 41.6448 0.004849
 41.7367 0.004876
 41.8306 0.004926
 41.9228 0.004928
 42.0165 0.004908
 42.1100 0.004910
 42.2046 0.004921
 42.2993 0.005019
 42.3945 0.005044
 42.4903 0.005058
 42.5852 0.005098
 42.6818 0.005106
 42.7804 0.005115
 42.8786 0.005098
 42.9774 0.005076
 43.0770 0.005170
 43.1788 0.005161
 43.2802 0.005156
 43.3834 0.005095
 43.4872 0.005137
 43.5912 0.005178
 43.6971 0.005186
 43.8022 0.005196
 43.9094 0.005219
 44.0168 0.005262
 44.1253 0.005308
 44.2352 0.005276
 44.3466 0.005287
 44.4576 0.005317
 44.5702 0.005300
 44.6844 0.005363
 44.7997 0.005330
 44.9167 0.005332
 45.0357 0.005372
 45.1556 0.005384
 45.2781 0.005444
 45.4005 0.005480
 45.5271 0.005605
 45.6542 0.005693
 45.7834 0.005822
 45.9150 0.005877
 46.0475 0.005904
 46.1819 0.006000
 46.3200 0.006046
 46.4601 0.006071
 46.6030 0.006216
 46.7485 0.006215
 46.8975 0.006285
 47.0480 0.006271
 47.2017 0.006343
 47.3599 0.006383
 47.5202 0.006428
 47.6843 0.006520
 47.8540 0.006568
 48.0261 0.006682
 48.2021 0.006717
 48.3835 0.006869
 48.5671 0.006896
 48.7574 0.006917
 48.9542 0.007001
 49.1594 0.007021
 49.3696 0.007191
 49.5865 0.007328
 49.8117 0.007471
 50.0445 0.007558
 50.2862 0.007702
 50.5397 0.007740
 50.8038 0.007780
 51.0792 0.007867
 51.3752 0.008183
 51.6826 0.008517
 52.0086 0.008637
 52.3529 0.008936
 52.7292 0.009343
 53.1238 0.009707
 53.5589 0.010111
 54.0260 0.010295
 54.5409 0.010856
 55.1191 0.011777
 55.7772 0.012218
 56.5448 0.013175
 57.4597 0.014989
 58.6209 0.016963
 60.2283 0.021077
 60.6456 0.021919
 61.0888 0.022410
 61.6089 0.024253
 62.1770 0.025985
 62.8463 0.028584
 63.6723 0.031751
 64.7335 0.034945
 66.1590 0.041497
 68.6224 0.058763
 70.8970 0.078664
 73.9631 0.112163
 76.3094 0.150779
 tr0-04-7 3 1
 44.6837 0.111730
 46.1470 0.082819
 48.2375 0.055429
 49.9950 0.042346
 51.9349 0.031920
 53.1098 0.027926
 54.0294 0.024308
 54.7424 0.022877
 55.3620 0.022009
 55.8862 0.021067
 56.3524 0.020385
 56.7776 0.018716
 57.1681 0.018101
 58.7367 0.016506
 59.9067 0.015417
 60.8775 0.014554
 61.6876 0.013736
 62.4010 0.013192
 63.0446 0.012746
 63.6264 0.011893
 64.1628 0.011746
 64.6638 0.011453
 65.1310 0.011073
 65.5612 0.011233
 65.9755 0.011185
 66.3730 0.011049
 66.7488 0.010827
 67.1102 0.010681
 67.4557 0.010540
 67.7902 0.010647
 68.1113 0.010461
 68.4219 0.010299
 68.7245 0.010184
 69.0151 0.010069
 69.2975 0.010008
 69.5778 0.009834
 69.8492 0.009761
 70.1140 0.009692
 70.3747 0.009487
 70.6264 0.009410
 70.8761 0.009485
 71.1211 0.009549
 71.3581 0.009644
 71.5916 0.009519
 71.8185 0.009519
 72.0441 0.009593
 72.2659 0.009577
 72.4829 0.009491
 72.6977 0.009350
 72.9113 0.009323
 73.1226 0.009237
 73.3301 0.009110
 73.5323 0.008965
 73.7346 0.009041
 73.9343 0.008963
 74.1340 0.009055
 74.3272 0.009028
 74.5213 0.008991
 74.7137 0.008938
 74.9034 0.008854
 75.0877 0.008840
 75.2739 0.008831
 75.4579 0.008818
 75.6421 0.008821
 75.8257 0.008828
 76.0047 0.008865
 76.1822 0.008821
 76.3590 0.008743
 76.5347 0.008726
 76.7064 0.008697
 76.8787 0.008743
 77.0501 0.008643
 77.2247 0.008755
 77.3953 0.008783
 77.5634 0.008710
 77.7326 0.008611
 77.9040 0.008634
 78.0698 0.008546
 78.2363 0.008559
 78.4019 0.008552
 78.5679 0.008514
 78.7313 0.008443
 78.8937 0.008506
 79.0595 0.008554
 79.2215 0.008480
 79.3842 0.008469
 79.5446 0.008449
 79.7077 0.008415
 79.8701 0.008349
 80.0304 0.008337
 80.1911 0.008385
 80.3493 0.008377
 80.5092 0.008332
 80.6695 0.008365
 80.8299 0.008338
 80.9881 0.008354
 81.1474 0.008326
 81.3058 0.008272
 81.4643 0.008281
 81.6254 0.008285
 81.7847 0.008391
 81.9439 0.008475
 82.1018 0.008477
 82.2624 0.008495
 82.4212 0.008481
 82.5802 0.008399
 82.7380 0.008344
 82.8968 0.008296
 83.0554 0.008392
 83.2146 0.008343
 83.3720 0.008379
 83.5318 0.008440
 83.6908 0.008401
 83.8481 0.008386
 84.0071 0.008400
 84.1666 0.008457
 84.3282 0.008454
 84.4904 0.008505
 84.6526 0.008607
 84.8138 0.008658
 84.9775 0.008787
 85.1412 0.008788
 85.3060 0.008805
 85.4700 0.008773
 85.6326 0.008699
 85.7972 0.008809
 85.9636 0.008783
 86.1325 0.008856
 86.2993 0.008944
 86.4670 0.008955
 86.6374 0.008879
 86.8062 0.008803
 86.9755 0.008855
 87.1484 0.008894
 87.3200 0.008900
 87.4923 0.008876
 87.6638 0.008865
 87.8395 0.008911
 88.0145 0.008939
 88.1904 0.009071
 88.3678 0.009126
 88.5486 0.009127
 88.7292 0.009149
 88.9077 0.009162
 89.0897 0.009218
 89.2746 0.009175
 89.4586 0.009174
 89.6433 0.009187
 89.8318 0.009242
 90.0190 0.009167
 90.2110 0.009211
 90.4049 0.009298
 90.5990 0.009407
 90.7944 0.009500
 90.9901 0.009518
 91.1920 0.009522
 91.3988 0.009598
 91.6060 0.009632
 91.8142 0.009794
 92.0254 0.009819
 92.2380 0.009894
 92.4524 0.009954
 92.6680 0.010046
 92.8879 0.010141
 93.1104 0.010276
 93.3396 0.010177
 93.5683 0.010250
 93.8000 0.010302
 94.0381 0.010444
 94.2768 0.010370
 94.5215 0.010546
 94.7718 0.010612
 95.0250 0.010579
 95.2808 0.010557
 95.5469 0.010626
 95.8143 0.010795
 96.0890 0.010868
 96.3672 0.010960
 96.6508 0.011135
 96.9427 0.011532
 97.2426 0.011617
 97.5550 0.011694
 97.8718 0.011820
 98.1910 0.012107
 98.5237 0.011954
 98.8665 0.011884
 99.2175 0.012170
 99.5793 0.012427
 99.9584 0.012671
100.3469 0.012826
100.7508 0.013061
101.1694 0.013117
101.6064 0.013482
102.0656 0.013590
102.5424 0.013867
103.0369 0.014273
103.5727 0.014480
104.1313 0.014654
104.7311 0.014741
105.3728 0.015248
106.0736 0.015793
106.8204 0.016832
107.6468 0.017569
108.5790 0.018513
109.6135 0.019247
110.8048 0.020360
112.2421 0.022661
114.0622 0.024837
116.5386 0.029602
117.1525 0.031623
117.8414 0.032500
118.6023 0.034632
119.5062 0.036195
120.5136 0.039712
121.7452 0.044195
123.3057 0.049851
125.4604 0.059923
129.0737 0.085879
132.4645 0.117124
136.7768 0.179770
140.0376 0.233493
 tr1-04-7 3 1
 50.4798 0.111005
 52.0550 0.087341
 54.3418 0.063041
 56.2117 0.046695
 58.2830 0.035450
 59.5739 0.030722
 60.5344 0.027235
 61.3039 0.025497
 61.9746 0.023627
 62.5355 0.022250
 63.0269 0.021400
 63.4763 0.021339
 63.8904 0.020109
 65.5256 0.017262
 66.7702 0.015723
 67.7755 0.015275
 68.6442 0.014380
 69.3918 0.013889
 70.0617 0.013348
 70.6758 0.012825
 71.2423 0.012465
 71.7677 0.012164
 72.2556 0.011944
 72.7170 0.011768
 73.1529 0.011448
 73.5668 0.011040
 73.9624 0.010772
 74.3444 0.010688
 74.7088 0.010592
 75.0633 0.010424
 75.4005 0.010248
 75.7256 0.010229
 76.0439 0.010045
 76.3508 0.010098
 76.6453 0.010062
 76.9350 0.010001
 77.2171 0.010008
 77.4944 0.009906
 77.7611 0.009790
 78.0262 0.009754
 78.2857 0.009666
 78.5409 0.009692
 78.7927 0.009592
 79.0361 0.009581
 79.2765 0.009666
 79.5120 0.009546
 79.7445 0.009479
 79.9749 0.009468
 80.1981 0.009419
 80.4216 0.009355
 80.6392 0.009357
 80.8579 0.009393
 81.0743 0.009447
 81.2855 0.009418
 81.4996 0.009474
 81.7039 0.009491
 81.9065 0.009477
 82.1097 0.009478
 82.3076 0.009423
 82.5058 0.009327
 82.7004 0.009258
 82.8962 0.009305
 83.0883 0.009174
 83.2797 0.009059
 83.4694 0.008947
 83.6586 0.008892
 83.8447 0.008869
 84.0309 0.008922
 84.2152 0.009022
 84.3974 0.009066
 84.5805 0.009014
 84.7618 0.008947
 84.9424 0.008928
 85.1235 0.008838
 85.3032 0.008883
 85.4798 0.008880
 85.6576 0.008790
 85.8302 0.008771
 86.0085 0.008753
 86.1827 0.008733
 86.3554 0.008638
 86.5245 0.008522
 86.6966 0.008518
 86.8673 0.008459
 87.0378 0.008377
 87.2080 0.008342
 87.3782 0.008312
 87.5461 0.008375
 87.7163 0.008392
 87.8861 0.008337
 88.0528 0.008360
 88.2203 0.008334
 88.3839 0.008443
 88.5524 0.008385
 88.7189 0.008381
 88.8843 0.008421
 89.0512 0.008418
 89.2168 0.008488
 89.3816 0.008470
 89.5454 0.008400
 89.7118 0.008491
 89.8759 0.008484
 90.0408 0.008541
 90.2064 0.008576
 90.3726 0.008594
 90.5374 0.008623
 90.7034 0.008674
 90.8702 0.008651
 91.0350 0.008752
 91.2016 0.008791
 91.3668 0.008812
 91.5340 0.008933
 91.7005 0.008882
 91.8688 0.008883
 92.0373 0.008870
 92.2056 0.008921
 92.3726 0.009033
 92.5400 0.008968
 92.7099 0.008974
 92.8773 0.009007
 93.0469 0.008998
 93.2161 0.009087
 93.3860 0.009057
 93.5563 0.009111
 93.7259 0.009116
 93.8998 0.009226
 94.0724 0.009290
 94.2448 0.009319
 94.4199 0.009294
 94.5940 0.009354
 94.7697 0.009275
 94.9466 0.009326
 95.1235 0.009209
 95.3011 0.009323
 95.4833 0.009346
 95.6635 0.009353
 95.8453 0.009381
 96.0286 0.009443
 96.2101 0.009472
 96.3946 0.009548
 96.5795 0.009610
 96.7655 0.009607
 96.9517 0.009660
 97.1427 0.009599
 97.3328 0.009677
 97.5254 0.009729
 97.7198 0.009702
 97.9129 0.009650
 98.1106 0.009785
 98.3096 0.009831
 98.5109 0.009715
 98.7132 0.009829
 98.9170 0.009836
 99.1227 0.009866
 99.3321 0.009913
 99.5392 0.009964
 99.7505 0.010109
 99.9638 0.010201
100.1807 0.010195
100.4027 0.010034
100.6251 0.010042
100.8494 0.009969
101.0767 0.010038
101.3059 0.010129
101.5392 0.010121
101.7744 0.010218
102.0168 0.010370
102.2593 0.010502
102.5065 0.010643
102.7553 0.010640
103.0081 0.010710
103.2665 0.010866
103.5268 0.011054
103.7937 0.011093
104.0674 0.011195
104.3470 0.011346
104.6334 0.011447
104.9197 0.011497
105.2135 0.011774
105.5197 0.011726
105.8315 0.011668
106.1529 0.011647
106.4798 0.011953
106.8170 0.012037
107.1589 0.012164
107.5129 0.012215
107.8770 0.012420
108.2563 0.012393
108.6481 0.012432
109.0514 0.012379
109.4679 0.012271
109.8997 0.012437
110.3524 0.012718
110.8204 0.012738
111.3165 0.012918
111.8317 0.012957
112.3833 0.013736
112.9673 0.014076
113.5942 0.014471
114.2527 0.014822
114.9653 0.015625
115.7519 0.016729
116.6056 0.017239
117.5702 0.018131
118.6527 0.019041
119.9112 0.020130
121.4023 0.022592
123.2879 0.024203
125.8179 0.028857
126.4658 0.030014
127.1654 0.031929
127.9608 0.034650
128.8579 0.037284
129.9141 0.040916
131.1979 0.045255
132.8300 0.050287
135.0090 0.061209
138.7922 0.085819
142.3048 0.115620
146.8590 0.172109
150.1905 0.240340
tr1s-04-7 3 1
 54.6349 0.119616
 56.2639 0.087178
 58.5785 0.060184
 60.5277 0.045128
 62.5212 0.032683
 63.8104 0.029879
 64.7595 0.026292
 65.5212 0.024360
 66.1681 0.023061
 66.7417 0.022385
 67.2343 0.021713
 67.6667 0.020532
 68.0847 0.019904
 69.6990 0.017358
 70.9216 0.016151
 71.9365 0.015183
 72.7845 0.014098
 73.5415 0.013725
 74.2051 0.013019
 74.8117 0.012944
 75.3750 0.012411
 75.8963 0.011978
 76.3837 0.011576
 76.8423 0.011321
 77.2674 0.011003
 77.6830 0.010999
 78.0755 0.010786
 78.4533 0.010544
 78.8138 0.010477
 79.1633 0.010391
 79.4943 0.010221
 79.8163 0.010189
 80.1318 0.010073
 80.4359 0.010008
 80.7330 0.009838
 81.0188 0.009695
 81.3020 0.009857
 81.5782 0.009868
 81.8445 0.009944
 82.1060 0.009871
 82.3625 0.009868
 82.6131 0.009866
 82.8616 0.009779
 83.1071 0.009678
 83.3450 0.009699
 83.5795 0.009716
 83.8135 0.009773
 84.0394 0.009714
 84.2652 0.009654
 84.4874 0.009497
 84.7065 0.009491
 84.9212 0.009512
 85.1325 0.009515
 85.3429 0.009564
 85.5514 0.009391
 85.7569 0.009322
 85.9609 0.009284
 86.1624 0.009336
 86.3590 0.009304
 86.5598 0.009272
 86.7522 0.009255
 86.9464 0.009227
 87.1376 0.009134
 87.3269 0.009137
 87.5161 0.009044
 87.7043 0.009098
 87.8905 0.009017
 88.0752 0.008897
 88.2571 0.008918
 88.4407 0.008856
 88.6203 0.008793
 88.8021 0.008745
 88.9807 0.008686
 89.1566 0.008657
 89.3335 0.008607
 89.5103 0.008639
 89.6873 0.008587
 89.8613 0.008569
 90.0330 0.008504
 90.2058 0.008481
 90.3770 0.008517
 90.5465 0.008616
 90.7159 0.008674
 90.8848 0.008594
 91.0549 0.008593
 91.2231 0.008553
 91.3917 0.008522
 91.5588 0.008575
 91.7252 0.008543
 91.8917 0.008451
 92.0593 0.008491
 92.2266 0.008519
 92.3932 0.008525
 92.5595 0.008672
 92.7257 0.008582
 92.8913 0.008605
 93.0565 0.008638
 93.2214 0.008600
 93.3863 0.008578
 93.5511 0.008581
 93.7170 0.008590
 93.8810 0.008536
 94.0461 0.008657
 94.2095 0.008620
 94.3734 0.008607
 94.5370 0.008623
 94.7012 0.008641
 94.8658 0.008586
 95.0302 0.008714
 95.1932 0.008618
 95.3594 0.008632
 95.5250 0.008615
 95.6916 0.008623
 95.8565 0.008652
 96.0234 0.008663
 96.1922 0.008765
 96.3610 0.008719
 96.5284 0.008869
 96.6944 0.008818
 96.8643 0.008939
 97.0321 0.008899
 97.2017 0.008939
 97.3725 0.009083
 97.5426 0.009238
 97.7126 0.009254
 97.8850 0.009304
 98.0568 0.009385
 98.2302 0.009463
 98.4024 0.009524
 98.5768 0.009563
 98.7514 0.009518
 98.9292 0.009582
 99.1050 0.009631
 99.2810 0.009555
 99.4622 0.009488
 99.6415 0.009583
 99.8196 0.009545
100.0000 0.009557
100.1823 0.009584
100.3668 0.009599
100.5503 0.009705
100.7352 0.009682
100.9217 0.009661
101.1098 0.009696
101.2991 0.009589
101.4895 0.009535
101.6824 0.009557
101.8763 0.009653
102.0742 0.009627
102.2720 0.009725
102.4709 0.009808
102.6725 0.009822
102.8768 0.009943
103.0828 0.009989
103.2879 0.010083
103.4987 0.010017
103.7075 0.010073
103.9193 0.010019
104.1343 0.010126
104.3520 0.009968
104.5699 0.010116
104.7944 0.010207
105.0207 0.010284
105.2466 0.010255
105.4783 0.010249
105.7170 0.010377
105.9537 0.010609
106.1933 0.010673
106.4412 0.010761
106.6857 0.010795
106.9384 0.010771
107.1980 0.010879
107.4597 0.010937
107.7268 0.010900
107.9979 0.010801
108.2745 0.010891
108.5569 0.011064
108.8481 0.011177
109.1405 0.011353
109.4434 0.011501
109.7526 0.011642
110.0728 0.011628
110.3989 0.011719
110.7303 0.011866
111.0734 0.012085
111.4256 0.011718
111.7877 0.011862
112.1572 0.011934
112.5447 0.012060
112.9449 0.012340
113.3604 0.012390
113.7927 0.012447
114.2452 0.012696
114.7253 0.013017
115.2183 0.013142
115.7296 0.013549
116.2796 0.014028
116.8537 0.014162
117.4695 0.014962
118.1349 0.015421
118.8465 0.015679
119.6272 0.016518
120.4853 0.017749
121.4456 0.018658
122.5357 0.019301
123.7904 0.021298
125.2824 0.022982
127.1361 0.025909
129.6709 0.030181
130.3204 0.031536
131.0178 0.033267
131.8104 0.034922
132.7222 0.038008
133.7959 0.041092
135.0602 0.045339
136.6485 0.052102
138.8517 0.065849
142.6210 0.087767
146.0626 0.119751
150.7527 0.174783
154.2054 0.245362
 tr2-04-7 3 1
 56.7081 0.115623
 58.3832 0.085461
 60.9472 0.063418
 62.9663 0.050107
 65.1316 0.037991
 66.4834 0.032775
 67.4642 0.029978
 68.2525 0.027430
 68.9366 0.026145
 69.5198 0.025539
 70.0551 0.024865
 70.5273 0.023919
 70.9570 0.022649
 72.6922 0.020160
 74.0064 0.018360
 75.0755 0.016445
 75.9958 0.015688
 76.7896 0.014834
 77.4978 0.014440
 78.1386 0.014157
 78.7190 0.013654
 79.2662 0.013073
 79.7836 0.012814
 80.2684 0.012597
 80.7207 0.012538
 81.1598 0.012234
 81.5709 0.012037
 81.9677 0.011988
 82.3504 0.011884
 82.7176 0.011643
 83.0668 0.011394
 83.4044 0.011070
 83.7306 0.010969
 84.0494 0.010843
 84.3591 0.010857
 84.6635 0.010682
 84.9639 0.010655
 85.2510 0.010677
 85.5345 0.010555
 85.8115 0.010393
 86.0845 0.010239
 86.3478 0.010145
 86.6079 0.010068
 86.8653 0.009841
 87.1188 0.009729
 87.3635 0.009651
 87.6079 0.009477
 87.8468 0.009474
 88.0846 0.009411
 88.3172 0.009311
 88.5450 0.009364
 88.7682 0.009310
 88.9902 0.009330
 89.2127 0.009346
 89.4318 0.009368
 89.6476 0.009468
 89.8635 0.009418
 90.0734 0.009402
 90.2826 0.009425
 90.4901 0.009416
 90.6935 0.009268
 90.8990 0.009286
 91.1005 0.009390
 91.3007 0.009426
 91.4973 0.009368
 91.6932 0.009431
 91.8883 0.009503
 92.0812 0.009418
 92.2693 0.009462
 92.4606 0.009444
 92.6495 0.009465
 92.8387 0.009424
 93.0260 0.009344
 93.2111 0.009281
 93.3938 0.009329
 93.5771 0.009325
 93.7597 0.009247
 93.9413 0.009249
 94.1218 0.009331
 94.3025 0.009423
 94.4837 0.009454
 94.6616 0.009382
 94.8424 0.009351
 95.0199 0.009370
 95.1979 0.009279
 95.3743 0.009305
 95.5503 0.009281
 95.7283 0.009289
 95.9049 0.009347
 96.0800 0.009189
 96.2563 0.009191
 96.4289 0.009231
 96.6045 0.009205
 96.7762 0.009291
 96.9491 0.009264
 97.1232 0.009212
 97.2943 0.009179
 97.4668 0.009256
 97.6396 0.009328
 97.8132 0.009344
 97.9843 0.009341
 98.1561 0.009355
 98.3285 0.009375
 98.5002 0.009409
 98.6714 0.009438
 98.8436 0.009454
 99.0151 0.009427
 99.1875 0.009405
 99.3611 0.009605
 99.5333 0.009648
 99.7060 0.009559
 99.8784 0.009698
100.0541 0.009684
100.2288 0.009780
100.4039 0.009817
100.5778 0.009893
100.7533 0.009878
100.9267 0.009793
101.1000 0.009773
101.2756 0.009686
101.4515 0.009742
101.6266 0.009844
101.8031 0.009871
101.9808 0.009920
102.1598 0.009934
102.3397 0.009868
102.5193 0.009831
102.6980 0.009849
102.8780 0.009847
103.0618 0.009838
103.2438 0.009915
103.4277 0.009928
103.6129 0.009894
103.7959 0.009968
103.9817 0.010002
104.1674 0.010014
104.3561 0.009944
104.5468 0.009962
104.7376 0.010017
104.9271 0.010105
105.1213 0.010067
105.3147 0.010100
105.5102 0.010185
105.7075 0.010241
105.9059 0.010299
106.1055 0.010270
106.3079 0.010190
106.5082 0.010189
106.7132 0.010250
106.9189 0.010245
107.1232 0.010283
107.3305 0.010320
107.5397 0.010305
107.7537 0.010348
107.9714 0.010417
108.1860 0.010360
108.4050 0.010467
108.6254 0.010515
108.8512 0.010581
109.0793 0.010461
109.3071 0.010512
109.5379 0.010524
109.7760 0.010584
110.0147 0.010843
110.2562 0.010952
110.5026 0.011029
110.7500 0.011153
111.0023 0.011264
111.2583 0.011356
111.5181 0.011421
111.7809 0.011459
112.0494 0.011639
112.3234 0.011677
112.6046 0.011730
112.8845 0.011745
113.1748 0.011941
113.4720 0.011757
113.7679 0.011829
114.0718 0.011984
114.3818 0.012192
114.6990 0.012292
115.0308 0.012467
115.3687 0.012666
115.7158 0.012700
116.0706 0.012685
116.4338 0.012898
116.8080 0.012912
117.1975 0.013058
117.6015 0.013243
118.0175 0.013321
118.4480 0.013448
118.9037 0.013678
119.3734 0.013927
119.8625 0.014167
120.3814 0.014168
120.9242 0.014309
121.4962 0.014573
122.0967 0.015160
122.7417 0.015643
123.4307 0.015985
124.1707 0.016391
124.9811 0.016895
125.8686 0.017596
126.8600 0.018153
127.9896 0.019459
129.2755 0.021182
130.8207 0.023416
132.7725 0.025163
135.3869 0.030116
136.0550 0.031449
136.8071 0.032614
137.6463 0.034434
138.6081 0.037331
139.7014 0.041503
140.9930 0.045760
142.6606 0.053609
144.9129 0.063288
148.5930 0.088969
152.3546 0.122067
156.9827 0.183684
160.4054 0.247555
tr2s-04-7 3 1
 61.1848 0.124019
 62.9339 0.088405
 65.3714 0.064018
 67.3300 0.050234
 69.4732 0.037970
 70.8096 0.033837
 71.7945 0.029771
 72.5843 0.028102
 73.2581 0.026529
 73.8446 0.024999
 74.3581 0.024077
 74.8293 0.023254
 75.2449 0.022979
 76.9606 0.019301
 78.2611 0.017244
 79.3023 0.016396
 80.1906 0.015259
 80.9751 0.014850
 81.6829 0.014348
 82.3117 0.013861
 82.8959 0.013263
 83.4394 0.012580
 83.9426 0.012559
 84.4279 0.012363
 84.8851 0.011994
 85.3170 0.011735
 85.7232 0.011479
 86.1157 0.011158
 86.4936 0.010921
 86.8542 0.010945
 87.2036 0.010750
 87.5412 0.010673
 87.8686 0.010554
 88.1887 0.010494
 88.4954 0.010449
 88.7923 0.010492
 89.0864 0.010455
 89.3739 0.010433
 89.6517 0.010260
 89.9225 0.010105
 90.1901 0.010097
 90.4548 0.009842
 90.7138 0.009755
 90.9680 0.009893
 91.2125 0.009922
 91.4588 0.010033
 91.7006 0.009917
 91.9386 0.009957
 92.1731 0.009988
 92.4039 0.009933
 92.6311 0.009880
 92.8557 0.009759
 93.0756 0.009707
 93.2932 0.009756
 93.5103 0.009885
 93.7215 0.009840
 93.9326 0.009750
 94.1392 0.009668
 94.3448 0.009590
 94.5510 0.009651
 94.7529 0.009554
 94.9537 0.009495
 95.1539 0.009520
 95.3499 0.009593
 95.5454 0.009524
 95.7410 0.009557
 95.9375 0.009601
 96.1280 0.009649
 96.3188 0.009682
 96.5072 0.009686
 96.6969 0.009655
 96.8836 0.009689
 97.0699 0.009718
 97.2546 0.009638
 97.4365 0.009547
 97.6185 0.009459
 97.7992 0.009390
 97.9821 0.009454
 98.1597 0.009401
 98.3375 0.009445
 98.5161 0.009426
 98.6938 0.009386
 98.8705 0.009447
 99.0477 0.009424
 99.2226 0.009432
 99.3974 0.009457
 99.5728 0.009488
 99.7470 0.009478
 99.9188 0.009403
100.0922 0.009351
100.2670 0.009288
100.4400 0.009375
100.6150 0.009414
100.7865 0.009385
100.9577 0.009328
101.1287 0.009317
101.3013 0.009294
101.4745 0.009307
101.6436 0.009287
101.8143 0.009305
101.9865 0.009369
102.1571 0.009405
102.3264 0.009403
102.4977 0.009432
102.6666 0.009386
102.8366 0.009454
103.0077 0.009478
103.1784 0.009480
103.3499 0.009484
103.5234 0.009470
103.6943 0.009485
103.8670 0.009599
104.0385 0.009584
104.2092 0.009606
104.3814 0.009587
104.5543 0.009675
104.7280 0.009552
104.9001 0.009529
105.0732 0.009540
105.2486 0.009537
105.4245 0.009594
105.5996 0.009585
105.7771 0.009625
105.9543 0.009664
106.1320 0.009622
106.3087 0.009612
106.4895 0.009606
106.6655 0.009692
106.8442 0.009668
107.0253 0.009770
107.2075 0.009822
107.3915 0.009892
107.5749 0.009903
107.7581 0.009982
107.9402 0.010104
108.1274 0.010100
108.3130 0.010050
108.5005 0.010037
108.6853 0.010004
108.8763 0.010054
109.0686 0.010081
109.2612 0.010000
109.4545 0.010034
109.6503 0.010009
109.8465 0.010073
110.0461 0.010160
110.2468 0.010209
110.4500 0.010279
110.6542 0.010207
110.8591 0.010299
111.0656 0.010380
111.2697 0.010465
111.4791 0.010375
111.6897 0.010436
111.9036 0.010625
112.1205 0.010582
112.3384 0.010613
112.5574 0.010637
112.7811 0.010592
113.0053 0.010551
113.2350 0.010533
113.4685 0.010615
113.6999 0.010721
113.9359 0.010712
114.1789 0.010848
114.4238 0.010874
114.6673 0.010965
114.9176 0.010840
115.1740 0.010972
115.4308 0.011085
115.6923 0.011132
115.9595 0.011287
116.2298 0.011641
116.5038 0.011856
116.7833 0.012059
117.0709 0.011943
117.3635 0.012278
117.6607 0.012216
117.9635 0.012587
118.2776 0.012557
118.5956 0.012596
118.9238 0.012707
119.2593 0.012828
119.5986 0.012710
119.9489 0.012617
120.3151 0.012758
120.6880 0.012756
121.0734 0.012738
121.4728 0.012990
121.8857 0.012889
122.3183 0.013154
122.7643 0.013385
123.2345 0.013617
123.7213 0.013728
124.2270 0.013853
124.7666 0.014149
125.3368 0.014848
125.9408 0.015484
126.5844 0.015726
127.2656 0.015928
127.9962 0.016415
128.8048 0.016873
129.6940 0.017432
130.6794 0.018364
131.7988 0.019619
133.1024 0.021347
134.6413 0.022805
136.5673 0.025100
139.2331 0.029448
139.9078 0.031188
140.6423 0.032363
141.4671 0.035189
142.3942 0.037363
143.4926 0.041175
144.7922 0.045360
146.4280 0.052285
148.6710 0.063021
152.4247 0.087372
156.1599 0.123510
160.7776 0.179852
164.2325 0.258775
