Copyright (C) 1998 James G. MacKinnon, Alfred A. Haug, and Leo Michelis.
 lm0-12-6 3 1
 53.5070 0.081198
 54.3988 0.063334
 55.7443 0.043345
 56.8186 0.032768
 57.9567 0.025515
 58.6780 0.022501
 59.2263 0.019414
 59.6671 0.018068
 60.0463 0.016577
 60.3727 0.015765
 60.6569 0.014494
 60.9057 0.014353
 61.1433 0.014297
 62.0904 0.012878
 62.8049 0.012410
 63.3906 0.011206
 63.8968 0.010076
 64.3272 0.009883
 64.7214 0.009514
 65.0843 0.009232
 65.4170 0.008857
 65.7263 0.008840
 66.0142 0.008800
 66.2850 0.008533
 66.5407 0.008476
 66.7870 0.008477
 67.0193 0.008404
 67.2444 0.008342
 67.4604 0.008180
 67.6671 0.008006
 67.8661 0.007968
 68.0590 0.007860
 68.2465 0.007783
 68.4293 0.007651
 68.6051 0.007614
 68.7800 0.007555
 68.9494 0.007351
 69.1169 0.007280
 69.2809 0.007164
 69.4393 0.007006
 69.5958 0.007011
 69.7461 0.006978
 69.8944 0.006904
 70.0414 0.007008
 70.1862 0.006911
 70.3294 0.006908
 70.4694 0.006970
 70.6110 0.006881
 70.7478 0.006935
 70.8808 0.006817
 71.0129 0.006775
 71.1456 0.006771
 71.2770 0.006769
 71.4047 0.006744
 71.5315 0.006780
 71.6562 0.006739
 71.7793 0.006713
 71.9017 0.006739
 72.0250 0.006726
 72.1473 0.006733
 72.2663 0.006743
 72.3861 0.006725
 72.5038 0.006746
 72.6208 0.006838
 72.7363 0.006770
 72.8532 0.006745
 72.9671 0.006730
 73.0801 0.006729
 73.1944 0.006659
 73.3051 0.006755
 73.4176 0.006781
 73.5289 0.006779
 73.6403 0.006794
 73.7515 0.006777
 73.8604 0.006841
 73.9691 0.006879
 74.0760 0.006895
 74.1822 0.006787
 74.2898 0.006812
 74.3950 0.006809
 74.5017 0.006781
 74.6086 0.006817
 74.7148 0.006920
 74.8211 0.006877
 74.9266 0.006878
 75.0326 0.006884
 75.1376 0.006835
 75.2417 0.006874
 75.3468 0.006842
 75.4518 0.006775
 75.5555 0.006756
 75.6586 0.006750
 75.7633 0.006724
 75.8684 0.006692
 75.9727 0.006750
 76.0761 0.006836
 76.1816 0.006898
 76.2858 0.006888
 76.3901 0.006941
 76.4947 0.006952
 76.5990 0.006936
 76.7023 0.006887
 76.8051 0.006893
 76.9104 0.006865
 77.0152 0.006836
 77.1198 0.006851
 77.2233 0.006908
 77.3269 0.006837
 77.4303 0.006893
 77.5353 0.006786
 77.6400 0.006708
 77.7463 0.006744
 77.8524 0.006758
 77.9576 0.006774
 78.0648 0.006752
 78.1695 0.006829
 78.2756 0.006831
 78.3827 0.006881
 78.4903 0.006863
 78.5991 0.006874
 78.7085 0.006926
 78.8174 0.006990
 78.9251 0.007116
 79.0343 0.007173
 79.1441 0.007133
 79.2540 0.007119
 79.3644 0.007160
 79.4740 0.007142
 79.5839 0.007172
 79.6926 0.007187
 79.8054 0.007057
 79.9186 0.007066
 80.0330 0.007129
 80.1451 0.007107
 80.2606 0.007113
 80.3759 0.007262
 80.4917 0.007309
 80.6073 0.007358
 80.7250 0.007402
 80.8438 0.007405
 80.9640 0.007505
 81.0846 0.007573
 81.2056 0.007672
 81.3286 0.007675
 81.4528 0.007623
 81.5771 0.007628
 81.7033 0.007654
 81.8293 0.007700
 81.9578 0.007755
 82.0867 0.007849
 82.2180 0.007860
 82.3454 0.007839
 82.4776 0.007758
 82.6110 0.007805
 82.7440 0.007672
 82.8797 0.007623
 83.0175 0.007705
 83.1564 0.007740
 83.2983 0.007865
 83.4428 0.007922
 83.5890 0.007941
 83.7344 0.008142
 83.8840 0.008265
 84.0333 0.008363
 84.1871 0.008339
 84.3438 0.008405
 84.5003 0.008512
 84.6624 0.008462
 84.8271 0.008547
 84.9938 0.008574
 85.1657 0.008734
 85.3387 0.008764
 85.5151 0.008875
 85.6931 0.009019
 85.8754 0.009093
 86.0584 0.009278
 86.2492 0.009295
 86.4434 0.009462
 86.6435 0.009572
 86.8491 0.009667
 87.0609 0.009866
 87.2711 0.009921
 87.4885 0.010085
 87.7132 0.010256
 87.9445 0.010127
 88.1864 0.010491
 88.4386 0.010530
 88.6935 0.010678
 88.9629 0.010602
 89.2380 0.010826
 89.5205 0.011217
 89.8164 0.011469
 90.1253 0.011745
 90.4508 0.012023
 90.7921 0.012188
 91.1469 0.012702
 91.5311 0.013150
 91.9404 0.013541
 92.3730 0.014102
 92.8353 0.014756
 93.3387 0.015344
 93.8870 0.016377
 94.4881 0.016577
 95.1571 0.017500
 95.9206 0.018938
 96.7997 0.020687
 97.8820 0.022664
 99.2371 0.025660
101.0463 0.028654
101.5132 0.030408
102.0194 0.031959
102.5887 0.033802
103.2798 0.035795
104.0611 0.039408
105.0009 0.041709
106.1939 0.049341
107.8026 0.060548
110.5692 0.082789
113.2701 0.113643
116.5291 0.172281
118.8884 0.222877
 lm1-12-6 3 1
 56.0204 0.085177
 56.9168 0.064688
 58.3153 0.044371
 59.3992 0.035033
 60.6057 0.027574
 61.3574 0.023458
 61.9232 0.020543
 62.3591 0.017949
 62.7349 0.017095
 63.0677 0.016076
 63.3585 0.015466
 63.6147 0.015016
 63.8557 0.014354
 64.8332 0.012701
 65.5694 0.011881
 66.1656 0.010669
 66.6684 0.010276
 67.1184 0.009909
 67.5212 0.009726
 67.8861 0.009445
 68.2197 0.009322
 68.5333 0.009110
 68.8299 0.009120
 69.1052 0.008549
 69.3665 0.008312
 69.6164 0.008227
 69.8539 0.008129
 70.0819 0.008063
 70.3024 0.007990
 70.5162 0.007884
 70.7193 0.007724
 70.9157 0.007477
 71.1123 0.007448
 71.2973 0.007367
 71.4782 0.007405
 71.6564 0.007386
 71.8261 0.007135
 71.9948 0.007103
 72.1597 0.007273
 72.3213 0.007188
 72.4788 0.007221
 72.6340 0.007200
 72.7839 0.007133
 72.9336 0.007182
 73.0793 0.007241
 73.2240 0.007123
 73.3687 0.007055
 73.5097 0.007010
 73.6492 0.007003
 73.7847 0.006991
 73.9187 0.006818
 74.0508 0.006819
 74.1836 0.006830
 74.3144 0.006890
 74.4440 0.006832
 74.5708 0.006799
 74.6961 0.006816
 74.8202 0.006837
 74.9458 0.006828
 75.0689 0.006880
 75.1887 0.006917
 75.3099 0.006934
 75.4282 0.006786
 75.5475 0.006778
 75.6683 0.006737
 75.7878 0.006698
 75.9046 0.006729
 76.0190 0.006813
 76.1317 0.006909
 76.2443 0.006921
 76.3578 0.006887
 76.4710 0.006964
 76.5821 0.006897
 76.6945 0.006855
 76.8047 0.006873
 76.9171 0.006794
 77.0278 0.006818
 77.1372 0.006847
 77.2483 0.006867
 77.3574 0.006841
 77.4668 0.006828
 77.5749 0.006752
 77.6837 0.006755
 77.7907 0.006811
 77.8979 0.006771
 78.0059 0.006725
 78.1126 0.006782
 78.2195 0.006803
 78.3263 0.006751
 78.4333 0.006701
 78.5388 0.006718
 78.6447 0.006749
 78.7513 0.006692
 78.8569 0.006727
 78.9609 0.006807
 79.0676 0.006900
 79.1736 0.006839
 79.2774 0.006862
 79.3813 0.006883
 79.4867 0.006834
 79.5918 0.006860
 79.6967 0.006763
 79.8022 0.006801
 79.9090 0.006851
 80.0141 0.006860
 80.1193 0.006817
 80.2243 0.006881
 80.3314 0.006865
 80.4366 0.006910
 80.5432 0.006998
 80.6488 0.007037
 80.7547 0.007129
 80.8628 0.007130
 80.9704 0.007103
 81.0777 0.007200
 81.1851 0.007256
 81.2953 0.007308
 81.4022 0.007324
 81.5124 0.007368
 81.6218 0.007428
 81.7314 0.007460
 81.8411 0.007421
 81.9510 0.007443
 82.0597 0.007457
 82.1713 0.007516
 82.2826 0.007506
 82.3936 0.007519
 82.5083 0.007485
 82.6203 0.007509
 82.7325 0.007485
 82.8458 0.007594
 82.9597 0.007545
 83.0744 0.007498
 83.1914 0.007482
 83.3078 0.007553
 83.4251 0.007683
 83.5428 0.007798
 83.6619 0.007837
 83.7829 0.007916
 83.9035 0.007975
 84.0252 0.007930
 84.1456 0.007930
 84.2675 0.007997
 84.3901 0.008068
 84.5177 0.008007
 84.6421 0.007988
 84.7707 0.008033
 84.8994 0.008084
 85.0291 0.008095
 85.1584 0.008054
 85.2900 0.008153
 85.4248 0.008217
 85.5592 0.008156
 85.6951 0.008220
 85.8350 0.008220
 85.9734 0.008268
 86.1139 0.008354
 86.2565 0.008411
 86.3991 0.008543
 86.5459 0.008559
 86.6933 0.008556
 86.8438 0.008686
 86.9938 0.008665
 87.1481 0.008757
 87.3046 0.008913
 87.4615 0.008980
 87.6208 0.009011
 87.7827 0.009120
 87.9462 0.009321
 88.1134 0.009446
 88.2854 0.009579
 88.4610 0.009654
 88.6358 0.009760
 88.8178 0.009900
 89.0031 0.009968
 89.1899 0.010108
 89.3826 0.010237
 89.5810 0.010260
 89.7802 0.010174
 89.9879 0.010067
 90.1990 0.010226
 90.4172 0.010414
 90.6404 0.010464
 90.8721 0.010516
 91.1124 0.010659
 91.3573 0.010873
 91.6101 0.010993
 91.8708 0.011476
 92.1394 0.011454
 92.4199 0.011674
 92.7117 0.012011
 93.0104 0.012299
 93.3264 0.012613
 93.6503 0.013092
 93.9959 0.013231
 94.3606 0.013767
 94.7459 0.013924
 95.1516 0.014736
 95.5905 0.015317
 96.0566 0.015608
 96.5645 0.015938
 97.1288 0.016466
 97.7317 0.017013
 98.4181 0.017698
 99.1923 0.018721
100.0815 0.019820
101.1803 0.022195
102.5077 0.024979
104.3774 0.028701
104.8617 0.029549
105.3880 0.031932
105.9756 0.033647
106.6672 0.035688
107.4595 0.038158
108.4171 0.043930
109.5853 0.050357
111.2540 0.060689
114.0719 0.084722
116.7094 0.111006
120.3139 0.172649
122.8870 0.236102
lm1s-12-6 3 1
 56.8016 0.083710
 57.7025 0.065356
 59.0622 0.046117
 60.1392 0.035928
 61.3194 0.027397
 62.1039 0.022702
 62.6558 0.020205
 63.0891 0.018330
 63.4785 0.016951
 63.7964 0.016074
 64.0876 0.015465
 64.3557 0.014964
 64.5930 0.014467
 65.5672 0.013311
 66.3051 0.011711
 66.9019 0.011189
 67.4094 0.010471
 67.8541 0.010090
 68.2558 0.009609
 68.6281 0.009527
 68.9665 0.009351
 69.2784 0.009101
 69.5720 0.008782
 69.8454 0.008784
 70.1081 0.008655
 70.3568 0.008537
 70.5962 0.008524
 70.8254 0.008326
 71.0482 0.008088
 71.2612 0.007994
 71.4649 0.007751
 71.6647 0.007654
 71.8574 0.007550
 72.0423 0.007410
 72.2229 0.007233
 72.3990 0.007220
 72.5701 0.007209
 72.7383 0.007266
 72.9057 0.007230
 73.0644 0.007197
 73.2238 0.007230
 73.3789 0.007230
 73.5324 0.007228
 73.6810 0.007293
 73.8277 0.007348
 73.9703 0.007262
 74.1131 0.007190
 74.2547 0.007073
 74.3929 0.007036
 74.5289 0.007028
 74.6646 0.007016
 74.7970 0.007052
 74.9294 0.007014
 75.0591 0.006902
 75.1901 0.006844
 75.3175 0.006824
 75.4430 0.006798
 75.5693 0.006781
 75.6953 0.006790
 75.8183 0.006682
 75.9400 0.006780
 76.0615 0.006879
 76.1804 0.006884
 76.2974 0.006868
 76.4144 0.006881
 76.5303 0.006956
 76.6466 0.006956
 76.7625 0.007019
 76.8764 0.006976
 76.9901 0.006978
 77.1044 0.006936
 77.2181 0.006936
 77.3290 0.006961
 77.4417 0.007040
 77.5543 0.006996
 77.6641 0.007018
 77.7745 0.007056
 77.8843 0.006983
 77.9956 0.006878
 78.1033 0.006878
 78.2116 0.006884
 78.3212 0.006997
 78.4281 0.006927
 78.5366 0.006850
 78.6444 0.006829
 78.7509 0.006849
 78.8594 0.006905
 78.9681 0.006924
 79.0759 0.006854
 79.1821 0.006817
 79.2865 0.006834
 79.3914 0.006773
 79.4967 0.006738
 79.6011 0.006705
 79.7042 0.006716
 79.8106 0.006807
 79.9138 0.006743
 80.0193 0.006764
 80.1251 0.006821
 80.2313 0.006783
 80.3377 0.006891
 80.4435 0.006899
 80.5485 0.006924
 80.6512 0.007046
 80.7565 0.007064
 80.8629 0.007124
 80.9668 0.007226
 81.0724 0.007094
 81.1795 0.007179
 81.2867 0.007229
 81.3932 0.007286
 81.5000 0.007338
 81.6083 0.007354
 81.7169 0.007418
 81.8264 0.007530
 81.9348 0.007549
 82.0430 0.007543
 82.1509 0.007627
 82.2588 0.007674
 82.3663 0.007693
 82.4758 0.007615
 82.5861 0.007640
 82.6951 0.007627
 82.8032 0.007593
 82.9169 0.007555
 83.0285 0.007481
 83.1405 0.007435
 83.2533 0.007450
 83.3644 0.007501
 83.4791 0.007533
 83.5923 0.007588
 83.7055 0.007632
 83.8209 0.007588
 83.9370 0.007693
 84.0530 0.007666
 84.1682 0.007745
 84.2844 0.007684
 84.4059 0.007719
 84.5234 0.007733
 84.6430 0.007740
 84.7641 0.007743
 84.8859 0.007676
 85.0072 0.007710
 85.1311 0.007759
 85.2590 0.007813
 85.3871 0.007887
 85.5150 0.007942
 85.6429 0.007924
 85.7724 0.008038
 85.9050 0.008006
 86.0390 0.008098
 86.1741 0.008141
 86.3095 0.008338
 86.4447 0.008470
 86.5842 0.008570
 86.7228 0.008547
 86.8644 0.008547
 87.0063 0.008624
 87.1493 0.008640
 87.2937 0.008745
 87.4421 0.008779
 87.5893 0.008902
 87.7427 0.008879
 87.8946 0.008935
 88.0483 0.009090
 88.2081 0.009120
 88.3713 0.009279
 88.5337 0.009326
 88.6985 0.009446
 88.8655 0.009471
 89.0370 0.009645
 89.2130 0.009460
 89.3899 0.009547
 89.5712 0.009717
 89.7548 0.009724
 89.9433 0.009780
 90.1377 0.009852
 90.3338 0.009876
 90.5361 0.010001
 90.7430 0.009991
 90.9533 0.009894
 91.1742 0.010157
 91.3931 0.010297
 91.6239 0.010314
 91.8592 0.010588
 92.1060 0.010802
 92.3559 0.010911
 92.6185 0.011033
 92.8867 0.011028
 93.1668 0.011359
 93.4525 0.011913
 93.7566 0.012130
 94.0744 0.012487
 94.4017 0.013015
 94.7459 0.013366
 95.1079 0.013577
 95.4933 0.014287
 95.8927 0.014722
 96.3333 0.014961
 96.8024 0.015061
 97.3149 0.015722
 97.8648 0.016304
 98.4807 0.017222
 99.1631 0.017888
 99.9347 0.019052
100.8293 0.020529
101.9065 0.021816
103.2738 0.024995
105.1298 0.029392
105.6117 0.030707
106.1277 0.031624
106.7507 0.033114
107.3924 0.035746
108.1858 0.040037
109.1409 0.043267
110.3100 0.049249
112.0239 0.059801
114.8171 0.083921
117.4669 0.111860
121.0246 0.167333
123.5602 0.235431
 lm2-12-6 3 1
 58.5351 0.086583
 59.5424 0.060909
 60.9577 0.043652
 62.0681 0.034820
 63.2989 0.027979
 64.0779 0.023245
 64.6423 0.020726
 65.0868 0.019400
 65.4847 0.018378
 65.8231 0.017175
 66.1166 0.016538
 66.3710 0.015802
 66.6099 0.015454
 67.5902 0.013837
 68.3436 0.012588
 68.9487 0.011850
 69.4648 0.010797
 69.9162 0.010435
 70.3191 0.009963
 70.6887 0.009906
 71.0314 0.009662
 71.3535 0.009218
 71.6475 0.009177
 71.9282 0.009320
 72.1977 0.009051
 72.4561 0.008991
 72.6964 0.008819
 72.9302 0.008686
 73.1531 0.008604
 73.3642 0.008422
 73.5732 0.008446
 73.7756 0.008324
 73.9688 0.008281
 74.1551 0.008292
 74.3404 0.008335
 74.5206 0.008162
 74.6958 0.008143
 74.8673 0.007978
 75.0345 0.007990
 75.1962 0.007711
 75.3546 0.007690
 75.5120 0.007559
 75.6649 0.007488
 75.8179 0.007426
 75.9658 0.007557
 76.1104 0.007588
 76.2561 0.007623
 76.3989 0.007588
 76.5394 0.007563
 76.6776 0.007481
 76.8134 0.007519
 76.9512 0.007410
 77.0838 0.007331
 77.2157 0.007370
 77.3473 0.007360
 77.4775 0.007298
 77.6036 0.007287
 77.7321 0.007186
 77.8606 0.007136
 77.9857 0.007125
 78.1083 0.007109
 78.2301 0.007134
 78.3512 0.007141
 78.4721 0.007186
 78.5929 0.007232
 78.7100 0.007222
 78.8273 0.007089
 78.9444 0.007200
 79.0609 0.007118
 79.1782 0.007091
 79.2940 0.007114
 79.4076 0.007092
 79.5209 0.007075
 79.6342 0.007118
 79.7469 0.007058
 79.8577 0.006987
 79.9708 0.007071
 80.0821 0.007044
 80.1946 0.007012
 80.3041 0.007029
 80.4136 0.007064
 80.5247 0.007153
 80.6353 0.007107
 80.7446 0.007058
 80.8530 0.006981
 80.9635 0.007040
 81.0712 0.006906
 81.1779 0.006901
 81.2859 0.006956
 81.3930 0.006957
 81.5006 0.006879
 81.6087 0.006924
 81.7160 0.006945
 81.8247 0.007007
 81.9315 0.007070
 82.0389 0.007027
 82.1448 0.007014
 82.2523 0.006935
 82.3608 0.006902
 82.4674 0.006919
 82.5749 0.006893
 82.6813 0.006978
 82.7873 0.007011
 82.8950 0.007051
 83.0007 0.007073
 83.1087 0.007168
 83.2171 0.007152
 83.3252 0.007178
 83.4340 0.007164
 83.5406 0.007242
 83.6497 0.007247
 83.7589 0.007245
 83.8673 0.007225
 83.9766 0.007276
 84.0866 0.007246
 84.1950 0.007206
 84.3043 0.007280
 84.4136 0.007351
 84.5244 0.007331
 84.6356 0.007407
 84.7467 0.007531
 84.8588 0.007480
 84.9720 0.007491
 85.0836 0.007535
 85.1956 0.007496
 85.3091 0.007526
 85.4223 0.007621
 85.5365 0.007716
 85.6508 0.007840
 85.7668 0.007946
 85.8818 0.008078
 85.9979 0.008052
 86.1160 0.008064
 86.2345 0.008112
 86.3526 0.008153
 86.4711 0.008154
 86.5913 0.008200
 86.7118 0.008108
 86.8330 0.008173
 86.9560 0.008265
 87.0802 0.008416
 87.2053 0.008343
 87.3294 0.008401
 87.4553 0.008467
 87.5826 0.008361
 87.7109 0.008496
 87.8389 0.008489
 87.9707 0.008545
 88.1020 0.008423
 88.2321 0.008448
 88.3654 0.008543
 88.5015 0.008664
 88.6379 0.008601
 88.7754 0.008602
 88.9171 0.008649
 89.0577 0.008838
 89.1984 0.008786
 89.3422 0.008727
 89.4889 0.008814
 89.6365 0.008845
 89.7850 0.008840
 89.9360 0.008870
 90.0901 0.008998
 90.2471 0.008901
 90.4052 0.008858
 90.5646 0.008819
 90.7275 0.008991
 90.8936 0.009092
 91.0609 0.009234
 91.2309 0.009267
 91.4022 0.009279
 91.5800 0.009318
 91.7634 0.009323
 91.9501 0.009487
 92.1343 0.009630
 92.3247 0.009857
 92.5203 0.009813
 92.7169 0.009806
 92.9218 0.009851
 93.1300 0.009862
 93.3462 0.009889
 93.5654 0.009980
 93.7918 0.010049
 94.0231 0.010353
 94.2619 0.010548
 94.5066 0.010762
 94.7618 0.010866
 95.0277 0.011253
 95.2946 0.011552
 95.5776 0.011938
 95.8782 0.012183
 96.1821 0.012183
 96.5031 0.012543
 96.8371 0.013129
 97.1843 0.013341
 97.5486 0.013557
 97.9422 0.013470
 98.3583 0.013618
 98.8014 0.014357
 99.2769 0.015512
 99.7914 0.015811
100.3582 0.016576
100.9816 0.017070
101.6721 0.017982
102.4480 0.018814
103.3597 0.021073
104.4593 0.022447
105.8300 0.025560
107.7140 0.029297
108.1888 0.030184
108.7267 0.031001
109.3367 0.031142
110.0307 0.035427
110.8097 0.039980
111.7786 0.044780
113.0400 0.050356
114.7346 0.063151
117.5659 0.088036
120.3259 0.116087
123.9258 0.165637
126.5331 0.243076
lm2s-12-6 3 1
 59.3055 0.087975
 60.3419 0.063490
 61.6643 0.043482
 62.8234 0.035745
 64.0636 0.026204
 64.8237 0.022600
 65.3744 0.020998
 65.8357 0.019444
 66.2159 0.017702
 66.5474 0.017172
 66.8434 0.016631
 67.0944 0.016370
 67.3404 0.015821
 68.3247 0.013999
 69.0747 0.012687
 69.6862 0.011831
 70.2082 0.011156
 70.6562 0.010539
 71.0648 0.010124
 71.4357 0.009748
 71.7805 0.009890
 72.0996 0.009780
 72.4028 0.009587
 72.6809 0.009212
 72.9484 0.008936
 73.2021 0.008897
 73.4425 0.008658
 73.6788 0.008458
 73.8971 0.008279
 74.1125 0.008230
 74.3172 0.008291
 74.5204 0.008384
 74.7156 0.008373
 74.9039 0.008165
 75.0883 0.008041
 75.2672 0.007825
 75.4402 0.007758
 75.6094 0.007682
 75.7756 0.007393
 75.9393 0.007464
 76.0987 0.007436
 76.2581 0.007495
 76.4133 0.007368
 76.5659 0.007447
 76.7149 0.007496
 76.8616 0.007400
 77.0067 0.007394
 77.1478 0.007304
 77.2874 0.007222
 77.4240 0.007213
 77.5604 0.007283
 77.6952 0.007258
 77.8305 0.007094
 77.9639 0.007076
 78.0962 0.007034
 78.2265 0.006973
 78.3553 0.007049
 78.4859 0.007023
 78.6110 0.006938
 78.7372 0.006944
 78.8614 0.007011
 78.9833 0.007038
 79.1035 0.006985
 79.2234 0.006951
 79.3455 0.006918
 79.4657 0.006865
 79.5846 0.006858
 79.7028 0.006912
 79.8192 0.006897
 79.9336 0.006913
 80.0484 0.006858
 80.1623 0.006819
 80.2749 0.006884
 80.3884 0.006845
 80.5011 0.006718
 80.6133 0.006823
 80.7260 0.006773
 80.8364 0.006815
 80.9475 0.006822
 81.0579 0.006761
 81.1692 0.006744
 81.2797 0.006771
 81.3871 0.006743
 81.4975 0.006739
 81.6068 0.006794
 81.7150 0.006867
 81.8231 0.006900
 81.9316 0.006980
 82.0399 0.006980
 82.1487 0.006826
 82.2551 0.006829
 82.3635 0.006810
 82.4718 0.006753
 82.5788 0.006781
 82.6869 0.006644
 82.7929 0.006713
 82.8999 0.006824
 83.0084 0.006944
 83.1132 0.006956
 83.2185 0.006958
 83.3245 0.006987
 83.4317 0.007020
 83.5386 0.007007
 83.6467 0.006940
 83.7564 0.006927
 83.8632 0.006991
 83.9703 0.007001
 84.0782 0.007100
 84.1842 0.007097
 84.2929 0.007178
 84.3992 0.007174
 84.5067 0.007223
 84.6151 0.007239
 84.7247 0.007283
 84.8346 0.007294
 84.9449 0.007370
 85.0549 0.007426
 85.1656 0.007439
 85.2766 0.007470
 85.3875 0.007469
 85.4993 0.007459
 85.6097 0.007533
 85.7222 0.007617
 85.8336 0.007597
 85.9458 0.007663
 86.0568 0.007717
 86.1720 0.007922
 86.2849 0.008025
 86.3992 0.007919
 86.5157 0.007974
 86.6319 0.008022
 86.7493 0.007950
 86.8648 0.007916
 86.9820 0.007978
 87.1026 0.008034
 87.2197 0.008032
 87.3397 0.008164
 87.4608 0.008201
 87.5811 0.008242
 87.7040 0.008275
 87.8273 0.008299
 87.9521 0.008348
 88.0775 0.008328
 88.2015 0.008336
 88.3278 0.008359
 88.4555 0.008417
 88.5859 0.008441
 88.7160 0.008476
 88.8506 0.008562
 88.9840 0.008605
 89.1180 0.008626
 89.2518 0.008658
 89.3887 0.008745
 89.5273 0.008622
 89.6663 0.008670
 89.8050 0.008684
 89.9474 0.008689
 90.0898 0.008729
 90.2359 0.008790
 90.3829 0.008796
 90.5350 0.008704
 90.6860 0.008860
 90.8422 0.008925
 90.9964 0.009016
 91.1543 0.008992
 91.3152 0.009017
 91.4784 0.009109
 91.6434 0.009124
 91.8143 0.009217
 91.9877 0.009357
 92.1614 0.009412
 92.3383 0.009548
 92.5167 0.009593
 92.7004 0.009634
 92.8864 0.009767
 93.0809 0.009914
 93.2756 0.009851
 93.4735 0.009797
 93.6767 0.009955
 93.8810 0.010019
 94.0943 0.010102
 94.3162 0.010293
 94.5425 0.010403
 94.7761 0.010384
 95.0151 0.010599
 95.2601 0.010685
 95.5143 0.011138
 95.7808 0.011304
 96.0520 0.011598
 96.3352 0.011805
 96.6332 0.012077
 96.9381 0.012470
 97.2541 0.012586
 97.5854 0.012963
 97.9333 0.013184
 98.3000 0.013410
 98.6889 0.013653
 99.1118 0.014386
 99.5538 0.014983
100.0287 0.015509
100.5459 0.016048
101.1100 0.016443
101.7322 0.017578
102.4101 0.018228
103.1953 0.019948
104.1199 0.021519
105.2139 0.023388
106.5808 0.025571
108.4678 0.029172
108.9445 0.029824
109.4815 0.030602
110.0652 0.033206
110.7497 0.035935
111.5649 0.038733
112.5509 0.044987
113.7898 0.053552
115.4640 0.063384
118.2572 0.085835
121.0587 0.114567
124.6091 0.174567
127.2310 0.247948
 tr0-12-6 3 1
328.0588 0.331391
332.1346 0.263620
337.8168 0.169545
342.4078 0.124485
347.3027 0.094913
350.2719 0.081448
352.4815 0.074530
354.2515 0.068116
355.7040 0.064605
357.0578 0.059849
358.2423 0.057525
359.2768 0.053922
360.1836 0.052719
363.9888 0.047624
366.8385 0.042188
369.1174 0.038826
371.0443 0.037153
372.7344 0.036576
374.2672 0.035091
375.6439 0.034114
376.8870 0.033843
378.0310 0.032164
379.1158 0.031484
380.1223 0.030624
381.0748 0.030530
381.9836 0.029883
382.8501 0.029273
383.6802 0.028232
384.4764 0.027922
385.2293 0.027062
385.9612 0.026447
386.6753 0.026326
387.3583 0.025820
388.0301 0.025533
388.6722 0.024849
389.3055 0.024584
389.9144 0.024388
390.5046 0.023895
391.0863 0.023546
391.6546 0.023209
392.2090 0.022873
392.7442 0.022693
393.2760 0.022946
393.7967 0.022970
394.3126 0.022610
394.8125 0.022346
395.3076 0.022139
395.7899 0.022261
396.2659 0.022180
396.7399 0.022208
397.2014 0.022023
397.6632 0.022192
398.1076 0.021920
398.5497 0.021830
398.9897 0.021481
399.4247 0.021379
399.8578 0.021320
400.2868 0.021324
400.7035 0.021087
401.1162 0.021222
401.5297 0.021132
401.9389 0.021119
402.3417 0.021063
402.7396 0.020817
403.1343 0.020790
403.5267 0.020800
403.9180 0.020554
404.3071 0.020506
404.6829 0.020533
405.0670 0.020627
405.4435 0.020659
405.8207 0.020744
406.1972 0.020940
406.5630 0.020920
406.9336 0.020971
407.2976 0.021197
407.6627 0.021309
408.0282 0.021397
408.3865 0.021189
408.7433 0.021150
409.1021 0.021008
409.4574 0.020837
409.8100 0.020861
410.1594 0.020934
410.5082 0.020886
410.8620 0.020957
411.2115 0.020863
411.5566 0.020939
411.9058 0.020910
412.2529 0.020951
412.5975 0.020749
412.9390 0.020659
413.2853 0.020597
413.6281 0.020636
413.9743 0.020779
414.3183 0.020788
414.6571 0.020714
414.9987 0.020831
415.3351 0.020606
415.6726 0.020709
416.0101 0.020557
416.3520 0.020601
416.6852 0.020614
417.0251 0.020512
417.3602 0.020420
417.6984 0.020277
418.0363 0.020435
418.3757 0.020662
418.7110 0.020645
419.0473 0.020806
419.3862 0.020815
419.7256 0.020930
420.0616 0.020894
420.4033 0.020845
420.7372 0.020922
421.0775 0.020820
421.4187 0.020771
421.7592 0.020778
422.0948 0.020852
422.4370 0.020926
422.7734 0.020993
423.1168 0.020933
423.4567 0.020879
423.8015 0.020554
424.1419 0.020645
424.4853 0.020773
424.8267 0.020454
425.1764 0.020496
425.5224 0.020257
425.8740 0.020316
426.2263 0.020451
426.5809 0.020659
426.9333 0.020747
427.2922 0.020941
427.6461 0.021203
428.0048 0.021123
428.3620 0.020787
428.7305 0.020914
429.0911 0.020796
429.4585 0.020803
429.8280 0.021021
430.1992 0.021201
430.5727 0.020985
430.9439 0.021038
431.3194 0.021050
431.6999 0.021108
432.0874 0.021344
432.4654 0.021703
432.8522 0.021959
433.2453 0.021730
433.6372 0.022026
434.0323 0.021900
434.4358 0.022225
434.8439 0.022202
435.2542 0.021987
435.6651 0.022005
436.0830 0.022290
436.4990 0.022321
436.9255 0.022547
437.3598 0.022630
437.7955 0.022777
438.2337 0.022840
438.6774 0.023076
439.1266 0.023074
439.5860 0.022987
440.0415 0.023304
440.5018 0.023381
440.9772 0.023598
441.4533 0.023913
441.9376 0.024093
442.4264 0.023985
442.9309 0.024026
443.4428 0.023950
443.9621 0.023982
444.4906 0.024059
445.0271 0.024293
445.5790 0.024276
446.1400 0.024158
446.7147 0.024333
447.3022 0.024581
447.9019 0.025030
448.5116 0.025331
449.1348 0.025699
449.7759 0.026329
450.4362 0.026616
451.1200 0.026299
451.8304 0.026506
452.5469 0.026442
453.2832 0.026982
454.0462 0.027545
454.8285 0.028339
455.6538 0.028406
456.5181 0.029555
457.4239 0.030677
458.3759 0.031874
459.3719 0.032181
460.4189 0.032099
461.5058 0.032845
462.6686 0.034034
463.9218 0.034329
465.2871 0.034710
466.7569 0.036335
468.3788 0.038123
470.1481 0.041238
472.1554 0.042176
474.4744 0.045655
477.2042 0.048087
480.6525 0.054743
485.3123 0.062568
486.4855 0.065443
487.8024 0.069076
489.2368 0.070047
490.8209 0.075639
492.7189 0.082416
494.9974 0.092264
497.9850 0.105099
501.9067 0.130262
508.5752 0.176256
514.5798 0.224723
522.5516 0.345822
528.4171 0.454262
 tr1-12-6 3 1
349.8705 0.340532
354.0672 0.243830
359.5115 0.172983
364.2612 0.132509
369.2557 0.100636
372.4075 0.086461
374.7259 0.076695
376.5780 0.070931
378.1175 0.067730
379.4658 0.063938
380.6570 0.060985
381.7017 0.058283
382.6840 0.056965
386.5082 0.047932
389.4290 0.043988
391.8235 0.041901
393.7944 0.039024
395.5258 0.037129
397.0783 0.035674
398.5075 0.034456
399.7998 0.033063
400.9853 0.032938
402.0940 0.031607
403.1544 0.030479
404.1341 0.029899
405.0509 0.028671
405.9458 0.028420
406.7935 0.027743
407.5971 0.027119
408.3790 0.026579
409.1246 0.026383
409.8484 0.026177
410.5558 0.025161
411.2380 0.025204
411.9052 0.025276
412.5471 0.025258
413.1626 0.025129
413.7775 0.024805
414.3718 0.024675
414.9553 0.024646
415.5175 0.024169
416.0701 0.023960
416.6198 0.023899
417.1564 0.023596
417.6817 0.023315
418.1968 0.022997
418.6978 0.022675
419.1940 0.022514
419.6924 0.022109
420.1797 0.021908
420.6580 0.021632
421.1227 0.021893
421.5861 0.021904
422.0437 0.021982
422.5063 0.021841
422.9509 0.021874
423.3962 0.021957
423.8304 0.021875
424.2557 0.021861
424.6828 0.021490
425.1061 0.021629
425.5216 0.021486
425.9289 0.021276
426.3383 0.021132
426.7462 0.021163
427.1530 0.021155
427.5569 0.021082
427.9499 0.020866
428.3447 0.020767
428.7340 0.020714
429.1153 0.020656
429.4972 0.020458
429.8785 0.020334
430.2577 0.020476
430.6401 0.020451
431.0154 0.020505
431.3899 0.020755
431.7614 0.020676
432.1337 0.020623
432.4963 0.020680
432.8599 0.020658
433.2220 0.020594
433.5861 0.020640
433.9500 0.020699
434.3148 0.020856
434.6731 0.020635
435.0300 0.020360
435.3892 0.020573
435.7418 0.020387
436.0989 0.020150
436.4493 0.020103
436.7975 0.020054
437.1489 0.020211
437.4985 0.020277
437.8469 0.020261
438.1921 0.020386
438.5383 0.020313
438.8865 0.020431
439.2301 0.020612
439.5804 0.020577
439.9244 0.020571
440.2715 0.020623
440.6200 0.020678
440.9674 0.020420
441.3137 0.020525
441.6555 0.020186
441.9993 0.020155
442.3396 0.020085
442.6854 0.020174
443.0263 0.020211
443.3732 0.020089
443.7161 0.020032
444.0611 0.019949
444.4027 0.019884
444.7469 0.020095
445.0931 0.019989
445.4401 0.019969
445.7957 0.019955
446.1414 0.020034
446.4890 0.020097
446.8372 0.019937
447.1846 0.019919
447.5339 0.020001
447.8894 0.020138
448.2376 0.020293
448.5982 0.020327
448.9538 0.020313
449.3120 0.020228
449.6700 0.020202
450.0274 0.020454
450.3875 0.020533
450.7417 0.020820
451.0999 0.020820
451.4643 0.020918
451.8300 0.021017
452.1935 0.020970
452.5650 0.021153
452.9434 0.020949
453.3126 0.020787
453.6890 0.020847
454.0679 0.020813
454.4427 0.021039
454.8240 0.021415
455.2067 0.021489
455.5934 0.021604
455.9848 0.021740
456.3767 0.021924
456.7672 0.021963
457.1616 0.022205
457.5618 0.022200
457.9611 0.022339
458.3598 0.022649
458.7712 0.022527
459.1786 0.022497
459.6009 0.022660
460.0223 0.022955
460.4508 0.023105
460.8760 0.023120
461.3120 0.023101
461.7548 0.023132
462.1993 0.023396
462.6480 0.023465
463.1015 0.023494
463.5596 0.023361
464.0269 0.023399
464.5062 0.023461
464.9752 0.023264
465.4541 0.023174
465.9441 0.023536
466.4471 0.023728
466.9558 0.023934
467.4718 0.023974
467.9901 0.024150
468.5228 0.024064
469.0678 0.024428
469.6192 0.024323
470.1840 0.024843
470.7619 0.024809
471.3481 0.024837
471.9492 0.025277
472.5542 0.025390
473.1741 0.025256
473.8152 0.025990
474.4723 0.026115
475.1530 0.026735
475.8502 0.027403
476.5696 0.027742
477.3099 0.028170
478.0801 0.028100
478.8665 0.028067
479.6775 0.028297
480.5126 0.029205
481.3961 0.029800
482.3081 0.029447
483.2832 0.029949
484.2847 0.030996
485.3527 0.031475
486.4730 0.032403
487.6706 0.033488
488.9560 0.034357
490.3434 0.036058
491.8404 0.037263
493.4865 0.038186
495.3014 0.041690
497.3985 0.043184
499.7846 0.046507
502.5897 0.048517
506.1270 0.054214
510.9075 0.061561
512.1411 0.066421
513.4697 0.071333
514.9779 0.075839
516.6302 0.076946
518.5627 0.084365
520.8816 0.094243
523.7915 0.112634
527.8687 0.126517
534.5116 0.176180
540.9124 0.241745
549.2688 0.361236
554.8208 0.471562
tr1s-12-6 3 1
361.0685 0.334878
365.2157 0.272170
371.0551 0.176966
375.7472 0.133336
380.9282 0.096629
384.1138 0.084356
386.4007 0.079618
388.2330 0.073674
389.7912 0.067140
391.1647 0.063530
392.3642 0.061175
393.3972 0.059124
394.3598 0.057591
398.2101 0.049775
401.1753 0.044434
403.5299 0.041220
405.5479 0.038681
407.3044 0.036041
408.8839 0.034479
410.2939 0.033014
411.5807 0.032309
412.7705 0.031215
413.8998 0.030651
414.9448 0.029793
415.9243 0.029854
416.8546 0.028862
417.7499 0.027573
418.6028 0.027289
419.4142 0.027088
420.2042 0.026825
420.9622 0.026434
421.7013 0.026029
422.4153 0.025888
423.0966 0.025817
423.7550 0.025968
424.3900 0.025240
425.0091 0.025155
425.6146 0.024676
426.2145 0.024193
426.8110 0.024016
427.3841 0.023879
427.9408 0.023734
428.4888 0.023528
429.0281 0.023031
429.5512 0.022788
430.0692 0.022836
430.5832 0.022360
431.0843 0.022061
431.5780 0.022069
432.0641 0.022054
432.5505 0.022121
433.0253 0.021606
433.4959 0.021314
433.9586 0.021196
434.4125 0.021092
434.8567 0.020798
435.3038 0.021093
435.7487 0.020966
436.1841 0.020778
436.6077 0.020918
437.0290 0.021021
437.4512 0.020747
437.8623 0.020850
438.2736 0.020710
438.6853 0.020550
439.0927 0.020765
439.4899 0.020851
439.8900 0.020665
440.2787 0.020902
440.6725 0.021137
441.0624 0.021181
441.4439 0.021022
441.8246 0.021404
442.2094 0.021191
442.5905 0.020993
442.9715 0.020912
443.3478 0.021138
443.7156 0.020881
444.0876 0.021085
444.4567 0.020974
444.8316 0.021158
445.1935 0.021228
445.5595 0.021026
445.9283 0.020993
446.2965 0.020812
446.6520 0.020813
447.0102 0.020559
447.3625 0.020580
447.7211 0.020380
448.0738 0.020352
448.4296 0.020396
448.7810 0.020162
449.1326 0.020152
449.4845 0.020125
449.8283 0.020077
450.1713 0.019953
450.5261 0.020088
450.8742 0.020162
451.2247 0.020109
451.5745 0.020209
451.9168 0.020319
452.2619 0.020221
452.6062 0.020378
452.9520 0.020315
453.2978 0.020109
453.6392 0.020125
453.9831 0.020165
454.3259 0.020480
454.6753 0.020666
455.0191 0.020680
455.3681 0.020520
455.7170 0.020620
456.0643 0.020570
456.4106 0.020727
456.7547 0.020581
457.1027 0.020454
457.4519 0.020671
457.8011 0.020694
458.1515 0.020817
458.5023 0.020642
458.8505 0.020560
459.2035 0.020292
459.5582 0.020388
459.9106 0.020499
460.2645 0.020574
460.6193 0.020633
460.9753 0.020661
461.3298 0.020758
461.6832 0.020900
462.0447 0.020800
462.4017 0.020948
462.7657 0.020972
463.1278 0.020969
463.4929 0.020927
463.8603 0.020828
464.2345 0.021082
464.6061 0.021166
464.9776 0.021297
465.3479 0.021425
465.7258 0.021626
466.1145 0.021792
466.4954 0.021850
466.8791 0.021868
467.2595 0.022135
467.6448 0.022162
468.0405 0.022379
468.4352 0.022287
468.8353 0.021969
469.2367 0.021908
469.6367 0.021874
470.0397 0.021912
470.4508 0.021941
470.8652 0.022157
471.2775 0.022156
471.6961 0.022239
472.1135 0.022447
472.5488 0.022462
472.9786 0.022310
473.4085 0.022350
473.8497 0.022262
474.2942 0.022361
474.7451 0.022783
475.1991 0.023003
475.6544 0.023200
476.1174 0.023172
476.5911 0.023212
477.0734 0.023189
477.5569 0.023680
478.0512 0.023642
478.5523 0.023639
479.0588 0.023896
479.5738 0.024056
480.1045 0.024571
480.6377 0.024828
481.1825 0.024747
481.7357 0.024837
482.3049 0.024801
482.8889 0.025088
483.4724 0.025349
484.0793 0.025375
484.6870 0.025951
485.3217 0.026186
485.9688 0.026899
486.6187 0.027261
487.2886 0.027394
487.9819 0.027222
488.7032 0.027741
489.4268 0.027531
490.1986 0.027836
490.9914 0.028275
491.7973 0.028198
492.6480 0.028617
493.5338 0.028911
494.4696 0.029110
495.4396 0.029820
496.4581 0.030546
497.5273 0.031603
498.6830 0.031725
499.8765 0.032655
501.1611 0.034045
502.5458 0.035670
504.0710 0.036363
505.7387 0.037716
507.5764 0.041274
509.6356 0.043712
512.0178 0.047922
514.8509 0.051797
518.3752 0.056828
523.1786 0.067033
524.4244 0.067941
525.7602 0.069842
527.2303 0.074596
528.9450 0.079280
530.9175 0.085175
533.3132 0.094338
536.2499 0.104908
540.2088 0.132852
546.8301 0.173938
553.1455 0.237901
561.6022 0.346734
567.4499 0.472953
 tr2-12-6 3 1
371.3523 0.374812
375.7356 0.275463
381.9910 0.182488
386.8846 0.139253
392.0045 0.103000
395.2638 0.086024
397.6695 0.079631
399.5442 0.073318
401.1097 0.067957
402.4589 0.063627
403.7007 0.061109
404.8091 0.058272
405.8102 0.056371
409.7494 0.047457
412.7343 0.043849
415.1337 0.041238
417.1403 0.037835
418.9299 0.036163
420.5194 0.034117
421.9529 0.032640
423.2729 0.031660
424.5091 0.030878
425.6652 0.030209
426.7439 0.029821
427.7439 0.029721
428.6976 0.029326
429.6142 0.028956
430.4893 0.028695
431.3228 0.028135
432.1234 0.027487
432.9002 0.026840
433.6441 0.025817
434.3679 0.025639
435.0622 0.024752
435.7346 0.024765
436.3873 0.024764
437.0340 0.024327
437.6638 0.024269
438.2825 0.023554
438.8759 0.023393
439.4592 0.022892
440.0331 0.023061
440.5945 0.023270
441.1424 0.023383
441.6795 0.023588
442.2123 0.023707
442.7353 0.023271
443.2454 0.023008
443.7486 0.022552
444.2502 0.022509
444.7366 0.022324
445.2146 0.022080
445.6951 0.021865
446.1644 0.021535
446.6213 0.021524
447.0860 0.021358
447.5332 0.021365
447.9810 0.021373
448.4191 0.021058
448.8551 0.021119
449.2846 0.021023
449.7083 0.020906
450.1327 0.020907
450.5532 0.021005
450.9668 0.021103
451.3757 0.021097
451.7794 0.021028
452.1820 0.021172
452.5899 0.021294
452.9879 0.021205
453.3885 0.020891
453.7823 0.021069
454.1721 0.020906
454.5573 0.020835
454.9471 0.020913
455.3335 0.021083
455.7137 0.020980
456.0909 0.020949
456.4732 0.020992
456.8496 0.021235
457.2256 0.021220
457.5967 0.021256
457.9724 0.021208
458.3407 0.021008
458.7099 0.020797
459.0759 0.021123
459.4417 0.021054
459.8080 0.021058
460.1745 0.021092
460.5370 0.020972
460.9005 0.020938
461.2633 0.021015
461.6203 0.021255
461.9781 0.021387
462.3378 0.021392
462.6906 0.021320
463.0491 0.021320
463.4061 0.021330
463.7632 0.021319
464.1222 0.021262
464.4752 0.021080
464.8321 0.021157
465.1771 0.021117
465.5300 0.021013
465.8814 0.021086
466.2367 0.020975
466.5844 0.020871
466.9428 0.020923
467.2905 0.020813
467.6412 0.020862
467.9938 0.020691
468.3465 0.020791
468.6956 0.020859
469.0549 0.020840
469.4088 0.020720
469.7632 0.020832
470.1161 0.020905
470.4717 0.020907
470.8279 0.021036
471.1883 0.021293
471.5450 0.021353
471.9047 0.021506
472.2688 0.021780
472.6249 0.021823
472.9885 0.021952
473.3470 0.022066
473.7134 0.022132
474.0719 0.022173
474.4382 0.022301
474.8046 0.022313
475.1711 0.022319
475.5379 0.022261
475.9065 0.022255
476.2771 0.022330
476.6498 0.022500
477.0259 0.022337
477.3994 0.022373
477.7805 0.022267
478.1602 0.022253
478.5461 0.022325
478.9322 0.022098
479.3148 0.022185
479.7058 0.022100
480.1029 0.022104
480.4994 0.022402
480.8996 0.022253
481.3037 0.022257
481.7049 0.022378
482.1085 0.022410
482.5200 0.022236
482.9348 0.022284
483.3515 0.022197
483.7728 0.022464
484.1914 0.022637
484.6214 0.022733
485.0519 0.022907
485.4856 0.023278
485.9252 0.023110
486.3676 0.023428
486.8167 0.023359
487.2752 0.023578
487.7367 0.023612
488.1932 0.023810
488.6639 0.023636
489.1324 0.024149
489.6188 0.024426
490.0978 0.024303
490.5945 0.024488
491.1030 0.024558
491.6100 0.024463
492.1330 0.024707
492.6605 0.024774
493.1960 0.025160
493.7323 0.025365
494.2811 0.025511
494.8404 0.025586
495.4206 0.025886
496.0079 0.026027
496.6060 0.026253
497.2226 0.026733
497.8503 0.026752
498.4926 0.027054
499.1544 0.027319
499.8281 0.027443
500.5115 0.027348
501.2214 0.027231
501.9403 0.027257
502.6935 0.027454
503.4735 0.027803
504.2796 0.028152
505.1173 0.028310
505.9963 0.028253
506.8921 0.029165
507.8256 0.029879
508.8033 0.030749
509.8409 0.031691
510.9358 0.032643
512.0817 0.032800
513.3125 0.033859
514.6251 0.035236
516.0348 0.035823
517.5831 0.036772
519.2814 0.037291
521.1368 0.040610
523.2231 0.042364
525.6271 0.046666
528.5089 0.051511
532.1160 0.056375
536.9734 0.065119
538.2395 0.069554
539.6204 0.073205
541.1333 0.076085
542.8676 0.080192
544.9020 0.089077
547.2581 0.098958
550.2920 0.107841
554.4977 0.127893
561.1725 0.173219
567.2974 0.240240
575.1972 0.358441
581.6658 0.479990
tr2s-12-6 3 1
383.1096 0.367210
387.7690 0.267448
393.7620 0.185440
398.4498 0.139023
403.7604 0.100419
406.9911 0.085923
409.3924 0.078143
411.2941 0.070659
412.9523 0.065798
414.3455 0.061915
415.5201 0.059842
416.6587 0.057244
417.6242 0.054980
421.5632 0.048423
424.5410 0.043959
426.9370 0.039533
428.9751 0.036767
430.7899 0.034904
432.3902 0.033630
433.8307 0.032667
435.1551 0.031577
436.3813 0.031031
437.5284 0.029644
438.6085 0.028922
439.6355 0.028600
440.6077 0.028215
441.5353 0.027845
442.4223 0.027622
443.2601 0.026549
444.0705 0.026410
444.8420 0.025790
445.5910 0.025814
446.3188 0.025885
447.0197 0.025709
447.6951 0.025854
448.3556 0.025333
449.0008 0.025010
449.6252 0.025030
450.2336 0.024326
450.8191 0.024456
451.4020 0.024278
451.9679 0.023845
452.5253 0.023945
453.0758 0.023467
453.6181 0.023094
454.1449 0.023341
454.6732 0.023365
455.1917 0.023143
455.6967 0.022838
456.1950 0.022743
456.6870 0.022604
457.1642 0.022397
457.6412 0.022248
458.1055 0.022118
458.5743 0.022029
459.0346 0.021919
459.4826 0.021964
459.9274 0.021776
460.3648 0.021728
460.8021 0.021670
461.2395 0.021614
461.6678 0.021460
462.0937 0.021129
462.5120 0.021044
462.9336 0.021132
463.3429 0.021264
463.7514 0.021250
464.1621 0.021342
464.5671 0.021222
464.9659 0.021204
465.3640 0.021087
465.7548 0.021008
466.1449 0.021033
466.5363 0.021325
466.9225 0.021442
467.3037 0.021171
467.6908 0.021279
468.0748 0.021111
468.4529 0.021074
468.8275 0.021063
469.2069 0.021082
469.5787 0.021184
469.9510 0.021130
470.3160 0.021223
470.6793 0.021038
471.0495 0.020969
471.4204 0.020912
471.7895 0.021086
472.1591 0.021335
472.5179 0.021254
472.8821 0.021062
473.2406 0.021034
473.6031 0.021169
473.9623 0.021129
474.3189 0.021038
474.6825 0.020995
475.0400 0.020844
475.3992 0.020692
475.7547 0.020697
476.1145 0.020749
476.4716 0.020516
476.8220 0.020397
477.1726 0.020392
477.5277 0.020620
477.8799 0.020561
478.2299 0.020535
478.5862 0.020754
478.9422 0.020903
479.2995 0.021062
479.6549 0.021282
480.0062 0.021502
480.3555 0.021324
480.7083 0.021264
481.0591 0.021261
481.4137 0.021414
481.7675 0.021540
482.1215 0.021612
482.4809 0.021669
482.8387 0.021617
483.1922 0.021766
483.5527 0.021857
483.9093 0.021867
484.2708 0.021911
484.6307 0.022019
484.9914 0.022063
485.3513 0.022227
485.7135 0.022063
486.0799 0.022022
486.4426 0.021973
486.8134 0.022015
487.1855 0.022009
487.5538 0.022164
487.9267 0.022220
488.3008 0.022237
488.6756 0.022259
489.0523 0.022288
489.4309 0.022238
489.8093 0.021988
490.1880 0.022133
490.5734 0.022203
490.9612 0.021967
491.3469 0.022029
491.7384 0.021987
492.1359 0.022220
492.5317 0.022242
492.9287 0.022022
493.3326 0.021850
493.7383 0.021701
494.1443 0.021734
494.5547 0.022023
494.9641 0.022119
495.3844 0.022178
495.8033 0.022436
496.2274 0.022541
496.6524 0.022932
497.0904 0.022609
497.5311 0.022499
497.9706 0.022668
498.4145 0.022766
498.8588 0.022853
499.3117 0.022939
499.7756 0.023194
500.2449 0.023470
500.7155 0.023556
501.1929 0.023945
501.6733 0.023906
502.1680 0.024033
502.6600 0.024076
503.1663 0.024430
503.6845 0.024555
504.1987 0.024750
504.7252 0.024633
505.2574 0.024799
505.8023 0.024955
506.3538 0.025017
506.9181 0.025145
507.4975 0.025297
508.0881 0.026103
508.6805 0.026076
509.2955 0.026311
509.9173 0.026730
510.5511 0.026851
511.2153 0.027110
511.8857 0.027515
512.5789 0.027951
513.2974 0.028134
514.0337 0.028044
514.7852 0.028051
515.5584 0.028945
516.3650 0.029218
517.2052 0.029887
518.0661 0.029711
518.9591 0.029891
519.8931 0.030625
520.8770 0.030657
521.9001 0.031403
523.0054 0.032214
524.1707 0.033474
525.4055 0.033770
526.7205 0.034939
528.1439 0.035071
529.6762 0.036042
531.3710 0.037602
533.2122 0.040329
535.3285 0.042963
537.7801 0.045742
540.6545 0.052010
544.2411 0.055759
549.1083 0.065886
550.3847 0.069159
551.7014 0.072746
553.2581 0.076761
554.9804 0.079356
556.9751 0.084035
559.4175 0.093318
562.5403 0.111467
566.6682 0.135279
573.3322 0.180412
579.7201 0.245893
587.7887 0.370966
593.4927 0.465420
