Copyright (C) 1998 James G. MacKinnon, Alfred A. Haug, and Leo Michelis.
 lm0-04-0 2 1
  4.8520 0.011508
  5.1359 0.009222
  5.5381 0.006774
  5.8983 0.005291
  6.2989 0.004118
  6.5617 0.003792
  6.7625 0.003657
  6.9255 0.003467
  7.0610 0.003242
  7.1816 0.003059
  7.2903 0.002992
  7.3880 0.002855
  7.4770 0.002754
  7.8435 0.002429
  8.1297 0.002242
  8.3686 0.002106
  8.5741 0.002079
  8.7570 0.001983
  8.9218 0.001997
  9.0728 0.001959
  9.2145 0.001894
  9.3472 0.001825
  9.4724 0.001799
  9.5900 0.001822
  9.7024 0.001767
  9.8103 0.001703
  9.9141 0.001710
 10.0131 0.001693
 10.1092 0.001675
 10.2023 0.001673
 10.2924 0.001648
 10.3801 0.001651
 10.4658 0.001659
 10.5487 0.001641
 10.6297 0.001644
 10.7089 0.001629
 10.7869 0.001675
 10.8631 0.001680
 10.9379 0.001696
 11.0115 0.001700
 11.0836 0.001688
 11.1554 0.001678
 11.2249 0.001674
 11.2944 0.001665
 11.3622 0.001649
 11.4297 0.001626
 11.4961 0.001641
 11.5617 0.001609
 11.6269 0.001624
 11.6909 0.001641
 11.7546 0.001647
 11.8166 0.001633
 11.8790 0.001613
 11.9405 0.001602
 12.0017 0.001585
 12.0621 0.001605
 12.1219 0.001610
 12.1820 0.001616
 12.2415 0.001606
 12.3003 0.001616
 12.3584 0.001609
 12.4165 0.001624
 12.4742 0.001625
 12.5313 0.001633
 12.5884 0.001639
 12.6451 0.001661
 12.7015 0.001664
 12.7575 0.001684
 12.8135 0.001687
 12.8694 0.001676
 12.9250 0.001681
 12.9807 0.001698
 13.0359 0.001718
 13.0908 0.001732
 13.1458 0.001732
 13.2002 0.001715
 13.2547 0.001722
 13.3091 0.001741
 13.3634 0.001736
 13.4179 0.001716
 13.4722 0.001722
 13.5263 0.001748
 13.5799 0.001747
 13.6336 0.001730
 13.6871 0.001736
 13.7409 0.001754
 13.7948 0.001750
 13.8487 0.001747
 13.9027 0.001762
 13.9563 0.001766
 14.0099 0.001767
 14.0634 0.001766
 14.1172 0.001781
 14.1710 0.001775
 14.2248 0.001777
 14.2783 0.001781
 14.3325 0.001769
 14.3864 0.001776
 14.4405 0.001782
 14.4950 0.001775
 14.5490 0.001787
 14.6033 0.001804
 14.6581 0.001818
 14.7121 0.001817
 14.7667 0.001820
 14.8214 0.001819
 14.8760 0.001819
 14.9310 0.001826
 14.9864 0.001849
 15.0418 0.001854
 15.0975 0.001856
 15.1533 0.001852
 15.2092 0.001845
 15.2656 0.001839
 15.3219 0.001829
 15.3785 0.001815
 15.4350 0.001811
 15.4925 0.001825
 15.5502 0.001842
 15.6080 0.001837
 15.6659 0.001858
 15.7238 0.001875
 15.7822 0.001860
 15.8414 0.001851
 15.9007 0.001838
 15.9601 0.001845
 16.0201 0.001840
 16.0798 0.001858
 16.1400 0.001875
 16.2008 0.001881
 16.2621 0.001886
 16.3240 0.001899
 16.3866 0.001894
 16.4488 0.001877
 16.5120 0.001857
 16.5756 0.001879
 16.6394 0.001897
 16.7038 0.001909
 16.7687 0.001926
 16.8343 0.001975
 16.9003 0.001972
 16.9672 0.002007
 17.0344 0.002016
 17.1026 0.002034
 17.1713 0.002031
 17.2406 0.002052
 17.3107 0.002065
 17.3812 0.002074
 17.4520 0.002069
 17.5234 0.002060
 17.5965 0.002069
 17.6698 0.002083
 17.7442 0.002097
 17.8198 0.002062
 17.8964 0.002073
 17.9741 0.002090
 18.0523 0.002120
 18.1315 0.002145
 18.2124 0.002163
 18.2932 0.002161
 18.3751 0.002152
 18.4584 0.002188
 18.5433 0.002191
 18.6299 0.002200
 18.7178 0.002203
 18.8064 0.002233
 18.8972 0.002285
 18.9896 0.002320
 19.0835 0.002339
 19.1794 0.002354
 19.2772 0.002394
 19.3763 0.002387
 19.4780 0.002415
 19.5817 0.002435
 19.6880 0.002476
 19.7963 0.002448
 19.9070 0.002500
 20.0207 0.002534
 20.1366 0.002588
 20.2556 0.002621
 20.3783 0.002649
 20.5037 0.002714
 20.6321 0.002779
 20.7660 0.002836
 20.9042 0.002903
 21.0466 0.002977
 21.1933 0.002999
 21.3452 0.003061
 21.5028 0.003103
 21.6676 0.003154
 21.8377 0.003205
 22.0172 0.003195
 22.2034 0.003367
 22.4013 0.003451
 22.6078 0.003537
 22.8259 0.003724
 23.0579 0.003875
 23.3047 0.004017
 23.5692 0.004176
 23.8539 0.004342
 24.1630 0.004536
 24.5034 0.004697
 24.8793 0.004878
 25.2988 0.005179
 25.7779 0.005411
 26.3414 0.005797
 27.0171 0.006417
 27.8719 0.007425
 29.0621 0.009055
 29.3715 0.009623
 29.7107 0.010290
 30.0922 0.010793
 30.5332 0.011678
 31.0468 0.012859
 31.6574 0.014664
 32.4623 0.016960
 33.5676 0.018507
 35.4545 0.026693
 37.2837 0.035052
 39.6741 0.056018
 41.4192 0.079950
 lm1-04-0 2 1
  6.7132 0.013751
  7.0211 0.010573
  7.5159 0.007394
  7.9400 0.006297
  8.4031 0.004977
  8.7003 0.004331
  8.9302 0.004047
  9.1189 0.003822
  9.2775 0.003697
  9.4141 0.003502
  9.5375 0.003390
  9.6503 0.003236
  9.7523 0.003194
 10.1709 0.002758
 10.4940 0.002582
 10.7617 0.002434
 10.9932 0.002368
 11.1974 0.002289
 11.3836 0.002166
 11.5537 0.002057
 11.7122 0.002106
 11.8603 0.002065
 11.9996 0.002026
 12.1301 0.001992
 12.2557 0.001951
 12.3771 0.001968
 12.4914 0.001977
 12.6009 0.001984
 12.7069 0.001970
 12.8097 0.001982
 12.9095 0.001933
 13.0058 0.001910
 13.1000 0.001898
 13.1918 0.001861
 13.2814 0.001852
 13.3684 0.001860
 13.4547 0.001850
 13.5390 0.001832
 13.6214 0.001813
 13.7024 0.001794
 13.7823 0.001772
 13.8604 0.001766
 13.9376 0.001751
 14.0137 0.001747
 14.0885 0.001749
 14.1627 0.001761
 14.2348 0.001770
 14.3066 0.001777
 14.3777 0.001797
 14.4482 0.001800
 14.5174 0.001792
 14.5860 0.001769
 14.6543 0.001765
 14.7218 0.001775
 14.7884 0.001766
 14.8545 0.001774
 14.9202 0.001756
 14.9854 0.001764
 15.0495 0.001779
 15.1139 0.001795
 15.1775 0.001774
 15.2413 0.001782
 15.3041 0.001783
 15.3670 0.001789
 15.4294 0.001752
 15.4911 0.001756
 15.5525 0.001773
 15.6141 0.001761
 15.6757 0.001756
 15.7359 0.001751
 15.7964 0.001772
 15.8564 0.001778
 15.9159 0.001776
 15.9755 0.001765
 16.0354 0.001775
 16.0949 0.001780
 16.1539 0.001795
 16.2130 0.001799
 16.2721 0.001810
 16.3306 0.001810
 16.3894 0.001793
 16.4480 0.001758
 16.5065 0.001776
 16.5650 0.001775
 16.6231 0.001757
 16.6814 0.001762
 16.7398 0.001761
 16.7980 0.001758
 16.8562 0.001751
 16.9143 0.001753
 16.9726 0.001773
 17.0308 0.001770
 17.0888 0.001774
 17.1474 0.001797
 17.2057 0.001806
 17.2641 0.001831
 17.3221 0.001834
 17.3806 0.001850
 17.4387 0.001851
 17.4971 0.001857
 17.5556 0.001868
 17.6144 0.001863
 17.6734 0.001868
 17.7324 0.001867
 17.7914 0.001872
 17.8510 0.001889
 17.9098 0.001875
 17.9692 0.001880
 18.0290 0.001880
 18.0889 0.001886
 18.1486 0.001891
 18.2086 0.001882
 18.2688 0.001881
 18.3294 0.001882
 18.3904 0.001891
 18.4512 0.001908
 18.5125 0.001903
 18.5737 0.001896
 18.6354 0.001897
 18.6974 0.001884
 18.7594 0.001883
 18.8221 0.001908
 18.8847 0.001935
 18.9476 0.001954
 19.0116 0.001951
 19.0758 0.001965
 19.1400 0.001976
 19.2047 0.001961
 19.2699 0.001975
 19.3353 0.001990
 19.4012 0.001980
 19.4671 0.001990
 19.5338 0.002011
 19.6007 0.002016
 19.6681 0.002033
 19.7360 0.002043
 19.8045 0.002026
 19.8739 0.002035
 19.9429 0.002050
 20.0134 0.002082
 20.0841 0.002122
 20.1559 0.002139
 20.2281 0.002149
 20.3009 0.002142
 20.3737 0.002144
 20.4477 0.002170
 20.5222 0.002159
 20.5975 0.002167
 20.6736 0.002162
 20.7507 0.002163
 20.8288 0.002167
 20.9075 0.002166
 20.9872 0.002201
 21.0683 0.002203
 21.1497 0.002215
 21.2327 0.002241
 21.3158 0.002200
 21.4010 0.002227
 21.4862 0.002290
 21.5724 0.002341
 21.6604 0.002346
 21.7507 0.002343
 21.8416 0.002369
 21.9338 0.002404
 22.0277 0.002414
 22.1224 0.002420
 22.2192 0.002440
 22.3182 0.002442
 22.4186 0.002450
 22.5202 0.002470
 22.6229 0.002498
 22.7286 0.002515
 22.8363 0.002525
 22.9462 0.002525
 23.0587 0.002577
 23.1731 0.002648
 23.2907 0.002670
 23.4105 0.002719
 23.5342 0.002730
 23.6614 0.002733
 23.7918 0.002705
 23.9254 0.002747
 24.0636 0.002824
 24.2062 0.002903
 24.3512 0.002930
 24.5022 0.002966
 24.6581 0.003039
 24.8202 0.003074
 24.9875 0.003157
 25.1603 0.003263
 25.3419 0.003276
 25.5310 0.003349
 25.7300 0.003421
 25.9366 0.003477
 26.1547 0.003579
 26.3869 0.003668
 26.6320 0.003810
 26.8928 0.003912
 27.1725 0.003965
 27.4714 0.004106
 27.7943 0.004284
 28.1512 0.004492
 28.5464 0.004730
 28.9893 0.005051
 29.4955 0.005614
 30.0831 0.006218
 30.8012 0.007068
 31.7065 0.008066
 32.9513 0.009548
 33.2739 0.010142
 33.6255 0.010557
 34.0246 0.011192
 34.4797 0.011685
 35.0250 0.012618
 35.6909 0.013712
 36.5288 0.015996
 37.6935 0.019150
 39.6131 0.025723
 41.4764 0.038076
 43.9781 0.060629
 45.9331 0.084275
lm1s-04-0 2 1
  7.2658 0.014295
  7.6162 0.011728
  8.1119 0.007895
  8.5421 0.006223
  9.0296 0.005056
  9.3358 0.004601
  9.5677 0.004211
  9.7548 0.003908
  9.9167 0.003622
 10.0585 0.003466
 10.1850 0.003360
 10.2993 0.003297
 10.4035 0.003220
 10.8294 0.002823
 11.1578 0.002564
 11.4311 0.002362
 11.6667 0.002300
 11.8761 0.002284
 12.0635 0.002220
 12.2366 0.002175
 12.3976 0.002104
 12.5471 0.002072
 12.6881 0.002096
 12.8224 0.002075
 12.9491 0.002057
 13.0691 0.001981
 13.1862 0.001990
 13.2993 0.001981
 13.4068 0.001927
 13.5114 0.001915
 13.6121 0.001922
 13.7102 0.001878
 13.8053 0.001863
 13.8982 0.001828
 13.9886 0.001830
 14.0784 0.001782
 14.1656 0.001785
 14.2502 0.001770
 14.3337 0.001758
 14.4156 0.001742
 14.4963 0.001729
 14.5751 0.001737
 14.6533 0.001723
 14.7304 0.001729
 14.8058 0.001754
 14.8807 0.001774
 14.9543 0.001778
 15.0271 0.001778
 15.0990 0.001788
 15.1698 0.001785
 15.2398 0.001798
 15.3099 0.001811
 15.3781 0.001801
 15.4458 0.001774
 15.5136 0.001769
 15.5803 0.001774
 15.6472 0.001772
 15.7129 0.001782
 15.7779 0.001771
 15.8424 0.001763
 15.9062 0.001741
 15.9698 0.001736
 16.0332 0.001734
 16.0961 0.001721
 16.1591 0.001724
 16.2215 0.001735
 16.2837 0.001741
 16.3452 0.001741
 16.4069 0.001717
 16.4683 0.001738
 16.5291 0.001724
 16.5894 0.001717
 16.6499 0.001716
 16.7104 0.001708
 16.7707 0.001709
 16.8304 0.001721
 16.8899 0.001742
 16.9495 0.001739
 17.0095 0.001727
 17.0687 0.001720
 17.1282 0.001709
 17.1878 0.001743
 17.2466 0.001756
 17.3053 0.001758
 17.3643 0.001766
 17.4229 0.001771
 17.4816 0.001766
 17.5400 0.001771
 17.5988 0.001750
 17.6575 0.001742
 17.7160 0.001730
 17.7748 0.001747
 17.8338 0.001762
 17.8924 0.001758
 17.9512 0.001766
 18.0108 0.001771
 18.0696 0.001759
 18.1287 0.001764
 18.1870 0.001767
 18.2462 0.001796
 18.3053 0.001799
 18.3643 0.001832
 18.4234 0.001840
 18.4824 0.001833
 18.5415 0.001840
 18.6016 0.001856
 18.6610 0.001847
 18.7206 0.001839
 18.7808 0.001845
 18.8408 0.001827
 18.9014 0.001852
 18.9620 0.001876
 19.0233 0.001868
 19.0838 0.001855
 19.1454 0.001873
 19.2068 0.001881
 19.2678 0.001880
 19.3295 0.001894
 19.3915 0.001907
 19.4533 0.001937
 19.5159 0.001948
 19.5787 0.001965
 19.6422 0.001962
 19.7058 0.001955
 19.7699 0.001970
 19.8343 0.001982
 19.8986 0.001983
 19.9638 0.001988
 20.0287 0.001995
 20.0943 0.002030
 20.1608 0.002050
 20.2273 0.002073
 20.2940 0.002081
 20.3617 0.002112
 20.4296 0.002099
 20.4981 0.002103
 20.5669 0.002105
 20.6367 0.002108
 20.7065 0.002110
 20.7766 0.002125
 20.8477 0.002129
 20.9194 0.002132
 20.9920 0.002158
 21.0651 0.002131
 21.1384 0.002154
 21.2128 0.002154
 21.2880 0.002161
 21.3638 0.002136
 21.4403 0.002145
 21.5179 0.002158
 21.5952 0.002178
 21.6745 0.002198
 21.7545 0.002199
 21.8354 0.002206
 21.9170 0.002250
 21.9995 0.002269
 22.0846 0.002272
 22.1694 0.002264
 22.2561 0.002249
 22.3443 0.002255
 22.4329 0.002259
 22.5217 0.002240
 22.6124 0.002282
 22.7051 0.002306
 22.7987 0.002322
 22.8941 0.002372
 22.9907 0.002376
 23.0898 0.002365
 23.1899 0.002359
 23.2921 0.002412
 23.3949 0.002489
 23.5016 0.002530
 23.6103 0.002581
 23.7219 0.002565
 23.8352 0.002558
 23.9506 0.002524
 24.0686 0.002554
 24.1903 0.002623
 24.3141 0.002677
 24.4401 0.002696
 24.5707 0.002703
 24.7044 0.002785
 24.8417 0.002866
 24.9840 0.002917
 25.1291 0.002944
 25.2811 0.003038
 25.4379 0.003091
 25.6003 0.003146
 25.7669 0.003184
 25.9413 0.003181
 26.1232 0.003256
 26.3135 0.003326
 26.5116 0.003381
 26.7212 0.003446
 26.9406 0.003520
 27.1731 0.003708
 27.4168 0.003711
 27.6785 0.003855
 27.9561 0.003989
 28.2588 0.004092
 28.5839 0.004241
 28.9410 0.004428
 29.3366 0.004696
 29.7798 0.005081
 30.2898 0.005550
 30.8841 0.006164
 31.5979 0.006667
 32.5069 0.007930
 33.7490 0.009433
 34.0700 0.009817
 34.4230 0.010543
 34.8221 0.011307
 35.2853 0.011654
 35.8343 0.012448
 36.4907 0.013668
 37.3250 0.016505
 38.4974 0.019460
 40.4085 0.026012
 42.2852 0.037678
 44.8117 0.061961
 46.7126 0.086838
 lm2-04-0 2 1
  8.6099 0.015128
  8.9811 0.011606
  9.5458 0.008924
 10.0128 0.006789
 10.5364 0.005403
 10.8768 0.004650
 11.1291 0.004406
 11.3331 0.004112
 11.5081 0.003747
 11.6613 0.003684
 11.7994 0.003544
 11.9231 0.003445
 12.0372 0.003371
 12.5022 0.002989
 12.8597 0.002812
 13.1550 0.002748
 13.4102 0.002556
 13.6357 0.002501
 13.8401 0.002377
 14.0284 0.002288
 14.2027 0.002274
 14.3629 0.002203
 14.5140 0.002110
 14.6575 0.002112
 14.7946 0.002067
 14.9250 0.002037
 15.0498 0.002021
 15.1696 0.002022
 15.2851 0.001981
 15.3973 0.001981
 15.5054 0.001911
 15.6106 0.001894
 15.7133 0.001877
 15.8137 0.001868
 15.9113 0.001891
 16.0063 0.001913
 16.0993 0.001927
 16.1899 0.001934
 16.2796 0.001900
 16.3681 0.001896
 16.4547 0.001901
 16.5391 0.001907
 16.6231 0.001893
 16.7053 0.001875
 16.7865 0.001843
 16.8661 0.001815
 16.9447 0.001814
 17.0224 0.001795
 17.0991 0.001767
 17.1751 0.001791
 17.2506 0.001799
 17.3253 0.001806
 17.3988 0.001811
 17.4716 0.001842
 17.5433 0.001823
 17.6149 0.001835
 17.6856 0.001830
 17.7559 0.001839
 17.8256 0.001844
 17.8950 0.001848
 17.9640 0.001852
 18.0323 0.001860
 18.1002 0.001841
 18.1669 0.001861
 18.2343 0.001878
 18.3007 0.001882
 18.3671 0.001897
 18.4330 0.001911
 18.4993 0.001905
 18.5647 0.001914
 18.6297 0.001904
 18.6938 0.001889
 18.7583 0.001901
 18.8227 0.001916
 18.8868 0.001927
 18.9509 0.001934
 19.0147 0.001928
 19.0784 0.001899
 19.1415 0.001895
 19.2049 0.001917
 19.2676 0.001908
 19.3311 0.001918
 19.3940 0.001921
 19.4565 0.001918
 19.5195 0.001916
 19.5823 0.001919
 19.6448 0.001919
 19.7070 0.001941
 19.7698 0.001926
 19.8314 0.001932
 19.8937 0.001928
 19.9560 0.001929
 20.0181 0.001916
 20.0806 0.001934
 20.1433 0.001942
 20.2055 0.001954
 20.2678 0.001962
 20.3302 0.001950
 20.3927 0.001951
 20.4552 0.001933
 20.5177 0.001948
 20.5805 0.001967
 20.6435 0.001966
 20.7063 0.001971
 20.7691 0.001963
 20.8328 0.001967
 20.8965 0.001969
 20.9596 0.001979
 21.0230 0.002004
 21.0863 0.002011
 21.1497 0.002017
 21.2137 0.002012
 21.2781 0.002016
 21.3428 0.002032
 21.4076 0.002031
 21.4729 0.001994
 21.5384 0.001986
 21.6037 0.002007
 21.6695 0.002020
 21.7356 0.002026
 21.8018 0.002024
 21.8681 0.002037
 21.9351 0.002025
 22.0024 0.002035
 22.0696 0.002056
 22.1378 0.002067
 22.2059 0.002072
 22.2744 0.002100
 22.3441 0.002094
 22.4131 0.002096
 22.4832 0.002094
 22.5534 0.002083
 22.6248 0.002066
 22.6963 0.002093
 22.7677 0.002104
 22.8408 0.002118
 22.9137 0.002119
 22.9873 0.002124
 23.0609 0.002141
 23.1358 0.002161
 23.2106 0.002181
 23.2865 0.002183
 23.3632 0.002198
 23.4400 0.002181
 23.5177 0.002238
 23.5960 0.002264
 23.6754 0.002268
 23.7560 0.002299
 23.8376 0.002308
 23.9196 0.002333
 24.0024 0.002350
 24.0859 0.002343
 24.1704 0.002346
 24.2560 0.002352
 24.3422 0.002367
 24.4300 0.002381
 24.5178 0.002424
 24.6071 0.002462
 24.6979 0.002444
 24.7902 0.002466
 24.8843 0.002506
 24.9788 0.002569
 25.0750 0.002549
 25.1721 0.002572
 25.2711 0.002588
 25.3711 0.002598
 25.4729 0.002626
 25.5767 0.002640
 25.6812 0.002608
 25.7887 0.002610
 25.8982 0.002644
 26.0091 0.002652
 26.1226 0.002688
 26.2393 0.002764
 26.3573 0.002773
 26.4788 0.002776
 26.6020 0.002815
 26.7294 0.002835
 26.8591 0.002856
 26.9918 0.002916
 27.1286 0.002974
 27.2689 0.003008
 27.4128 0.003049
 27.5615 0.003086
 27.7155 0.003115
 27.8739 0.003191
 28.0373 0.003296
 28.2064 0.003326
 28.3818 0.003392
 28.5646 0.003406
 28.7567 0.003453
 28.9551 0.003551
 29.1629 0.003590
 29.3814 0.003621
 29.6103 0.003750
 29.8534 0.003848
 30.1080 0.003921
 30.3835 0.004049
 30.6775 0.004167
 30.9935 0.004259
 31.3361 0.004397
 31.7109 0.004612
 32.1253 0.004889
 32.5883 0.005072
 33.1173 0.005531
 33.7309 0.006221
 34.4709 0.006837
 35.4093 0.007624
 36.7057 0.009522
 37.0363 0.009799
 37.4098 0.010544
 37.8290 0.011125
 38.3038 0.012081
 38.8585 0.012953
 39.5361 0.014563
 40.4077 0.017076
 41.5878 0.021152
 43.6021 0.026893
 45.5564 0.038527
 48.1279 0.059716
 50.0185 0.083581
lm2s-04-0 2 1
  9.3084 0.014620
  9.6703 0.011785
 10.2353 0.008410
 10.7096 0.006982
 11.2445 0.005485
 11.5842 0.004919
 11.8389 0.004495
 12.0465 0.004167
 12.2227 0.003946
 12.3789 0.003720
 12.5183 0.003544
 12.6424 0.003447
 12.7577 0.003351
 13.2268 0.003065
 13.5866 0.002925
 13.8832 0.002742
 14.1419 0.002634
 14.3696 0.002483
 14.5749 0.002367
 14.7633 0.002329
 14.9365 0.002299
 15.0996 0.002282
 15.2518 0.002204
 15.3968 0.002164
 15.5332 0.002099
 15.6648 0.002075
 15.7911 0.002013
 15.9119 0.002018
 16.0283 0.002002
 16.1407 0.002004
 16.2496 0.001982
 16.3555 0.002008
 16.4587 0.002013
 16.5590 0.002044
 16.6572 0.002020
 16.7530 0.002000
 16.8475 0.001964
 16.9393 0.001958
 17.0284 0.001926
 17.1171 0.001918
 17.2042 0.001925
 17.2897 0.001907
 17.3738 0.001921
 17.4571 0.001894
 17.5378 0.001850
 17.6183 0.001872
 17.6976 0.001882
 17.7758 0.001894
 17.8534 0.001862
 17.9294 0.001877
 18.0049 0.001852
 18.0793 0.001862
 18.1530 0.001855
 18.2265 0.001854
 18.2984 0.001873
 18.3705 0.001866
 18.4416 0.001865
 18.5122 0.001874
 18.5824 0.001921
 18.6516 0.001888
 18.7201 0.001889
 18.7882 0.001884
 18.8563 0.001892
 18.9241 0.001904
 18.9910 0.001902
 19.0579 0.001891
 19.1246 0.001882
 19.1911 0.001864
 19.2569 0.001870
 19.3229 0.001859
 19.3885 0.001870
 19.4535 0.001869
 19.5179 0.001885
 19.5826 0.001894
 19.6469 0.001890
 19.7106 0.001907
 19.7749 0.001911
 19.8387 0.001913
 19.9021 0.001917
 19.9655 0.001919
 20.0292 0.001899
 20.0924 0.001918
 20.1557 0.001921
 20.2187 0.001937
 20.2811 0.001940
 20.3436 0.001933
 20.4062 0.001910
 20.4692 0.001893
 20.5318 0.001898
 20.5940 0.001924
 20.6566 0.001930
 20.7189 0.001922
 20.7820 0.001910
 20.8444 0.001921
 20.9072 0.001921
 20.9697 0.001940
 21.0324 0.001939
 21.0949 0.001917
 21.1575 0.001906
 21.2205 0.001915
 21.2838 0.001922
 21.3472 0.001928
 21.4103 0.001919
 21.4734 0.001938
 21.5367 0.001920
 21.6001 0.001934
 21.6638 0.001952
 21.7277 0.001958
 21.7910 0.001946
 21.8541 0.001962
 21.9180 0.001959
 21.9825 0.001955
 22.0472 0.001962
 22.1116 0.001964
 22.1762 0.001987
 22.2414 0.002003
 22.3065 0.002014
 22.3722 0.002033
 22.4379 0.002035
 22.5043 0.002043
 22.5705 0.002059
 22.6373 0.002046
 22.7044 0.002058
 22.7718 0.002062
 22.8398 0.002076
 22.9083 0.002094
 22.9767 0.002092
 23.0455 0.002114
 23.1142 0.002120
 23.1836 0.002138
 23.2536 0.002154
 23.3242 0.002177
 23.3953 0.002179
 23.4668 0.002158
 23.5391 0.002172
 23.6118 0.002185
 23.6847 0.002208
 23.7582 0.002220
 23.8328 0.002227
 23.9079 0.002262
 23.9838 0.002274
 24.0596 0.002284
 24.1367 0.002289
 24.2142 0.002276
 24.2921 0.002266
 24.3709 0.002270
 24.4502 0.002288
 24.5307 0.002299
 24.6110 0.002293
 24.6924 0.002325
 24.7755 0.002343
 24.8593 0.002353
 24.9443 0.002376
 25.0292 0.002416
 25.1156 0.002439
 25.2030 0.002453
 25.2916 0.002471
 25.3807 0.002477
 25.4719 0.002499
 25.5641 0.002471
 25.6567 0.002489
 25.7518 0.002501
 25.8482 0.002518
 25.9455 0.002564
 26.0444 0.002582
 26.1445 0.002597
 26.2463 0.002650
 26.3503 0.002679
 26.4556 0.002691
 26.5626 0.002737
 26.6729 0.002774
 26.7844 0.002765
 26.8990 0.002735
 27.0149 0.002763
 27.1340 0.002790
 27.2562 0.002795
 27.3804 0.002835
 27.5069 0.002902
 27.6372 0.002940
 27.7698 0.003019
 27.9072 0.003025
 28.0469 0.003049
 28.1919 0.003146
 28.3412 0.003132
 28.4937 0.003211
 28.6522 0.003224
 28.8173 0.003216
 28.9873 0.003249
 29.1634 0.003289
 29.3457 0.003320
 29.5359 0.003342
 29.7355 0.003466
 29.9436 0.003551
 30.1606 0.003589
 30.3878 0.003713
 30.6321 0.003720
 30.8910 0.003882
 31.1648 0.003994
 31.4577 0.004146
 31.7726 0.004324
 32.1162 0.004450
 32.4927 0.004722
 32.9047 0.004908
 33.3663 0.005322
 33.8970 0.005696
 34.5104 0.006196
 35.2499 0.006884
 36.1912 0.007813
 37.4871 0.009426
 37.8200 0.009689
 38.1885 0.010467
 38.6113 0.011194
 39.0875 0.011704
 39.6485 0.013071
 40.3307 0.014695
 41.1794 0.017536
 42.3806 0.020684
 44.4039 0.027797
 46.3619 0.037534
 48.8991 0.062281
 50.8018 0.086460
 tr0-04-0 3 1
 10.2333 0.038485
 10.7879 0.029220
 11.5902 0.020887
 12.2737 0.017390
 13.0033 0.013277
 13.4727 0.011839
 13.8349 0.010532
 14.1269 0.009599
 14.3642 0.009064
 14.5782 0.008840
 14.7727 0.008572
 14.9480 0.008321
 15.1082 0.008032
 15.7475 0.007059
 16.2424 0.006675
 16.6542 0.006406
 17.0035 0.006066
 17.3190 0.005962
 17.5995 0.005878
 17.8569 0.005671
 18.0935 0.005564
 18.3161 0.005493
 18.5227 0.005517
 18.7244 0.005352
 18.9141 0.005172
 19.0954 0.004962
 19.2662 0.005003
 19.4310 0.004898
 19.5920 0.004860
 19.7462 0.004827
 19.8940 0.004853
 20.0379 0.004916
 20.1788 0.004891
 20.3159 0.004854
 20.4476 0.004862
 20.5789 0.004810
 20.7052 0.004762
 20.8291 0.004702
 20.9501 0.004642
 21.0702 0.004677
 21.1870 0.004629
 21.3026 0.004598
 21.4159 0.004635
 21.5267 0.004584
 21.6357 0.004553
 21.7443 0.004527
 21.8530 0.004520
 21.9582 0.004630
 22.0621 0.004679
 22.1638 0.004608
 22.2641 0.004601
 22.3640 0.004606
 22.4630 0.004575
 22.5608 0.004605
 22.6558 0.004594
 22.7518 0.004596
 22.8481 0.004589
 22.9416 0.004637
 23.0342 0.004630
 23.1268 0.004580
 23.2192 0.004568
 23.3104 0.004555
 23.4015 0.004578
 23.4898 0.004549
 23.5774 0.004543
 23.6665 0.004530
 23.7553 0.004565
 23.8433 0.004568
 23.9310 0.004599
 24.0177 0.004623
 24.1045 0.004656
 24.1903 0.004672
 24.2738 0.004647
 24.3589 0.004601
 24.4443 0.004595
 24.5296 0.004596
 24.6141 0.004556
 24.6979 0.004536
 24.7827 0.004505
 24.8660 0.004521
 24.9488 0.004518
 25.0321 0.004504
 25.1156 0.004519
 25.1993 0.004528
 25.2800 0.004532
 25.3627 0.004470
 25.4447 0.004465
 25.5267 0.004455
 25.6086 0.004475
 25.6900 0.004441
 25.7723 0.004427
 25.8534 0.004402
 25.9355 0.004396
 26.0185 0.004345
 26.1002 0.004366
 26.1827 0.004331
 26.2647 0.004342
 26.3453 0.004410
 26.4278 0.004416
 26.5080 0.004363
 26.5907 0.004404
 26.6721 0.004315
 26.7541 0.004319
 26.8356 0.004358
 26.9187 0.004355
 27.0008 0.004356
 27.0828 0.004386
 27.1657 0.004419
 27.2494 0.004454
 27.3322 0.004508
 27.4148 0.004498
 27.4981 0.004510
 27.5821 0.004510
 27.6657 0.004520
 27.7490 0.004527
 27.8334 0.004549
 27.9179 0.004634
 28.0025 0.004679
 28.0880 0.004717
 28.1736 0.004745
 28.2600 0.004798
 28.3465 0.004817
 28.4330 0.004914
 28.5201 0.004921
 28.6076 0.004943
 28.6954 0.004960
 28.7839 0.005025
 28.8723 0.005030
 28.9610 0.005002
 29.0505 0.005037
 29.1408 0.005036
 29.2313 0.005005
 29.3229 0.005029
 29.4140 0.005051
 29.5053 0.005079
 29.5984 0.005091
 29.6916 0.005173
 29.7861 0.005129
 29.8820 0.005191
 29.9769 0.005117
 30.0737 0.005123
 30.1714 0.005062
 30.2700 0.005109
 30.3679 0.005145
 30.4675 0.005139
 30.5677 0.005199
 30.6677 0.005257
 30.7702 0.005248
 30.8729 0.005268
 30.9777 0.005294
 31.0838 0.005362
 31.1890 0.005316
 31.2957 0.005371
 31.4038 0.005367
 31.5142 0.005429
 31.6256 0.005452
 31.7356 0.005550
 31.8489 0.005620
 31.9634 0.005663
 32.0791 0.005709
 32.1974 0.005702
 32.3163 0.005767
 32.4377 0.005749
 32.5607 0.005814
 32.6853 0.005852
 32.8114 0.005858
 32.9415 0.005931
 33.0726 0.005943
 33.2071 0.005933
 33.3427 0.005944
 33.4805 0.005935
 33.6202 0.005917
 33.7629 0.006032
 33.9077 0.006142
 34.0565 0.006230
 34.2067 0.006418
 34.3592 0.006464
 34.5189 0.006521
 34.6811 0.006576
 34.8495 0.006644
 35.0154 0.006661
 35.1902 0.006723
 35.3702 0.006781
 35.5550 0.006881
 35.7471 0.006993
 35.9452 0.007154
 36.1465 0.007202
 36.3536 0.007336
 36.5715 0.007432
 36.7962 0.007576
 37.0334 0.007693
 37.2763 0.007832
 37.5345 0.007826
 37.8000 0.007958
 38.0784 0.008288
 38.3729 0.008573
 38.6839 0.008919
 39.0207 0.009112
 39.3752 0.009503
 39.7558 0.009838
 40.1681 0.010337
 40.6180 0.010867
 41.1120 0.011181
 41.6718 0.011918
 42.3069 0.012390
 43.0444 0.013702
 43.9304 0.014892
 45.0449 0.017095
 46.6015 0.019567
 46.9824 0.020593
 47.4289 0.022071
 47.9050 0.023894
 48.4716 0.025902
 49.1072 0.027805
 49.9331 0.029691
 50.9146 0.033977
 52.3087 0.040546
 54.6080 0.054912
 56.8167 0.077634
 59.6134 0.113635
 61.8022 0.173007
 tr1-04-0 3 1
 15.0754 0.047847
 15.8223 0.035672
 16.7910 0.025344
 17.5693 0.019814
 18.4654 0.016872
 19.0473 0.014541
 19.4751 0.013442
 19.8320 0.012495
 20.1333 0.011990
 20.4009 0.011542
 20.6311 0.011033
 20.8462 0.010462
 21.0365 0.010062
 21.8163 0.008941
 22.4130 0.008289
 22.9067 0.007901
 23.3273 0.007654
 23.6975 0.007359
 24.0295 0.006917
 24.3344 0.006920
 24.6181 0.006679
 24.8801 0.006529
 25.1256 0.006461
 25.3600 0.006399
 25.5804 0.006218
 25.7915 0.006110
 25.9932 0.006073
 26.1868 0.006014
 26.3721 0.005946
 26.5510 0.005979
 26.7246 0.005996
 26.8928 0.006001
 27.0593 0.005930
 27.2183 0.005837
 27.3713 0.005815
 27.5229 0.005878
 27.6694 0.005770
 27.8117 0.005742
 27.9530 0.005719
 28.0927 0.005685
 28.2275 0.005685
 28.3591 0.005608
 28.4908 0.005623
 28.6202 0.005615
 28.7475 0.005593
 28.8713 0.005608
 28.9951 0.005530
 29.1157 0.005500
 29.2387 0.005493
 29.3576 0.005457
 29.4756 0.005460
 29.5900 0.005405
 29.7036 0.005359
 29.8155 0.005319
 29.9271 0.005294
 30.0397 0.005219
 30.1503 0.005184
 30.2586 0.005178
 30.3666 0.005141
 30.4741 0.005078
 30.5814 0.005067
 30.6871 0.005062
 30.7922 0.005045
 30.8948 0.005039
 30.9980 0.005020
 31.1003 0.005047
 31.2019 0.005028
 31.3045 0.005010
 31.4047 0.005005
 31.5039 0.004946
 31.6029 0.004906
 31.7023 0.004865
 31.8020 0.004810
 31.9008 0.004789
 31.9988 0.004804
 32.0971 0.004808
 32.1941 0.004804
 32.2916 0.004779
 32.3873 0.004827
 32.4837 0.004814
 32.5796 0.004822
 32.6762 0.004865
 32.7722 0.004868
 32.8669 0.004837
 32.9601 0.004812
 33.0540 0.004804
 33.1487 0.004824
 33.2420 0.004819
 33.3363 0.004775
 33.4303 0.004786
 33.5242 0.004807
 33.6174 0.004776
 33.7109 0.004787
 33.8041 0.004798
 33.8971 0.004799
 33.9908 0.004797
 34.0854 0.004804
 34.1796 0.004771
 34.2721 0.004755
 34.3652 0.004741
 34.4586 0.004766
 34.5514 0.004748
 34.6455 0.004798
 34.7406 0.004831
 34.8360 0.004801
 34.9295 0.004830
 35.0237 0.004868
 35.1172 0.004896
 35.2103 0.004922
 35.3050 0.004938
 35.3994 0.004954
 35.4937 0.005004
 35.5877 0.005049
 35.6830 0.005040
 35.7779 0.005098
 35.8744 0.005103
 35.9704 0.005070
 36.0682 0.005067
 36.1665 0.005105
 36.2633 0.005086
 36.3612 0.005110
 36.4594 0.005145
 36.5566 0.005134
 36.6551 0.005152
 36.7555 0.005160
 36.8537 0.005142
 36.9538 0.005163
 37.0529 0.005210
 37.1538 0.005178
 37.2555 0.005157
 37.3579 0.005206
 37.4614 0.005237
 37.5651 0.005281
 37.6683 0.005320
 37.7732 0.005273
 37.8794 0.005322
 37.9846 0.005301
 38.0901 0.005300
 38.1976 0.005259
 38.3062 0.005336
 38.4154 0.005362
 38.5248 0.005409
 38.6336 0.005476
 38.7446 0.005521
 38.8570 0.005546
 38.9692 0.005571
 39.0826 0.005676
 39.1981 0.005728
 39.3161 0.005724
 39.4340 0.005732
 39.5535 0.005765
 39.6736 0.005802
 39.7934 0.005847
 39.9130 0.005847
 40.0359 0.005903
 40.1610 0.005876
 40.2853 0.005890
 40.4117 0.005964
 40.5412 0.006008
 40.6726 0.005965
 40.8050 0.006030
 40.9378 0.006067
 41.0737 0.006137
 41.2103 0.006200
 41.3510 0.006184
 41.4931 0.006315
 41.6364 0.006410
 41.7816 0.006447
 41.9304 0.006545
 42.0804 0.006597
 42.2339 0.006673
 42.3890 0.006748
 42.5468 0.006814
 42.7070 0.006853
 42.8727 0.006856
 43.0392 0.006938
 43.2123 0.007111
 43.3892 0.007184
 43.5698 0.007285
 43.7511 0.007454
 43.9420 0.007448
 44.1339 0.007510
 44.3361 0.007665
 44.5448 0.007722
 44.7568 0.007823
 44.9762 0.007979
 45.1992 0.007969
 45.4332 0.008226
 45.6758 0.008328
 45.9255 0.008496
 46.1830 0.008404
 46.4515 0.008499
 46.7331 0.008938
 47.0310 0.009227
 47.3430 0.009261
 47.6671 0.009722
 48.0096 0.009966
 48.3719 0.010492
 48.7589 0.010878
 49.1823 0.011118
 49.6394 0.011362
 50.1329 0.011663
 50.6819 0.012205
 51.3038 0.012708
 52.0082 0.013094
 52.8241 0.014057
 53.7928 0.015211
 55.0187 0.017135
 56.6902 0.020737
 57.1133 0.022182
 57.5746 0.023024
 58.1058 0.024276
 58.7084 0.026305
 59.4321 0.027915
 60.2986 0.031229
 61.3932 0.034579
 62.8802 0.043042
 65.3154 0.063701
 67.8460 0.083243
 70.8551 0.127700
 72.9822 0.180033
tr1s-04-0 2 1
 18.0513 0.031196
 18.7713 0.023819
 19.7987 0.017649
 20.6960 0.013651
 21.6569 0.010709
 22.2922 0.009069
 22.7559 0.008276
 23.1337 0.007731
 23.4536 0.007141
 23.7308 0.006949
 23.9730 0.006716
 24.1958 0.006556
 24.3962 0.006411
 25.2194 0.005615
 25.8531 0.005379
 26.3644 0.004956
 26.8057 0.004743
 27.1939 0.004557
 27.5470 0.004449
 27.8718 0.004243
 28.1686 0.004086
 28.4465 0.003959
 28.7055 0.003940
 28.9486 0.003840
 29.1802 0.003827
 29.4006 0.003787
 29.6110 0.003720
 29.8154 0.003688
 30.0094 0.003649
 30.1976 0.003653
 30.3799 0.003588
 30.5565 0.003529
 30.7268 0.003510
 30.8957 0.003494
 31.0579 0.003495
 31.2148 0.003412
 31.3696 0.003368
 31.5214 0.003378
 31.6692 0.003372
 31.8146 0.003318
 31.9566 0.003320
 32.0960 0.003285
 32.2331 0.003271
 32.3678 0.003295
 32.5011 0.003306
 32.6310 0.003238
 32.7603 0.003216
 32.8867 0.003170
 33.0119 0.003166
 33.1365 0.003192
 33.2598 0.003152
 33.3811 0.003116
 33.5007 0.003072
 33.6189 0.003075
 33.7347 0.003046
 33.8500 0.003017
 33.9652 0.003044
 34.0791 0.003044
 34.1917 0.003034
 34.3028 0.003016
 34.4136 0.003053
 34.5229 0.003056
 34.6323 0.003034
 34.7405 0.003020
 34.8481 0.003013
 34.9543 0.003037
 35.0606 0.003035
 35.1652 0.003006
 35.2698 0.002988
 35.3745 0.002992
 35.4780 0.002991
 35.5814 0.003008
 35.6838 0.003035
 35.7857 0.003017
 35.8870 0.003031
 35.9878 0.003042
 36.0885 0.003064
 36.1890 0.003056
 36.2886 0.003076
 36.3886 0.003071
 36.4884 0.003070
 36.5883 0.003089
 36.6870 0.003084
 36.7860 0.003048
 36.8839 0.003020
 36.9832 0.003019
 37.0812 0.003013
 37.1784 0.002982
 37.2760 0.002969
 37.3730 0.002960
 37.4697 0.002981
 37.5674 0.002987
 37.6650 0.003002
 37.7617 0.002983
 37.8583 0.002977
 37.9552 0.002970
 38.0520 0.002966
 38.1483 0.002970
 38.2452 0.002976
 38.3419 0.002969
 38.4392 0.002962
 38.5368 0.002980
 38.6334 0.002962
 38.7308 0.002991
 38.8282 0.002992
 38.9254 0.002993
 39.0236 0.002973
 39.1218 0.002999
 39.2198 0.002978
 39.3179 0.003024
 39.4166 0.003024
 39.5151 0.002997
 39.6137 0.003013
 39.7119 0.003026
 39.8109 0.003044
 39.9105 0.003033
 40.0090 0.003065
 40.1094 0.003103
 40.2089 0.003069
 40.3091 0.003088
 40.4093 0.003099
 40.5103 0.003080
 40.6117 0.003062
 40.7136 0.003030
 40.8150 0.003019
 40.9176 0.003040
 41.0205 0.003069
 41.1243 0.003070
 41.2288 0.003132
 41.3337 0.003188
 41.4386 0.003167
 41.5445 0.003205
 41.6508 0.003196
 41.7584 0.003184
 41.8656 0.003163
 41.9734 0.003175
 42.0832 0.003164
 42.1926 0.003181
 42.3022 0.003198
 42.4139 0.003172
 42.5262 0.003184
 42.6382 0.003237
 42.7518 0.003211
 42.8661 0.003220
 42.9817 0.003265
 43.0982 0.003292
 43.2152 0.003325
 43.3334 0.003347
 43.4536 0.003370
 43.5741 0.003356
 43.6949 0.003391
 43.8193 0.003446
 43.9432 0.003402
 44.0681 0.003462
 44.1950 0.003494
 44.3236 0.003538
 44.4536 0.003559
 44.5844 0.003577
 44.7177 0.003597
 44.8518 0.003580
 44.9882 0.003634
 45.1260 0.003606
 45.2656 0.003636
 45.4077 0.003662
 45.5505 0.003731
 45.6964 0.003728
 45.8458 0.003761
 45.9973 0.003800
 46.1499 0.003837
 46.3051 0.003911
 46.4634 0.003936
 46.6248 0.003976
 46.7884 0.004040
 46.9559 0.004058
 47.1267 0.004130
 47.2996 0.004151
 47.4765 0.004258
 47.6571 0.004311
 47.8428 0.004354
 48.0326 0.004430
 48.2255 0.004484
 48.4262 0.004542
 48.6306 0.004600
 48.8429 0.004610
 49.0600 0.004686
 49.2828 0.004785
 49.5142 0.004807
 49.7532 0.004930
 50.0012 0.005037
 50.2576 0.005111
 50.5249 0.005193
 50.8031 0.005323
 51.0921 0.005359
 51.3957 0.005477
 51.7138 0.005662
 52.0519 0.005792
 52.4054 0.005860
 52.7842 0.005915
 53.1877 0.006092
 53.6193 0.006223
 54.0910 0.006458
 54.6011 0.006807
 55.1570 0.007041
 55.7874 0.007210
 56.5005 0.007799
 57.3284 0.008346
 58.3228 0.008802
 59.5672 0.009973
 61.2729 0.011944
 61.7068 0.012514
 62.1912 0.013581
 62.7378 0.014352
 63.3625 0.015281
 64.0868 0.016947
 64.9705 0.018022
 66.0983 0.021497
 67.6389 0.026168
 70.1256 0.036135
 72.6119 0.049557
 75.8056 0.075972
 78.1157 0.101066
 tr2-04-0 2 1
 20.4898 0.031428
 21.3132 0.024481
 22.5163 0.018063
 23.5059 0.014349
 24.5902 0.011289
 25.2748 0.009942
 25.7961 0.008726
 26.2131 0.007851
 26.5655 0.007465
 26.8732 0.007346
 27.1490 0.006695
 27.4031 0.006522
 27.6304 0.006218
 28.5431 0.005554
 29.2461 0.005098
 29.8230 0.004929
 30.3170 0.004795
 30.7521 0.004729
 31.1446 0.004761
 31.5000 0.004620
 31.8282 0.004303
 32.1307 0.004205
 32.4189 0.004173
 32.6887 0.004072
 32.9446 0.004114
 33.1895 0.004031
 33.4231 0.003988
 33.6469 0.003967
 33.8631 0.003844
 34.0712 0.003878
 34.2722 0.003853
 34.4661 0.003816
 34.6554 0.003756
 34.8386 0.003752
 35.0164 0.003721
 35.1897 0.003668
 35.3594 0.003620
 35.5254 0.003597
 35.6870 0.003540
 35.8465 0.003502
 36.0027 0.003516
 36.1560 0.003541
 36.3068 0.003544
 36.4559 0.003544
 36.6021 0.003514
 36.7442 0.003513
 36.8863 0.003555
 37.0254 0.003562
 37.1628 0.003531
 37.2982 0.003554
 37.4329 0.003531
 37.5655 0.003522
 37.6958 0.003554
 37.8258 0.003562
 37.9546 0.003538
 38.0819 0.003542
 38.2072 0.003516
 38.3305 0.003480
 38.4529 0.003427
 38.5743 0.003468
 38.6952 0.003455
 38.8154 0.003430
 38.9349 0.003410
 39.0533 0.003393
 39.1705 0.003393
 39.2868 0.003406
 39.4026 0.003384
 39.5175 0.003421
 39.6317 0.003371
 39.7456 0.003351
 39.8584 0.003329
 39.9697 0.003345
 40.0808 0.003369
 40.1916 0.003391
 40.3025 0.003374
 40.4128 0.003343
 40.5229 0.003358
 40.6317 0.003333
 40.7406 0.003312
 40.8487 0.003309
 40.9568 0.003306
 41.0645 0.003304
 41.1719 0.003275
 41.2786 0.003239
 41.3853 0.003214
 41.4914 0.003229
 41.5977 0.003236
 41.7043 0.003234
 41.8099 0.003229
 41.9158 0.003245
 42.0207 0.003235
 42.1260 0.003238
 42.2323 0.003256
 42.3383 0.003254
 42.4426 0.003221
 42.5475 0.003224
 42.6525 0.003251
 42.7584 0.003288
 42.8637 0.003292
 42.9686 0.003283
 43.0730 0.003298
 43.1781 0.003304
 43.2832 0.003324
 43.3872 0.003286
 43.4924 0.003286
 43.5968 0.003278
 43.7028 0.003265
 43.8077 0.003305
 43.9136 0.003317
 44.0201 0.003298
 44.1265 0.003294
 44.2322 0.003287
 44.3387 0.003296
 44.4454 0.003321
 44.5524 0.003281
 44.6595 0.003281
 44.7675 0.003290
 44.8747 0.003312
 44.9834 0.003320
 45.0918 0.003331
 45.2007 0.003333
 45.3096 0.003349
 45.4195 0.003367
 45.5299 0.003345
 45.6411 0.003356
 45.7516 0.003360
 45.8622 0.003369
 45.9742 0.003341
 46.0859 0.003346
 46.1990 0.003367
 46.3116 0.003333
 46.4271 0.003362
 46.5414 0.003360
 46.6560 0.003338
 46.7709 0.003366
 46.8877 0.003403
 47.0048 0.003395
 47.1225 0.003438
 47.2411 0.003460
 47.3606 0.003501
 47.4810 0.003527
 47.6034 0.003566
 47.7262 0.003594
 47.8494 0.003575
 47.9738 0.003568
 48.0985 0.003564
 48.2245 0.003583
 48.3518 0.003609
 48.4805 0.003643
 48.6097 0.003624
 48.7398 0.003594
 48.8730 0.003612
 49.0063 0.003636
 49.1403 0.003631
 49.2766 0.003688
 49.4132 0.003766
 49.5521 0.003782
 49.6920 0.003776
 49.8344 0.003792
 49.9772 0.003778
 50.1239 0.003824
 50.2721 0.003850
 50.4228 0.003875
 50.5746 0.003950
 50.7280 0.004001
 50.8844 0.004039
 51.0423 0.004069
 51.2029 0.004054
 51.3667 0.004048
 51.5321 0.004088
 51.7011 0.004134
 51.8727 0.004128
 52.0480 0.004179
 52.2267 0.004271
 52.4095 0.004293
 52.5958 0.004286
 52.7853 0.004231
 52.9776 0.004281
 53.1759 0.004333
 53.3774 0.004363
 53.5822 0.004334
 53.7965 0.004446
 54.0139 0.004594
 54.2387 0.004736
 54.4685 0.004783
 54.7069 0.004837
 54.9531 0.004925
 55.2072 0.004916
 55.4695 0.005024
 55.7404 0.005191
 56.0238 0.005367
 56.3198 0.005441
 56.6275 0.005536
 56.9495 0.005539
 57.2853 0.005582
 57.6415 0.005764
 58.0145 0.006014
 58.4149 0.006233
 58.8392 0.006469
 59.2972 0.006810
 59.7904 0.006887
 60.3267 0.007257
 60.9175 0.007632
 61.5817 0.008191
 62.3312 0.008429
 63.2011 0.009121
 64.2361 0.009681
 65.5586 0.010970
 67.3567 0.012985
 67.8151 0.013539
 68.3198 0.014163
 68.8907 0.015053
 69.5390 0.016213
 70.3069 0.017352
 71.2141 0.019171
 72.3665 0.022196
 73.9844 0.027291
 76.6397 0.037023
 79.2162 0.050102
 82.4600 0.077122
 84.8783 0.106699
tr2s-04-0 2 1
 24.2553 0.032749
 25.0710 0.026722
 26.3078 0.017849
 27.3148 0.014375
 28.4343 0.011102
 29.1354 0.009760
 29.6625 0.008665
 30.0916 0.008039
 30.4512 0.007701
 30.7657 0.007606
 31.0414 0.007248
 31.2884 0.006882
 31.5176 0.006657
 32.4559 0.006232
 33.1652 0.005695
 33.7459 0.005515
 34.2453 0.005071
 34.6802 0.004813
 35.0735 0.004815
 35.4328 0.004679
 35.7621 0.004509
 36.0705 0.004409
 36.3563 0.004294
 36.6268 0.004111
 36.8856 0.004063
 37.1311 0.003981
 37.3661 0.003959
 37.5907 0.004004
 37.8069 0.003996
 38.0168 0.003958
 38.2193 0.003994
 38.4149 0.003911
 38.6058 0.003909
 38.7899 0.003862
 38.9693 0.003768
 39.1453 0.003716
 39.3148 0.003688
 39.4825 0.003647
 39.6457 0.003544
 39.8053 0.003531
 39.9621 0.003486
 40.1163 0.003460
 40.2679 0.003494
 40.4182 0.003480
 40.5654 0.003476
 40.7091 0.003510
 40.8523 0.003517
 40.9919 0.003523
 41.1300 0.003504
 41.2661 0.003481
 41.4009 0.003462
 41.5330 0.003454
 41.6647 0.003448
 41.7949 0.003442
 41.9222 0.003444
 42.0489 0.003429
 42.1752 0.003398
 42.2995 0.003403
 42.4225 0.003342
 42.5454 0.003305
 42.6668 0.003278
 42.7868 0.003271
 42.9055 0.003276
 43.0240 0.003242
 43.1424 0.003282
 43.2594 0.003296
 43.3762 0.003253
 43.4913 0.003267
 43.6055 0.003280
 43.7195 0.003284
 43.8325 0.003275
 43.9452 0.003256
 44.0573 0.003299
 44.1703 0.003308
 44.2809 0.003304
 44.3914 0.003275
 44.5014 0.003288
 44.6111 0.003259
 44.7205 0.003246
 44.8289 0.003250
 44.9370 0.003274
 45.0446 0.003293
 45.1525 0.003289
 45.2596 0.003311
 45.3671 0.003294
 45.4742 0.003225
 45.5813 0.003215
 45.6878 0.003233
 45.7940 0.003258
 45.9000 0.003241
 46.0063 0.003246
 46.1121 0.003264
 46.2174 0.003284
 46.3220 0.003266
 46.4279 0.003256
 46.5332 0.003264
 46.6386 0.003300
 46.7446 0.003321
 46.8502 0.003324
 46.9559 0.003327
 47.0615 0.003300
 47.1668 0.003288
 47.2719 0.003328
 47.3776 0.003271
 47.4834 0.003283
 47.5893 0.003311
 47.6949 0.003300
 47.8008 0.003276
 47.9068 0.003306
 48.0131 0.003266
 48.1195 0.003244
 48.2265 0.003254
 48.3328 0.003278
 48.4403 0.003305
 48.5482 0.003307
 48.6557 0.003313
 48.7642 0.003292
 48.8722 0.003311
 48.9809 0.003321
 49.0894 0.003319
 49.1995 0.003331
 49.3089 0.003320
 49.4194 0.003331
 49.5299 0.003356
 49.6405 0.003424
 49.7517 0.003429
 49.8636 0.003397
 49.9746 0.003396
 50.0878 0.003430
 50.2010 0.003436
 50.3146 0.003421
 50.4291 0.003437
 50.5443 0.003439
 50.6606 0.003459
 50.7769 0.003469
 50.8947 0.003469
 51.0124 0.003464
 51.1306 0.003498
 51.2505 0.003530
 51.3708 0.003563
 51.4913 0.003587
 51.6139 0.003592
 51.7369 0.003609
 51.8603 0.003656
 51.9836 0.003658
 52.1098 0.003658
 52.2358 0.003645
 52.3643 0.003636
 52.4940 0.003666
 52.6238 0.003713
 52.7553 0.003763
 52.8877 0.003797
 53.0212 0.003851
 53.1568 0.003807
 53.2940 0.003831
 53.4318 0.003838
 53.5712 0.003847
 53.7127 0.003829
 53.8564 0.003909
 54.0006 0.003887
 54.1460 0.003927
 54.2947 0.003913
 54.4447 0.003899
 54.5974 0.003955
 54.7519 0.003991
 54.9086 0.003989
 55.0679 0.004018
 55.2303 0.004095
 55.3951 0.004091
 55.5615 0.004162
 55.7316 0.004244
 55.9047 0.004252
 56.0794 0.004304
 56.2585 0.004375
 56.4404 0.004354
 56.6264 0.004346
 56.8163 0.004347
 57.0118 0.004414
 57.2096 0.004449
 57.4141 0.004523
 57.6226 0.004595
 57.8359 0.004660
 58.0550 0.004700
 58.2810 0.004749
 58.5133 0.004789
 58.7514 0.004896
 58.9982 0.004951
 59.2545 0.005029
 59.5172 0.005051
 59.7910 0.005136
 60.0755 0.005203
 60.3736 0.005261
 60.6826 0.005325
 61.0047 0.005364
 61.3460 0.005422
 61.7041 0.005493
 62.0806 0.005652
 62.4804 0.005993
 62.9096 0.006179
 63.3697 0.006499
 63.8682 0.006766
 64.4127 0.007151
 65.0119 0.007509
 65.6799 0.007942
 66.4343 0.008082
 67.3173 0.008723
 68.3695 0.009778
 69.6842 0.010924
 71.4889 0.013345
 71.9471 0.013736
 72.4527 0.014217
 73.0100 0.014741
 73.6595 0.016036
 74.4320 0.017760
 75.3662 0.020055
 76.5293 0.022351
 78.1606 0.027586
 80.8302 0.039703
 83.4764 0.053903
 86.7113 0.079509
 89.2241 0.106112
