Copyright (C) 1998 James G. MacKinnon, Alfred A. Haug, and Leo Michelis.
 lm0-11-4 3 1
 43.5578 0.063072
 44.4098 0.046264
 45.6107 0.032188
 46.5846 0.024190
 47.6341 0.018536
 48.3038 0.016042
 48.8076 0.014636
 49.2070 0.013061
 49.5481 0.012010
 49.8467 0.011337
 50.1117 0.010766
 50.3524 0.010587
 50.5671 0.010158
 51.4360 0.008993
 52.1068 0.008316
 52.6485 0.008080
 53.1106 0.007579
 53.5213 0.007225
 53.8854 0.007092
 54.2163 0.006883
 54.5233 0.006724
 54.8105 0.006461
 55.0789 0.006303
 55.3320 0.006255
 55.5699 0.006163
 55.7965 0.006043
 56.0131 0.006060
 56.2222 0.005892
 56.4190 0.005734
 56.6118 0.005584
 56.7998 0.005446
 56.9818 0.005494
 57.1569 0.005416
 57.3277 0.005414
 57.4942 0.005352
 57.6567 0.005266
 57.8157 0.005218
 57.9693 0.005201
 58.1212 0.005227
 58.2673 0.005220
 58.4132 0.005194
 58.5533 0.005163
 58.6932 0.005275
 58.8292 0.005297
 58.9644 0.005172
 59.0954 0.005058
 59.2262 0.004964
 59.3556 0.004971
 59.4823 0.004947
 59.6067 0.004915
 59.7299 0.004887
 59.8508 0.004874
 59.9734 0.004877
 60.0919 0.004899
 60.2108 0.004909
 60.3268 0.004836
 60.4423 0.004876
 60.5569 0.004869
 60.6717 0.004836
 60.7844 0.004854
 60.8944 0.004832
 61.0052 0.004818
 61.1160 0.004860
 61.2242 0.004835
 61.3337 0.004833
 61.4420 0.004841
 61.5494 0.004854
 61.6554 0.004855
 61.7629 0.004845
 61.8669 0.004842
 61.9716 0.004851
 62.0754 0.004843
 62.1776 0.004833
 62.2807 0.004880
 62.3831 0.004903
 62.4858 0.004959
 62.5866 0.005002
 62.6868 0.004985
 62.7870 0.005043
 62.8880 0.004998
 62.9874 0.005043
 63.0870 0.005002
 63.1878 0.005034
 63.2861 0.004991
 63.3845 0.004986
 63.4833 0.005035
 63.5820 0.005009
 63.6798 0.005003
 63.7776 0.004937
 63.8752 0.004972
 63.9731 0.004948
 64.0704 0.004978
 64.1672 0.004968
 64.2640 0.004984
 64.3608 0.004990
 64.4583 0.004955
 64.5557 0.004880
 64.6525 0.004832
 64.7498 0.004853
 64.8468 0.004814
 64.9442 0.004906
 65.0424 0.004963
 65.1402 0.004960
 65.2381 0.004914
 65.3360 0.004995
 65.4341 0.004987
 65.5316 0.004970
 65.6293 0.004944
 65.7273 0.005017
 65.8267 0.005029
 65.9248 0.004999
 66.0228 0.005019
 66.1215 0.005063
 66.2191 0.005098
 66.3186 0.005153
 66.4180 0.005168
 66.5173 0.005215
 66.6177 0.005267
 66.7187 0.005257
 66.8192 0.005268
 66.9213 0.005297
 67.0228 0.005376
 67.1248 0.005318
 67.2282 0.005360
 67.3312 0.005406
 67.4335 0.005396
 67.5381 0.005438
 67.6417 0.005474
 67.7468 0.005538
 67.8522 0.005494
 67.9573 0.005637
 68.0635 0.005671
 68.1715 0.005670
 68.2812 0.005675
 68.3913 0.005739
 68.5012 0.005776
 68.6106 0.005766
 68.7197 0.005763
 68.8310 0.005799
 68.9426 0.005830
 69.0562 0.005794
 69.1699 0.005759
 69.2820 0.005840
 69.3983 0.005874
 69.5141 0.005812
 69.6313 0.005892
 69.7499 0.005907
 69.8695 0.005859
 69.9882 0.005868
 70.1099 0.005886
 70.2319 0.005920
 70.3546 0.005996
 70.4789 0.006050
 70.6049 0.005992
 70.7309 0.006054
 70.8608 0.006054
 70.9905 0.006134
 71.1219 0.006197
 71.2566 0.006275
 71.3910 0.006302
 71.5263 0.006388
 71.6644 0.006395
 71.8037 0.006485
 71.9479 0.006539
 72.0936 0.006637
 72.2426 0.006621
 72.3923 0.006623
 72.5441 0.006733
 72.6983 0.006866
 72.8545 0.006922
 73.0170 0.006872
 73.1789 0.006874
 73.3423 0.006899
 73.5089 0.006910
 73.6819 0.006935
 73.8579 0.006972
 74.0366 0.007079
 74.2209 0.007098
 74.4099 0.007159
 74.6034 0.007198
 74.8015 0.007261
 75.0027 0.007295
 75.2103 0.007353
 75.4256 0.007424
 75.6444 0.007500
 75.8698 0.007693
 76.1028 0.007751
 76.3433 0.007984
 76.5933 0.008270
 76.8538 0.008473
 77.1221 0.008748
 77.4038 0.008868
 77.6994 0.009122
 78.0045 0.009360
 78.3296 0.009720
 78.6671 0.009874
 79.0277 0.009954
 79.4117 0.010461
 79.8219 0.010672
 80.2659 0.011133
 80.7467 0.011394
 81.2634 0.012008
 81.8357 0.012406
 82.4741 0.013005
 83.1937 0.013618
 84.0350 0.014783
 85.0468 0.016390
 86.2976 0.018069
 88.0581 0.021064
 88.5069 0.022669
 88.9970 0.024331
 89.5423 0.025824
 90.1882 0.028555
 90.9437 0.030969
 91.8312 0.033853
 92.9867 0.039182
 94.5944 0.046693
 97.2490 0.062559
 99.8008 0.085695
102.9261 0.133141
105.3187 0.177435
 lm1-11-4 3 1
 46.1459 0.060538
 46.9756 0.046103
 48.2075 0.032338
 49.2214 0.024763
 50.3037 0.019164
 51.0148 0.016499
 51.5286 0.014968
 51.9411 0.013808
 52.2890 0.012958
 52.5894 0.012440
 52.8540 0.011894
 53.1031 0.011155
 53.3247 0.010926
 54.2073 0.009491
 54.8805 0.008971
 55.4328 0.008496
 55.9035 0.007867
 56.3183 0.007496
 56.6963 0.007239
 57.0371 0.006957
 57.3499 0.006579
 57.6443 0.006514
 57.9180 0.006420
 58.1748 0.006279
 58.4205 0.006097
 58.6524 0.006119
 58.8710 0.005913
 59.0827 0.005864
 59.2879 0.005821
 59.4833 0.005750
 59.6743 0.005603
 59.8601 0.005594
 60.0359 0.005524
 60.2092 0.005357
 60.3765 0.005267
 60.5400 0.005225
 60.7008 0.005145
 60.8570 0.005182
 61.0105 0.005169
 61.1604 0.005230
 61.3078 0.005229
 61.4548 0.005214
 61.5952 0.005195
 61.7366 0.005122
 61.8753 0.005049
 62.0100 0.005022
 62.1423 0.004997
 62.2720 0.004937
 62.4010 0.004971
 62.5284 0.004907
 62.6537 0.004917
 62.7783 0.004906
 62.9016 0.004934
 63.0238 0.004924
 63.1471 0.004986
 63.2663 0.004960
 63.3851 0.005006
 63.5010 0.005049
 63.6166 0.005073
 63.7310 0.005035
 63.8449 0.004990
 63.9582 0.005029
 64.0706 0.005003
 64.1803 0.004981
 64.2902 0.005022
 64.3990 0.005049
 64.5081 0.005093
 64.6174 0.005158
 64.7229 0.005115
 64.8291 0.005106
 64.9346 0.005046
 65.0408 0.005034
 65.1445 0.005000
 65.2500 0.005028
 65.3541 0.005019
 65.4588 0.005009
 65.5612 0.005000
 65.6642 0.005065
 65.7670 0.005104
 65.8681 0.005096
 65.9701 0.005029
 66.0712 0.005040
 66.1721 0.005042
 66.2740 0.005043
 66.3746 0.005030
 66.4767 0.005018
 66.5777 0.005030
 66.6788 0.005070
 66.7784 0.005132
 66.8783 0.005168
 66.9786 0.005142
 67.0792 0.005177
 67.1781 0.005264
 67.2781 0.005267
 67.3779 0.005237
 67.4777 0.005274
 67.5770 0.005268
 67.6758 0.005336
 67.7763 0.005388
 67.8767 0.005412
 67.9764 0.005429
 68.0751 0.005454
 68.1752 0.005437
 68.2748 0.005416
 68.3744 0.005407
 68.4751 0.005419
 68.5752 0.005402
 68.6739 0.005447
 68.7742 0.005460
 68.8741 0.005503
 68.9742 0.005539
 69.0750 0.005556
 69.1750 0.005602
 69.2753 0.005605
 69.3765 0.005593
 69.4788 0.005614
 69.5803 0.005557
 69.6814 0.005657
 69.7845 0.005680
 69.8881 0.005726
 69.9918 0.005691
 70.0955 0.005700
 70.1979 0.005708
 70.3018 0.005707
 70.4075 0.005707
 70.5130 0.005687
 70.6188 0.005652
 70.7239 0.005623
 70.8321 0.005579
 70.9390 0.005573
 71.0470 0.005555
 71.1547 0.005544
 71.2636 0.005615
 71.3726 0.005618
 71.4825 0.005640
 71.5927 0.005697
 71.7025 0.005696
 71.8127 0.005731
 71.9264 0.005795
 72.0390 0.005829
 72.1543 0.005909
 72.2690 0.005937
 72.3847 0.005930
 72.5021 0.005948
 72.6193 0.005911
 72.7377 0.005934
 72.8574 0.005940
 72.9775 0.005979
 73.0999 0.006104
 73.2242 0.006110
 73.3504 0.006158
 73.4758 0.006177
 73.6027 0.006194
 73.7329 0.006180
 73.8634 0.006223
 73.9948 0.006236
 74.1292 0.006252
 74.2628 0.006302
 74.3997 0.006360
 74.5354 0.006333
 74.6755 0.006334
 74.8178 0.006433
 74.9588 0.006440
 75.1049 0.006534
 75.2502 0.006575
 75.3987 0.006638
 75.5510 0.006540
 75.7051 0.006623
 75.8601 0.006632
 76.0190 0.006652
 76.1809 0.006721
 76.3441 0.006854
 76.5131 0.006879
 76.6840 0.006938
 76.8586 0.006993
 77.0360 0.007072
 77.2163 0.007161
 77.4026 0.007260
 77.5939 0.007306
 77.7895 0.007441
 77.9894 0.007486
 78.1930 0.007548
 78.4047 0.007670
 78.6233 0.007859
 78.8461 0.008001
 79.0759 0.008125
 79.3117 0.008213
 79.5557 0.008369
 79.8088 0.008579
 80.0752 0.008688
 80.3474 0.008786
 80.6359 0.009053
 80.9373 0.009068
 81.2515 0.009353
 81.5781 0.009705
 81.9278 0.009949
 82.2965 0.010086
 82.6882 0.010422
 83.1001 0.010747
 83.5470 0.011073
 84.0258 0.011374
 84.5543 0.011607
 85.1340 0.012042
 85.7798 0.012976
 86.5184 0.013648
 87.3701 0.014695
 88.3963 0.016631
 89.6866 0.018615
 91.4708 0.022634
 91.9320 0.023979
 92.4437 0.024819
 93.0025 0.026499
 93.6568 0.028605
 94.4244 0.030485
 95.3346 0.034667
 96.4845 0.039914
 98.0380 0.046866
100.7300 0.060269
103.2660 0.084536
106.5765 0.130520
109.1849 0.181389
lm1s-11-4 3 1
 46.7953 0.061454
 47.6578 0.045932
 48.8953 0.032437
 49.9205 0.023871
 51.0391 0.019351
 51.7398 0.016956
 52.2536 0.015011
 52.6617 0.013674
 53.0067 0.012874
 53.3084 0.012391
 53.5787 0.011746
 53.8193 0.011368
 54.0412 0.011045
 54.9370 0.009560
 55.6074 0.008718
 56.1599 0.008223
 56.6350 0.007802
 57.0527 0.007591
 57.4293 0.007113
 57.7719 0.006916
 58.0851 0.006797
 58.3812 0.006656
 58.6546 0.006577
 58.9109 0.006291
 59.1550 0.006120
 59.3868 0.006099
 59.6080 0.006028
 59.8189 0.005925
 60.0239 0.005866
 60.2191 0.005790
 60.4119 0.005682
 60.5945 0.005573
 60.7730 0.005373
 60.9444 0.005307
 61.1129 0.005305
 61.2771 0.005287
 61.4360 0.005261
 61.5943 0.005269
 61.7475 0.005173
 61.9002 0.005146
 62.0481 0.005031
 62.1923 0.005033
 62.3330 0.004992
 62.4739 0.004966
 62.6120 0.004994
 62.7475 0.004948
 62.8799 0.004979
 63.0129 0.005070
 63.1422 0.004996
 63.2702 0.004950
 63.3964 0.004964
 63.5213 0.005039
 63.6442 0.005037
 63.7663 0.005054
 63.8866 0.005029
 64.0035 0.005048
 64.1232 0.005023
 64.2393 0.004962
 64.3552 0.004976
 64.4712 0.004982
 64.5848 0.005034
 64.6975 0.005013
 64.8099 0.004986
 64.9197 0.005011
 65.0302 0.005060
 65.1382 0.004988
 65.2483 0.005030
 65.3562 0.005002
 65.4641 0.004946
 65.5711 0.004949
 65.6766 0.004978
 65.7835 0.004990
 65.8883 0.005027
 65.9939 0.004964
 66.0978 0.004979
 66.2009 0.004905
 66.3031 0.004962
 66.4068 0.004930
 66.5098 0.004940
 66.6110 0.004958
 66.7147 0.004909
 66.8155 0.004869
 66.9173 0.004900
 67.0200 0.004994
 67.1200 0.005033
 67.2212 0.005062
 67.3203 0.005029
 67.4209 0.005052
 67.5211 0.005070
 67.6209 0.005049
 67.7209 0.005074
 67.8208 0.005141
 67.9205 0.005172
 68.0216 0.005187
 68.1206 0.005195
 68.2190 0.005237
 68.3197 0.005250
 68.4190 0.005225
 68.5177 0.005283
 68.6173 0.005275
 68.7170 0.005302
 68.8165 0.005329
 68.9162 0.005357
 69.0161 0.005373
 69.1158 0.005400
 69.2153 0.005454
 69.3145 0.005454
 69.4152 0.005486
 69.5155 0.005499
 69.6160 0.005519
 69.7164 0.005595
 69.8176 0.005688
 69.9184 0.005702
 70.0190 0.005742
 70.1203 0.005753
 70.2205 0.005703
 70.3221 0.005712
 70.4249 0.005711
 70.5279 0.005738
 70.6307 0.005700
 70.7341 0.005646
 70.8390 0.005639
 70.9433 0.005664
 71.0471 0.005672
 71.1520 0.005635
 71.2572 0.005608
 71.3613 0.005555
 71.4666 0.005558
 71.5732 0.005568
 71.6788 0.005578
 71.7853 0.005595
 71.8920 0.005675
 72.0017 0.005680
 72.1102 0.005684
 72.2217 0.005741
 72.3314 0.005785
 72.4423 0.005851
 72.5532 0.005876
 72.6654 0.005896
 72.7801 0.005849
 72.8941 0.005874
 73.0108 0.005929
 73.1270 0.005952
 73.2443 0.005966
 73.3640 0.006050
 73.4846 0.006102
 73.6041 0.006065
 73.7237 0.006069
 73.8467 0.006096
 73.9702 0.006147
 74.0937 0.006173
 74.2201 0.006142
 74.3467 0.006145
 74.4757 0.006174
 74.6075 0.006155
 74.7389 0.006221
 74.8726 0.006249
 75.0070 0.006265
 75.1437 0.006333
 75.2819 0.006347
 75.4200 0.006407
 75.5642 0.006429
 75.7065 0.006437
 75.8508 0.006552
 75.9966 0.006603
 76.1467 0.006646
 76.2988 0.006599
 76.4513 0.006659
 76.6075 0.006779
 76.7635 0.006781
 76.9253 0.006877
 77.0909 0.006905
 77.2577 0.007037
 77.4296 0.007008
 77.6043 0.007083
 77.7840 0.007181
 77.9665 0.007235
 78.1495 0.007320
 78.3379 0.007305
 78.5341 0.007480
 78.7334 0.007551
 78.9387 0.007684
 79.1502 0.007778
 79.3648 0.007942
 79.5876 0.007997
 79.8172 0.008240
 80.0571 0.008346
 80.3030 0.008431
 80.5587 0.008585
 80.8226 0.008630
 81.0969 0.008804
 81.3829 0.008950
 81.6815 0.009197
 81.9959 0.009342
 82.3255 0.009485
 82.6779 0.009880
 83.0374 0.010314
 83.4321 0.010534
 83.8418 0.010760
 84.2888 0.011099
 84.7719 0.011368
 85.2930 0.011637
 85.8780 0.012392
 86.5231 0.012821
 87.2601 0.014025
 88.1137 0.015075
 89.1384 0.016884
 90.4344 0.018430
 92.2382 0.022642
 92.6865 0.023884
 93.1935 0.025307
 93.7496 0.026485
 94.3948 0.027564
 95.1588 0.030159
 96.0830 0.033776
 97.2233 0.037913
 98.8112 0.046666
101.4510 0.061445
104.0002 0.086338
107.3982 0.136288
109.8078 0.181129
 lm2-11-4 3 1
 48.7276 0.063978
 49.5928 0.046008
 50.8642 0.031711
 51.8997 0.024355
 53.0054 0.019868
 53.7173 0.016433
 54.2291 0.014475
 54.6491 0.013525
 54.9983 0.012740
 55.3055 0.012432
 55.5783 0.012053
 55.8254 0.011533
 56.0529 0.010913
 56.9571 0.009708
 57.6494 0.008810
 58.2199 0.008381
 58.7007 0.008022
 59.1301 0.007717
 59.5101 0.007332
 59.8577 0.007075
 60.1779 0.006861
 60.4747 0.006572
 60.7528 0.006487
 61.0173 0.006318
 61.2646 0.006119
 61.5004 0.005998
 61.7250 0.006054
 61.9390 0.006018
 62.1495 0.005859
 62.3517 0.005716
 62.5472 0.005643
 62.7354 0.005646
 62.9187 0.005499
 63.0951 0.005428
 63.2669 0.005364
 63.4344 0.005382
 63.5975 0.005314
 63.7540 0.005235
 63.9106 0.005212
 64.0648 0.005222
 64.2162 0.005172
 64.3619 0.005196
 64.5056 0.005199
 64.6508 0.005166
 64.7898 0.005118
 64.9262 0.005115
 65.0634 0.005104
 65.1959 0.005152
 65.3287 0.005149
 65.4590 0.005107
 65.5873 0.005081
 65.7140 0.005034
 65.8383 0.005061
 65.9645 0.005027
 66.0872 0.005013
 66.2082 0.004983
 66.3271 0.005019
 66.4452 0.004967
 66.5632 0.004976
 66.6816 0.004944
 66.7972 0.005051
 66.9120 0.005054
 67.0254 0.005043
 67.1373 0.005019
 67.2493 0.005039
 67.3615 0.005051
 67.4723 0.005019
 67.5816 0.005028
 67.6908 0.005065
 67.8001 0.005064
 67.9092 0.005085
 68.0186 0.005077
 68.1257 0.005039
 68.2337 0.005046
 68.3403 0.005035
 68.4459 0.005049
 68.5507 0.005088
 68.6556 0.005090
 68.7597 0.005105
 68.8636 0.005114
 68.9677 0.005072
 69.0708 0.005041
 69.1740 0.005065
 69.2779 0.005033
 69.3790 0.005042
 69.4817 0.005019
 69.5835 0.005052
 69.6856 0.005063
 69.7884 0.005084
 69.8891 0.005079
 69.9922 0.005077
 70.0930 0.005045
 70.1939 0.005029
 70.2958 0.005059
 70.3971 0.005081
 70.4983 0.005111
 70.5994 0.005110
 70.7007 0.005132
 70.8016 0.005144
 70.9023 0.005181
 71.0025 0.005199
 71.1039 0.005226
 71.2053 0.005258
 71.3074 0.005283
 71.4087 0.005290
 71.5110 0.005233
 71.6139 0.005302
 71.7144 0.005313
 71.8152 0.005307
 71.9167 0.005297
 72.0184 0.005313
 72.1217 0.005309
 72.2227 0.005264
 72.3251 0.005274
 72.4269 0.005254
 72.5298 0.005317
 72.6329 0.005376
 72.7364 0.005354
 72.8408 0.005432
 72.9454 0.005472
 73.0512 0.005470
 73.1567 0.005502
 73.2621 0.005554
 73.3684 0.005578
 73.4745 0.005583
 73.5815 0.005590
 73.6902 0.005676
 73.7971 0.005695
 73.9044 0.005699
 74.0129 0.005713
 74.1210 0.005669
 74.2315 0.005677
 74.3425 0.005709
 74.4540 0.005661
 74.5659 0.005658
 74.6791 0.005615
 74.7924 0.005581
 74.9060 0.005629
 75.0197 0.005633
 75.1355 0.005611
 75.2522 0.005695
 75.3707 0.005754
 75.4895 0.005786
 75.6069 0.005804
 75.7261 0.005824
 75.8467 0.005896
 75.9697 0.005932
 76.0923 0.005933
 76.2160 0.005931
 76.3407 0.005935
 76.4673 0.005945
 76.5955 0.005967
 76.7246 0.005967
 76.8547 0.005956
 76.9852 0.005963
 77.1175 0.005992
 77.2528 0.006045
 77.3895 0.006078
 77.5266 0.006198
 77.6681 0.006254
 77.8102 0.006253
 77.9549 0.006266
 78.1014 0.006289
 78.2475 0.006287
 78.3969 0.006347
 78.5514 0.006356
 78.7048 0.006478
 78.8609 0.006498
 79.0180 0.006585
 79.1809 0.006587
 79.3451 0.006728
 79.5130 0.006848
 79.6824 0.006940
 79.8561 0.007038
 80.0324 0.007206
 80.2120 0.007207
 80.3978 0.007312
 80.5881 0.007397
 80.7846 0.007490
 80.9814 0.007500
 81.1838 0.007635
 81.3915 0.007698
 81.6066 0.007801
 81.8265 0.007904
 82.0540 0.008023
 82.2873 0.008131
 82.5278 0.008392
 82.7774 0.008507
 83.0328 0.008784
 83.3014 0.008914
 83.5787 0.009102
 83.8746 0.009132
 84.1806 0.009221
 84.4993 0.009436
 84.8370 0.009437
 85.1891 0.009548
 85.5604 0.009746
 85.9597 0.010072
 86.3774 0.010168
 86.8289 0.010339
 87.3216 0.010636
 87.8573 0.011200
 88.4498 0.011490
 89.1009 0.012339
 89.8533 0.013232
 90.7128 0.014553
 91.7477 0.016870
 93.0624 0.019734
 94.8452 0.021567
 95.3045 0.023202
 95.8257 0.024460
 96.3838 0.025523
 97.0368 0.027362
 97.7835 0.030137
 98.7022 0.033402
 99.8692 0.039702
101.4977 0.045138
104.1463 0.060906
106.7477 0.085604
110.0391 0.126904
112.6433 0.174663
lm2s-11-4 3 1
 49.4782 0.060155
 50.3148 0.044946
 51.6045 0.031045
 52.6290 0.025567
 53.7460 0.019011
 54.4488 0.016100
 54.9572 0.014574
 55.3783 0.013753
 55.7372 0.012865
 56.0442 0.012121
 56.3161 0.011641
 56.5626 0.011080
 56.7855 0.010766
 57.6988 0.009367
 58.3895 0.008545
 58.9576 0.008152
 59.4405 0.007911
 59.8663 0.007661
 60.2469 0.007292
 60.5937 0.007124
 60.9146 0.006941
 61.2121 0.006711
 61.4930 0.006645
 61.7546 0.006286
 62.0055 0.006182
 62.2423 0.006133
 62.4666 0.005945
 62.6861 0.005849
 62.8942 0.005784
 63.0966 0.005713
 63.2920 0.005603
 63.4816 0.005549
 63.6604 0.005512
 63.8367 0.005505
 64.0092 0.005321
 64.1776 0.005277
 64.3422 0.005311
 64.5002 0.005311
 64.6564 0.005295
 64.8098 0.005239
 64.9595 0.005213
 65.1081 0.005211
 65.2518 0.005207
 65.3960 0.005151
 65.5360 0.005126
 65.6723 0.005178
 65.8074 0.005161
 65.9423 0.005137
 66.0752 0.005123
 66.2033 0.005134
 66.3314 0.005150
 66.4573 0.005124
 66.5827 0.005089
 66.7075 0.005098
 66.8302 0.005110
 66.9495 0.005172
 67.0689 0.005137
 67.1881 0.005126
 67.3069 0.005162
 67.4231 0.005155
 67.5384 0.005168
 67.6544 0.005122
 67.7691 0.005161
 67.8826 0.005108
 67.9962 0.005099
 68.1084 0.005084
 68.2202 0.005095
 68.3313 0.005134
 68.4419 0.005173
 68.5505 0.005172
 68.6591 0.005170
 68.7685 0.005137
 68.8745 0.005132
 68.9806 0.005135
 69.0865 0.005111
 69.1926 0.005119
 69.2968 0.005112
 69.4022 0.005090
 69.5069 0.005048
 69.6113 0.005066
 69.7144 0.005046
 69.8179 0.005058
 69.9208 0.005054
 70.0231 0.005005
 70.1253 0.004991
 70.2285 0.005005
 70.3304 0.004942
 70.4327 0.004940
 70.5349 0.004948
 70.6378 0.004992
 70.7397 0.005058
 70.8406 0.005099
 70.9408 0.005096
 71.0415 0.005096
 71.1433 0.005093
 71.2443 0.005164
 71.3460 0.005169
 71.4473 0.005196
 71.5500 0.005203
 71.6512 0.005189
 71.7517 0.005173
 71.8514 0.005157
 71.9508 0.005179
 72.0520 0.005194
 72.1531 0.005223
 72.2545 0.005248
 72.3552 0.005235
 72.4571 0.005222
 72.5589 0.005231
 72.6608 0.005221
 72.7627 0.005206
 72.8651 0.005170
 72.9663 0.005229
 73.0695 0.005265
 73.1716 0.005316
 73.2753 0.005338
 73.3791 0.005364
 73.4829 0.005368
 73.5872 0.005460
 73.6919 0.005484
 73.7964 0.005560
 73.9006 0.005580
 74.0060 0.005610
 74.1130 0.005610
 74.2196 0.005624
 74.3269 0.005671
 74.4343 0.005686
 74.5417 0.005659
 74.6503 0.005648
 74.7602 0.005610
 74.8690 0.005601
 74.9787 0.005618
 75.0895 0.005578
 75.2000 0.005635
 75.3111 0.005622
 75.4246 0.005650
 75.5368 0.005611
 75.6499 0.005620
 75.7647 0.005676
 75.8819 0.005729
 75.9986 0.005722
 76.1148 0.005719
 76.2329 0.005762
 76.3527 0.005717
 76.4736 0.005716
 76.5933 0.005746
 76.7169 0.005778
 76.8386 0.005719
 76.9630 0.005750
 77.0856 0.005871
 77.2123 0.005815
 77.3392 0.005880
 77.4675 0.005982
 77.5997 0.006059
 77.7319 0.006103
 77.8656 0.006037
 78.0030 0.006071
 78.1392 0.006110
 78.2771 0.006195
 78.4173 0.006190
 78.5587 0.006216
 78.7020 0.006242
 78.8462 0.006187
 78.9941 0.006257
 79.1434 0.006342
 79.2954 0.006475
 79.4488 0.006402
 79.6057 0.006425
 79.7647 0.006551
 79.9261 0.006680
 80.0915 0.006678
 80.2590 0.006778
 80.4293 0.006792
 80.6033 0.006829
 80.7812 0.006962
 80.9620 0.007043
 81.1462 0.007048
 81.3359 0.007187
 81.5287 0.007348
 81.7247 0.007434
 81.9311 0.007624
 82.1393 0.007787
 82.3537 0.007837
 82.5751 0.007966
 82.8013 0.008097
 83.0327 0.008361
 83.2741 0.008523
 83.5223 0.008733
 83.7830 0.008743
 84.0516 0.009112
 84.3309 0.009072
 84.6244 0.009172
 84.9281 0.009139
 85.2453 0.009158
 85.5775 0.009273
 85.9325 0.009437
 86.3058 0.009694
 86.7034 0.010021
 87.1257 0.010254
 87.5742 0.010518
 88.0659 0.010620
 88.6051 0.010845
 89.1936 0.011632
 89.8513 0.012475
 90.5999 0.013423
 91.4590 0.014792
 92.5048 0.016787
 93.8002 0.018240
 95.5784 0.022069
 96.0459 0.022915
 96.5504 0.024525
 97.1362 0.025889
 97.7845 0.027592
 98.5264 0.031041
 99.4643 0.035035
100.6405 0.040398
102.2777 0.045196
104.8986 0.061870
107.4880 0.085210
110.8004 0.122308
113.2649 0.173501
 tr0-11-4 3 1
240.7735 0.230743
244.2176 0.169449
248.8823 0.114638
252.6097 0.087040
256.6566 0.066372
259.2611 0.057848
261.1612 0.052777
262.7163 0.048618
264.0045 0.046265
265.1007 0.044292
266.0686 0.042315
266.9621 0.040193
267.7481 0.038301
270.9212 0.033665
273.3062 0.029427
275.2666 0.027486
276.9359 0.026085
278.3775 0.024550
279.6701 0.023861
280.8230 0.022925
281.8846 0.022484
282.8722 0.021997
283.7939 0.021657
284.6634 0.021200
285.4722 0.021387
286.2515 0.021072
286.9867 0.020428
287.6943 0.020258
288.3703 0.019570
289.0228 0.019920
289.6492 0.019605
290.2569 0.019229
290.8440 0.019030
291.4167 0.018653
291.9697 0.018368
292.5109 0.018171
293.0315 0.018016
293.5421 0.017694
294.0415 0.017571
294.5251 0.017511
295.0011 0.017490
295.4627 0.017574
295.9182 0.017226
296.3627 0.016621
296.8007 0.016574
297.2360 0.016656
297.6576 0.016561
298.0799 0.016549
298.4854 0.016521
298.8912 0.016245
299.2938 0.016417
299.6852 0.016417
300.0701 0.016492
300.4505 0.016340
300.8227 0.016456
301.1996 0.016266
301.5681 0.016086
301.9305 0.016019
302.2865 0.016159
302.6444 0.016172
302.9949 0.016154
303.3433 0.016077
303.6913 0.015946
304.0363 0.015820
304.3720 0.015835
304.7103 0.015714
305.0468 0.015721
305.3804 0.015845
305.7107 0.015649
306.0362 0.015706
306.3599 0.015479
306.6849 0.015429
307.0066 0.015546
307.3285 0.015345
307.6429 0.015175
307.9606 0.015106
308.2753 0.015071
308.5878 0.015095
308.9020 0.015223
309.2111 0.015265
309.5177 0.015096
309.8255 0.014994
310.1274 0.015068
310.4355 0.015022
310.7374 0.015093
311.0387 0.015066
311.3377 0.014891
311.6341 0.014912
311.9338 0.014789
312.2352 0.014857
312.5306 0.014786
312.8232 0.014828
313.1203 0.014832
313.4142 0.014787
313.7114 0.015086
314.0115 0.015130
314.3038 0.015050
314.5964 0.015019
314.8902 0.014861
315.1802 0.014837
315.4716 0.014819
315.7615 0.014620
316.0516 0.014744
316.3428 0.014683
316.6287 0.014717
316.9161 0.014645
317.2064 0.014549
317.4982 0.014592
317.7886 0.014508
318.0801 0.014658
318.3703 0.014744
318.6637 0.014926
318.9544 0.015158
319.2471 0.015176
319.5378 0.015178
319.8310 0.015043
320.1228 0.015086
320.4181 0.015188
320.7146 0.015273
321.0080 0.015359
321.3008 0.015272
321.5964 0.015268
321.8887 0.015286
322.1899 0.015263
322.4874 0.015341
322.7864 0.015503
323.0867 0.015572
323.3886 0.015680
323.6863 0.015838
323.9905 0.015913
324.2929 0.015904
324.5954 0.015803
324.9001 0.015847
325.2082 0.015815
325.5154 0.015863
325.8215 0.015984
326.1385 0.015994
326.4543 0.016063
326.7708 0.016065
327.0914 0.016125
327.4108 0.016288
327.7325 0.016368
328.0579 0.016456
328.3865 0.016371
328.7087 0.016551
329.0356 0.016484
329.3673 0.016467
329.7035 0.016454
330.0403 0.016575
330.3826 0.016434
330.7289 0.016527
331.0778 0.016489
331.4253 0.016597
331.7768 0.016757
332.1306 0.016876
332.4893 0.016968
332.8450 0.017040
333.2103 0.017118
333.5784 0.017164
333.9522 0.017057
334.3328 0.016981
334.7136 0.017076
335.1045 0.017388
335.4924 0.017550
335.8864 0.017564
336.2848 0.017557
336.6918 0.017652
337.1025 0.017759
337.5201 0.017708
337.9442 0.017662
338.3802 0.017867
338.8174 0.018041
339.2591 0.018291
339.7135 0.018413
340.1704 0.018569
340.6383 0.018767
341.1213 0.018947
341.6096 0.019086
342.1044 0.018943
342.6176 0.019098
343.1347 0.019146
343.6737 0.019445
344.2148 0.019564
344.7702 0.019753
345.3471 0.020030
345.9369 0.020222
346.5485 0.020461
347.1809 0.020692
347.8320 0.021091
348.4982 0.021282
349.2011 0.021725
349.9185 0.021784
350.6743 0.022644
351.4607 0.023560
352.2730 0.023935
353.1426 0.024002
354.0461 0.024646
355.0148 0.025357
356.0471 0.026933
357.1425 0.028186
358.3333 0.028750
359.6143 0.029650
361.0201 0.030900
362.5707 0.031290
364.3353 0.033677
366.3531 0.035815
368.7674 0.039008
371.8131 0.041550
375.9240 0.049113
376.9624 0.050952
378.0966 0.054288
379.3645 0.057234
380.7972 0.062553
382.4789 0.068712
384.5381 0.074784
387.1043 0.084985
390.6379 0.101927
396.2739 0.133093
401.7272 0.178405
408.6773 0.264127
413.1732 0.369488
 tr1-11-4 3 1
260.2453 0.246375
263.6278 0.181222
268.4458 0.127003
272.5033 0.094650
276.9668 0.074380
279.5612 0.061224
281.5349 0.055227
283.0834 0.052122
284.3992 0.047529
285.5197 0.044766
286.5266 0.043599
287.4156 0.042452
288.2106 0.040660
291.4742 0.035267
293.9219 0.032016
295.9406 0.030960
297.6324 0.028591
299.1243 0.026298
300.4550 0.024951
301.6600 0.023922
302.7621 0.022812
303.7780 0.022087
304.7396 0.021385
305.6290 0.020607
306.4606 0.020311
307.2621 0.019959
308.0162 0.019721
308.7419 0.019695
309.4412 0.019270
310.1156 0.019306
310.7605 0.019312
311.3836 0.018785
311.9878 0.018407
312.5701 0.018562
313.1434 0.018214
313.6929 0.017876
314.2328 0.017840
314.7599 0.018060
315.2770 0.017971
315.7719 0.017779
316.2600 0.017575
316.7489 0.017625
317.2211 0.017748
317.6819 0.017943
318.1338 0.017839
318.5741 0.017746
319.0150 0.017684
319.4495 0.017652
319.8769 0.017463
320.2942 0.017259
320.7042 0.017037
321.1133 0.017067
321.5126 0.017100
321.9085 0.016912
322.2935 0.016726
322.6785 0.016463
323.0583 0.016299
323.4368 0.016138
323.8084 0.016207
324.1790 0.016354
324.5431 0.016282
324.9025 0.016169
325.2593 0.016169
325.6107 0.016028
325.9626 0.015918
326.3132 0.015909
326.6603 0.015780
327.0031 0.015798
327.3423 0.015922
327.6809 0.015851
328.0118 0.015746
328.3412 0.015640
328.6742 0.015560
329.0042 0.015531
329.3300 0.015700
329.6557 0.015633
329.9783 0.015595
330.2983 0.015617
330.6203 0.015525
330.9362 0.015446
331.2525 0.015475
331.5686 0.015465
331.8827 0.015348
332.1958 0.015156
332.5042 0.015064
332.8164 0.015037
333.1239 0.014998
333.4309 0.014945
333.7354 0.014951
334.0395 0.014821
334.3443 0.014857
334.6500 0.014916
334.9576 0.015066
335.2602 0.014968
335.5620 0.014867
335.8672 0.014954
336.1684 0.015198
336.4674 0.015241
336.7698 0.015281
337.0682 0.015056
337.3650 0.014962
337.6624 0.015019
337.9603 0.015110
338.2618 0.015055
338.5613 0.015221
338.8619 0.015452
339.1593 0.015371
339.4584 0.015450
339.7577 0.015392
340.0568 0.015512
340.3557 0.015262
340.6561 0.015121
340.9529 0.015187
341.2536 0.015124
341.5512 0.015127
341.8536 0.015061
342.1518 0.015164
342.4577 0.015254
342.7603 0.015364
343.0592 0.015453
343.3631 0.015509
343.6651 0.015462
343.9695 0.015469
344.2707 0.015485
344.5795 0.015694
344.8839 0.015646
345.1929 0.015637
345.5000 0.015738
345.8093 0.015784
346.1192 0.015957
346.4354 0.015913
346.7539 0.015948
347.0705 0.016083
347.3877 0.016093
347.7041 0.016181
348.0212 0.016266
348.3423 0.016331
348.6656 0.016312
348.9885 0.016273
349.3124 0.016286
349.6403 0.016501
349.9693 0.016777
350.3024 0.016837
350.6372 0.016824
350.9705 0.016820
351.3093 0.016790
351.6526 0.016739
352.0021 0.016871
352.3486 0.016792
352.6988 0.016728
353.0507 0.016896
353.4018 0.016964
353.7540 0.017083
354.1135 0.017305
354.4765 0.017191
354.8467 0.017279
355.2175 0.017405
355.5954 0.017273
355.9743 0.016976
356.3555 0.017007
356.7422 0.017362
357.1316 0.017336
357.5312 0.017652
357.9287 0.017772
358.3339 0.017680
358.7427 0.017518
359.1627 0.017661
359.5894 0.018105
360.0164 0.018447
360.4590 0.018615
360.9124 0.018891
361.3615 0.019058
361.8198 0.019358
362.2908 0.019454
362.7596 0.019343
363.2417 0.019467
363.7380 0.019191
364.2503 0.019189
364.7659 0.019185
365.2910 0.019210
365.8230 0.019628
366.3655 0.019674
366.9305 0.020177
367.5045 0.020013
368.0947 0.020013
368.6982 0.019983
369.3249 0.020164
369.9685 0.020286
370.6353 0.020967
371.3243 0.021447
372.0379 0.022068
372.7732 0.022308
373.5491 0.022505
374.3500 0.023094
375.1911 0.023788
376.0747 0.023813
377.0213 0.024122
378.0172 0.024483
379.0712 0.025272
380.1964 0.026027
381.3961 0.027244
382.7382 0.028778
384.1693 0.029664
385.7534 0.031499
387.5612 0.034815
389.6613 0.038212
392.1330 0.040020
395.2547 0.043276
399.4979 0.051094
400.5694 0.053888
401.7593 0.056416
403.0874 0.059240
404.5321 0.064978
406.2884 0.071208
408.3117 0.074546
410.9430 0.079912
414.5215 0.097659
420.2566 0.136350
425.9452 0.183891
433.1250 0.278234
438.4478 0.355441
tr1s-11-4 3 1
270.6272 0.250979
273.8993 0.185865
278.9339 0.123198
282.9230 0.096125
287.3422 0.073439
289.9946 0.064612
291.9882 0.057579
293.5670 0.052248
294.8533 0.049518
296.0196 0.046657
297.0340 0.046479
297.9314 0.042325
298.7819 0.040372
302.0654 0.034589
304.5506 0.032417
306.5739 0.030305
308.3067 0.028268
309.8079 0.026779
311.1568 0.025212
312.3727 0.024495
313.4710 0.023546
314.4894 0.022813
315.4452 0.022012
316.3405 0.021771
317.1998 0.021311
318.0040 0.021017
318.7698 0.021259
319.5080 0.020927
320.2085 0.020575
320.8820 0.020372
321.5356 0.020055
322.1688 0.019571
322.7735 0.019581
323.3696 0.019397
323.9499 0.019036
324.5082 0.019072
325.0510 0.019353
325.5850 0.019068
326.0988 0.018941
326.6022 0.018676
327.0955 0.018735
327.5806 0.018492
328.0553 0.018299
328.5245 0.018129
328.9759 0.017876
329.4245 0.017716
329.8656 0.017539
330.3001 0.017329
330.7290 0.017235
331.1491 0.017276
331.5670 0.017410
331.9719 0.017467
332.3724 0.017368
332.7765 0.017168
333.1649 0.017022
333.5470 0.016945
333.9325 0.016618
334.3119 0.016493
334.6843 0.016392
335.0534 0.016378
335.4220 0.016272
335.7904 0.016245
336.1506 0.016288
336.5074 0.016188
336.8599 0.016148
337.2052 0.016244
337.5477 0.016103
337.8912 0.016297
338.2332 0.016193
338.5719 0.016065
338.9101 0.016115
339.2435 0.016075
339.5752 0.015869
339.9116 0.015846
340.2427 0.015674
340.5692 0.015645
340.8968 0.015536
341.2193 0.015518
341.5425 0.015431
341.8635 0.015356
342.1834 0.015269
342.5009 0.015152
342.8181 0.015084
343.1298 0.015140
343.4464 0.015215
343.7641 0.015124
344.0726 0.015138
344.3821 0.015137
344.6935 0.015068
344.9989 0.015057
345.3090 0.015059
345.6157 0.014860
345.9210 0.014867
346.2260 0.014774
346.5319 0.014852
346.8375 0.014721
347.1410 0.014766
347.4462 0.014815
347.7461 0.014938
348.0508 0.014890
348.3557 0.015012
348.6538 0.014971
348.9468 0.015030
349.2459 0.014981
349.5473 0.015029
349.8466 0.015092
350.1452 0.015024
350.4473 0.015128
350.7472 0.015153
351.0508 0.014990
351.3502 0.015078
351.6515 0.015250
351.9556 0.015262
352.2587 0.015101
352.5616 0.015208
352.8650 0.015283
353.1674 0.015409
353.4737 0.015621
353.7783 0.015670
354.0834 0.015727
354.3916 0.015869
354.7020 0.015854
355.0099 0.015663
355.3189 0.015610
355.6281 0.015558
355.9367 0.015509
356.2419 0.015620
356.5578 0.015899
356.8705 0.015853
357.1851 0.015989
357.4992 0.015962
357.8167 0.016023
358.1354 0.016160
358.4520 0.016357
358.7707 0.016287
359.0887 0.016333
359.4110 0.016367
359.7321 0.016552
360.0562 0.016770
360.3848 0.016840
360.7160 0.016926
361.0529 0.016881
361.3914 0.017109
361.7290 0.017015
362.0707 0.017155
362.4101 0.017302
362.7509 0.017366
363.0967 0.017357
363.4492 0.017406
363.8008 0.017481
364.1526 0.017391
364.5080 0.017435
364.8682 0.017518
365.2353 0.017562
365.5975 0.017603
365.9650 0.017766
366.3391 0.017817
366.7182 0.017793
367.1002 0.017617
367.4887 0.017689
367.8775 0.018049
368.2723 0.018266
368.6709 0.018413
369.0701 0.018387
369.4793 0.018446
369.8966 0.018324
370.3168 0.018224
370.7438 0.018202
371.1789 0.018362
371.6182 0.018200
372.0685 0.018197
372.5233 0.018316
372.9867 0.018519
373.4548 0.018511
373.9345 0.018584
374.4226 0.018384
374.9120 0.018738
375.4174 0.018865
375.9321 0.019160
376.4584 0.019330
376.9998 0.019444
377.5543 0.019589
378.1201 0.019730
378.6980 0.019525
379.2896 0.019871
379.9013 0.020089
380.5305 0.020404
381.1797 0.020700
381.8546 0.021475
382.5538 0.021598
383.2783 0.021979
384.0216 0.022689
384.8040 0.023118
385.6054 0.024019
386.4650 0.024177
387.3498 0.024779
388.2816 0.025611
389.2885 0.026307
390.3614 0.027318
391.4866 0.027872
392.6906 0.028242
394.0254 0.029624
395.4596 0.030823
397.0604 0.032362
398.8903 0.034217
400.9812 0.037535
403.5110 0.039831
406.6393 0.043475
410.9045 0.052420
411.9599 0.054904
413.1319 0.057887
414.4796 0.060676
415.9751 0.064410
417.7127 0.069229
419.8688 0.073808
422.4530 0.081833
425.9980 0.097041
431.9399 0.133600
437.5158 0.179574
444.6997 0.269213
450.1570 0.366893
 tr2-11-4 3 1
280.6752 0.260548
283.8904 0.191386
288.9593 0.132198
293.0998 0.094753
297.5183 0.075001
300.3829 0.064698
302.3660 0.057974
303.9817 0.054641
305.3158 0.050142
306.4878 0.047106
307.5101 0.045908
308.4482 0.044571
309.2810 0.042524
312.6970 0.037312
315.2411 0.032814
317.2856 0.030262
319.0465 0.027477
320.5941 0.025540
321.9470 0.024294
323.1779 0.023220
324.3006 0.022783
325.3571 0.022245
326.3536 0.021606
327.2718 0.021919
328.1459 0.021103
328.9604 0.020465
329.7494 0.020001
330.5041 0.019948
331.2235 0.019759
331.9151 0.019399
332.5889 0.019086
333.2344 0.018991
333.8594 0.018458
334.4679 0.018625
335.0467 0.018514
335.6162 0.018492
336.1721 0.018406
336.7114 0.017896
337.2401 0.017737
337.7514 0.017429
338.2504 0.017513
338.7394 0.017389
339.2170 0.017260
339.6957 0.017136
340.1588 0.016841
340.6137 0.016894
341.0623 0.016737
341.5006 0.016767
341.9431 0.016777
342.3719 0.016844
342.8021 0.016775
343.2181 0.016711
343.6315 0.016657
344.0401 0.016584
344.4391 0.016671
344.8322 0.016861
345.2264 0.016702
345.6116 0.016713
345.9921 0.016727
346.3693 0.016527
346.7467 0.016504
347.1194 0.016495
347.4845 0.016541
347.8545 0.016423
348.2142 0.016389
348.5725 0.016333
348.9266 0.016183
349.2829 0.016325
349.6354 0.016102
349.9848 0.016360
350.3275 0.016490
350.6698 0.016441
351.0132 0.016259
351.3546 0.016175
351.6921 0.016087
352.0245 0.015972
352.3569 0.016027
352.6861 0.015925
353.0168 0.015930
353.3441 0.015826
353.6683 0.015840
353.9909 0.015841
354.3115 0.015753
354.6322 0.015941
354.9550 0.016036
355.2726 0.015966
355.5865 0.016061
355.9038 0.016239
356.2212 0.016234
356.5347 0.016302
356.8477 0.016208
357.1618 0.016137
357.4740 0.016054
357.7854 0.016107
358.0987 0.016097
358.4085 0.016064
358.7180 0.016083
359.0232 0.015944
359.3319 0.016009
359.6425 0.015976
359.9545 0.015950
360.2641 0.016008
360.5727 0.016036
360.8840 0.016013
361.1932 0.015958
361.4968 0.015932
361.8061 0.015867
362.1126 0.015998
362.4192 0.015814
362.7285 0.015998
363.0323 0.016021
363.3372 0.016124
363.6471 0.016248
363.9544 0.016307
364.2573 0.016320
364.5660 0.016439
364.8766 0.016505
365.1847 0.016533
365.4965 0.016636
365.8089 0.016492
366.1241 0.016522
366.4397 0.016633
366.7498 0.016525
367.0653 0.016597
367.3802 0.016436
367.6988 0.016313
368.0125 0.016460
368.3337 0.016350
368.6502 0.016392
368.9691 0.016537
369.2886 0.016437
369.6148 0.016461
369.9399 0.016519
370.2684 0.016712
370.5959 0.016751
370.9224 0.016791
371.2527 0.016840
371.5827 0.016895
371.9123 0.016929
372.2424 0.017217
372.5784 0.017212
372.9225 0.017301
373.2628 0.017496
373.6083 0.017331
373.9558 0.017346
374.3005 0.017313
374.6550 0.017252
375.0068 0.017110
375.3586 0.017247
375.7190 0.017382
376.0815 0.017314
376.4468 0.017631
376.8102 0.017693
377.1790 0.017804
377.5546 0.017781
377.9339 0.017844
378.3145 0.017991
378.6984 0.018135
379.0912 0.018114
379.4914 0.018279
379.8880 0.018397
380.2881 0.018389
380.6984 0.018572
381.1159 0.018756
381.5340 0.018909
381.9575 0.018772
382.3780 0.018953
382.8110 0.019187
383.2587 0.019255
383.7044 0.019268
384.1590 0.019104
384.6286 0.019306
385.0991 0.019295
385.5838 0.019423
386.0735 0.019853
386.5708 0.020109
387.0829 0.020036
387.5928 0.019872
388.1214 0.019950
388.6569 0.020277
389.2028 0.020493
389.7623 0.020488
390.3349 0.020858
390.9231 0.021089
391.5302 0.021293
392.1489 0.021661
392.7857 0.021515
393.4472 0.021963
394.1349 0.022439
394.8393 0.022557
395.5725 0.022898
396.3413 0.023571
397.1224 0.023963
397.9497 0.024037
398.8127 0.024424
399.7284 0.025321
400.6842 0.026003
401.6974 0.026935
402.7803 0.027525
403.9359 0.027909
405.1699 0.028185
406.5099 0.029862
408.0089 0.030838
409.6348 0.032998
411.4902 0.033979
413.6454 0.036633
416.2213 0.040670
419.4192 0.045881
423.6673 0.053325
424.7569 0.054645
425.9640 0.056652
427.3332 0.059401
428.8777 0.064915
430.6519 0.069193
432.8342 0.078143
435.6024 0.087435
439.3829 0.104612
445.4266 0.141546
451.0702 0.181009
458.3061 0.279627
463.6774 0.381146
tr2s-11-4 3 1
291.0421 0.269115
294.3412 0.197357
299.5814 0.131383
303.7647 0.099270
308.2889 0.074703
311.0842 0.067917
313.0791 0.059956
314.6724 0.054326
316.0209 0.050702
317.2157 0.047493
318.2769 0.044933
319.2107 0.042983
320.0577 0.042273
323.4389 0.036224
325.9989 0.032501
328.0623 0.029804
329.8295 0.028005
331.3718 0.026001
332.7460 0.025414
333.9958 0.024538
335.1342 0.024534
336.1858 0.023805
337.1748 0.023021
338.0931 0.022057
338.9712 0.021326
339.8074 0.021171
340.5945 0.021063
341.3557 0.020410
342.0827 0.020289
342.7781 0.019985
343.4452 0.019905
344.0927 0.019323
344.7207 0.019020
345.3249 0.018697
345.9194 0.018496
346.4879 0.018160
347.0419 0.018164
347.5876 0.018178
348.1204 0.017848
348.6366 0.017885
349.1476 0.017919
349.6405 0.018070
350.1249 0.017971
350.6006 0.017713
351.0673 0.017559
351.5301 0.017132
351.9827 0.017332
352.4283 0.017082
352.8635 0.016953
353.2927 0.016930
353.7215 0.016741
354.1426 0.016719
354.5605 0.016719
354.9603 0.016574
355.3685 0.016659
355.7692 0.016628
356.1614 0.016585
356.5490 0.016338
356.9326 0.016359
357.3126 0.016441
357.6937 0.016188
358.0674 0.016300
358.4332 0.016234
358.8011 0.016330
359.1612 0.016023
359.5183 0.015841
359.8746 0.015856
360.2269 0.015762
360.5798 0.015647
360.9257 0.015619
361.2702 0.015623
361.6125 0.015674
361.9582 0.015560
362.2991 0.015552
362.6340 0.015464
362.9738 0.015480
363.3061 0.015489
363.6367 0.015348
363.9689 0.015515
364.3025 0.015513
364.6298 0.015583
364.9494 0.015645
365.2702 0.015553
365.5949 0.015581
365.9189 0.015607
366.2375 0.015694
366.5557 0.015716
366.8754 0.015807
367.1906 0.015691
367.5069 0.015680
367.8180 0.015776
368.1327 0.015767
368.4488 0.015682
368.7634 0.015746
369.0777 0.016056
369.3930 0.016136
369.7039 0.016071
370.0136 0.015964
370.3272 0.016021
370.6409 0.016000
370.9503 0.016092
371.2558 0.016049
371.5675 0.016230
371.8728 0.016167
372.1813 0.016196
372.4884 0.016248
372.7973 0.016170
373.1049 0.016259
373.4152 0.016086
373.7238 0.016001
374.0358 0.015958
374.3437 0.015860
374.6523 0.015895
374.9610 0.015946
375.2755 0.015988
375.5871 0.015952
375.8964 0.016038
376.2015 0.016090
376.5106 0.016310
376.8244 0.016236
377.1367 0.016299
377.4478 0.016421
377.7615 0.016694
378.0775 0.016471
378.3891 0.016461
378.7074 0.016596
379.0274 0.016637
379.3464 0.016554
379.6703 0.016610
379.9927 0.016609
380.3147 0.016744
380.6418 0.016701
380.9694 0.016662
381.2972 0.016671
381.6219 0.016917
381.9534 0.016843
382.2843 0.016673
382.6176 0.016704
382.9544 0.016863
383.2881 0.016706
383.6287 0.016941
383.9706 0.016988
384.3122 0.016884
384.6554 0.016990
385.0032 0.017019
385.3488 0.017149
385.7008 0.017138
386.0549 0.017327
386.4148 0.017418
386.7734 0.017481
387.1422 0.017330
387.5082 0.017296
387.8765 0.017187
388.2476 0.017145
388.6234 0.017307
388.9990 0.017412
389.3830 0.017635
389.7672 0.017725
390.1612 0.017603
390.5592 0.017725
390.9608 0.017807
391.3646 0.018008
391.7734 0.018132
392.1897 0.018557
392.6041 0.018907
393.0285 0.018776
393.4614 0.018915
393.9002 0.018870
394.3460 0.018896
394.7958 0.019091
395.2587 0.019308
395.7235 0.019105
396.1941 0.019132
396.6775 0.019558
397.1644 0.019638
397.6586 0.019634
398.1694 0.019658
398.6811 0.019768
399.2082 0.019799
399.7481 0.020057
400.3031 0.020183
400.8703 0.020388
401.4470 0.020706
402.0422 0.020949
402.6519 0.021175
403.2778 0.021414
403.9215 0.021951
404.5797 0.022018
405.2735 0.022402
405.9772 0.022188
406.7132 0.022859
407.4746 0.023688
408.2727 0.023739
409.1108 0.023925
409.9826 0.024627
410.9006 0.025192
411.8567 0.025399
412.8653 0.026122
413.9543 0.027058
415.1201 0.027709
416.3348 0.028432
417.6893 0.029186
419.1715 0.030454
420.8558 0.032124
422.7085 0.033558
424.8468 0.036273
427.4077 0.039660
430.6189 0.044514
434.9487 0.053282
436.0340 0.056113
437.2285 0.057288
438.6024 0.060352
440.1247 0.065703
441.9063 0.069409
444.1138 0.075908
446.8254 0.086161
450.5319 0.102266
456.4720 0.145233
462.3828 0.185579
469.7587 0.267612
475.4464 0.390653
