Copyright (C) 1998 James G. MacKinnon, Alfred A. Haug, and Leo Michelis.
 lm0-07-2 3 1
 20.2430 0.040814
 20.8188 0.032740
 21.6965 0.022018
 22.4450 0.016911
 23.2367 0.013174
 23.7378 0.011992
 24.1063 0.011234
 24.4092 0.010313
 24.6616 0.009878
 24.8765 0.009114
 25.0696 0.008961
 25.2403 0.008379
 25.4044 0.007868
 26.0600 0.007039
 26.5635 0.006581
 26.9788 0.005861
 27.3356 0.005584
 27.6475 0.005413
 27.9287 0.005228
 28.1836 0.005062
 28.4164 0.005036
 28.6368 0.005139
 28.8407 0.005039
 29.0370 0.005012
 29.2224 0.004929
 29.3993 0.004844
 29.5680 0.004769
 29.7286 0.004666
 29.8842 0.004578
 30.0351 0.004512
 30.1815 0.004403
 30.3233 0.004400
 30.4587 0.004355
 30.5928 0.004256
 30.7213 0.004223
 30.8474 0.004203
 30.9709 0.004195
 31.0914 0.004126
 31.2103 0.004082
 31.3274 0.004014
 31.4418 0.004010
 31.5551 0.003988
 31.6631 0.004006
 31.7705 0.003963
 31.8770 0.003931
 31.9821 0.003891
 32.0862 0.003918
 32.1887 0.003820
 32.2882 0.003806
 32.3877 0.003784
 32.4852 0.003776
 32.5816 0.003789
 32.6763 0.003776
 32.7711 0.003791
 32.8648 0.003782
 32.9577 0.003776
 33.0486 0.003776
 33.1396 0.003778
 33.2293 0.003788
 33.3190 0.003833
 33.4077 0.003805
 33.4964 0.003836
 33.5847 0.003844
 33.6729 0.003857
 33.7577 0.003858
 33.8442 0.003878
 33.9299 0.003915
 34.0142 0.003917
 34.0986 0.003887
 34.1827 0.003895
 34.2668 0.003900
 34.3497 0.003898
 34.4326 0.003852
 34.5147 0.003866
 34.5967 0.003831
 34.6792 0.003827
 34.7601 0.003844
 34.8408 0.003801
 34.9205 0.003864
 35.0017 0.003896
 35.0825 0.003935
 35.1622 0.003940
 35.2415 0.003994
 35.3210 0.003981
 35.4005 0.003969
 35.4796 0.004039
 35.5590 0.004056
 35.6369 0.004038
 35.7159 0.004009
 35.7947 0.004008
 35.8730 0.004026
 35.9525 0.004017
 36.0312 0.004016
 36.1091 0.003987
 36.1888 0.003994
 36.2680 0.003977
 36.3458 0.003939
 36.4249 0.003954
 36.5042 0.003948
 36.5826 0.003935
 36.6609 0.003921
 36.7394 0.003951
 36.8187 0.003973
 36.8977 0.004006
 36.9771 0.003991
 37.0562 0.003974
 37.1363 0.003999
 37.2155 0.004047
 37.2945 0.004052
 37.3743 0.004029
 37.4551 0.004080
 37.5349 0.004069
 37.6155 0.004053
 37.6964 0.004103
 37.7773 0.004171
 37.8599 0.004189
 37.9411 0.004206
 38.0226 0.004206
 38.1044 0.004221
 38.1869 0.004275
 38.2699 0.004372
 38.3528 0.004360
 38.4357 0.004360
 38.5196 0.004405
 38.6022 0.004431
 38.6870 0.004423
 38.7723 0.004458
 38.8568 0.004484
 38.9415 0.004457
 39.0269 0.004493
 39.1131 0.004489
 39.1990 0.004513
 39.2868 0.004542
 39.3734 0.004521
 39.4611 0.004560
 39.5510 0.004595
 39.6410 0.004590
 39.7310 0.004622
 39.8217 0.004678
 39.9136 0.004715
 40.0067 0.004752
 40.0992 0.004731
 40.1938 0.004760
 40.2875 0.004750
 40.3823 0.004810
 40.4793 0.004832
 40.5764 0.004813
 40.6736 0.004851
 40.7717 0.004856
 40.8708 0.004812
 40.9709 0.004848
 41.0732 0.004894
 41.1757 0.004882
 41.2801 0.004893
 41.3850 0.004931
 41.4923 0.004956
 41.6013 0.004922
 41.7113 0.004916
 41.8219 0.004945
 41.9343 0.004924
 42.0465 0.004988
 42.1618 0.005011
 42.2781 0.005029
 42.3959 0.005014
 42.5141 0.005099
 42.6328 0.005166
 42.7570 0.005247
 42.8816 0.005329
 43.0080 0.005316
 43.1376 0.005320
 43.2697 0.005319
 43.4034 0.005387
 43.5381 0.005569
 43.6764 0.005677
 43.8211 0.005778
 43.9671 0.005780
 44.1157 0.005796
 44.2686 0.005889
 44.4241 0.006044
 44.5823 0.006072
 44.7460 0.006259
 44.9137 0.006425
 45.0873 0.006510
 45.2656 0.006655
 45.4496 0.006686
 45.6382 0.006798
 45.8343 0.006913
 46.0392 0.007123
 46.2511 0.007228
 46.4695 0.007391
 46.6959 0.007598
 46.9323 0.007655
 47.1832 0.007806
 47.4443 0.007957
 47.7185 0.008150
 48.0055 0.008421
 48.3064 0.008739
 48.6276 0.008911
 48.9732 0.009193
 49.3516 0.009736
 49.7502 0.010231
 50.1863 0.010636
 50.6716 0.010988
 51.2083 0.011671
 51.8220 0.012557
 52.5351 0.013222
 53.4091 0.014767
 54.5005 0.016908
 56.0119 0.019191
 56.3948 0.019957
 56.8245 0.020934
 57.3125 0.022280
 57.8638 0.023941
 58.5175 0.025872
 59.3042 0.029194
 60.3108 0.033556
 61.6541 0.041240
 63.9404 0.055351
 66.1390 0.076787
 69.0442 0.115062
 71.2324 0.156102
 lm1-07-2 3 1
 22.6199 0.047005
 23.2253 0.036147
 24.1283 0.024804
 24.8848 0.019202
 25.6931 0.014656
 26.2131 0.012002
 26.6064 0.010967
 26.9281 0.010049
 27.1989 0.009272
 27.4357 0.008949
 27.6391 0.008442
 27.8221 0.007912
 27.9904 0.007690
 28.6748 0.006951
 29.1982 0.006181
 29.6231 0.006246
 29.9915 0.005945
 30.3179 0.005645
 30.6086 0.005634
 30.8753 0.005398
 31.1213 0.005299
 31.3500 0.005169
 31.5637 0.005052
 31.7643 0.004941
 31.9563 0.004760
 32.1412 0.004747
 32.3156 0.004716
 32.4824 0.004657
 32.6431 0.004497
 32.7988 0.004493
 32.9497 0.004446
 33.0944 0.004406
 33.2379 0.004462
 33.3759 0.004443
 33.5100 0.004436
 33.6429 0.004425
 33.7713 0.004427
 33.8980 0.004416
 34.0198 0.004281
 34.1414 0.004257
 34.2599 0.004264
 34.3759 0.004214
 34.4897 0.004142
 34.6025 0.004156
 34.7120 0.004136
 34.8203 0.004140
 34.9263 0.004162
 35.0311 0.004129
 35.1342 0.004154
 35.2363 0.004137
 35.3366 0.004111
 35.4364 0.004126
 35.5368 0.004131
 35.6357 0.004129
 35.7320 0.004046
 35.8289 0.004054
 35.9241 0.004010
 36.0176 0.003977
 36.1118 0.003992
 36.2046 0.003973
 36.2969 0.003984
 36.3896 0.004019
 36.4795 0.004078
 36.5694 0.004083
 36.6590 0.004042
 36.7470 0.004013
 36.8348 0.004055
 36.9234 0.004032
 37.0101 0.004038
 37.0959 0.004036
 37.1816 0.003992
 37.2679 0.003986
 37.3548 0.003998
 37.4395 0.003996
 37.5239 0.004028
 37.6089 0.004047
 37.6927 0.004014
 37.7765 0.003999
 37.8600 0.003970
 37.9437 0.004015
 38.0257 0.003973
 38.1077 0.003984
 38.1907 0.003976
 38.2730 0.003958
 38.3559 0.003935
 38.4385 0.003932
 38.5207 0.003967
 38.6023 0.003995
 38.6846 0.003972
 38.7650 0.004035
 38.8459 0.004054
 38.9278 0.004064
 39.0087 0.004081
 39.0899 0.004100
 39.1712 0.004127
 39.2518 0.004135
 39.3332 0.004162
 39.4150 0.004144
 39.4960 0.004159
 39.5769 0.004226
 39.6590 0.004191
 39.7400 0.004190
 39.8209 0.004192
 39.9023 0.004177
 39.9841 0.004224
 40.0653 0.004178
 40.1455 0.004205
 40.2287 0.004226
 40.3110 0.004248
 40.3934 0.004297
 40.4757 0.004336
 40.5577 0.004304
 40.6419 0.004332
 40.7245 0.004334
 40.8083 0.004365
 40.8912 0.004335
 40.9749 0.004341
 41.0577 0.004354
 41.1415 0.004351
 41.2266 0.004323
 41.3110 0.004360
 41.3967 0.004373
 41.4819 0.004371
 41.5677 0.004401
 41.6545 0.004393
 41.7410 0.004421
 41.8281 0.004418
 41.9158 0.004514
 42.0035 0.004545
 42.0916 0.004533
 42.1818 0.004546
 42.2724 0.004553
 42.3613 0.004612
 42.4519 0.004644
 42.5440 0.004680
 42.6364 0.004708
 42.7281 0.004713
 42.8215 0.004816
 42.9165 0.004837
 43.0100 0.004844
 43.1043 0.004864
 43.1999 0.004818
 43.2966 0.004867
 43.3943 0.004869
 43.4919 0.004947
 43.5900 0.004937
 43.6908 0.005049
 43.7903 0.005031
 43.8913 0.005076
 43.9945 0.005079
 44.0983 0.005118
 44.2045 0.005180
 44.3100 0.005271
 44.4167 0.005278
 44.5239 0.005331
 44.6329 0.005407
 44.7437 0.005458
 44.8563 0.005460
 44.9694 0.005478
 45.0831 0.005499
 45.1999 0.005521
 45.3176 0.005540
 45.4375 0.005578
 45.5602 0.005580
 45.6832 0.005650
 45.8090 0.005671
 45.9364 0.005814
 46.0666 0.005942
 46.1969 0.006037
 46.3321 0.006118
 46.4674 0.006154
 46.6051 0.006213
 46.7473 0.006314
 46.8898 0.006378
 47.0366 0.006480
 47.1857 0.006494
 47.3379 0.006660
 47.4937 0.006693
 47.6533 0.006723
 47.8177 0.006706
 47.9866 0.006816
 48.1596 0.006947
 48.3384 0.007047
 48.5224 0.007077
 48.7107 0.007209
 48.9062 0.007408
 49.1088 0.007473
 49.3167 0.007710
 49.5319 0.007751
 49.7526 0.007864
 49.9841 0.007973
 50.2268 0.008123
 50.4791 0.008412
 50.7438 0.008580
 51.0237 0.008797
 51.3168 0.008954
 51.6304 0.008969
 51.9632 0.009069
 52.3174 0.009216
 52.6966 0.009514
 53.1096 0.009663
 53.5598 0.010132
 54.0538 0.010603
 54.6109 0.011001
 55.2442 0.011802
 55.9770 0.012392
 56.8572 0.014126
 57.9781 0.015824
 59.5214 0.019538
 59.9174 0.019964
 60.3531 0.020928
 60.8397 0.022052
 61.4093 0.023675
 62.0621 0.025991
 62.8795 0.028163
 63.8858 0.032741
 65.2550 0.039958
 67.4927 0.054651
 69.7497 0.076407
 72.7580 0.115266
 74.8856 0.172067
lm1s-07-2 3 1
 23.3079 0.046096
 23.9197 0.034712
 24.8018 0.023659
 25.5551 0.018467
 26.3820 0.014367
 26.9245 0.011850
 27.3224 0.010582
 27.6421 0.009597
 27.9092 0.009145
 28.1397 0.008767
 28.3422 0.008784
 28.5272 0.008342
 28.6993 0.007988
 29.3909 0.006999
 29.9138 0.006832
 30.3442 0.006366
 30.7130 0.006040
 31.0399 0.005811
 31.3356 0.005754
 31.6022 0.005569
 31.8461 0.005470
 32.0732 0.005281
 32.2897 0.005171
 32.4941 0.004943
 32.6873 0.004874
 32.8699 0.004794
 33.0453 0.004596
 33.2133 0.004581
 33.3746 0.004523
 33.5303 0.004424
 33.6840 0.004383
 33.8310 0.004420
 33.9740 0.004354
 34.1133 0.004309
 34.2499 0.004381
 34.3827 0.004378
 34.5099 0.004324
 34.6354 0.004207
 34.7568 0.004245
 34.8786 0.004202
 34.9961 0.004215
 35.1113 0.004272
 35.2262 0.004250
 35.3375 0.004207
 35.4486 0.004116
 35.5580 0.004157
 35.6640 0.004173
 35.7696 0.004181
 35.8741 0.004170
 35.9779 0.004146
 36.0781 0.004092
 36.1786 0.004109
 36.2775 0.004083
 36.3750 0.004097
 36.4720 0.004134
 36.5682 0.004186
 36.6646 0.004156
 36.7595 0.004116
 36.8529 0.004140
 36.9448 0.004129
 37.0366 0.004138
 37.1291 0.004075
 37.2202 0.004062
 37.3102 0.004068
 37.3999 0.004039
 37.4875 0.004090
 37.5753 0.004075
 37.6626 0.004064
 37.7504 0.004049
 37.8370 0.004069
 37.9244 0.004041
 38.0109 0.004022
 38.0969 0.004023
 38.1816 0.003997
 38.2656 0.003970
 38.3508 0.003958
 38.4354 0.003975
 38.5190 0.004006
 38.6030 0.003916
 38.6862 0.003947
 38.7705 0.003937
 38.8526 0.003963
 38.9349 0.003942
 39.0175 0.003979
 39.1000 0.003993
 39.1821 0.003999
 39.2638 0.004041
 39.3457 0.004072
 39.4271 0.004097
 39.5097 0.004111
 39.5901 0.004114
 39.6716 0.004118
 39.7527 0.004125
 39.8345 0.004129
 39.9165 0.004151
 39.9976 0.004109
 40.0788 0.004137
 40.1592 0.004107
 40.2414 0.004131
 40.3222 0.004122
 40.4038 0.004119
 40.4853 0.004134
 40.5660 0.004152
 40.6481 0.004156
 40.7305 0.004221
 40.8129 0.004257
 40.8944 0.004244
 40.9757 0.004240
 41.0582 0.004213
 41.1402 0.004241
 41.2219 0.004213
 41.3051 0.004168
 41.3888 0.004152
 41.4720 0.004173
 41.5552 0.004219
 41.6397 0.004181
 41.7234 0.004230
 41.8072 0.004258
 41.8908 0.004317
 41.9749 0.004355
 42.0597 0.004419
 42.1459 0.004395
 42.2312 0.004362
 42.3176 0.004405
 42.4046 0.004414
 42.4915 0.004417
 42.5787 0.004396
 42.6671 0.004429
 42.7552 0.004454
 42.8439 0.004533
 42.9332 0.004593
 43.0222 0.004617
 43.1127 0.004629
 43.2028 0.004604
 43.2945 0.004653
 43.3859 0.004674
 43.4794 0.004690
 43.5726 0.004721
 43.6666 0.004750
 43.7600 0.004807
 43.8556 0.004882
 43.9512 0.004944
 44.0477 0.004941
 44.1460 0.004953
 44.2427 0.004955
 44.3416 0.005002
 44.4406 0.005024
 44.5408 0.005048
 44.6434 0.005086
 44.7454 0.005123
 44.8484 0.005124
 44.9528 0.005146
 45.0597 0.005212
 45.1662 0.005236
 45.2731 0.005278
 45.3835 0.005269
 45.4949 0.005289
 45.6067 0.005347
 45.7225 0.005429
 45.8370 0.005436
 45.9524 0.005512
 46.0708 0.005533
 46.1902 0.005607
 46.3113 0.005677
 46.4354 0.005705
 46.5596 0.005780
 46.6862 0.005903
 46.8170 0.006024
 46.9485 0.006038
 47.0833 0.006149
 47.2196 0.006176
 47.3582 0.006175
 47.4984 0.006328
 47.6434 0.006407
 47.7908 0.006542
 47.9409 0.006621
 48.0932 0.006629
 48.2512 0.006680
 48.4104 0.006744
 48.5740 0.006842
 48.7419 0.006876
 48.9159 0.006958
 49.0927 0.006963
 49.2769 0.007059
 49.4669 0.007292
 49.6613 0.007373
 49.8638 0.007435
 50.0719 0.007525
 50.2868 0.007627
 50.5096 0.007845
 50.7414 0.007923
 50.9842 0.008110
 51.2347 0.008244
 51.4989 0.008362
 51.7813 0.008451
 52.0782 0.008640
 52.3925 0.008876
 52.7222 0.009073
 53.0708 0.009113
 53.4522 0.009325
 53.8627 0.009781
 54.3113 0.010298
 54.8128 0.010674
 55.3723 0.011009
 56.0038 0.011616
 56.7364 0.012724
 57.6224 0.013572
 58.7486 0.015554
 60.2926 0.019080
 60.6766 0.019830
 61.1084 0.020598
 61.6092 0.021803
 62.1695 0.023637
 62.8339 0.025428
 63.6293 0.027959
 64.6321 0.031752
 66.0113 0.039127
 68.2904 0.054052
 70.5469 0.073407
 73.5575 0.109086
 75.7377 0.164504
 lm2-07-2 3 1
 24.9872 0.048439
 25.6366 0.036169
 26.5910 0.026178
 27.3795 0.019855
 28.2289 0.015354
 28.7616 0.013076
 29.1525 0.011642
 29.4865 0.010890
 29.7653 0.010349
 29.9989 0.009851
 30.2104 0.009146
 30.4050 0.008684
 30.5781 0.008254
 31.2840 0.007465
 31.8205 0.007135
 32.2611 0.006634
 32.6485 0.006163
 32.9836 0.005911
 33.2824 0.005635
 33.5605 0.005462
 33.8166 0.005316
 34.0565 0.005147
 34.2786 0.005091
 34.4905 0.005027
 34.6882 0.005002
 34.8802 0.004928
 35.0635 0.004996
 35.2374 0.004908
 35.4049 0.004922
 35.5660 0.004896
 35.7218 0.004829
 35.8750 0.004751
 36.0210 0.004729
 36.1626 0.004686
 36.3018 0.004705
 36.4364 0.004613
 36.5706 0.004576
 36.7008 0.004489
 36.8290 0.004427
 36.9550 0.004411
 37.0759 0.004469
 37.1959 0.004371
 37.3150 0.004416
 37.4309 0.004407
 37.5445 0.004412
 37.6565 0.004429
 37.7668 0.004451
 37.8765 0.004415
 37.9840 0.004417
 38.0895 0.004383
 38.1948 0.004387
 38.2981 0.004343
 38.3994 0.004350
 38.5006 0.004318
 38.6000 0.004272
 38.6985 0.004309
 38.7950 0.004259
 38.8929 0.004279
 38.9901 0.004335
 39.0859 0.004320
 39.1803 0.004337
 39.2755 0.004333
 39.3680 0.004364
 39.4608 0.004345
 39.5520 0.004321
 39.6442 0.004301
 39.7355 0.004295
 39.8263 0.004273
 39.9165 0.004243
 40.0050 0.004266
 40.0939 0.004247
 40.1821 0.004232
 40.2701 0.004283
 40.3581 0.004304
 40.4451 0.004330
 40.5321 0.004324
 40.6188 0.004305
 40.7042 0.004319
 40.7912 0.004286
 40.8773 0.004291
 40.9624 0.004307
 41.0482 0.004309
 41.1331 0.004316
 41.2175 0.004268
 41.3029 0.004282
 41.3887 0.004283
 41.4731 0.004253
 41.5575 0.004268
 41.6411 0.004196
 41.7253 0.004220
 41.8095 0.004211
 41.8926 0.004275
 41.9770 0.004251
 42.0599 0.004289
 42.1428 0.004315
 42.2262 0.004332
 42.3102 0.004372
 42.3950 0.004350
 42.4775 0.004367
 42.5614 0.004412
 42.6453 0.004478
 42.7280 0.004530
 42.8121 0.004569
 42.8955 0.004611
 42.9784 0.004609
 43.0613 0.004629
 43.1456 0.004640
 43.2288 0.004653
 43.3128 0.004703
 43.3968 0.004729
 43.4823 0.004737
 43.5671 0.004800
 43.6522 0.004768
 43.7379 0.004792
 43.8241 0.004797
 43.9100 0.004824
 43.9975 0.004815
 44.0840 0.004805
 44.1712 0.004807
 44.2588 0.004842
 44.3457 0.004861
 44.4343 0.004861
 44.5217 0.004871
 44.6113 0.004892
 44.7001 0.004840
 44.7879 0.004871
 44.8777 0.004913
 44.9688 0.004960
 45.0594 0.004996
 45.1501 0.005011
 45.2420 0.005026
 45.3349 0.004980
 45.4276 0.004989
 45.5198 0.005041
 45.6142 0.005016
 45.7078 0.005051
 45.8025 0.005072
 45.8978 0.005075
 45.9943 0.005076
 46.0911 0.005116
 46.1887 0.005166
 46.2873 0.005158
 46.3860 0.005215
 46.4871 0.005238
 46.5888 0.005261
 46.6903 0.005304
 46.7921 0.005333
 46.8956 0.005387
 47.0002 0.005370
 47.1058 0.005451
 47.2115 0.005500
 47.3186 0.005501
 47.4269 0.005531
 47.5365 0.005551
 47.6484 0.005524
 47.7603 0.005612
 47.8742 0.005619
 47.9892 0.005666
 48.1069 0.005732
 48.2258 0.005754
 48.3444 0.005756
 48.4643 0.005773
 48.5874 0.005848
 48.7141 0.005985
 48.8402 0.005993
 48.9680 0.005986
 49.1000 0.006024
 49.2315 0.006022
 49.3664 0.005994
 49.5032 0.006047
 49.6422 0.006051
 49.7842 0.006113
 49.9273 0.006162
 50.0749 0.006283
 50.2264 0.006421
 50.3823 0.006504
 50.5381 0.006573
 50.7000 0.006557
 50.8649 0.006593
 51.0348 0.006590
 51.2077 0.006752
 51.3854 0.006801
 51.5698 0.007010
 51.7571 0.007125
 51.9502 0.007231
 52.1487 0.007253
 52.3544 0.007388
 52.5663 0.007530
 52.7879 0.007642
 53.0161 0.007590
 53.2518 0.007874
 53.4972 0.008073
 53.7587 0.008132
 54.0311 0.008278
 54.3181 0.008396
 54.6176 0.008598
 54.9371 0.008771
 55.2758 0.009059
 55.6425 0.009460
 56.0313 0.009837
 56.4580 0.010228
 56.9184 0.010481
 57.4251 0.010850
 57.9960 0.011418
 58.6432 0.012193
 59.3957 0.013433
 60.3057 0.014414
 61.4489 0.016423
 63.0143 0.019234
 63.4109 0.020028
 63.8484 0.021148
 64.3550 0.021995
 64.9330 0.023603
 65.5714 0.024930
 66.4192 0.027740
 67.4137 0.032603
 68.8250 0.039025
 71.2132 0.054024
 73.5250 0.070122
 76.5198 0.118265
 78.7700 0.169709
lm2s-07-2 3 1
 25.6600 0.047811
 26.3409 0.036240
 27.2843 0.026883
 28.0816 0.020116
 28.9413 0.015367
 29.4722 0.013223
 29.8835 0.012049
 30.2216 0.010805
 30.5005 0.010270
 30.7383 0.009735
 30.9466 0.009303
 31.1378 0.008755
 31.3112 0.008469
 32.0233 0.007507
 32.5661 0.006810
 33.0094 0.006395
 33.3909 0.006064
 33.7253 0.005836
 34.0294 0.005547
 34.3045 0.005406
 34.5661 0.005284
 34.8028 0.005287
 35.0244 0.005187
 35.2350 0.005268
 35.4339 0.005156
 35.6252 0.005047
 35.8076 0.005032
 35.9841 0.005011
 36.1507 0.004894
 36.3126 0.004872
 36.4688 0.004711
 36.6213 0.004722
 36.7675 0.004637
 36.9104 0.004620
 37.0507 0.004545
 37.1886 0.004497
 37.3209 0.004463
 37.4510 0.004484
 37.5780 0.004511
 37.7053 0.004410
 37.8290 0.004384
 37.9486 0.004437
 38.0669 0.004420
 38.1814 0.004403
 38.2959 0.004359
 38.4081 0.004363
 38.5178 0.004318
 38.6270 0.004295
 38.7330 0.004268
 38.8392 0.004269
 38.9453 0.004307
 39.0482 0.004252
 39.1495 0.004240
 39.2506 0.004276
 39.3509 0.004288
 39.4494 0.004262
 39.5475 0.004244
 39.6454 0.004275
 39.7416 0.004234
 39.8366 0.004218
 39.9304 0.004178
 40.0246 0.004164
 40.1183 0.004167
 40.2120 0.004148
 40.3037 0.004169
 40.3962 0.004155
 40.4866 0.004164
 40.5765 0.004169
 40.6671 0.004154
 40.7575 0.004177
 40.8467 0.004216
 40.9344 0.004216
 41.0231 0.004220
 41.1120 0.004210
 41.1990 0.004220
 41.2851 0.004237
 41.3716 0.004271
 41.4595 0.004269
 41.5449 0.004293
 41.6307 0.004261
 41.7169 0.004223
 41.8023 0.004190
 41.8877 0.004202
 41.9720 0.004231
 42.0563 0.004201
 42.1402 0.004228
 42.2257 0.004201
 42.3095 0.004183
 42.3940 0.004254
 42.4781 0.004239
 42.5615 0.004221
 42.6462 0.004282
 42.7289 0.004244
 42.8127 0.004280
 42.8958 0.004336
 42.9781 0.004394
 43.0617 0.004347
 43.1445 0.004371
 43.2276 0.004421
 43.3123 0.004447
 43.3962 0.004460
 43.4796 0.004521
 43.5627 0.004521
 43.6471 0.004508
 43.7318 0.004530
 43.8158 0.004546
 43.9001 0.004532
 43.9846 0.004527
 44.0691 0.004525
 44.1547 0.004583
 44.2399 0.004621
 44.3261 0.004614
 44.4119 0.004672
 44.4974 0.004724
 44.5820 0.004736
 44.6673 0.004752
 44.7534 0.004832
 44.8397 0.004846
 44.9267 0.004873
 45.0141 0.004860
 45.1009 0.004892
 45.1890 0.004882
 45.2780 0.004909
 45.3675 0.004910
 45.4560 0.004927
 45.5450 0.005009
 45.6348 0.004994
 45.7244 0.005032
 45.8158 0.005060
 45.9078 0.005041
 45.9981 0.005060
 46.0897 0.005088
 46.1827 0.005108
 46.2767 0.005083
 46.3714 0.005099
 46.4656 0.005070
 46.5615 0.005080
 46.6581 0.005086
 46.7543 0.005094
 46.8513 0.005115
 46.9495 0.005184
 47.0479 0.005207
 47.1471 0.005258
 47.2478 0.005278
 47.3482 0.005283
 47.4491 0.005365
 47.5518 0.005335
 47.6548 0.005376
 47.7591 0.005370
 47.8644 0.005357
 47.9712 0.005380
 48.0791 0.005323
 48.1884 0.005386
 48.2986 0.005451
 48.4085 0.005487
 48.5200 0.005486
 48.6332 0.005526
 48.7498 0.005589
 48.8664 0.005653
 48.9847 0.005611
 49.1041 0.005634
 49.2240 0.005716
 49.3461 0.005773
 49.4707 0.005841
 49.5982 0.005898
 49.7278 0.005857
 49.8580 0.005854
 49.9898 0.005844
 50.1245 0.005894
 50.2615 0.005931
 50.4006 0.005993
 50.5418 0.006135
 50.6873 0.006154
 50.8364 0.006218
 50.9880 0.006328
 51.1427 0.006431
 51.2971 0.006532
 51.4584 0.006577
 51.6228 0.006708
 51.7926 0.006745
 51.9656 0.006831
 52.1435 0.006946
 52.3275 0.006978
 52.5150 0.007045
 52.7056 0.007250
 52.9047 0.007367
 53.1092 0.007374
 53.3194 0.007572
 53.5404 0.007709
 53.7690 0.007876
 54.0091 0.007913
 54.2588 0.008141
 54.5208 0.008010
 54.7914 0.008049
 55.0741 0.008344
 55.3765 0.008637
 55.6978 0.008747
 56.0393 0.009109
 56.4031 0.009508
 56.7947 0.009669
 57.2158 0.009737
 57.6768 0.010068
 58.1848 0.010575
 58.7494 0.011408
 59.3987 0.012347
 60.1575 0.013097
 61.0632 0.014041
 62.2050 0.016104
 63.7712 0.018779
 64.1736 0.019436
 64.6228 0.020881
 65.1211 0.022522
 65.6798 0.024003
 66.3610 0.025523
 67.1674 0.027678
 68.1650 0.032052
 69.5859 0.039792
 71.9268 0.051056
 74.2472 0.072368
 77.1531 0.121055
 79.3898 0.165367
 tr0-07-2 3 1
 74.0962 0.120002
 75.9016 0.094884
 78.3869 0.064668
 80.3738 0.049685
 82.6445 0.039741
 84.0295 0.034705
 85.0734 0.031220
 85.9189 0.028632
 86.6405 0.026743
 87.2747 0.025673
 87.8246 0.024219
 88.3141 0.023138
 88.7554 0.021773
 90.5376 0.019567
 91.8841 0.016811
 92.9946 0.015245
 93.9228 0.014745
 94.7443 0.014225
 95.4757 0.013508
 96.1381 0.013502
 96.7471 0.013093
 97.3166 0.012736
 97.8479 0.012378
 98.3463 0.012020
 98.8213 0.011989
 99.2663 0.011826
 99.6957 0.011683
100.1032 0.011567
100.4999 0.011636
100.8743 0.011312
101.2375 0.010979
101.5937 0.010651
101.9402 0.010483
102.2751 0.010239
102.5942 0.010036
102.9078 0.009899
103.2129 0.009900
103.5091 0.009885
103.7980 0.009807
104.0853 0.009810
104.3650 0.009750
104.6421 0.009832
104.9102 0.009810
105.1787 0.009740
105.4388 0.009804
105.6921 0.009763
105.9406 0.009694
106.1876 0.009564
106.4292 0.009666
106.6697 0.009767
106.9052 0.009853
107.1358 0.009859
107.3681 0.009885
107.5960 0.009795
107.8188 0.009749
108.0420 0.009721
108.2608 0.009655
108.4786 0.009571
108.6943 0.009368
108.9077 0.009299
109.1172 0.009257
109.3260 0.009259
109.5351 0.009316
109.7380 0.009325
109.9410 0.009360
110.1424 0.009466
110.3402 0.009411
110.5367 0.009371
110.7344 0.009375
110.9284 0.009376
111.1234 0.009383
111.3176 0.009474
111.5130 0.009536
111.7057 0.009500
111.8982 0.009441
112.0877 0.009495
112.2761 0.009441
112.4634 0.009463
112.6474 0.009577
112.8340 0.009518
113.0167 0.009515
113.2006 0.009482
113.3862 0.009354
113.5694 0.009311
113.7523 0.009255
113.9339 0.009198
114.1144 0.009252
114.2947 0.009269
114.4765 0.009283
114.6560 0.009342
114.8370 0.009356
115.0167 0.009376
115.1959 0.009346
115.3731 0.009355
115.5511 0.009335
115.7277 0.009335
115.9053 0.009323
116.0805 0.009210
116.2571 0.009309
116.4362 0.009221
116.6133 0.009261
116.7928 0.009291
116.9709 0.009248
117.1460 0.009309
117.3225 0.009376
117.4992 0.009343
117.6780 0.009323
117.8528 0.009383
118.0325 0.009372
118.2108 0.009379
118.3916 0.009404
118.5703 0.009443
118.7510 0.009472
118.9290 0.009440
119.1096 0.009503
119.2890 0.009480
119.4665 0.009404
119.6464 0.009454
119.8255 0.009464
120.0049 0.009586
120.1879 0.009547
120.3660 0.009539
120.5494 0.009578
120.7321 0.009694
120.9175 0.009615
121.1032 0.009720
121.2888 0.009679
121.4765 0.009690
121.6619 0.009709
121.8508 0.009698
122.0391 0.009738
122.2263 0.009815
122.4132 0.009851
122.6044 0.009853
122.7949 0.009986
122.9837 0.010107
123.1757 0.010129
123.3684 0.010105
123.5622 0.010224
123.7605 0.010309
123.9549 0.010263
124.1501 0.010229
124.3489 0.010308
124.5483 0.010331
124.7526 0.010351
124.9561 0.010482
125.1652 0.010516
125.3704 0.010632
125.5792 0.010629
125.7913 0.010763
126.0024 0.010803
126.2170 0.010891
126.4339 0.010916
126.6541 0.010859
126.8759 0.010902
127.1000 0.010910
127.3262 0.010995
127.5532 0.011067
127.7831 0.011121
128.0161 0.011294
128.2514 0.011283
128.4917 0.011428
128.7356 0.011371
128.9798 0.011357
129.2298 0.011382
129.4789 0.011515
129.7341 0.011680
129.9921 0.011615
130.2525 0.011720
130.5151 0.011632
130.7850 0.011653
131.0613 0.011782
131.3380 0.011693
131.6240 0.011965
131.9156 0.012089
132.2136 0.012307
132.5126 0.012566
132.8191 0.012472
133.1360 0.012599
133.4557 0.012627
133.7791 0.012928
134.1166 0.013044
134.4648 0.013211
134.8192 0.013483
135.1886 0.013682
135.5639 0.013920
135.9468 0.013898
136.3494 0.014121
136.7699 0.014218
137.1961 0.014320
137.6426 0.014655
138.1047 0.014908
138.5853 0.015037
139.0831 0.014995
139.6119 0.015248
140.1660 0.015260
140.7429 0.015467
141.3652 0.016168
142.0146 0.016728
142.7232 0.017534
143.4900 0.018467
144.3233 0.019233
145.2370 0.020626
146.2589 0.021608
147.3983 0.023143
148.7267 0.024659
150.3113 0.026616
152.3019 0.029009
155.0095 0.033216
155.7004 0.033822
156.4749 0.035556
157.3342 0.037984
158.2913 0.040739
159.4148 0.042780
160.7545 0.048779
162.4762 0.053656
164.7630 0.063510
168.6523 0.090051
172.4688 0.127112
177.1257 0.186913
180.4365 0.253382
 tr1-07-2 3 1
 85.3022 0.134249
 87.1877 0.100476
 89.9623 0.071352
 92.2122 0.051934
 94.5599 0.042015
 96.0844 0.035841
 97.1946 0.032833
 98.0975 0.029928
 98.8511 0.027477
 99.5156 0.025300
100.0928 0.024162
100.6072 0.022778
101.0790 0.022370
102.9693 0.020281
104.4102 0.018355
105.5789 0.017573
106.5688 0.016035
107.4370 0.015973
108.2113 0.015249
108.9156 0.014640
109.5683 0.014349
110.1677 0.013532
110.7277 0.013439
111.2565 0.013410
111.7587 0.012897
112.2385 0.012608
112.6893 0.012410
113.1172 0.011891
113.5322 0.011705
113.9293 0.011526
114.3175 0.011510
114.6920 0.011197
115.0508 0.011192
115.4027 0.011053
115.7445 0.011044
116.0750 0.010853
116.3966 0.010905
116.7099 0.010740
117.0174 0.010655
117.3195 0.010322
117.6111 0.010274
117.8974 0.010372
118.1839 0.010348
118.4600 0.010339
118.7370 0.010257
119.0025 0.010256
119.2666 0.010255
119.5321 0.010217
119.7921 0.010138
120.0433 0.010077
120.2931 0.010073
120.5393 0.010158
120.7835 0.010096
121.0233 0.010001
121.2567 0.009967
121.4882 0.010067
121.7196 0.009966
121.9501 0.009874
122.1780 0.009828
122.4042 0.009774
122.6277 0.009811
122.8479 0.009795
123.0655 0.009765
123.2808 0.009805
123.4939 0.009750
123.7063 0.009837
123.9159 0.009818
124.1252 0.009805
124.3310 0.009782
124.5402 0.009945
124.7468 0.009936
124.9507 0.009837
125.1565 0.009942
125.3603 0.009791
125.5594 0.009842
125.7600 0.009900
125.9580 0.009937
126.1583 0.009872
126.3556 0.010025
126.5520 0.009953
126.7468 0.010019
126.9407 0.009946
127.1319 0.009910
127.3267 0.009877
127.5175 0.009837
127.7100 0.009951
127.9009 0.009922
128.0906 0.009956
128.2777 0.009982
128.4664 0.009988
128.6554 0.010103
128.8420 0.009976
129.0311 0.009861
129.2160 0.009803
129.4028 0.009786
129.5899 0.009734
129.7751 0.009660
129.9620 0.009744
130.1485 0.009814
130.3356 0.009806
130.5213 0.009872
130.7071 0.009870
130.8929 0.009794
131.0771 0.009841
131.2631 0.009784
131.4479 0.009791
131.6328 0.009846
131.8173 0.009916
132.0027 0.009925
132.1874 0.009798
132.3725 0.009695
132.5619 0.009700
132.7480 0.009724
132.9356 0.009826
133.1219 0.009931
133.3079 0.009897
133.4978 0.009833
133.6860 0.009841
133.8770 0.009961
134.0687 0.010014
134.2590 0.009916
134.4493 0.010006
134.6398 0.010021
134.8317 0.009985
135.0246 0.010016
135.2158 0.010117
135.4122 0.010099
135.6070 0.010119
135.8004 0.010165
135.9940 0.010269
136.1909 0.010236
136.3891 0.010213
136.5859 0.010183
136.7864 0.010090
136.9863 0.010028
137.1881 0.010096
137.3923 0.010148
137.5941 0.010115
137.7988 0.010164
138.0048 0.010188
138.2130 0.010159
138.4186 0.010255
138.6249 0.010189
138.8377 0.010182
139.0499 0.010330
139.2660 0.010324
139.4825 0.010371
139.6996 0.010371
139.9185 0.010357
140.1405 0.010457
140.3603 0.010616
140.5854 0.010543
140.8133 0.010626
141.0376 0.010695
141.2698 0.010780
141.5046 0.010715
141.7380 0.010878
141.9764 0.010970
142.2178 0.010932
142.4582 0.011021
142.7058 0.011196
142.9573 0.011171
143.2111 0.011361
143.4660 0.011345
143.7278 0.011372
143.9916 0.011320
144.2599 0.011398
144.5315 0.011535
144.8075 0.011670
145.0880 0.011734
145.3702 0.011878
145.6604 0.011955
145.9515 0.012029
146.2501 0.012150
146.5556 0.012345
146.8642 0.012463
147.1801 0.012628
147.5033 0.012804
147.8377 0.012794
148.1787 0.012997
148.5213 0.013042
148.8738 0.013112
149.2370 0.013371
149.6089 0.013587
149.9900 0.013840
150.3826 0.013969
150.7856 0.014387
151.2035 0.014769
151.6393 0.015033
152.0837 0.015187
152.5403 0.015611
153.0206 0.015623
153.5190 0.015497
154.0462 0.015746
154.5951 0.015982
155.1711 0.016163
155.7873 0.016738
156.4327 0.017498
157.1252 0.018075
157.8700 0.018655
158.6677 0.019439
159.5361 0.020113
160.4920 0.020964
161.5507 0.022404
162.7330 0.023749
164.1413 0.025009
165.7980 0.025866
167.8577 0.029486
170.6322 0.032911
171.3623 0.034969
172.1580 0.037374
173.0142 0.040625
174.0381 0.043197
175.1804 0.046811
176.5773 0.051472
178.3401 0.056490
180.8496 0.069801
184.8469 0.095194
188.6573 0.129932
193.5236 0.192154
196.7623 0.276311
tr1s-07-2 3 1
 91.5342 0.141036
 93.5181 0.111304
 96.2476 0.072558
 98.5460 0.054042
100.9819 0.043161
102.5242 0.037494
103.6554 0.032517
104.5941 0.028951
105.3407 0.027687
106.0009 0.026297
106.5840 0.024917
107.1094 0.023932
107.5881 0.023090
109.5531 0.020086
111.0059 0.018448
112.1764 0.017172
113.1897 0.016543
114.0778 0.015342
114.8653 0.015141
115.5702 0.014458
116.2305 0.013861
116.8456 0.013293
117.4150 0.012908
117.9517 0.012653
118.4597 0.012501
118.9391 0.012575
119.4038 0.012222
119.8416 0.012115
120.2639 0.011663
120.6692 0.011532
121.0604 0.011600
121.4427 0.011497
121.8065 0.011419
122.1661 0.011401
122.5073 0.011438
122.8440 0.011175
123.1717 0.011121
123.4908 0.010868
123.8055 0.010701
124.1104 0.010685
124.4107 0.010584
124.7029 0.010548
124.9879 0.010473
125.2713 0.010396
125.5496 0.010452
125.8270 0.010611
126.0979 0.010551
126.3624 0.010473
126.6243 0.010349
126.8801 0.010261
127.1340 0.010222
127.3867 0.010254
127.6336 0.010140
127.8742 0.010095
128.1161 0.010048
128.3538 0.010062
128.5883 0.010095
128.8182 0.010119
129.0479 0.010264
129.2737 0.010282
129.4981 0.010208
129.7219 0.010343
129.9441 0.010452
130.1654 0.010337
130.3838 0.010320
130.5998 0.010392
130.8138 0.010394
131.0282 0.010186
131.2425 0.010208
131.4516 0.010126
131.6610 0.010075
131.8663 0.009990
132.0711 0.009918
132.2760 0.009959
132.4767 0.009964
132.6792 0.009877
132.8806 0.009943
133.0802 0.009893
133.2794 0.010029
133.4775 0.010057
133.6748 0.010019
133.8709 0.010043
134.0671 0.010015
134.2634 0.010049
134.4576 0.010218
134.6514 0.010259
134.8449 0.010169
135.0391 0.010134
135.2323 0.010226
135.4228 0.010103
135.6150 0.010068
135.8037 0.010098
135.9940 0.010008
136.1848 0.009947
136.3751 0.009934
136.5641 0.009976
136.7518 0.010034
136.9399 0.010034
137.1266 0.010022
137.3150 0.010047
137.5025 0.010024
137.6906 0.010039
137.8792 0.010051
138.0674 0.010082
138.2558 0.009974
138.4443 0.010007
138.6339 0.010069
138.8193 0.010212
139.0081 0.010255
139.1955 0.010028
139.3838 0.009963
139.5706 0.009915
139.7605 0.009870
139.9507 0.010033
140.1429 0.010084
140.3325 0.010122
140.5245 0.010146
140.7173 0.010107
140.9077 0.010127
141.0985 0.010050
141.2889 0.009990
141.4837 0.010063
141.6784 0.010051
141.8712 0.010034
142.0636 0.010052
142.2591 0.010185
142.4568 0.010252
142.6534 0.010106
142.8480 0.010155
143.0479 0.010077
143.2469 0.010069
143.4452 0.010177
143.6472 0.010354
143.8495 0.010385
144.0538 0.010499
144.2570 0.010498
144.4629 0.010593
144.6687 0.010607
144.8791 0.010492
145.0859 0.010572
145.2946 0.010655
145.5075 0.010776
145.7178 0.010633
145.9304 0.010656
146.1441 0.010542
146.3589 0.010557
146.5781 0.010633
146.7994 0.010681
147.0198 0.010717
147.2414 0.010879
147.4673 0.010927
147.6951 0.010981
147.9274 0.011101
148.1603 0.011214
148.3952 0.011391
148.6305 0.011337
148.8720 0.011360
149.1147 0.011386
149.3592 0.011426
149.6069 0.011494
149.8573 0.011618
150.1098 0.011683
150.3653 0.011724
150.6251 0.011645
150.8900 0.011825
151.1604 0.011829
151.4311 0.012002
151.7043 0.012048
151.9832 0.011971
152.2651 0.012224
152.5492 0.012354
152.8411 0.012379
153.1438 0.012482
153.4459 0.012606
153.7497 0.012764
154.0628 0.012718
154.3792 0.012848
154.7051 0.012992
155.0392 0.013144
155.3768 0.013276
155.7226 0.013393
156.0792 0.013368
156.4411 0.013388
156.8162 0.013642
157.2003 0.013649
157.5957 0.013774
158.0027 0.013968
158.4273 0.014280
158.8624 0.014245
159.3138 0.014384
159.7858 0.014779
160.2721 0.015065
160.7846 0.015520
161.3198 0.015857
161.8779 0.016259
162.4647 0.016758
163.0731 0.017090
163.7305 0.017664
164.4259 0.018437
165.1733 0.019103
165.9781 0.019985
166.8620 0.020208
167.8344 0.020959
168.9015 0.022224
170.1051 0.023770
171.4918 0.024636
173.1521 0.027168
175.2210 0.030002
178.1122 0.033057
178.8131 0.036484
179.5956 0.037733
180.4648 0.039258
181.4898 0.043147
182.6110 0.047122
184.0232 0.053186
185.7929 0.059857
188.2772 0.070109
192.2455 0.091968
196.2528 0.131711
201.0011 0.193531
204.5231 0.267717
 tr2-07-2 3 1
 97.5432 0.148166
 99.5279 0.112678
102.2457 0.077004
104.6425 0.059131
107.2106 0.043718
108.8100 0.037316
110.0001 0.034856
110.9440 0.031347
111.7333 0.029314
112.4029 0.027759
113.0090 0.026327
113.5640 0.025088
114.0576 0.024088
116.0758 0.020750
117.6029 0.019270
118.8312 0.017723
119.8847 0.016903
120.8034 0.015983
121.6244 0.016003
122.3691 0.015495
123.0491 0.015165
123.6779 0.014900
124.2673 0.014649
124.8257 0.014304
125.3538 0.014091
125.8636 0.013931
126.3345 0.013353
126.7886 0.012858
127.2317 0.012731
127.6515 0.012510
128.0601 0.012374
128.4542 0.012199
128.8323 0.012092
129.1954 0.011872
129.5529 0.011832
129.9030 0.011919
130.2436 0.011644
130.5744 0.011540
130.9044 0.011490
131.2253 0.011496
131.5342 0.011465
131.8381 0.011469
132.1383 0.011287
132.4290 0.011497
132.7166 0.011470
132.9985 0.011443
133.2796 0.011385
133.5505 0.011226
133.8233 0.011351
134.0909 0.011225
134.3508 0.011060
134.6121 0.011046
134.8673 0.011051
135.1203 0.010962
135.3710 0.011003
135.6170 0.010956
135.8565 0.010851
136.0951 0.010732
136.3346 0.010625
136.5708 0.010756
136.8054 0.010758
137.0374 0.010585
137.2653 0.010499
137.4940 0.010434
137.7196 0.010391
137.9416 0.010460
138.1653 0.010570
138.3865 0.010551
138.6044 0.010597
138.8240 0.010537
139.0414 0.010549
139.2577 0.010546
139.4728 0.010426
139.6829 0.010456
139.8914 0.010566
140.1009 0.010547
140.3093 0.010565
140.5173 0.010586
140.7250 0.010526
140.9290 0.010532
141.1302 0.010586
141.3331 0.010566
141.5364 0.010609
141.7405 0.010589
141.9416 0.010592
142.1410 0.010532
142.3404 0.010564
142.5403 0.010638
142.7416 0.010659
142.9395 0.010710
143.1363 0.010754
143.3341 0.010674
143.5351 0.010617
143.7323 0.010541
143.9262 0.010467
144.1227 0.010489
144.3196 0.010459
144.5149 0.010467
144.7128 0.010346
144.9074 0.010306
145.1042 0.010265
145.2985 0.010301
145.4944 0.010375
145.6903 0.010308
145.8865 0.010277
146.0836 0.010356
146.2799 0.010315
146.4746 0.010282
146.6719 0.010368
146.8695 0.010414
147.0647 0.010359
147.2593 0.010355
147.4567 0.010418
147.6502 0.010489
147.8453 0.010516
148.0432 0.010539
148.2420 0.010504
148.4386 0.010438
148.6384 0.010393
148.8362 0.010365
149.0328 0.010336
149.2328 0.010248
149.4314 0.010328
149.6312 0.010402
149.8338 0.010487
150.0372 0.010509
150.2393 0.010560
150.4426 0.010629
150.6469 0.010584
150.8517 0.010616
151.0570 0.010678
151.2645 0.010784
151.4710 0.010870
151.6814 0.010810
151.8939 0.010774
152.1031 0.010664
152.3174 0.010684
152.5343 0.010684
152.7500 0.010633
152.9650 0.010651
153.1827 0.010542
153.4009 0.010560
153.6218 0.010736
153.8447 0.010875
154.0640 0.010853
154.2881 0.010850
154.5129 0.010844
154.7390 0.010916
154.9680 0.010958
155.2007 0.011030
155.4334 0.011060
155.6673 0.011166
155.9029 0.011272
156.1427 0.011349
156.3846 0.011273
156.6323 0.011445
156.8806 0.011534
157.1320 0.011604
157.3828 0.011776
157.6363 0.011743
157.8956 0.011798
158.1586 0.011847
158.4241 0.012078
158.6925 0.011976
158.9622 0.012004
159.2346 0.012011
159.5125 0.012010
159.7930 0.012052
160.0799 0.012079
160.3686 0.012304
160.6663 0.012554
160.9662 0.012593
161.2738 0.012637
161.5868 0.012822
161.9032 0.012889
162.2286 0.012965
162.5581 0.013028
162.8971 0.013052
163.2400 0.013106
163.5928 0.013299
163.9500 0.013570
164.3206 0.013898
164.6975 0.013977
165.0876 0.014113
165.4890 0.014144
165.8971 0.014145
166.3197 0.014372
166.7583 0.014616
167.2067 0.014829
167.6796 0.015034
168.1666 0.015036
168.6692 0.015322
169.1943 0.015686
169.7378 0.016160
170.3148 0.016795
170.9177 0.016969
171.5560 0.017312
172.2219 0.017761
172.9428 0.018528
173.7112 0.019115
174.5493 0.019434
175.4421 0.019545
176.4386 0.020568
177.5402 0.021704
178.7818 0.023392
180.2385 0.025813
181.9599 0.028170
184.0897 0.030371
187.0093 0.033819
187.7282 0.036516
188.5579 0.038236
189.4613 0.041056
190.5037 0.044191
191.7196 0.047980
193.1723 0.052085
195.0242 0.059193
197.4403 0.070234
201.6457 0.089682
205.6764 0.126035
210.8762 0.193654
214.4125 0.258924
tr2s-07-2 3 1
104.2010 0.145482
106.2101 0.105934
109.0480 0.076732
111.3405 0.060918
113.9663 0.045684
115.5868 0.038494
116.7825 0.035488
117.7320 0.032510
118.5159 0.030162
119.2076 0.028363
119.8179 0.026827
120.3702 0.025863
120.8582 0.025000
122.8821 0.021278
124.4144 0.019259
125.6511 0.018441
126.7112 0.017034
127.6283 0.016600
128.4488 0.015720
129.2064 0.015073
129.8919 0.014671
130.5326 0.014436
131.1429 0.014353
131.7049 0.014193
132.2338 0.013848
132.7380 0.013315
133.2213 0.013148
133.6787 0.013304
134.1170 0.013182
134.5451 0.012941
134.9550 0.012848
135.3514 0.012887
135.7347 0.012724
136.1029 0.012567
136.4666 0.012666
136.8181 0.012431
137.1575 0.012277
137.4931 0.012076
137.8170 0.011837
138.1342 0.011677
138.4485 0.011574
138.7612 0.011545
139.0640 0.011610
139.3576 0.011553
139.6494 0.011524
139.9350 0.011533
140.2127 0.011490
140.4857 0.011447
140.7575 0.011435
141.0241 0.011272
141.2871 0.011305
141.5493 0.011337
141.8051 0.011290
142.0558 0.011333
142.3059 0.011291
142.5503 0.011248
142.7984 0.011173
143.0427 0.010933
143.2841 0.010897
143.5228 0.010701
143.7582 0.010547
143.9942 0.010557
144.2249 0.010562
144.4536 0.010500
144.6776 0.010423
144.9042 0.010457
145.1230 0.010585
145.3452 0.010538
145.5629 0.010530
145.7824 0.010662
146.0018 0.010611
146.2174 0.010654
146.4344 0.010689
146.6488 0.010665
146.8621 0.010632
147.0717 0.010591
147.2843 0.010662
147.4910 0.010616
147.6969 0.010576
147.9020 0.010620
148.1087 0.010738
148.3098 0.010580
148.5117 0.010631
148.7157 0.010716
148.9204 0.010710
149.1215 0.010629
149.3227 0.010596
149.5251 0.010693
149.7273 0.010586
149.9275 0.010514
150.1272 0.010644
150.3276 0.010703
150.5273 0.010666
150.7256 0.010722
150.9219 0.010763
151.1194 0.010798
151.3164 0.010815
151.5128 0.010730
151.7093 0.010699
151.9047 0.010672
152.1015 0.010537
152.2981 0.010443
152.4939 0.010464
152.6891 0.010428
152.8851 0.010501
153.0800 0.010424
153.2789 0.010407
153.4736 0.010463
153.6707 0.010468
153.8673 0.010536
154.0635 0.010474
154.2605 0.010492
154.4587 0.010406
154.6552 0.010320
154.8543 0.010358
155.0522 0.010401
155.2519 0.010374
155.4483 0.010296
155.6498 0.010356
155.8489 0.010412
156.0505 0.010434
156.2508 0.010362
156.4541 0.010316
156.6531 0.010306
156.8561 0.010457
157.0610 0.010458
157.2643 0.010531
157.4684 0.010438
157.6710 0.010518
157.8768 0.010618
158.0815 0.010682
158.2880 0.010758
158.4980 0.010803
158.7098 0.010941
158.9206 0.010909
159.1344 0.010918
159.3463 0.010891
159.5577 0.010919
159.7726 0.010990
159.9886 0.010997
160.2071 0.010989
160.4266 0.011017
160.6465 0.010935
160.8678 0.010982
161.0907 0.011027
161.3175 0.010979
161.5446 0.011016
161.7712 0.011139
162.0035 0.011144
162.2345 0.011399
162.4666 0.011487
162.7051 0.011461
162.9406 0.011591
163.1830 0.011509
163.4266 0.011779
163.6742 0.011707
163.9205 0.011872
164.1717 0.012028
164.4212 0.012090
164.6797 0.012111
164.9400 0.012281
165.2021 0.012255
165.4689 0.012309
165.7404 0.012499
166.0137 0.012606
166.2852 0.012756
166.5681 0.012887
166.8531 0.013075
167.1454 0.013101
167.4345 0.013037
167.7304 0.013261
168.0358 0.013317
168.3467 0.013304
168.6616 0.013435
168.9782 0.013355
169.3037 0.013436
169.6357 0.013626
169.9770 0.013555
170.3228 0.013535
170.6721 0.013564
171.0360 0.013941
171.4104 0.014132
171.7890 0.014235
172.1800 0.014446
172.5824 0.014333
172.9940 0.014441
173.4213 0.014723
173.8572 0.014862
174.3119 0.014931
174.7797 0.014998
175.2656 0.014958
175.7686 0.015295
176.2910 0.015603
176.8461 0.016009
177.4250 0.016167
178.0337 0.016092
178.6784 0.016746
179.3557 0.017103
180.0701 0.017642
180.8380 0.018640
181.6729 0.019673
182.5838 0.020261
183.5623 0.021423
184.6639 0.022210
185.8973 0.024036
187.3375 0.025442
189.0770 0.027526
191.2349 0.030383
194.1546 0.035116
194.8931 0.037189
195.7061 0.038974
196.6168 0.041624
197.6682 0.044244
198.9046 0.047996
200.3776 0.053094
202.2005 0.061029
204.6980 0.071073
208.8219 0.096116
212.9376 0.122372
218.0978 0.192383
221.9083 0.268613
