Copyright (C) 1998 James G. MacKinnon, Alfred A. Haug, and Leo Michelis.
 lm0-12-4 3 1
 48.4059 0.061045
 49.3278 0.044815
 50.5676 0.030633
 51.5873 0.023715
 52.6820 0.018721
 53.3883 0.016605
 53.9118 0.014994
 54.3290 0.014150
 54.6768 0.013162
 54.9796 0.012311
 55.2580 0.011683
 55.5076 0.010970
 55.7317 0.010300
 56.6325 0.009362
 57.3195 0.008742
 57.8852 0.008053
 58.3582 0.007804
 58.7802 0.007481
 59.1585 0.006970
 59.5016 0.006741
 59.8204 0.006612
 60.1173 0.006548
 60.3909 0.006552
 60.6542 0.006332
 60.9039 0.006237
 61.1395 0.006115
 61.3635 0.006111
 61.5766 0.006090
 61.7856 0.006066
 61.9840 0.006015
 62.1756 0.005931
 62.3624 0.005854
 62.5415 0.005915
 62.7186 0.005857
 62.8884 0.005781
 63.0566 0.005669
 63.2204 0.005662
 63.3811 0.005684
 63.5352 0.005553
 63.6879 0.005486
 63.8376 0.005469
 63.9857 0.005412
 64.1296 0.005397
 64.2696 0.005364
 64.4103 0.005306
 64.5482 0.005311
 64.6808 0.005255
 64.8141 0.005218
 64.9447 0.005156
 65.0748 0.005139
 65.2008 0.005212
 65.3257 0.005198
 65.4493 0.005200
 65.5720 0.005195
 65.6934 0.005198
 65.8148 0.005202
 65.9329 0.005213
 66.0526 0.005150
 66.1684 0.005155
 66.2847 0.005131
 66.3988 0.005073
 66.5132 0.005130
 66.6245 0.005128
 66.7374 0.005171
 66.8500 0.005213
 66.9608 0.005233
 67.0710 0.005204
 67.1812 0.005170
 67.2900 0.005130
 67.3980 0.005140
 67.5042 0.005182
 67.6104 0.005195
 67.7167 0.005213
 67.8234 0.005202
 67.9282 0.005206
 68.0338 0.005230
 68.1377 0.005200
 68.2420 0.005251
 68.3441 0.005270
 68.4477 0.005253
 68.5505 0.005241
 68.6533 0.005262
 68.7557 0.005229
 68.8581 0.005189
 68.9599 0.005237
 69.0625 0.005267
 69.1638 0.005217
 69.2652 0.005235
 69.3667 0.005296
 69.4670 0.005251
 69.5671 0.005268
 69.6676 0.005221
 69.7672 0.005204
 69.8683 0.005156
 69.9685 0.005204
 70.0692 0.005175
 70.1689 0.005163
 70.2681 0.005165
 70.3683 0.005166
 70.4686 0.005181
 70.5693 0.005176
 70.6699 0.005219
 70.7707 0.005218
 70.8720 0.005219
 70.9720 0.005211
 71.0729 0.005253
 71.1732 0.005259
 71.2733 0.005239
 71.3748 0.005175
 71.4767 0.005192
 71.5780 0.005222
 71.6798 0.005236
 71.7799 0.005230
 71.8831 0.005235
 71.9857 0.005204
 72.0877 0.005177
 72.1916 0.005165
 72.2945 0.005176
 72.3970 0.005190
 72.5011 0.005218
 72.6049 0.005268
 72.7079 0.005299
 72.8134 0.005379
 72.9182 0.005407
 73.0232 0.005425
 73.1300 0.005353
 73.2374 0.005405
 73.3440 0.005422
 73.4525 0.005435
 73.5605 0.005454
 73.6685 0.005448
 73.7775 0.005410
 73.8878 0.005484
 73.9979 0.005540
 74.1089 0.005613
 74.2199 0.005641
 74.3319 0.005667
 74.4445 0.005778
 74.5581 0.005770
 74.6743 0.005791
 74.7889 0.005768
 74.9061 0.005752
 75.0229 0.005809
 75.1411 0.005883
 75.2591 0.005907
 75.3788 0.005997
 75.5003 0.005996
 75.6235 0.006050
 75.7463 0.006069
 75.8700 0.006138
 75.9968 0.006214
 76.1244 0.006228
 76.2528 0.006290
 76.3845 0.006378
 76.5135 0.006367
 76.6465 0.006466
 76.7807 0.006443
 76.9155 0.006543
 77.0516 0.006621
 77.1898 0.006607
 77.3291 0.006672
 77.4718 0.006748
 77.6162 0.006853
 77.7646 0.006822
 77.9130 0.006763
 78.0648 0.006848
 78.2183 0.006938
 78.3749 0.007019
 78.5324 0.007091
 78.6936 0.007184
 78.8577 0.007157
 79.0244 0.007254
 79.1952 0.007352
 79.3661 0.007318
 79.5428 0.007369
 79.7252 0.007334
 79.9083 0.007277
 80.0967 0.007271
 80.2892 0.007458
 80.4857 0.007386
 80.6869 0.007487
 80.8936 0.007568
 81.1058 0.007619
 81.3216 0.007546
 81.5460 0.007742
 81.7787 0.007925
 82.0180 0.007985
 82.2674 0.008266
 82.5196 0.008495
 82.7828 0.008500
 83.0582 0.008628
 83.3437 0.008770
 83.6450 0.009159
 83.9628 0.009404
 84.2960 0.009734
 84.6466 0.009979
 85.0167 0.010423
 85.4090 0.010749
 85.8276 0.010996
 86.2777 0.011353
 86.7657 0.011771
 87.2920 0.012161
 87.8822 0.012669
 88.5374 0.013526
 89.2828 0.014606
 90.1510 0.015475
 91.1820 0.017040
 92.4905 0.019515
 94.2768 0.021676
 94.7303 0.022796
 95.2446 0.024233
 95.8219 0.025575
 96.4570 0.027947
 97.1974 0.030039
 98.1321 0.033519
 99.2642 0.037357
100.8694 0.045801
103.5733 0.061929
106.1561 0.087738
109.4749 0.132034
111.9603 0.181046
 lm1-12-4 3 1
 51.0608 0.063995
 51.9073 0.047988
 53.2010 0.033112
 54.2646 0.026429
 55.4134 0.018878
 56.1144 0.016525
 56.6439 0.014631
 57.0771 0.013534
 57.4393 0.012997
 57.7449 0.012452
 58.0270 0.012019
 58.2792 0.011632
 58.5077 0.011199
 59.4194 0.009621
 60.1351 0.009039
 60.7044 0.008117
 61.1946 0.007523
 61.6205 0.007453
 62.0076 0.007074
 62.3588 0.006814
 62.6856 0.006688
 62.9837 0.006641
 63.2657 0.006464
 63.5289 0.006334
 63.7826 0.006220
 64.0217 0.006072
 64.2512 0.006014
 64.4723 0.005927
 64.6813 0.005811
 64.8845 0.005778
 65.0812 0.005719
 65.2715 0.005675
 65.4554 0.005643
 65.6383 0.005603
 65.8145 0.005545
 65.9863 0.005643
 66.1499 0.005559
 66.3094 0.005497
 66.4657 0.005487
 66.6188 0.005449
 66.7693 0.005535
 66.9183 0.005511
 67.0652 0.005499
 67.2090 0.005470
 67.3506 0.005435
 67.4898 0.005406
 67.6276 0.005271
 67.7623 0.005236
 67.8951 0.005206
 68.0273 0.005137
 68.1583 0.005179
 68.2866 0.005189
 68.4150 0.005152
 68.5399 0.005189
 68.6634 0.005201
 68.7865 0.005234
 68.9080 0.005183
 69.0279 0.005219
 69.1472 0.005181
 69.2672 0.005192
 69.3843 0.005226
 69.5012 0.005259
 69.6152 0.005257
 69.7295 0.005249
 69.8436 0.005286
 69.9556 0.005335
 70.0671 0.005373
 70.1792 0.005312
 70.2894 0.005347
 70.4007 0.005309
 70.5106 0.005291
 70.6186 0.005249
 70.7274 0.005231
 70.8347 0.005221
 70.9428 0.005223
 71.0490 0.005282
 71.1562 0.005287
 71.2614 0.005276
 71.3676 0.005265
 71.4726 0.005261
 71.5766 0.005280
 71.6806 0.005258
 71.7843 0.005248
 71.8872 0.005287
 71.9911 0.005299
 72.0948 0.005291
 72.1987 0.005278
 72.3020 0.005260
 72.4049 0.005280
 72.5067 0.005258
 72.6090 0.005261
 72.7108 0.005170
 72.8121 0.005139
 72.9149 0.005088
 73.0163 0.005096
 73.1175 0.005161
 73.2201 0.005153
 73.3214 0.005154
 73.4229 0.005176
 73.5253 0.005203
 73.6285 0.005232
 73.7312 0.005240
 73.8332 0.005280
 73.9350 0.005264
 74.0367 0.005319
 74.1382 0.005304
 74.2403 0.005302
 74.3431 0.005299
 74.4447 0.005319
 74.5472 0.005321
 74.6514 0.005333
 74.7547 0.005301
 74.8575 0.005296
 74.9611 0.005345
 75.0661 0.005307
 75.1704 0.005302
 75.2743 0.005307
 75.3800 0.005373
 75.4848 0.005355
 75.5895 0.005390
 75.6957 0.005344
 75.8013 0.005374
 75.9074 0.005388
 76.0148 0.005410
 76.1225 0.005444
 76.2295 0.005503
 76.3391 0.005530
 76.4492 0.005570
 76.5585 0.005668
 76.6680 0.005665
 76.7773 0.005718
 76.8866 0.005754
 76.9967 0.005727
 77.1087 0.005754
 77.2218 0.005739
 77.3362 0.005825
 77.4510 0.005862
 77.5655 0.005858
 77.6822 0.005828
 77.7995 0.005894
 77.9168 0.005906
 78.0372 0.005869
 78.1574 0.005946
 78.2763 0.005976
 78.3966 0.006035
 78.5187 0.006031
 78.6414 0.006031
 78.7651 0.006036
 78.8908 0.006026
 79.0169 0.006044
 79.1447 0.006066
 79.2745 0.006032
 79.4045 0.006015
 79.5369 0.006072
 79.6727 0.006057
 79.8072 0.006189
 79.9444 0.006166
 80.0811 0.006206
 80.2205 0.006317
 80.3608 0.006411
 80.5034 0.006526
 80.6469 0.006553
 80.7946 0.006634
 80.9442 0.006672
 81.0941 0.006727
 81.2484 0.006786
 81.4045 0.006929
 81.5624 0.006992
 81.7223 0.007064
 81.8852 0.007159
 82.0529 0.007198
 82.2225 0.007289
 82.3930 0.007499
 82.5690 0.007549
 82.7478 0.007499
 82.9300 0.007565
 83.1175 0.007574
 83.3090 0.007685
 83.5020 0.007771
 83.7026 0.007980
 83.9045 0.008042
 84.1161 0.008206
 84.3293 0.008301
 84.5497 0.008467
 84.7779 0.008735
 85.0151 0.008935
 85.2588 0.008946
 85.5076 0.009015
 85.7637 0.009152
 86.0343 0.009281
 86.3172 0.009438
 86.6110 0.009586
 86.9160 0.009755
 87.2342 0.009806
 87.5672 0.010052
 87.9200 0.010264
 88.2983 0.010464
 88.6969 0.010963
 89.1220 0.011316
 89.5818 0.011487
 90.0740 0.011664
 90.6195 0.011731
 91.2184 0.012397
 91.8865 0.013458
 92.6379 0.014605
 93.5154 0.015675
 94.5610 0.016792
 95.8919 0.019517
 97.7128 0.023973
 98.1583 0.025024
 98.6569 0.025702
 99.2153 0.026263
 99.8630 0.028468
100.6279 0.030771
101.5519 0.033999
102.7348 0.038629
104.3312 0.044852
106.9872 0.062730
109.6812 0.086935
113.3261 0.134215
115.5720 0.183677
lm1s-12-4 3 1
 51.8019 0.061556
 52.6717 0.046818
 53.9391 0.031843
 54.9794 0.025328
 56.1394 0.019364
 56.8388 0.016758
 57.3760 0.015000
 57.7956 0.013930
 58.1687 0.012948
 58.4817 0.012234
 58.7607 0.011647
 59.0050 0.011406
 59.2267 0.010956
 60.1525 0.009690
 60.8550 0.008768
 61.4342 0.008017
 61.9237 0.007798
 62.3509 0.007449
 62.7363 0.007181
 63.0875 0.006940
 63.4105 0.006781
 63.7127 0.006748
 63.9957 0.006604
 64.2630 0.006645
 64.5123 0.006474
 64.7548 0.006289
 64.9870 0.006103
 65.2035 0.006026
 65.4171 0.005966
 65.6208 0.005822
 65.8164 0.005826
 66.0064 0.005820
 66.1907 0.005779
 66.3701 0.005714
 66.5432 0.005740
 66.7123 0.005748
 66.8775 0.005761
 67.0401 0.005675
 67.1986 0.005672
 67.3514 0.005658
 67.5034 0.005659
 67.6534 0.005590
 67.8007 0.005519
 67.9448 0.005464
 68.0868 0.005388
 68.2257 0.005386
 68.3650 0.005308
 68.4995 0.005350
 68.6324 0.005281
 68.7661 0.005340
 68.8959 0.005343
 69.0244 0.005374
 69.1512 0.005338
 69.2774 0.005362
 69.4001 0.005283
 69.5207 0.005340
 69.6425 0.005366
 69.7635 0.005361
 69.8826 0.005380
 70.0009 0.005354
 70.1193 0.005302
 70.2361 0.005253
 70.3515 0.005302
 70.4670 0.005297
 70.5803 0.005280
 70.6939 0.005282
 70.8055 0.005257
 70.9167 0.005259
 71.0274 0.005194
 71.1370 0.005230
 71.2484 0.005175
 71.3561 0.005245
 71.4645 0.005228
 71.5725 0.005245
 71.6789 0.005285
 71.7856 0.005299
 71.8908 0.005294
 71.9974 0.005350
 72.1029 0.005358
 72.2071 0.005423
 72.3111 0.005429
 72.4164 0.005412
 72.5215 0.005408
 72.6253 0.005403
 72.7294 0.005357
 72.8319 0.005299
 72.9354 0.005305
 73.0377 0.005286
 73.1416 0.005256
 73.2452 0.005297
 73.3474 0.005276
 73.4495 0.005242
 73.5523 0.005213
 73.6539 0.005239
 73.7566 0.005182
 73.8586 0.005173
 73.9612 0.005197
 74.0624 0.005177
 74.1639 0.005171
 74.2656 0.005214
 74.3670 0.005234
 74.4690 0.005230
 74.5713 0.005287
 74.6740 0.005269
 74.7751 0.005312
 74.8776 0.005341
 74.9797 0.005356
 75.0828 0.005349
 75.1856 0.005374
 75.2868 0.005459
 75.3908 0.005461
 75.4946 0.005460
 75.5992 0.005566
 75.7013 0.005572
 75.8045 0.005525
 75.9092 0.005566
 76.0147 0.005530
 76.1187 0.005510
 76.2241 0.005503
 76.3289 0.005542
 76.4343 0.005540
 76.5414 0.005606
 76.6492 0.005598
 76.7555 0.005625
 76.8626 0.005721
 76.9692 0.005739
 77.0767 0.005748
 77.1846 0.005718
 77.2934 0.005773
 77.4028 0.005836
 77.5129 0.005804
 77.6241 0.005834
 77.7356 0.005848
 77.8486 0.005845
 77.9627 0.005839
 78.0772 0.005874
 78.1913 0.005920
 78.3056 0.005959
 78.4211 0.006015
 78.5379 0.005933
 78.6554 0.005923
 78.7746 0.005858
 78.8941 0.005872
 79.0133 0.005898
 79.1335 0.005919
 79.2543 0.005908
 79.3795 0.005893
 79.5052 0.005909
 79.6315 0.005950
 79.7586 0.006010
 79.8870 0.006070
 80.0160 0.006092
 80.1461 0.006044
 80.2786 0.006147
 80.4118 0.006207
 80.5465 0.006242
 80.6826 0.006221
 80.8196 0.006286
 80.9596 0.006336
 81.1012 0.006434
 81.2446 0.006499
 81.3901 0.006589
 81.5361 0.006699
 81.6843 0.006772
 81.8356 0.006862
 81.9875 0.006916
 82.1425 0.006889
 82.2992 0.007043
 82.4596 0.007079
 82.6243 0.007103
 82.7898 0.007213
 82.9597 0.007179
 83.1338 0.007241
 83.3101 0.007260
 83.4898 0.007263
 83.6714 0.007367
 83.8575 0.007511
 84.0502 0.007599
 84.2456 0.007654
 84.4460 0.007777
 84.6476 0.007939
 84.8587 0.008135
 85.0759 0.008264
 85.2976 0.008477
 85.5248 0.008435
 85.7595 0.008514
 86.0011 0.008616
 86.2524 0.008823
 86.5135 0.008930
 86.7878 0.009173
 87.0664 0.009290
 87.3571 0.009431
 87.6626 0.009616
 87.9792 0.009697
 88.3165 0.009859
 88.6691 0.010243
 89.0432 0.010351
 89.4405 0.010797
 89.8688 0.011106
 90.3248 0.011246
 90.8177 0.011529
 91.3578 0.012022
 91.9613 0.012683
 92.6235 0.013710
 93.3736 0.014917
 94.2527 0.015450
 95.2975 0.017078
 96.6420 0.019422
 98.4498 0.023339
 98.8945 0.024222
 99.3973 0.025420
 99.9652 0.026303
100.6247 0.029149
101.3870 0.030759
102.3084 0.034237
103.4654 0.038491
105.0876 0.044409
107.7828 0.061974
110.4547 0.087387
114.1476 0.130367
116.4273 0.181288
 lm2-12-4 3 1
 53.5912 0.060369
 54.5574 0.047218
 55.8220 0.033329
 56.9005 0.026104
 58.0976 0.020133
 58.8328 0.017000
 59.3637 0.015328
 59.7987 0.014317
 60.1719 0.013725
 60.4945 0.013022
 60.7840 0.012270
 61.0395 0.012031
 61.2760 0.011468
 62.2149 0.009906
 62.9325 0.009070
 63.5147 0.008644
 64.0121 0.008286
 64.4497 0.007864
 64.8446 0.007442
 65.2029 0.007149
 65.5339 0.007134
 65.8411 0.006899
 66.1289 0.006806
 66.4008 0.006730
 66.6562 0.006508
 66.9016 0.006334
 67.1365 0.006232
 67.3574 0.006123
 67.5705 0.005936
 67.7774 0.005775
 67.9776 0.005704
 68.1710 0.005713
 68.3597 0.005646
 68.5407 0.005662
 68.7178 0.005567
 68.8904 0.005512
 69.0604 0.005427
 69.2239 0.005438
 69.3842 0.005340
 69.5412 0.005356
 69.6971 0.005402
 69.8497 0.005368
 70.0008 0.005309
 70.1475 0.005336
 70.2904 0.005416
 70.4329 0.005372
 70.5732 0.005281
 70.7116 0.005230
 70.8462 0.005258
 70.9822 0.005216
 71.1150 0.005209
 71.2487 0.005208
 71.3760 0.005203
 71.5035 0.005201
 71.6291 0.005155
 71.7537 0.005184
 71.8768 0.005221
 71.9983 0.005270
 72.1205 0.005273
 72.2400 0.005297
 72.3604 0.005343
 72.4780 0.005325
 72.5948 0.005342
 72.7102 0.005366
 72.8255 0.005355
 72.9406 0.005316
 73.0544 0.005340
 73.1673 0.005304
 73.2802 0.005207
 73.3913 0.005218
 73.5025 0.005211
 73.6144 0.005219
 73.7253 0.005267
 73.8343 0.005287
 73.9437 0.005310
 74.0542 0.005311
 74.1622 0.005337
 74.2693 0.005297
 74.3758 0.005335
 74.4835 0.005390
 74.5897 0.005424
 74.6964 0.005449
 74.8011 0.005386
 74.9063 0.005369
 75.0097 0.005399
 75.1151 0.005356
 75.2212 0.005387
 75.3269 0.005393
 75.4309 0.005364
 75.5348 0.005365
 75.6384 0.005340
 75.7437 0.005342
 75.8463 0.005347
 75.9498 0.005321
 76.0545 0.005293
 76.1586 0.005298
 76.2621 0.005229
 76.3648 0.005243
 76.4679 0.005146
 76.5718 0.005105
 76.6749 0.005123
 76.7783 0.005078
 76.8819 0.005096
 76.9853 0.005119
 77.0906 0.005091
 77.1956 0.005054
 77.2997 0.005021
 77.4038 0.005139
 77.5097 0.005127
 77.6147 0.005173
 77.7204 0.005254
 77.8243 0.005256
 77.9289 0.005291
 78.0331 0.005327
 78.1382 0.005411
 78.2449 0.005387
 78.3523 0.005319
 78.4582 0.005337
 78.5644 0.005329
 78.6704 0.005368
 78.7793 0.005371
 78.8857 0.005359
 78.9944 0.005365
 79.1029 0.005381
 79.2122 0.005399
 79.3209 0.005381
 79.4310 0.005413
 79.5406 0.005465
 79.6521 0.005589
 79.7641 0.005633
 79.8746 0.005713
 79.9866 0.005756
 80.0994 0.005759
 80.2121 0.005754
 80.3272 0.005736
 80.4428 0.005864
 80.5580 0.005903
 80.6752 0.005916
 80.7939 0.005919
 80.9127 0.005927
 81.0333 0.005934
 81.1525 0.005923
 81.2729 0.005979
 81.3946 0.006065
 81.5172 0.006054
 81.6415 0.006026
 81.7648 0.006076
 81.8911 0.006132
 82.0193 0.006188
 82.1493 0.006278
 82.2782 0.006300
 82.4089 0.006381
 82.5405 0.006400
 82.6750 0.006448
 82.8092 0.006392
 82.9447 0.006406
 83.0823 0.006481
 83.2207 0.006501
 83.3637 0.006538
 83.5075 0.006571
 83.6517 0.006608
 83.7998 0.006653
 83.9489 0.006715
 84.1002 0.006797
 84.2535 0.006834
 84.4079 0.006907
 84.5651 0.006955
 84.7272 0.006994
 84.8912 0.007117
 85.0553 0.007218
 85.2230 0.007242
 85.3948 0.007275
 85.5696 0.007370
 85.7489 0.007422
 85.9328 0.007481
 86.1168 0.007527
 86.3050 0.007533
 86.4979 0.007560
 86.6968 0.007698
 86.8990 0.007807
 87.1072 0.007841
 87.3203 0.007943
 87.5408 0.008006
 87.7679 0.007949
 87.9995 0.008036
 88.2406 0.008295
 88.4882 0.008366
 88.7427 0.008329
 89.0069 0.008408
 89.2823 0.008615
 89.5676 0.008768
 89.8630 0.009048
 90.1717 0.009286
 90.4977 0.009511
 90.8410 0.009745
 91.1993 0.010034
 91.5812 0.010335
 91.9832 0.010648
 92.4169 0.011184
 92.8826 0.011605
 93.3767 0.011834
 93.9248 0.012338
 94.5318 0.012871
 95.2105 0.013387
 95.9769 0.014078
 96.8563 0.015673
 97.9196 0.017315
 99.2577 0.019364
101.0725 0.023198
101.5436 0.024021
102.0603 0.024985
102.6507 0.026736
103.3112 0.028309
104.1031 0.031621
105.0164 0.034934
106.2332 0.037928
107.8961 0.045420
110.6380 0.062005
113.3590 0.084151
116.8076 0.132733
119.5201 0.184305
lm2s-12-4 3 1
 54.3256 0.063829
 55.2484 0.051200
 56.5656 0.032894
 57.6741 0.025966
 58.8305 0.020523
 59.5535 0.017162
 60.0948 0.015336
 60.5380 0.014348
 60.9110 0.013489
 61.2374 0.013181
 61.5246 0.012288
 61.7807 0.011868
 62.0113 0.011451
 62.9536 0.010209
 63.6659 0.009450
 64.2476 0.008799
 64.7477 0.008181
 65.1906 0.007832
 65.5809 0.007598
 65.9431 0.007338
 66.2744 0.007254
 66.5793 0.007150
 66.8678 0.006965
 67.1421 0.006831
 67.3963 0.006637
 67.6375 0.006403
 67.8724 0.006237
 68.0952 0.006148
 68.3114 0.006031
 68.5175 0.005910
 68.7176 0.005911
 68.9111 0.005762
 69.0991 0.005683
 69.2799 0.005522
 69.4571 0.005444
 69.6328 0.005379
 69.8017 0.005304
 69.9674 0.005296
 70.1278 0.005278
 70.2864 0.005330
 70.4412 0.005393
 70.5933 0.005417
 70.7427 0.005399
 70.8893 0.005397
 71.0346 0.005270
 71.1755 0.005292
 71.3163 0.005211
 71.4533 0.005183
 71.5885 0.005164
 71.7242 0.005169
 71.8568 0.005244
 71.9876 0.005270
 72.1168 0.005296
 72.2443 0.005327
 72.3716 0.005282
 72.4971 0.005257
 72.6190 0.005331
 72.7414 0.005297
 72.8637 0.005331
 72.9833 0.005313
 73.1021 0.005297
 73.2192 0.005300
 73.3362 0.005259
 73.4532 0.005222
 73.5678 0.005139
 73.6845 0.005170
 73.7977 0.005203
 73.9106 0.005226
 74.0239 0.005279
 74.1360 0.005273
 74.2456 0.005237
 74.3565 0.005256
 74.4673 0.005276
 74.5770 0.005284
 74.6865 0.005278
 74.7948 0.005219
 74.9033 0.005262
 75.0100 0.005281
 75.1168 0.005267
 75.2229 0.005223
 75.3309 0.005202
 75.4370 0.005219
 75.5423 0.005262
 75.6487 0.005265
 75.7535 0.005305
 75.8574 0.005372
 75.9612 0.005363
 76.0652 0.005338
 76.1698 0.005305
 76.2741 0.005291
 76.3778 0.005283
 76.4823 0.005322
 76.5860 0.005302
 76.6897 0.005314
 76.7939 0.005279
 76.8976 0.005313
 77.0022 0.005318
 77.1069 0.005239
 77.2111 0.005258
 77.3151 0.005242
 77.4193 0.005227
 77.5238 0.005277
 77.6277 0.005252
 77.7328 0.005293
 77.8365 0.005324
 77.9415 0.005259
 78.0457 0.005306
 78.1499 0.005337
 78.2543 0.005333
 78.3599 0.005390
 78.4631 0.005401
 78.5670 0.005397
 78.6727 0.005375
 78.7765 0.005331
 78.8823 0.005324
 78.9874 0.005362
 79.0941 0.005371
 79.2004 0.005341
 79.3060 0.005314
 79.4123 0.005294
 79.5195 0.005308
 79.6260 0.005338
 79.7361 0.005356
 79.8444 0.005464
 79.9540 0.005522
 80.0640 0.005460
 80.1726 0.005404
 80.2823 0.005404
 80.3929 0.005412
 80.5044 0.005484
 80.6169 0.005508
 80.7292 0.005554
 80.8431 0.005592
 80.9559 0.005611
 81.0716 0.005633
 81.1861 0.005680
 81.3025 0.005682
 81.4200 0.005771
 81.5376 0.005787
 81.6563 0.005796
 81.7753 0.005890
 81.8956 0.005846
 82.0159 0.005889
 82.1379 0.005911
 82.2618 0.005935
 82.3846 0.005999
 82.5100 0.006081
 82.6367 0.006106
 82.7634 0.006116
 82.8918 0.006156
 83.0209 0.006245
 83.1500 0.006350
 83.2821 0.006359
 83.4171 0.006354
 83.5528 0.006471
 83.6887 0.006466
 83.8267 0.006475
 83.9673 0.006484
 84.1087 0.006543
 84.2521 0.006647
 84.3959 0.006689
 84.5426 0.006615
 84.6930 0.006629
 84.8447 0.006614
 84.9956 0.006778
 85.1500 0.006884
 85.3072 0.007030
 85.4690 0.007073
 85.6316 0.007108
 85.7959 0.007177
 85.9658 0.007259
 86.1381 0.007292
 86.3140 0.007259
 86.4893 0.007361
 86.6748 0.007375
 86.8625 0.007430
 87.0534 0.007441
 87.2472 0.007544
 87.4456 0.007706
 87.6488 0.007741
 87.8585 0.007666
 88.0690 0.007855
 88.2860 0.007920
 88.5135 0.008019
 88.7465 0.008244
 88.9836 0.008239
 89.2304 0.008432
 89.4885 0.008539
 89.7552 0.008579
 90.0291 0.008814
 90.3167 0.009016
 90.6158 0.009315
 90.9260 0.009443
 91.2463 0.009612
 91.5879 0.009941
 91.9475 0.010267
 92.3297 0.010736
 92.7335 0.011000
 93.1599 0.011425
 93.6249 0.011506
 94.1262 0.011832
 94.6781 0.012481
 95.2835 0.013155
 95.9523 0.013353
 96.7200 0.014309
 97.6091 0.015970
 98.6710 0.017800
100.0005 0.019611
101.8344 0.023023
102.3090 0.023788
102.8249 0.025127
103.3992 0.026086
104.0695 0.027885
104.8331 0.030191
105.7669 0.033983
106.9698 0.037904
108.6124 0.046260
111.3538 0.061991
114.1535 0.083168
117.5779 0.127190
120.1815 0.181330
 tr0-12-4 3 1
287.2638 0.268194
290.9026 0.202654
296.0065 0.143028
300.0871 0.104368
304.5701 0.076313
307.3969 0.063282
309.5263 0.059033
311.1588 0.053365
312.5341 0.050182
313.7456 0.047137
314.7825 0.045555
315.7527 0.044503
316.6455 0.043140
320.1342 0.036845
322.7164 0.033622
324.8232 0.031136
326.6117 0.029045
328.1938 0.027706
329.5771 0.026576
330.8282 0.025352
331.9827 0.025307
333.0705 0.024948
334.0681 0.024445
335.0018 0.023578
335.8794 0.023082
336.7093 0.022891
337.5136 0.022466
338.2768 0.022772
339.0094 0.022545
339.7130 0.022304
340.3902 0.021795
341.0455 0.021252
341.6834 0.021135
342.2955 0.021038
342.8880 0.021135
343.4549 0.020557
344.0230 0.020356
344.5726 0.020369
345.1074 0.020259
345.6403 0.020140
346.1533 0.020017
346.6557 0.019855
347.1493 0.019529
347.6339 0.019326
348.0987 0.019044
348.5625 0.018658
349.0235 0.018622
349.4749 0.018527
349.9185 0.018177
350.3608 0.017963
350.7934 0.017932
351.2186 0.017902
351.6375 0.017870
352.0506 0.017805
352.4532 0.017663
352.8579 0.017491
353.2585 0.017381
353.6547 0.017107
354.0460 0.017078
354.4288 0.017156
354.8097 0.017115
355.1868 0.017078
355.5615 0.017095
355.9291 0.017078
356.2959 0.017206
356.6613 0.017185
357.0229 0.017103
357.3826 0.016979
357.7363 0.016919
358.0895 0.016807
358.4415 0.016826
358.7856 0.016827
359.1342 0.016892
359.4807 0.016677
359.8268 0.016593
360.1659 0.016637
360.5058 0.016877
360.8393 0.016812
361.1739 0.016720
361.5064 0.016906
361.8313 0.016848
362.1618 0.016732
362.4924 0.016574
362.8205 0.016612
363.1439 0.016536
363.4656 0.016402
363.7892 0.016321
364.1089 0.016229
364.4296 0.016224
364.7494 0.016204
365.0686 0.016368
365.3889 0.016414
365.7091 0.016591
366.0306 0.016499
366.3468 0.016522
366.6600 0.016505
366.9759 0.016488
367.2890 0.016476
367.6021 0.016577
367.9146 0.016522
368.2320 0.016378
368.5410 0.016371
368.8561 0.016331
369.1735 0.016269
369.4857 0.016238
369.8029 0.016330
370.1125 0.016321
370.4251 0.016255
370.7421 0.016424
371.0553 0.016519
371.3694 0.016561
371.6835 0.016609
371.9948 0.016583
372.3100 0.016798
372.6231 0.016771
372.9385 0.016661
373.2521 0.016906
373.5673 0.016946
373.8833 0.017033
374.1999 0.017038
374.5137 0.016707
374.8288 0.016759
375.1451 0.016502
375.4654 0.016497
375.7850 0.016415
376.1024 0.016370
376.4208 0.016440
376.7457 0.016600
377.0722 0.016598
377.3972 0.016551
377.7262 0.016658
378.0533 0.016905
378.3844 0.016981
378.7175 0.016649
379.0520 0.016937
379.3858 0.017073
379.7245 0.017168
380.0617 0.017260
380.3998 0.017213
380.7446 0.017282
381.0854 0.017439
381.4305 0.017416
381.7779 0.017491
382.1291 0.017574
382.4803 0.017651
382.8364 0.017626
383.1940 0.017652
383.5476 0.017748
383.9069 0.017866
384.2708 0.018103
384.6384 0.017892
385.0023 0.018162
385.3778 0.018275
385.7543 0.018471
386.1371 0.018567
386.5273 0.018602
386.9175 0.018592
387.3119 0.018727
387.7123 0.018803
388.1078 0.018834
388.5120 0.018820
388.9172 0.018708
389.3340 0.018971
389.7491 0.018786
390.1724 0.018939
390.6019 0.018860
391.0377 0.018800
391.4768 0.018729
391.9273 0.018890
392.3787 0.019165
392.8458 0.019248
393.3157 0.019470
393.7959 0.019468
394.2860 0.019572
394.7731 0.019631
395.2756 0.019837
395.7888 0.019952
396.3134 0.020285
396.8451 0.020553
397.3961 0.020521
397.9599 0.021111
398.5242 0.021215
399.1095 0.021702
399.7017 0.021852
400.3248 0.022598
400.9680 0.022992
401.6175 0.022961
402.2972 0.023411
402.9844 0.023336
403.6986 0.023808
404.4338 0.024446
405.2110 0.024343
406.0252 0.024465
406.8713 0.025234
407.7511 0.025602
408.6790 0.026408
409.6498 0.026819
410.6714 0.027233
411.7587 0.028077
412.9233 0.028292
414.1880 0.029212
415.5479 0.030228
417.0533 0.031346
418.7311 0.033154
420.6305 0.035534
422.7926 0.038618
425.3863 0.041980
428.5759 0.047208
432.8893 0.053500
433.9811 0.056660
435.2182 0.058555
436.5732 0.061641
438.1106 0.065427
439.9202 0.068068
442.1290 0.074114
444.7901 0.084802
448.5710 0.098625
454.7726 0.138139
460.4168 0.182064
467.4692 0.285616
472.8856 0.396625
 tr1-12-4 3 1
308.7106 0.280663
312.4429 0.202026
317.7594 0.140064
322.0747 0.106945
326.6873 0.079917
329.5701 0.070717
331.7171 0.062263
333.4646 0.056794
334.9082 0.053671
336.0979 0.050314
337.1589 0.048415
338.1629 0.046031
339.0524 0.044318
342.6275 0.037701
345.3024 0.034249
347.4850 0.031207
349.3394 0.029534
350.9486 0.027942
352.3946 0.026996
353.6959 0.025795
354.9018 0.025483
356.0148 0.025164
357.0404 0.024636
357.9949 0.024359
358.9043 0.023776
359.7584 0.023434
360.5811 0.023302
361.3650 0.022683
362.1129 0.022742
362.8328 0.022273
363.5330 0.021954
364.2004 0.021469
364.8513 0.021279
365.4892 0.021086
366.1026 0.021062
366.6971 0.020707
367.2749 0.019956
367.8387 0.019999
368.3970 0.020260
368.9380 0.020252
369.4668 0.020247
369.9829 0.020347
370.4868 0.020015
370.9832 0.019856
371.4698 0.019490
371.9510 0.019565
372.4229 0.019720
372.8879 0.019314
373.3394 0.019048
373.7994 0.019182
374.2450 0.018836
374.6810 0.018624
375.1091 0.018410
375.5325 0.018192
375.9476 0.018226
376.3609 0.018085
376.7641 0.018060
377.1702 0.018006
377.5651 0.018130
377.9580 0.017923
378.3507 0.017824
378.7437 0.017847
379.1295 0.017619
379.5085 0.017355
379.8885 0.017337
380.2639 0.017360
380.6358 0.017283
381.0006 0.017216
381.3632 0.017099
381.7246 0.017096
382.0835 0.017066
382.4448 0.016975
382.8019 0.016877
383.1578 0.016658
383.5081 0.016712
383.8543 0.016647
384.1996 0.016821
384.5472 0.016792
384.8902 0.016854
385.2301 0.016804
385.5664 0.016626
385.9102 0.016587
386.2494 0.016763
386.5865 0.016771
386.9211 0.016591
387.2510 0.016651
387.5797 0.016518
387.9109 0.016672
388.2393 0.016680
388.5714 0.016798
388.8987 0.016825
389.2275 0.016937
389.5554 0.016887
389.8820 0.016904
390.2061 0.016975
390.5306 0.017023
390.8539 0.016947
391.1757 0.017174
391.5011 0.017118
391.8264 0.016980
392.1490 0.016922
392.4740 0.016797
392.7989 0.016735
393.1219 0.016685
393.4450 0.016837
393.7608 0.016796
394.0782 0.016910
394.4019 0.016946
394.7218 0.016921
395.0430 0.017026
395.3647 0.016997
395.6864 0.016901
396.0054 0.016881
396.3291 0.016853
396.6515 0.016841
396.9759 0.016946
397.3004 0.016983
397.6266 0.017071
397.9533 0.017088
398.2775 0.017090
398.6000 0.016900
398.9251 0.016872
399.2527 0.016889
399.5815 0.017015
399.9060 0.017050
400.2342 0.016952
400.5660 0.016943
400.9007 0.016944
401.2320 0.017090
401.5669 0.017169
401.9018 0.017273
402.2377 0.017276
402.5683 0.017243
402.9068 0.017592
403.2436 0.017508
403.5875 0.017553
403.9362 0.017471
404.2836 0.017533
404.6328 0.017430
404.9783 0.017553
405.3313 0.017505
405.6860 0.017559
406.0370 0.017485
406.3953 0.017617
406.7549 0.017786
407.1164 0.017806
407.4868 0.017701
407.8515 0.017715
408.2220 0.017858
408.5988 0.018204
408.9766 0.018370
409.3545 0.018403
409.7357 0.018551
410.1246 0.018640
410.5158 0.018625
410.9110 0.018850
411.3125 0.019043
411.7078 0.019097
412.1124 0.019140
412.5241 0.019105
412.9392 0.018953
413.3642 0.019085
413.7880 0.018900
414.2206 0.018945
414.6551 0.019032
415.0983 0.019363
415.5504 0.019361
416.0038 0.019366
416.4620 0.019300
416.9311 0.019434
417.4060 0.019464
417.8855 0.019409
418.3755 0.019345
418.8740 0.019602
419.3792 0.019880
419.8907 0.020119
420.4177 0.020577
420.9595 0.020965
421.5025 0.020874
422.0642 0.021044
422.6310 0.021099
423.2162 0.021305
423.8141 0.021429
424.4278 0.021918
425.0543 0.022144
425.7089 0.022302
426.3757 0.022871
427.0722 0.023393
427.7832 0.023711
428.5233 0.024203
429.2872 0.024489
430.0791 0.024634
430.8992 0.024902
431.7684 0.025542
432.6702 0.026321
433.6075 0.026536
434.6147 0.027041
435.6799 0.028039
436.7936 0.029705
437.9798 0.030652
439.2736 0.031316
440.6912 0.031633
442.2536 0.033397
443.9629 0.034706
445.8932 0.036765
448.1042 0.040402
450.7313 0.043911
454.0446 0.047325
458.5106 0.054956
459.6696 0.056980
460.8857 0.059449
462.2792 0.060615
463.8962 0.063906
465.7755 0.067076
467.9733 0.074605
470.7953 0.086151
474.7063 0.104420
480.8564 0.147785
486.7259 0.198607
494.3860 0.294361
499.6220 0.400478
tr1s-12-4 3 1
319.8886 0.295230
323.6396 0.220368
329.0850 0.145888
333.3749 0.108550
338.1091 0.079630
341.0042 0.070166
343.1466 0.063103
344.8815 0.056943
346.3372 0.053360
347.5674 0.050549
348.6579 0.048856
349.6198 0.047378
350.5251 0.046190
354.1822 0.038583
356.8874 0.034639
359.0801 0.031892
360.9516 0.030055
362.5735 0.027584
364.0198 0.026899
365.3421 0.026274
366.5414 0.025341
367.6578 0.024790
368.6830 0.023947
369.6521 0.023694
370.5864 0.023738
371.4527 0.023134
372.2868 0.023075
373.0767 0.022558
373.8438 0.022183
374.5683 0.021613
375.2733 0.021410
375.9570 0.021300
376.6094 0.020913
377.2473 0.020578
377.8675 0.020710
378.4690 0.020643
379.0556 0.020302
379.6275 0.020315
380.1869 0.020177
380.7264 0.020070
381.2615 0.019814
381.7854 0.019633
382.2967 0.019477
382.7957 0.019455
383.2866 0.019149
383.7676 0.019107
384.2421 0.018942
384.7066 0.018959
385.1651 0.018722
385.6194 0.018821
386.0638 0.018823
386.5056 0.018218
386.9439 0.018079
387.3727 0.017954
387.7928 0.017891
388.2113 0.017776
388.6239 0.017797
389.0317 0.017595
389.4307 0.017646
389.8303 0.017578
390.2229 0.017421
390.6174 0.017416
391.0057 0.017377
391.3874 0.017170
391.7675 0.017315
392.1457 0.017218
392.5185 0.017283
392.8929 0.016968
393.2605 0.016983
393.6243 0.017019
393.9891 0.017098
394.3509 0.017151
394.7109 0.017057
395.0657 0.017102
395.4207 0.017168
395.7690 0.017254
396.1163 0.017262
396.4648 0.017403
396.8179 0.017455
397.1592 0.017338
397.4996 0.017239
397.8424 0.017311
398.1830 0.017407
398.5193 0.017301
398.8540 0.017251
399.1920 0.017384
399.5271 0.017282
399.8615 0.017225
400.1932 0.017068
400.5297 0.016774
400.8618 0.016675
401.1909 0.016863
401.5194 0.016858
401.8457 0.016821
402.1699 0.016890
402.4950 0.017034
402.8215 0.016872
403.1481 0.016785
403.4752 0.016777
403.8025 0.016788
404.1272 0.016857
404.4515 0.016876
404.7736 0.016727
405.0953 0.016821
405.4200 0.016910
405.7417 0.017036
406.0655 0.016994
406.3897 0.016996
406.7096 0.016966
407.0318 0.016952
407.3549 0.017076
407.6796 0.017146
408.0082 0.017109
408.3341 0.017241
408.6572 0.017162
408.9896 0.017037
409.3154 0.017068
409.6384 0.017130
409.9658 0.017113
410.2978 0.017074
410.6251 0.017219
410.9504 0.017265
411.2829 0.017127
411.6138 0.017111
411.9489 0.017291
412.2809 0.017317
412.6184 0.017097
412.9527 0.017087
413.2901 0.017111
413.6294 0.017266
413.9685 0.017111
414.3110 0.017332
414.6540 0.017215
414.9959 0.017111
415.3354 0.017078
415.6811 0.017227
416.0247 0.017319
416.3727 0.017483
416.7185 0.017657
417.0701 0.017856
417.4215 0.017946
417.7796 0.018090
418.1386 0.018255
418.4984 0.018291
418.8531 0.018291
419.2197 0.018404
419.5851 0.018306
419.9518 0.018336
420.3247 0.018408
420.6998 0.018681
421.0753 0.018810
421.4621 0.018777
421.8473 0.018915
422.2348 0.019018
422.6246 0.018808
423.0209 0.018817
423.4250 0.018707
423.8301 0.018755
424.2413 0.018721
424.6524 0.018911
425.0734 0.019178
425.4988 0.019240
425.9268 0.019256
426.3616 0.019257
426.8012 0.019187
427.2449 0.019109
427.6921 0.019004
428.1514 0.018915
428.6160 0.019150
429.0885 0.019294
429.5709 0.019332
430.0539 0.019601
430.5509 0.020145
431.0552 0.020246
431.5649 0.020148
432.0840 0.019981
432.6094 0.020049
433.1473 0.020028
433.6939 0.020369
434.2574 0.020862
434.8326 0.021263
435.4223 0.021411
436.0250 0.021493
436.6463 0.021699
437.2765 0.021763
437.9299 0.022271
438.6082 0.022679
439.3193 0.022800
440.0371 0.023215
440.7878 0.023479
441.5494 0.023988
442.3469 0.024552
443.1716 0.025650
444.0442 0.025715
444.9440 0.026745
445.8891 0.027188
446.8996 0.027497
447.9657 0.028269
449.0940 0.028755
450.3132 0.029457
451.6280 0.030479
453.0424 0.031491
454.5984 0.032931
456.3074 0.034938
458.2491 0.036656
460.4806 0.039095
463.1327 0.041938
466.4498 0.048841
470.9281 0.054437
472.0671 0.057116
473.3399 0.059998
474.7380 0.060779
476.3862 0.065579
478.2007 0.067638
480.4796 0.075959
483.3278 0.085324
487.1849 0.103657
493.5904 0.147325
499.5205 0.203209
506.8814 0.296250
512.3483 0.387314
 tr2-12-4 3 1
330.4905 0.276361
334.6380 0.213915
339.9710 0.148668
344.5046 0.110578
349.3061 0.081869
352.3612 0.072066
354.6196 0.063763
356.4105 0.058116
357.8663 0.053915
359.1573 0.051010
360.2806 0.048439
361.2933 0.047364
362.2033 0.044524
365.8770 0.039040
368.6107 0.033892
370.8118 0.032028
372.7045 0.030374
374.3634 0.029551
375.8513 0.028497
377.1914 0.027625
378.4135 0.026367
379.5539 0.025986
380.6045 0.025298
381.5897 0.024702
382.5293 0.023917
383.4313 0.023890
384.2828 0.023805
385.0906 0.024032
385.8639 0.023852
386.6094 0.023004
387.3346 0.022490
388.0284 0.022226
388.7005 0.021761
389.3464 0.021537
389.9794 0.021122
390.5960 0.021020
391.1961 0.020917
391.7729 0.020989
392.3493 0.020852
392.9027 0.020328
393.4492 0.020253
393.9787 0.020110
394.4966 0.019897
395.0103 0.019980
395.5223 0.019938
396.0157 0.019669
396.4999 0.019391
396.9723 0.019164
397.4427 0.019184
397.9007 0.018971
398.3584 0.018892
398.8026 0.018783
399.2508 0.018626
399.6893 0.018497
400.1204 0.018335
400.5469 0.018200
400.9658 0.018118
401.3823 0.018175
401.7981 0.017942
402.2080 0.018027
402.6124 0.017836
403.0138 0.017781
403.4105 0.017871
403.7997 0.017849
404.1861 0.017856
404.5640 0.017759
404.9437 0.017528
405.3250 0.017523
405.7014 0.017603
406.0715 0.017674
406.4434 0.017752
406.8100 0.017687
407.1741 0.017813
407.5338 0.017697
407.8974 0.017432
408.2558 0.017324
408.6137 0.017180
408.9674 0.017080
409.3215 0.017042
409.6698 0.017008
410.0218 0.016916
410.3709 0.016496
410.7171 0.016550
411.0594 0.016487
411.4063 0.016674
411.7460 0.016603
412.0867 0.016598
412.4222 0.016720
412.7594 0.016770
413.0938 0.016657
413.4346 0.016707
413.7726 0.016873
414.1100 0.017036
414.4394 0.017066
414.7724 0.017002
415.1030 0.017028
415.4377 0.017032
415.7681 0.017115
416.0995 0.017170
416.4346 0.017186
416.7655 0.017268
417.0922 0.017203
417.4189 0.017413
417.7508 0.017467
418.0823 0.017445
418.4126 0.017311
418.7393 0.017498
419.0688 0.017411
419.3972 0.017559
419.7302 0.017711
420.0588 0.017722
420.3885 0.017834
420.7147 0.017814
421.0494 0.017799
421.3823 0.017709
421.7161 0.017722
422.0494 0.017686
422.3786 0.017679
422.7165 0.017589
423.0486 0.017494
423.3828 0.017653
423.7169 0.017550
424.0513 0.017612
424.3898 0.017667
424.7261 0.017643
425.0653 0.017660
425.4035 0.017494
425.7393 0.017525
426.0764 0.017562
426.4207 0.017661
426.7644 0.017586
427.1071 0.017505
427.4538 0.017489
427.8008 0.017429
428.1503 0.017284
428.5066 0.017242
428.8616 0.017423
429.2189 0.017432
429.5746 0.017494
429.9313 0.017546
430.2964 0.017795
430.6634 0.017777
431.0305 0.017721
431.3959 0.017743
431.7636 0.017796
432.1383 0.017861
432.5170 0.017980
432.8966 0.017732
433.2748 0.017696
433.6605 0.017981
434.0516 0.017962
434.4446 0.018034
434.8339 0.018281
435.2307 0.018282
435.6308 0.018543
436.0359 0.018468
436.4455 0.018707
436.8596 0.018987
437.2813 0.019086
437.7045 0.019177
438.1270 0.019500
438.5548 0.019633
438.9836 0.019559
439.4208 0.019762
439.8676 0.019854
440.3144 0.019820
440.7672 0.019877
441.2295 0.020246
441.6937 0.020122
442.1693 0.020310
442.6557 0.020386
443.1430 0.020593
443.6376 0.020404
444.1506 0.020078
444.6718 0.020123
445.2085 0.020295
445.7474 0.020209
446.2990 0.020499
446.8626 0.020737
447.4368 0.020864
448.0316 0.020987
448.6327 0.020895
449.2472 0.020998
449.8671 0.021041
450.5100 0.021513
451.1838 0.021473
451.8702 0.021872
452.5770 0.022146
453.3058 0.022678
454.0587 0.023274
454.8472 0.023893
455.6633 0.024554
456.5045 0.025154
457.3773 0.026051
458.2978 0.026313
459.2828 0.027164
460.3033 0.027525
461.3760 0.027547
462.5306 0.027625
463.7631 0.028015
465.0888 0.029036
466.5188 0.030275
468.0994 0.031585
469.8564 0.033242
471.8387 0.035932
474.1064 0.039504
476.7906 0.043078
480.2141 0.047762
484.8016 0.056978
485.9680 0.058567
487.2437 0.061464
488.6510 0.064242
490.2789 0.066300
492.1830 0.072392
494.4125 0.082459
497.2976 0.095460
501.1873 0.114817
507.5671 0.150334
513.6402 0.202746
521.2575 0.296998
526.8944 0.393263
tr2s-12-4 3 1
342.0497 0.291994
346.1346 0.209455
351.4736 0.152957
356.1501 0.106203
360.9482 0.079550
364.0463 0.067589
366.2678 0.060580
368.0332 0.056427
369.5488 0.054872
370.8271 0.051329
371.9638 0.048640
372.9701 0.047525
373.8822 0.045033
377.5711 0.040292
380.3186 0.036496
382.5537 0.032659
384.4476 0.030296
386.1150 0.029905
387.6196 0.029404
388.9661 0.028397
390.2023 0.026884
391.3433 0.026463
392.4085 0.026202
393.3934 0.025342
394.3471 0.024399
395.2400 0.023879
396.0934 0.023808
396.9172 0.022904
397.6947 0.022789
398.4538 0.022667
399.1794 0.022609
399.8798 0.022117
400.5527 0.021875
401.2053 0.021423
401.8412 0.021343
402.4626 0.020972
403.0648 0.020826
403.6507 0.020543
404.2226 0.020074
404.7814 0.020054
405.3209 0.019802
405.8605 0.019720
406.3856 0.019513
406.8997 0.019400
407.4010 0.019461
407.8994 0.018970
408.3830 0.019036
408.8581 0.018900
409.3204 0.018875
409.7871 0.018717
410.2467 0.018443
410.7018 0.018440
411.1496 0.018271
411.5882 0.018341
412.0226 0.018352
412.4548 0.018349
412.8804 0.018122
413.3021 0.017976
413.7092 0.017814
414.1184 0.017702
414.5268 0.017864
414.9277 0.017972
415.3274 0.017912
415.7208 0.017849
416.1137 0.017946
416.5094 0.017937
416.8921 0.017724
417.2710 0.017392
417.6448 0.017408
418.0179 0.017280
418.3879 0.017341
418.7588 0.017435
419.1265 0.017512
419.4930 0.017391
419.8505 0.017454
420.2116 0.017520
420.5712 0.017454
420.9302 0.017524
421.2853 0.017538
421.6395 0.017532
421.9886 0.017619
422.3418 0.017610
422.6906 0.017535
423.0370 0.017547
423.3783 0.017539
423.7207 0.017595
424.0616 0.017542
424.3993 0.017610
424.7377 0.017561
425.0735 0.017546
425.4093 0.017651
425.7452 0.017696
426.0780 0.017712
426.4131 0.017759
426.7485 0.017659
427.0836 0.017708
427.4165 0.017719
427.7555 0.017788
428.0838 0.017732
428.4151 0.017848
428.7449 0.017957
429.0748 0.017848
429.4060 0.017896
429.7366 0.017918
430.0676 0.017817
430.3977 0.017775
430.7282 0.017804
431.0643 0.017748
431.3949 0.017788
431.7242 0.017475
432.0566 0.017403
432.3937 0.017379
432.7259 0.017314
433.0577 0.017376
433.3945 0.017423
433.7287 0.017291
434.0638 0.017197
434.3959 0.016997
434.7321 0.017102
435.0703 0.017167
435.4061 0.017127
435.7422 0.017138
436.0768 0.017332
436.4131 0.017487
436.7505 0.017654
437.0941 0.017600
437.4334 0.017613
437.7758 0.017586
438.1148 0.017712
438.4580 0.017822
438.8101 0.017989
439.1617 0.018021
439.5122 0.017989
439.8627 0.018015
440.2116 0.017814
440.5634 0.017916
440.9208 0.017910
441.2751 0.018009
441.6334 0.017895
441.9932 0.017808
442.3536 0.017766
442.7199 0.017574
443.0808 0.017496
443.4492 0.017386
443.8235 0.017462
444.1936 0.017588
444.5685 0.017635
444.9465 0.017733
445.3242 0.017902
445.7090 0.017769
446.0999 0.017887
446.4931 0.017883
446.8869 0.017992
447.2838 0.018119
447.6843 0.018275
448.0918 0.018571
448.5005 0.018773
448.9163 0.018973
449.3325 0.018966
449.7597 0.019003
450.1880 0.019075
450.6191 0.019339
451.0552 0.019425
451.5013 0.019625
451.9485 0.019578
452.4030 0.019731
452.8656 0.019769
453.3364 0.019984
453.8124 0.020224
454.2881 0.020233
454.7746 0.020308
455.2661 0.020062
455.7689 0.020153
456.2760 0.020358
456.8006 0.020599
457.3311 0.020715
457.8752 0.020757
458.4264 0.020739
458.9910 0.020736
459.5670 0.020911
460.1564 0.021232
460.7515 0.020901
461.3695 0.021169
462.0071 0.021611
462.6624 0.021792
463.3292 0.021824
464.0216 0.022156
464.7245 0.022353
465.4581 0.022533
466.2144 0.023211
467.0023 0.023690
467.8202 0.024053
468.6716 0.025034
469.5660 0.025531
470.4903 0.025962
471.4613 0.026342
472.4897 0.026747
473.5689 0.027603
474.7115 0.027703
475.9485 0.028400
477.2756 0.029844
478.7251 0.031318
480.3068 0.032387
482.0505 0.034575
484.0315 0.035306
486.3220 0.038255
489.0372 0.041469
492.4419 0.045647
497.0139 0.054061
498.1806 0.056041
499.4512 0.058522
500.8762 0.062863
502.5378 0.067448
504.5006 0.073964
506.7431 0.082181
509.6430 0.094204
513.4772 0.110423
520.1199 0.153844
526.1732 0.207688
533.5910 0.295129
539.1171 0.390274
