Copyright (C) 1998 James G. MacKinnon, Alfred A. Haug, and Leo Michelis.
 lm0-03-5 2 1
  8.7042 0.018401
  9.1858 0.014272
  9.8572 0.011347
 10.4260 0.008500
 11.0524 0.006572
 11.4538 0.005691
 11.7507 0.005193
 11.9956 0.004684
 12.2013 0.004345
 12.3819 0.004223
 12.5427 0.004223
 12.6883 0.004006
 12.8222 0.003791
 13.3666 0.003422
 13.7837 0.003160
 14.1264 0.002942
 14.4229 0.002840
 14.6857 0.002736
 14.9225 0.002636
 15.1389 0.002511
 15.3389 0.002464
 15.5248 0.002403
 15.6998 0.002305
 15.8645 0.002312
 16.0229 0.002268
 16.1720 0.002268
 16.3158 0.002226
 16.4537 0.002186
 16.5877 0.002210
 16.7159 0.002219
 16.8403 0.002186
 16.9622 0.002202
 17.0790 0.002180
 17.1934 0.002145
 17.3053 0.002154
 17.4139 0.002139
 17.5207 0.002148
 17.6247 0.002208
 17.7264 0.002213
 17.8262 0.002191
 17.9241 0.002168
 18.0202 0.002167
 18.1157 0.002136
 18.2091 0.002130
 18.2999 0.002110
 18.3904 0.002119
 18.4796 0.002077
 18.5678 0.002064
 18.6547 0.002050
 18.7398 0.002034
 18.8245 0.002019
 18.9080 0.002012
 18.9912 0.001996
 19.0740 0.002006
 19.1551 0.002030
 19.2362 0.002009
 19.3156 0.001983
 19.3952 0.001992
 19.4739 0.001960
 19.5514 0.001954
 19.6287 0.001956
 19.7058 0.001972
 19.7819 0.001986
 19.8574 0.001996
 19.9325 0.002017
 20.0073 0.002026
 20.0818 0.002027
 20.1557 0.002017
 20.2292 0.002027
 20.3028 0.002035
 20.3757 0.002024
 20.4484 0.002038
 20.5200 0.002020
 20.5921 0.002014
 20.6638 0.002032
 20.7350 0.002033
 20.8065 0.002029
 20.8778 0.002022
 20.9482 0.002008
 21.0187 0.002016
 21.0895 0.002026
 21.1592 0.002006
 21.2297 0.002015
 21.2993 0.002032
 21.3689 0.002072
 21.4389 0.002035
 21.5086 0.002037
 21.5774 0.002005
 21.6467 0.002025
 21.7162 0.002026
 21.7853 0.002031
 21.8545 0.002026
 21.9235 0.002053
 21.9923 0.002067
 22.0621 0.002063
 22.1311 0.002048
 22.2005 0.002066
 22.2697 0.002066
 22.3393 0.002058
 22.4095 0.002071
 22.4792 0.002059
 22.5490 0.002081
 22.6187 0.002091
 22.6885 0.002075
 22.7586 0.002084
 22.8287 0.002122
 22.8990 0.002127
 22.9694 0.002138
 23.0403 0.002126
 23.1114 0.002162
 23.1822 0.002162
 23.2531 0.002176
 23.3244 0.002205
 23.3955 0.002195
 23.4671 0.002220
 23.5388 0.002192
 23.6113 0.002174
 23.6837 0.002210
 23.7560 0.002216
 23.8288 0.002250
 23.9025 0.002274
 23.9761 0.002288
 24.0503 0.002294
 24.1242 0.002313
 24.1984 0.002307
 24.2734 0.002315
 24.3491 0.002335
 24.4255 0.002353
 24.5010 0.002368
 24.5776 0.002375
 24.6541 0.002374
 24.7318 0.002368
 24.8096 0.002388
 24.8888 0.002385
 24.9678 0.002387
 25.0474 0.002427
 25.1275 0.002457
 25.2079 0.002488
 25.2894 0.002499
 25.3710 0.002498
 25.4538 0.002513
 25.5364 0.002512
 25.6198 0.002517
 25.7043 0.002564
 25.7900 0.002581
 25.8762 0.002589
 25.9635 0.002599
 26.0512 0.002630
 26.1397 0.002640
 26.2289 0.002671
 26.3193 0.002666
 26.4103 0.002678
 26.5028 0.002679
 26.5965 0.002660
 26.6902 0.002645
 26.7852 0.002691
 26.8817 0.002723
 26.9795 0.002732
 27.0789 0.002762
 27.1790 0.002797
 27.2815 0.002795
 27.3851 0.002798
 27.4900 0.002847
 27.5953 0.002844
 27.7037 0.002837
 27.8130 0.002875
 27.9245 0.002922
 28.0378 0.002954
 28.1532 0.002990
 28.2707 0.002970
 28.3891 0.003033
 28.5110 0.003051
 28.6354 0.003058
 28.7617 0.003103
 28.8906 0.003130
 29.0227 0.003177
 29.1582 0.003161
 29.2961 0.003210
 29.4371 0.003293
 29.5828 0.003366
 29.7307 0.003429
 29.8824 0.003495
 30.0383 0.003528
 30.1991 0.003605
 30.3658 0.003682
 30.5382 0.003779
 30.7153 0.003833
 30.8987 0.003811
 31.0877 0.003871
 31.2844 0.003927
 31.4893 0.004044
 31.7046 0.004156
 31.9293 0.004293
 32.1647 0.004354
 32.4112 0.004374
 32.6732 0.004500
 32.9470 0.004580
 33.2415 0.004695
 33.5576 0.004786
 33.8968 0.004837
 34.2670 0.004981
 34.6678 0.005207
 35.1087 0.005468
 35.6077 0.005576
 36.1717 0.005880
 36.8322 0.006340
 37.6227 0.007129
 38.6234 0.008301
 40.0097 0.009817
 40.3610 0.010272
 40.7541 0.010922
 41.2007 0.011515
 41.6947 0.012528
 42.2901 0.013104
 43.0069 0.014946
 43.9159 0.017278
 45.1711 0.020696
 47.3181 0.028358
 49.3859 0.039469
 52.0320 0.059556
 53.9536 0.085349
 lm1-03-5 2 1
 10.3808 0.019553
 10.8634 0.016261
 11.5981 0.011118
 12.1921 0.009258
 12.8708 0.007261
 13.3016 0.006287
 13.6285 0.005634
 13.8936 0.005352
 14.1162 0.004935
 14.3092 0.004643
 14.4833 0.004405
 14.6408 0.004154
 14.7824 0.004031
 15.3639 0.003559
 15.8081 0.003292
 16.1735 0.003126
 16.4879 0.003062
 16.7659 0.002874
 17.0203 0.002737
 17.2499 0.002731
 17.4611 0.002577
 17.6596 0.002568
 17.8453 0.002531
 18.0211 0.002555
 18.1877 0.002499
 18.3464 0.002444
 18.4980 0.002432
 18.6444 0.002403
 18.7849 0.002377
 18.9212 0.002316
 19.0536 0.002331
 19.1816 0.002312
 19.3061 0.002325
 19.4273 0.002295
 19.5451 0.002267
 19.6600 0.002277
 19.7720 0.002264
 19.8816 0.002265
 19.9890 0.002269
 20.0944 0.002231
 20.1983 0.002201
 20.2999 0.002195
 20.4002 0.002203
 20.4983 0.002173
 20.5952 0.002185
 20.6898 0.002198
 20.7832 0.002218
 20.8756 0.002207
 20.9677 0.002207
 21.0579 0.002220
 21.1485 0.002199
 21.2371 0.002164
 21.3246 0.002128
 21.4113 0.002106
 21.4964 0.002125
 21.5812 0.002095
 21.6651 0.002113
 21.7486 0.002101
 21.8314 0.002097
 21.9129 0.002104
 21.9946 0.002082
 22.0754 0.002058
 22.1561 0.002059
 22.2359 0.002068
 22.3145 0.002084
 22.3934 0.002094
 22.4718 0.002096
 22.5495 0.002116
 22.6269 0.002119
 22.7042 0.002151
 22.7805 0.002180
 22.8565 0.002139
 22.9325 0.002128
 23.0082 0.002138
 23.0836 0.002143
 23.1588 0.002152
 23.2337 0.002171
 23.3086 0.002199
 23.3831 0.002198
 23.4573 0.002196
 23.5311 0.002188
 23.6045 0.002183
 23.6782 0.002202
 23.7520 0.002195
 23.8255 0.002196
 23.8987 0.002198
 23.9715 0.002206
 24.0444 0.002190
 24.1174 0.002196
 24.1902 0.002207
 24.2628 0.002247
 24.3352 0.002274
 24.4080 0.002286
 24.4806 0.002256
 24.5529 0.002267
 24.6261 0.002284
 24.6991 0.002265
 24.7720 0.002272
 24.8444 0.002289
 24.9171 0.002278
 24.9907 0.002273
 25.0633 0.002283
 25.1365 0.002294
 25.2096 0.002326
 25.2830 0.002302
 25.3559 0.002312
 25.4297 0.002318
 25.5030 0.002318
 25.5765 0.002346
 25.6507 0.002367
 25.7248 0.002349
 25.7994 0.002332
 25.8742 0.002351
 25.9485 0.002333
 26.0233 0.002331
 26.0984 0.002350
 26.1741 0.002363
 26.2499 0.002370
 26.3264 0.002347
 26.4029 0.002353
 26.4797 0.002399
 26.5565 0.002385
 26.6333 0.002398
 26.7108 0.002367
 26.7890 0.002378
 26.8671 0.002394
 26.9459 0.002436
 27.0249 0.002444
 27.1044 0.002478
 27.1847 0.002475
 27.2657 0.002498
 27.3466 0.002519
 27.4277 0.002539
 27.5090 0.002537
 27.5916 0.002563
 27.6745 0.002560
 27.7580 0.002534
 27.8421 0.002567
 27.9273 0.002576
 28.0130 0.002581
 28.0994 0.002594
 28.1869 0.002632
 28.2750 0.002620
 28.3630 0.002638
 28.4518 0.002659
 28.5411 0.002681
 28.6318 0.002731
 28.7231 0.002763
 28.8155 0.002808
 28.9081 0.002800
 29.0023 0.002813
 29.0971 0.002848
 29.1938 0.002892
 29.2919 0.002908
 29.3905 0.002903
 29.4906 0.002934
 29.5915 0.002897
 29.6936 0.002916
 29.7969 0.002908
 29.9015 0.002949
 30.0071 0.002950
 30.1146 0.002961
 30.2236 0.002957
 30.3340 0.002941
 30.4472 0.002948
 30.5618 0.002961
 30.6770 0.002986
 30.7941 0.002952
 30.9147 0.002967
 31.0359 0.003052
 31.1598 0.003083
 31.2871 0.003119
 31.4162 0.003143
 31.5483 0.003149
 31.6824 0.003190
 31.8198 0.003229
 31.9596 0.003215
 32.1037 0.003302
 32.2498 0.003353
 32.3996 0.003390
 32.5544 0.003320
 32.7125 0.003390
 32.8756 0.003511
 33.0437 0.003588
 33.2172 0.003681
 33.3962 0.003718
 33.5810 0.003840
 33.7718 0.003884
 33.9679 0.003945
 34.1735 0.004035
 34.3868 0.004101
 34.6106 0.004122
 34.8440 0.004255
 35.0877 0.004384
 35.3444 0.004438
 35.6164 0.004527
 35.9027 0.004695
 36.2077 0.004849
 36.5360 0.004940
 36.8874 0.005083
 37.2669 0.005164
 37.6837 0.005327
 38.1401 0.005662
 38.6518 0.006088
 39.2350 0.006228
 39.9196 0.006778
 40.7414 0.007635
 41.7784 0.008678
 43.2008 0.010249
 43.5652 0.010522
 43.9650 0.011223
 44.4225 0.011762
 44.9269 0.012655
 45.5305 0.013920
 46.2772 0.015885
 47.2276 0.017899
 48.5388 0.021701
 50.6890 0.029018
 52.7647 0.037882
 55.5701 0.059471
 57.5291 0.084185
lm1s-03-5 2 1
 11.2460 0.020588
 11.7358 0.015400
 12.4443 0.011750
 13.0440 0.008894
 13.7273 0.007174
 14.1575 0.006333
 14.4800 0.005779
 14.7434 0.005226
 14.9691 0.004964
 15.1637 0.004710
 15.3348 0.004473
 15.4924 0.004404
 15.6345 0.004302
 16.2081 0.003495
 16.6513 0.003209
 17.0178 0.003080
 17.3331 0.002994
 17.6103 0.002957
 17.8607 0.002859
 18.0902 0.002824
 18.3013 0.002767
 18.4982 0.002666
 18.6840 0.002620
 18.8595 0.002546
 19.0263 0.002530
 19.1844 0.002527
 19.3368 0.002456
 19.4830 0.002419
 19.6230 0.002362
 19.7592 0.002358
 19.8901 0.002366
 20.0177 0.002353
 20.1420 0.002378
 20.2625 0.002389
 20.3803 0.002369
 20.4949 0.002334
 20.6071 0.002304
 20.7160 0.002309
 20.8230 0.002314
 20.9280 0.002321
 21.0311 0.002308
 21.1324 0.002287
 21.2322 0.002247
 21.3305 0.002260
 21.4274 0.002249
 21.5232 0.002205
 21.6168 0.002225
 21.7093 0.002188
 21.8002 0.002178
 21.8901 0.002168
 21.9791 0.002155
 22.0677 0.002160
 22.1552 0.002140
 22.2418 0.002168
 22.3269 0.002181
 22.4118 0.002191
 22.4955 0.002192
 22.5784 0.002191
 22.6605 0.002203
 22.7422 0.002200
 22.8231 0.002179
 22.9043 0.002176
 22.9845 0.002185
 23.0638 0.002169
 23.1426 0.002192
 23.2217 0.002208
 23.2995 0.002224
 23.3774 0.002222
 23.4547 0.002221
 23.5313 0.002210
 23.6077 0.002220
 23.6837 0.002211
 23.7592 0.002198
 23.8347 0.002164
 23.9103 0.002162
 23.9847 0.002168
 24.0596 0.002186
 24.1344 0.002189
 24.2079 0.002217
 24.2819 0.002226
 24.3559 0.002237
 24.4292 0.002229
 24.5025 0.002217
 24.5754 0.002223
 24.6495 0.002231
 24.7227 0.002223
 24.7963 0.002221
 24.8691 0.002211
 24.9419 0.002219
 25.0148 0.002208
 25.0880 0.002218
 25.1603 0.002225
 25.2330 0.002260
 25.3056 0.002263
 25.3779 0.002254
 25.4502 0.002270
 25.5226 0.002265
 25.5957 0.002278
 25.6687 0.002271
 25.7414 0.002261
 25.8140 0.002257
 25.8864 0.002268
 25.9593 0.002287
 26.0328 0.002281
 26.1056 0.002288
 26.1790 0.002296
 26.2526 0.002311
 26.3259 0.002300
 26.3998 0.002316
 26.4732 0.002322
 26.5475 0.002322
 26.6217 0.002331
 26.6961 0.002340
 26.7704 0.002359
 26.8453 0.002348
 26.9203 0.002333
 26.9956 0.002334
 27.0715 0.002348
 27.1472 0.002347
 27.2238 0.002358
 27.3001 0.002375
 27.3770 0.002380
 27.4536 0.002404
 27.5315 0.002413
 27.6089 0.002433
 27.6871 0.002424
 27.7667 0.002443
 27.8457 0.002461
 27.9251 0.002484
 28.0056 0.002476
 28.0854 0.002497
 28.1659 0.002517
 28.2478 0.002504
 28.3295 0.002520
 28.4123 0.002533
 28.4957 0.002533
 28.5790 0.002538
 28.6632 0.002541
 28.7475 0.002554
 28.8328 0.002576
 28.9188 0.002564
 29.0054 0.002620
 29.0927 0.002626
 29.1807 0.002662
 29.2697 0.002663
 29.3600 0.002689
 29.4503 0.002756
 29.5416 0.002768
 29.6338 0.002770
 29.7271 0.002747
 29.8216 0.002754
 29.9171 0.002767
 30.0138 0.002805
 30.1109 0.002837
 30.2094 0.002837
 30.3080 0.002827
 30.4087 0.002864
 30.5103 0.002914
 30.6127 0.002895
 30.7173 0.002893
 30.8228 0.002889
 30.9295 0.002924
 31.0386 0.002936
 31.1495 0.002967
 31.2621 0.002951
 31.3763 0.002980
 31.4924 0.002973
 31.6101 0.003016
 31.7295 0.003069
 31.8507 0.003090
 31.9754 0.003131
 32.1022 0.003163
 32.2312 0.003208
 32.3622 0.003241
 32.4960 0.003285
 32.6334 0.003308
 32.7733 0.003352
 32.9164 0.003372
 33.0636 0.003338
 33.2153 0.003375
 33.3688 0.003407
 33.5264 0.003476
 33.6895 0.003556
 33.8562 0.003615
 34.0282 0.003669
 34.2061 0.003685
 34.3908 0.003757
 34.5807 0.003769
 34.7796 0.003835
 34.9848 0.003924
 35.1957 0.003984
 35.4193 0.004027
 35.6508 0.004159
 35.8952 0.004234
 36.1524 0.004370
 36.4225 0.004478
 36.7100 0.004565
 37.0149 0.004713
 37.3409 0.004807
 37.6926 0.004996
 38.0735 0.005206
 38.4874 0.005589
 38.9480 0.005726
 39.4607 0.005990
 40.0433 0.006309
 40.7260 0.006714
 41.5420 0.007504
 42.5763 0.008488
 43.9968 0.009732
 44.3623 0.010193
 44.7674 0.011093
 45.2134 0.011768
 45.7250 0.012977
 46.3371 0.014278
 47.0857 0.015802
 48.0320 0.018187
 49.3201 0.021627
 51.4663 0.028381
 53.6054 0.039626
 56.3485 0.060223
 58.2628 0.081269
 lm2-03-5 3 1
 12.0923 0.038883
 12.6148 0.027937
 13.3904 0.021149
 14.0543 0.014867
 14.7921 0.012747
 15.2527 0.011484
 15.5991 0.010277
 15.8762 0.009412
 16.1116 0.008817
 16.3154 0.008569
 16.5027 0.008468
 16.6681 0.007900
 16.8154 0.007723
 17.4381 0.006940
 17.9052 0.006399
 18.2935 0.005993
 18.6262 0.005596
 18.9199 0.005386
 19.1829 0.005237
 19.4239 0.004981
 19.6492 0.004961
 19.8569 0.004815
 20.0504 0.004776
 20.2346 0.004752
 20.4097 0.004634
 20.5785 0.004586
 20.7370 0.004546
 20.8929 0.004525
 21.0407 0.004497
 21.1839 0.004421
 21.3230 0.004459
 21.4589 0.004392
 21.5880 0.004404
 21.7143 0.004384
 21.8370 0.004335
 21.9580 0.004293
 22.0775 0.004310
 22.1949 0.004320
 22.3081 0.004239
 22.4173 0.004225
 22.5256 0.004247
 22.6328 0.004249
 22.7387 0.004213
 22.8416 0.004205
 22.9428 0.004187
 23.0439 0.004187
 23.1421 0.004156
 23.2396 0.004045
 23.3355 0.004024
 23.4309 0.004061
 23.5239 0.004061
 23.6164 0.004002
 23.7081 0.003993
 23.7987 0.003954
 23.8883 0.003934
 23.9768 0.003902
 24.0653 0.003909
 24.1530 0.003928
 24.2398 0.003915
 24.3268 0.003924
 24.4115 0.003908
 24.4955 0.003886
 24.5797 0.003872
 24.6632 0.003914
 24.7465 0.003939
 24.8284 0.003944
 24.9097 0.003925
 24.9918 0.003903
 25.0724 0.003865
 25.1525 0.003841
 25.2329 0.003840
 25.3114 0.003887
 25.3903 0.003892
 25.4697 0.003884
 25.5474 0.003928
 25.6249 0.003927
 25.7030 0.003928
 25.7810 0.003899
 25.8581 0.003961
 25.9349 0.003991
 26.0112 0.003984
 26.0885 0.003986
 26.1650 0.004011
 26.2422 0.004019
 26.3188 0.004044
 26.3952 0.004061
 26.4715 0.004089
 26.5476 0.004112
 26.6240 0.004169
 26.6991 0.004144
 26.7760 0.004106
 26.8517 0.004129
 26.9277 0.004138
 27.0038 0.004111
 27.0802 0.004119
 27.1559 0.004090
 27.2331 0.004068
 27.3085 0.004108
 27.3850 0.004083
 27.4597 0.004064
 27.5358 0.004067
 27.6126 0.004071
 27.6892 0.004052
 27.7656 0.004053
 27.8417 0.004064
 27.9177 0.004039
 27.9951 0.004083
 28.0715 0.004095
 28.1479 0.004125
 28.2250 0.004164
 28.3024 0.004172
 28.3800 0.004193
 28.4577 0.004212
 28.5365 0.004240
 28.6148 0.004206
 28.6933 0.004209
 28.7723 0.004200
 28.8526 0.004245
 28.9319 0.004278
 29.0119 0.004255
 29.0915 0.004284
 29.1719 0.004348
 29.2526 0.004363
 29.3342 0.004339
 29.4161 0.004337
 29.4966 0.004343
 29.5790 0.004357
 29.6614 0.004321
 29.7442 0.004375
 29.8282 0.004397
 29.9123 0.004466
 29.9960 0.004514
 30.0815 0.004534
 30.1665 0.004558
 30.2529 0.004619
 30.3385 0.004651
 30.4250 0.004613
 30.5128 0.004613
 30.6021 0.004642
 30.6917 0.004675
 30.7805 0.004682
 30.8705 0.004673
 30.9609 0.004661
 31.0537 0.004693
 31.1469 0.004720
 31.2407 0.004775
 31.3347 0.004835
 31.4295 0.004858
 31.5258 0.004872
 31.6223 0.004920
 31.7202 0.004980
 31.8183 0.005040
 31.9176 0.005071
 32.0180 0.005048
 32.1210 0.005019
 32.2242 0.005012
 32.3300 0.005029
 32.4355 0.005104
 32.5434 0.005161
 32.6518 0.005234
 32.7615 0.005295
 32.8734 0.005180
 32.9862 0.005215
 33.1000 0.005204
 33.2153 0.005254
 33.3337 0.005298
 33.4542 0.005304
 33.5762 0.005288
 33.7021 0.005278
 33.8293 0.005283
 33.9605 0.005263
 34.0922 0.005237
 34.2261 0.005320
 34.3622 0.005382
 34.5012 0.005403
 34.6426 0.005505
 34.7885 0.005542
 34.9390 0.005698
 35.0922 0.005772
 35.2476 0.005885
 35.4085 0.005821
 35.5742 0.005914
 35.7427 0.006017
 35.9170 0.006130
 36.0990 0.006116
 36.2831 0.006204
 36.4728 0.006275
 36.6682 0.006387
 36.8740 0.006453
 37.0859 0.006605
 37.3073 0.006690
 37.5366 0.006812
 37.7765 0.007041
 38.0275 0.007234
 38.2954 0.007414
 38.5750 0.007604
 38.8745 0.007911
 39.1885 0.008283
 39.5219 0.008706
 39.8821 0.008964
 40.2728 0.009208
 40.7051 0.009457
 41.1772 0.009497
 41.7107 0.009724
 42.3085 0.010122
 43.0172 0.011043
 43.8629 0.012395
 44.9200 0.014503
 46.3846 0.017191
 46.7586 0.018092
 47.1804 0.019613
 47.6403 0.020658
 48.1821 0.023018
 48.8110 0.025800
 49.5688 0.028672
 50.5180 0.032780
 51.8788 0.037974
 54.0964 0.051441
 56.2488 0.072784
 58.9560 0.109487
 60.9359 0.148232
lm2s-03-5 3 1
 12.9994 0.038475
 13.5354 0.028582
 14.2942 0.020735
 14.9443 0.015727
 15.6847 0.012277
 16.1312 0.010994
 16.4636 0.009938
 16.7465 0.008996
 16.9880 0.008705
 17.1919 0.008357
 17.3734 0.008089
 17.5381 0.007930
 17.6872 0.007700
 18.3061 0.006736
 18.7748 0.006215
 19.1602 0.005856
 19.4872 0.005568
 19.7805 0.005394
 20.0421 0.005380
 20.2833 0.005194
 20.5056 0.004999
 20.7108 0.004888
 20.9082 0.004790
 21.0914 0.004675
 21.2676 0.004666
 21.4340 0.004525
 21.5929 0.004469
 21.7460 0.004459
 21.8951 0.004402
 22.0376 0.004313
 22.1759 0.004322
 22.3095 0.004272
 22.4393 0.004247
 22.5655 0.004265
 22.6890 0.004163
 22.8086 0.004175
 22.9262 0.004216
 23.0424 0.004203
 23.1540 0.004185
 23.2638 0.004168
 23.3715 0.004165
 23.4777 0.004183
 23.5820 0.004162
 23.6844 0.004156
 23.7855 0.004150
 23.8857 0.004123
 23.9843 0.004107
 24.0820 0.004130
 24.1790 0.004103
 24.2727 0.004101
 24.3662 0.004064
 24.4595 0.004058
 24.5504 0.004007
 24.6406 0.003986
 24.7303 0.003956
 24.8195 0.003947
 24.9072 0.003951
 24.9946 0.003895
 25.0807 0.003884
 25.1663 0.003895
 25.2505 0.003938
 25.3347 0.003890
 25.4188 0.003914
 25.5015 0.003872
 25.5832 0.003884
 25.6658 0.003881
 25.7467 0.003888
 25.8276 0.003893
 25.9078 0.003881
 25.9888 0.003925
 26.0687 0.003937
 26.1478 0.003931
 26.2278 0.003956
 26.3057 0.003971
 26.3837 0.003955
 26.4615 0.003996
 26.5395 0.004010
 26.6164 0.004045
 26.6932 0.004056
 26.7688 0.004095
 26.8469 0.004042
 26.9240 0.004002
 27.0023 0.004015
 27.0798 0.004026
 27.1553 0.004012
 27.2310 0.004042
 27.3071 0.004039
 27.3824 0.004040
 27.4593 0.004099
 27.5355 0.004039
 27.6119 0.004010
 27.6872 0.003983
 27.7627 0.003971
 27.8386 0.003995
 27.9148 0.004019
 27.9902 0.004077
 28.0657 0.004108
 28.1416 0.004059
 28.2168 0.004105
 28.2922 0.004164
 28.3681 0.004145
 28.4436 0.004150
 28.5207 0.004130
 28.5958 0.004116
 28.6719 0.004121
 28.7484 0.004110
 28.8252 0.004148
 28.9017 0.004151
 28.9793 0.004157
 29.0568 0.004187
 29.1331 0.004207
 29.2107 0.004199
 29.2880 0.004223
 29.3672 0.004220
 29.4448 0.004240
 29.5227 0.004270
 29.6002 0.004258
 29.6788 0.004252
 29.7581 0.004295
 29.8371 0.004296
 29.9176 0.004302
 29.9971 0.004302
 30.0770 0.004349
 30.1584 0.004350
 30.2401 0.004420
 30.3219 0.004438
 30.4029 0.004462
 30.4860 0.004481
 30.5686 0.004489
 30.6516 0.004515
 30.7359 0.004484
 30.8200 0.004528
 30.9032 0.004478
 30.9879 0.004494
 31.0753 0.004535
 31.1611 0.004545
 31.2479 0.004561
 31.3359 0.004599
 31.4243 0.004606
 31.5128 0.004644
 31.6024 0.004671
 31.6919 0.004669
 31.7822 0.004706
 31.8739 0.004769
 31.9654 0.004758
 32.0584 0.004816
 32.1530 0.004843
 32.2479 0.004885
 32.3443 0.004901
 32.4413 0.004880
 32.5390 0.004952
 32.6380 0.004999
 32.7357 0.005008
 32.8363 0.004999
 32.9388 0.004950
 33.0420 0.004956
 33.1474 0.004982
 33.2532 0.005003
 33.3619 0.005106
 33.4689 0.005112
 33.5790 0.005075
 33.6916 0.005101
 33.8038 0.005094
 33.9187 0.005155
 34.0367 0.005083
 34.1564 0.005085
 34.2753 0.005110
 34.3971 0.005206
 34.5211 0.005234
 34.6491 0.005312
 34.7792 0.005319
 34.9116 0.005404
 35.0453 0.005480
 35.1819 0.005565
 35.3210 0.005585
 35.4630 0.005597
 35.6087 0.005676
 35.7584 0.005706
 35.9119 0.005750
 36.0681 0.005774
 36.2260 0.005861
 36.3919 0.005868
 36.5592 0.005942
 36.7351 0.006085
 36.9134 0.006186
 37.0962 0.006229
 37.2868 0.006324
 37.4835 0.006357
 37.6907 0.006477
 37.9046 0.006630
 38.1248 0.006738
 38.3545 0.006848
 38.5967 0.007146
 38.8489 0.007284
 39.1120 0.007497
 39.3889 0.007589
 39.6808 0.007776
 39.9967 0.008118
 40.3281 0.008443
 40.6880 0.008671
 41.0846 0.008843
 41.5107 0.009364
 41.9845 0.009770
 42.5101 0.009897
 43.1172 0.010916
 43.8170 0.011655
 44.6679 0.012156
 45.7285 0.014324
 47.1972 0.017452
 47.5652 0.017721
 47.9854 0.019023
 48.4558 0.021028
 48.9986 0.022987
 49.6300 0.024555
 50.3636 0.028490
 51.3303 0.032709
 52.6625 0.038464
 54.8710 0.052834
 57.0211 0.071600
 59.7425 0.106307
 61.6643 0.153184
 tr0-03-5 2 1
 17.9799 0.037112
 18.9066 0.029992
 20.2114 0.021752
 21.3045 0.017020
 22.5254 0.012811
 23.3013 0.011089
 23.8866 0.010045
 24.3577 0.009420
 24.7630 0.008806
 25.1134 0.008365
 25.4274 0.007987
 25.7068 0.007640
 25.9650 0.007486
 26.9978 0.006193
 27.7827 0.005694
 28.4268 0.005554
 28.9866 0.005439
 29.4769 0.005150
 29.9146 0.005040
 30.3138 0.004863
 30.6815 0.004683
 31.0250 0.004645
 31.3442 0.004603
 31.6499 0.004523
 31.9382 0.004302
 32.2113 0.004204
 32.4741 0.004153
 32.7255 0.004096
 32.9669 0.004031
 33.2000 0.004044
 33.4243 0.003952
 33.6402 0.003925
 33.8517 0.003902
 34.0578 0.003867
 34.2577 0.003880
 34.4514 0.003890
 34.6421 0.003888
 34.8273 0.003858
 35.0098 0.003862
 35.1877 0.003796
 35.3618 0.003831
 35.5326 0.003721
 35.7006 0.003692
 35.8645 0.003689
 36.0273 0.003720
 36.1868 0.003683
 36.3433 0.003694
 36.4983 0.003654
 36.6514 0.003620
 36.8027 0.003663
 36.9512 0.003641
 37.0979 0.003611
 37.2437 0.003627
 37.3872 0.003572
 37.5297 0.003547
 37.6694 0.003563
 37.8088 0.003545
 37.9463 0.003526
 38.0825 0.003521
 38.2183 0.003557
 38.3517 0.003515
 38.4844 0.003508
 38.6167 0.003516
 38.7488 0.003516
 38.8795 0.003530
 39.0081 0.003475
 39.1363 0.003484
 39.2652 0.003411
 39.3921 0.003380
 39.5175 0.003351
 39.6420 0.003347
 39.7674 0.003340
 39.8912 0.003324
 40.0154 0.003288
 40.1375 0.003311
 40.2593 0.003331
 40.3811 0.003335
 40.5027 0.003367
 40.6241 0.003330
 40.7447 0.003342
 40.8650 0.003370
 40.9846 0.003407
 41.1033 0.003374
 41.2225 0.003377
 41.3406 0.003380
 41.4587 0.003347
 41.5766 0.003362
 41.6934 0.003328
 41.8113 0.003291
 41.9278 0.003280
 42.0457 0.003273
 42.1620 0.003266
 42.2789 0.003298
 42.3947 0.003277
 42.5107 0.003289
 42.6271 0.003290
 42.7425 0.003272
 42.8584 0.003304
 42.9739 0.003336
 43.0898 0.003356
 43.2057 0.003347
 43.3217 0.003343
 43.4371 0.003347
 43.5533 0.003388
 43.6694 0.003385
 43.7859 0.003398
 43.9023 0.003412
 44.0183 0.003430
 44.1352 0.003428
 44.2507 0.003441
 44.3679 0.003452
 44.4855 0.003441
 44.6031 0.003459
 44.7208 0.003469
 44.8393 0.003492
 44.9580 0.003542
 45.0772 0.003544
 45.1955 0.003534
 45.3156 0.003548
 45.4353 0.003546
 45.5553 0.003586
 45.6748 0.003634
 45.7955 0.003622
 45.9169 0.003653
 46.0389 0.003638
 46.1614 0.003620
 46.2839 0.003595
 46.4065 0.003566
 46.5304 0.003579
 46.6540 0.003605
 46.7784 0.003605
 46.9037 0.003619
 47.0298 0.003660
 47.1558 0.003660
 47.2831 0.003678
 47.4104 0.003720
 47.5405 0.003653
 47.6698 0.003630
 47.8014 0.003643
 47.9330 0.003611
 48.0651 0.003643
 48.1981 0.003644
 48.3317 0.003663
 48.4676 0.003642
 48.6048 0.003688
 48.7408 0.003723
 48.8789 0.003764
 49.0189 0.003802
 49.1594 0.003846
 49.3023 0.003859
 49.4456 0.003964
 49.5901 0.003974
 49.7373 0.003955
 49.8852 0.004006
 50.0339 0.004115
 50.1855 0.004182
 50.3379 0.004145
 50.4936 0.004160
 50.6499 0.004158
 50.8077 0.004218
 50.9672 0.004303
 51.1289 0.004353
 51.2938 0.004327
 51.4607 0.004364
 51.6282 0.004411
 51.8000 0.004473
 51.9727 0.004509
 52.1495 0.004540
 52.3280 0.004545
 52.5097 0.004571
 52.6950 0.004551
 52.8838 0.004518
 53.0752 0.004537
 53.2706 0.004614
 53.4687 0.004653
 53.6717 0.004679
 53.8782 0.004662
 54.0895 0.004708
 54.3063 0.004763
 54.5276 0.004848
 54.7543 0.004948
 54.9880 0.005029
 55.2262 0.005071
 55.4717 0.005155
 55.7252 0.005185
 55.9843 0.005301
 56.2535 0.005499
 56.5306 0.005504
 56.8172 0.005478
 57.1167 0.005547
 57.4241 0.005679
 57.7449 0.005732
 58.0782 0.005838
 58.4301 0.005981
 58.7975 0.006166
 59.1856 0.006292
 59.5934 0.006311
 60.0273 0.006493
 60.4899 0.006740
 60.9918 0.006878
 61.5301 0.007214
 62.1181 0.007473
 62.7661 0.007892
 63.4861 0.008445
 64.2983 0.008769
 65.2417 0.009761
 66.3660 0.010359
 67.7886 0.011657
 69.7336 0.013526
 70.2212 0.014085
 70.7608 0.014504
 71.3713 0.015293
 72.0686 0.016760
 72.8926 0.017959
 73.8805 0.019989
 75.1155 0.023033
 76.8142 0.027733
 79.6509 0.035955
 82.3721 0.054392
 85.8190 0.078846
 88.3406 0.112631
 tr1-03-5 2 1
 21.7985 0.042320
 22.7937 0.032454
 24.2474 0.023064
 25.4602 0.017652
 26.8217 0.013028
 27.6805 0.011464
 28.3287 0.010313
 28.8446 0.009656
 29.2839 0.009142
 29.6599 0.008961
 30.0001 0.008643
 30.3059 0.008275
 30.5859 0.008135
 31.7102 0.007050
 32.5623 0.006398
 33.2640 0.006051
 33.8692 0.005553
 34.3979 0.005354
 34.8744 0.005182
 35.3077 0.005107
 35.7066 0.005092
 36.0787 0.005000
 36.4272 0.004745
 36.7550 0.004574
 37.0668 0.004502
 37.3609 0.004511
 37.6421 0.004404
 37.9122 0.004267
 38.1728 0.004312
 38.4242 0.004307
 38.6662 0.004246
 38.9003 0.004198
 39.1269 0.004142
 39.3478 0.004093
 39.5624 0.004030
 39.7702 0.004031
 39.9761 0.003949
 40.1735 0.004034
 40.3693 0.003988
 40.5599 0.003976
 40.7465 0.004002
 40.9306 0.004034
 41.1113 0.003956
 41.2879 0.003951
 41.4624 0.003940
 41.6334 0.003944
 41.8024 0.003936
 41.9678 0.003913
 42.1317 0.003901
 42.2934 0.003924
 42.4542 0.003905
 42.6111 0.003885
 42.7674 0.003783
 42.9222 0.003704
 43.0763 0.003667
 43.2278 0.003697
 43.3773 0.003686
 43.5246 0.003685
 43.6692 0.003642
 43.8146 0.003628
 43.9577 0.003653
 44.0995 0.003686
 44.2408 0.003691
 44.3813 0.003680
 44.5204 0.003686
 44.6592 0.003699
 44.7961 0.003689
 44.9325 0.003685
 45.0683 0.003712
 45.2026 0.003684
 45.3353 0.003666
 45.4690 0.003629
 45.6020 0.003604
 45.7334 0.003601
 45.8649 0.003643
 45.9956 0.003658
 46.1254 0.003682
 46.2547 0.003649
 46.3849 0.003662
 46.5123 0.003681
 46.6390 0.003688
 46.7662 0.003687
 46.8924 0.003718
 47.0194 0.003701
 47.1459 0.003696
 47.2712 0.003737
 47.3970 0.003705
 47.5219 0.003666
 47.6465 0.003666
 47.7705 0.003680
 47.8955 0.003699
 48.0201 0.003748
 48.1445 0.003777
 48.2676 0.003749
 48.3920 0.003807
 48.5167 0.003770
 48.6403 0.003770
 48.7640 0.003771
 48.8864 0.003779
 49.0098 0.003844
 49.1333 0.003845
 49.2562 0.003840
 49.3786 0.003851
 49.5023 0.003845
 49.6268 0.003874
 49.7512 0.003904
 49.8766 0.003943
 49.9999 0.003918
 50.1237 0.003882
 50.2478 0.003867
 50.3726 0.003876
 50.4969 0.003858
 50.6215 0.003867
 50.7453 0.003888
 50.8700 0.003853
 50.9966 0.003833
 51.1220 0.003906
 51.2473 0.003954
 51.3736 0.003989
 51.5010 0.003944
 51.6280 0.003984
 51.7544 0.003939
 51.8820 0.003974
 52.0103 0.003997
 52.1384 0.003972
 52.2684 0.003979
 52.3985 0.004020
 52.5299 0.004022
 52.6606 0.004005
 52.7931 0.004014
 52.9259 0.004030
 53.0588 0.004040
 53.1918 0.004016
 53.3247 0.004033
 53.4602 0.004022
 53.5961 0.004050
 53.7338 0.004065
 53.8710 0.004080
 54.0089 0.004090
 54.1477 0.004114
 54.2873 0.004084
 54.4279 0.004114
 54.5698 0.004100
 54.7131 0.004098
 54.8580 0.004095
 55.0032 0.004077
 55.1493 0.004098
 55.2971 0.004059
 55.4460 0.004057
 55.5974 0.004087
 55.7499 0.004086
 55.9036 0.004127
 56.0595 0.004204
 56.2158 0.004251
 56.3734 0.004322
 56.5320 0.004318
 56.6946 0.004300
 56.8592 0.004311
 57.0239 0.004324
 57.1902 0.004286
 57.3586 0.004290
 57.5295 0.004336
 57.7021 0.004362
 57.8782 0.004416
 58.0566 0.004407
 58.2382 0.004439
 58.4212 0.004555
 58.6067 0.004579
 58.7974 0.004644
 58.9910 0.004667
 59.1862 0.004767
 59.3849 0.004830
 59.5880 0.004882
 59.7944 0.004911
 60.0051 0.004904
 60.2175 0.005002
 60.4352 0.005011
 60.6590 0.005091
 60.8872 0.005103
 61.1200 0.005113
 61.3589 0.005151
 61.6051 0.005222
 61.8562 0.005370
 62.1129 0.005310
 62.3801 0.005352
 62.6528 0.005371
 62.9359 0.005359
 63.2277 0.005406
 63.5302 0.005564
 63.8446 0.005667
 64.1676 0.005816
 64.5020 0.005967
 64.8554 0.006085
 65.2251 0.006187
 65.6123 0.006168
 66.0187 0.006222
 66.4507 0.006354
 66.9116 0.006541
 67.3970 0.006900
 67.9208 0.007233
 68.4868 0.007512
 69.0997 0.007752
 69.7698 0.008098
 70.5260 0.008587
 71.3815 0.009050
 72.3737 0.009942
 73.5556 0.010343
 75.0439 0.011956
 77.0679 0.014291
 77.5782 0.014981
 78.1391 0.015785
 78.7752 0.016615
 79.5122 0.017327
 80.3611 0.018768
 81.3936 0.021128
 82.6803 0.024399
 84.4398 0.029181
 87.3340 0.039323
 90.2002 0.051571
 93.8714 0.082748
 96.6246 0.117432
tr1s-03-5 2 1
 24.9813 0.042504
 26.0175 0.032374
 27.4678 0.022520
 28.7086 0.016756
 30.0531 0.013971
 30.8933 0.011999
 31.5377 0.010876
 32.0432 0.010040
 32.4777 0.009237
 32.8580 0.008712
 33.1965 0.008261
 33.4931 0.007940
 33.7683 0.007692
 34.8757 0.007435
 35.7313 0.006889
 36.4229 0.006566
 37.0193 0.005824
 37.5464 0.005610
 38.0152 0.005374
 38.4409 0.005170
 38.8343 0.004986
 39.2034 0.004853
 39.5476 0.004779
 39.8726 0.004855
 40.1791 0.004776
 40.4735 0.004691
 40.7489 0.004592
 41.0156 0.004529
 41.2724 0.004457
 41.5195 0.004439
 41.7602 0.004353
 41.9924 0.004372
 42.2186 0.004255
 42.4369 0.004192
 42.6492 0.004120
 42.8560 0.004112
 43.0588 0.004130
 43.2566 0.004059
 43.4501 0.004022
 43.6386 0.003989
 43.8238 0.003948
 44.0055 0.003984
 44.1835 0.003964
 44.3595 0.003900
 44.5330 0.003901
 44.7037 0.003902
 44.8719 0.003869
 45.0370 0.003893
 45.1995 0.003884
 45.3593 0.003868
 45.5170 0.003813
 45.6731 0.003808
 45.8268 0.003783
 45.9795 0.003738
 46.1299 0.003692
 46.2783 0.003717
 46.4273 0.003723
 46.5733 0.003692
 46.7183 0.003670
 46.8626 0.003677
 47.0050 0.003693
 47.1468 0.003673
 47.2862 0.003689
 47.4248 0.003714
 47.5617 0.003687
 47.6989 0.003713
 47.8346 0.003701
 47.9691 0.003686
 48.1033 0.003675
 48.2372 0.003688
 48.3693 0.003669
 48.5015 0.003639
 48.6323 0.003599
 48.7631 0.003587
 48.8937 0.003606
 49.0229 0.003650
 49.1515 0.003662
 49.2795 0.003705
 49.4067 0.003686
 49.5342 0.003750
 49.6600 0.003754
 49.7868 0.003774
 49.9122 0.003776
 50.0373 0.003824
 50.1629 0.003782
 50.2877 0.003757
 50.4116 0.003767
 50.5357 0.003791
 50.6592 0.003791
 50.7838 0.003772
 50.9065 0.003813
 51.0298 0.003792
 51.1521 0.003834
 51.2751 0.003842
 51.3970 0.003838
 51.5195 0.003814
 51.6421 0.003820
 51.7648 0.003798
 51.8887 0.003787
 52.0118 0.003800
 52.1347 0.003812
 52.2573 0.003805
 52.3796 0.003835
 52.5024 0.003874
 52.6261 0.003851
 52.7487 0.003841
 52.8704 0.003878
 52.9933 0.003859
 53.1171 0.003879
 53.2405 0.003878
 53.3639 0.003905
 53.4877 0.003910
 53.6114 0.003894
 53.7357 0.003874
 53.8602 0.003852
 53.9847 0.003829
 54.1096 0.003777
 54.2340 0.003788
 54.3596 0.003803
 54.4848 0.003789
 54.6106 0.003804
 54.7374 0.003810
 54.8643 0.003819
 54.9918 0.003815
 55.1197 0.003814
 55.2483 0.003874
 55.3778 0.003891
 55.5079 0.003917
 55.6380 0.003874
 55.7689 0.003869
 55.9006 0.003852
 56.0325 0.003831
 56.1649 0.003880
 56.2981 0.003884
 56.4326 0.003921
 56.5668 0.003927
 56.7023 0.003917
 56.8380 0.003869
 56.9755 0.003864
 57.1132 0.003901
 57.2542 0.003905
 57.3963 0.003959
 57.5377 0.003920
 57.6811 0.003934
 57.8256 0.003886
 57.9709 0.003938
 58.1160 0.003941
 58.2630 0.004017
 58.4114 0.004003
 58.5612 0.003945
 58.7120 0.003937
 58.8641 0.003964
 59.0175 0.003988
 59.1729 0.003980
 59.3296 0.003996
 59.4884 0.003990
 59.6481 0.004110
 59.8092 0.004147
 59.9720 0.004199
 60.1385 0.004231
 60.3065 0.004205
 60.4773 0.004285
 60.6491 0.004336
 60.8226 0.004391
 60.9998 0.004444
 61.1795 0.004481
 61.3626 0.004561
 61.5478 0.004616
 61.7345 0.004598
 61.9244 0.004709
 62.1186 0.004691
 62.3152 0.004800
 62.5163 0.004840
 62.7215 0.004815
 62.9319 0.004836
 63.1456 0.004818
 63.3637 0.004886
 63.5847 0.004918
 63.8131 0.005043
 64.0461 0.005024
 64.2854 0.005043
 64.5296 0.005121
 64.7782 0.005172
 65.0347 0.005278
 65.2999 0.005236
 65.5718 0.005298
 65.8536 0.005424
 66.1431 0.005506
 66.4451 0.005618
 66.7556 0.005672
 67.0797 0.005737
 67.4174 0.005829
 67.7675 0.006081
 68.1374 0.006190
 68.5272 0.006299
 68.9301 0.006468
 69.3552 0.006467
 69.8095 0.006512
 70.2963 0.006767
 70.8140 0.007025
 71.3794 0.007356
 71.9837 0.007685
 72.6598 0.008049
 73.4150 0.008786
 74.2620 0.009278
 75.2519 0.009682
 76.4371 0.010875
 77.9093 0.012061
 79.9148 0.014201
 80.4340 0.015056
 81.0069 0.015861
 81.6495 0.016637
 82.3734 0.018026
 83.2144 0.019388
 84.2492 0.021461
 85.5368 0.024512
 87.2943 0.028895
 90.2536 0.038101
 93.0783 0.054291
 96.6609 0.086058
 99.5077 0.117231
 tr2-03-5 2 1
 25.9573 0.043347
 27.0754 0.035244
 28.7371 0.024256
 30.0687 0.019764
 31.5643 0.015069
 32.4968 0.013042
 33.1923 0.012449
 33.7499 0.011249
 34.2236 0.010569
 34.6408 0.009950
 35.0052 0.009830
 35.3368 0.009508
 35.6374 0.009120
 36.8526 0.008079
 37.7785 0.007502
 38.5300 0.006952
 39.1748 0.006807
 39.7439 0.006369
 40.2525 0.006049
 40.7164 0.005833
 41.1436 0.005598
 41.5392 0.005353
 41.9124 0.005223
 42.2642 0.005139
 42.5944 0.005078
 42.9091 0.005018
 43.2105 0.004963
 43.4966 0.004897
 43.7755 0.004825
 44.0421 0.004798
 44.2997 0.004707
 44.5495 0.004734
 44.7920 0.004614
 45.0258 0.004573
 45.2545 0.004486
 45.4769 0.004468
 45.6937 0.004415
 45.9051 0.004397
 46.1134 0.004356
 46.3151 0.004329
 46.5148 0.004312
 46.7090 0.004288
 46.9014 0.004252
 47.0909 0.004212
 47.2759 0.004158
 47.4573 0.004121
 47.6362 0.004111
 47.8135 0.004152
 47.9881 0.004198
 48.1590 0.004162
 48.3271 0.004137
 48.4943 0.004134
 48.6599 0.004189
 48.8230 0.004168
 48.9848 0.004158
 49.1451 0.004090
 49.3030 0.004073
 49.4588 0.004020
 49.6136 0.004021
 49.7658 0.003954
 49.9188 0.003925
 50.0694 0.003957
 50.2190 0.003962
 50.3680 0.003958
 50.5145 0.003953
 50.6598 0.003919
 50.8049 0.003869
 50.9491 0.003814
 51.0920 0.003793
 51.2343 0.003787
 51.3753 0.003763
 51.5158 0.003762
 51.6555 0.003698
 51.7945 0.003695
 51.9326 0.003726
 52.0693 0.003737
 52.2061 0.003734
 52.3432 0.003754
 52.4789 0.003777
 52.6146 0.003735
 52.7491 0.003744
 52.8828 0.003753
 53.0167 0.003736
 53.1505 0.003759
 53.2838 0.003760
 53.4175 0.003742
 53.5501 0.003739
 53.6827 0.003723
 53.8152 0.003710
 53.9462 0.003716
 54.0771 0.003759
 54.2082 0.003759
 54.3391 0.003768
 54.4696 0.003784
 54.6000 0.003762
 54.7311 0.003747
 54.8622 0.003737
 54.9929 0.003714
 55.1229 0.003717
 55.2535 0.003681
 55.3841 0.003694
 55.5149 0.003633
 55.6450 0.003636
 55.7758 0.003655
 55.9065 0.003688
 56.0362 0.003691
 56.1669 0.003699
 56.2970 0.003691
 56.4274 0.003737
 56.5584 0.003796
 56.6892 0.003774
 56.8204 0.003780
 56.9519 0.003792
 57.0829 0.003797
 57.2155 0.003808
 57.3475 0.003808
 57.4809 0.003859
 57.6132 0.003878
 57.7469 0.003880
 57.8809 0.003871
 58.0143 0.003912
 58.1490 0.003972
 58.2836 0.003976
 58.4185 0.004027
 58.5543 0.004012
 58.6909 0.004003
 58.8287 0.003960
 58.9663 0.003951
 59.1038 0.003950
 59.2433 0.003894
 59.3822 0.003862
 59.5217 0.003919
 59.6633 0.003903
 59.8039 0.003956
 59.9461 0.003938
 60.0886 0.003958
 60.2318 0.003988
 60.3774 0.004007
 60.5228 0.003989
 60.6701 0.004025
 60.8176 0.003993
 60.9666 0.004071
 61.1159 0.004120
 61.2670 0.004164
 61.4185 0.004249
 61.5713 0.004278
 61.7255 0.004241
 61.8820 0.004301
 62.0386 0.004320
 62.1957 0.004405
 62.3555 0.004461
 62.5173 0.004447
 62.6801 0.004481
 62.8446 0.004503
 63.0113 0.004518
 63.1796 0.004581
 63.3489 0.004550
 63.5198 0.004586
 63.6930 0.004650
 63.8684 0.004705
 64.0456 0.004740
 64.2245 0.004749
 64.4058 0.004780
 64.5892 0.004765
 64.7769 0.004747
 64.9658 0.004757
 65.1590 0.004745
 65.3540 0.004805
 65.5530 0.004818
 65.7549 0.004837
 65.9604 0.004785
 66.1694 0.004821
 66.3820 0.004857
 66.5977 0.004861
 66.8175 0.004924
 67.0423 0.004908
 67.2699 0.004895
 67.5049 0.004961
 67.7443 0.005042
 67.9877 0.005102
 68.2380 0.005154
 68.4937 0.005211
 68.7577 0.005163
 69.0265 0.005282
 69.3049 0.005369
 69.5914 0.005482
 69.8874 0.005530
 70.1945 0.005649
 70.5077 0.005709
 70.8336 0.005826
 71.1722 0.005857
 71.5244 0.005964
 71.8935 0.006148
 72.2803 0.006289
 72.6832 0.006334
 73.1081 0.006421
 73.5568 0.006597
 74.0297 0.006740
 74.5369 0.006887
 75.0805 0.006831
 75.6655 0.007054
 76.3116 0.007335
 77.0106 0.007819
 77.7946 0.008464
 78.6888 0.009279
 79.7217 0.010129
 80.9574 0.011145
 82.5047 0.012836
 84.6257 0.015832
 85.1629 0.016218
 85.7382 0.017173
 86.3951 0.018356
 87.1496 0.019157
 88.0335 0.020967
 89.1019 0.022322
 90.4316 0.025045
 92.2725 0.029801
 95.3797 0.040707
 98.4202 0.058343
102.2749 0.084664
105.1093 0.120369
tr2s-03-5 2 1
 29.5118 0.041723
 30.5930 0.032700
 32.1859 0.025007
 33.5162 0.018863
 34.9639 0.015597
 35.8692 0.013691
 36.5507 0.012057
 37.0991 0.011140
 37.5696 0.010493
 37.9715 0.010029
 38.3248 0.009159
 38.6453 0.008746
 38.9405 0.008691
 40.1351 0.007687
 41.0412 0.006960
 41.7803 0.006236
 42.4166 0.005922
 42.9756 0.005694
 43.4742 0.005417
 43.9299 0.005300
 44.3467 0.005232
 44.7372 0.005192
 45.1012 0.005024
 45.4437 0.004991
 45.7679 0.004923
 46.0776 0.004893
 46.3726 0.004801
 46.6560 0.004797
 46.9294 0.004765
 47.1905 0.004585
 47.4436 0.004513
 47.6895 0.004404
 47.9282 0.004403
 48.1601 0.004330
 48.3872 0.004256
 48.6056 0.004216
 48.8205 0.004156
 49.0302 0.004144
 49.2354 0.004181
 49.4365 0.004147
 49.6312 0.004074
 49.8242 0.004077
 50.0131 0.004069
 50.1970 0.004065
 50.3785 0.004065
 50.5580 0.004040
 50.7340 0.004052
 50.9080 0.004056
 51.0799 0.004049
 51.2490 0.004026
 51.4156 0.003963
 51.5789 0.003969
 51.7405 0.003947
 51.9024 0.003895
 52.0616 0.003867
 52.2196 0.003837
 52.3751 0.003848
 52.5287 0.003863
 52.6815 0.003878
 52.8312 0.003926
 52.9812 0.003925
 53.1293 0.003910
 53.2770 0.003864
 53.4229 0.003858
 53.5680 0.003885
 53.7121 0.003901
 53.8547 0.003922
 53.9975 0.003894
 54.1386 0.003933
 54.2799 0.003935
 54.4204 0.003944
 54.5594 0.003921
 54.6973 0.003907
 54.8347 0.003920
 54.9715 0.003912
 55.1072 0.003912
 55.2423 0.003893
 55.3773 0.003842
 55.5116 0.003805
 55.6451 0.003791
 55.7789 0.003745
 55.9117 0.003731
 56.0446 0.003736
 56.1769 0.003713
 56.3082 0.003705
 56.4397 0.003711
 56.5716 0.003676
 56.7021 0.003674
 56.8332 0.003678
 56.9645 0.003672
 57.0947 0.003719
 57.2240 0.003732
 57.3526 0.003667
 57.4818 0.003680
 57.6105 0.003695
 57.7387 0.003712
 57.8680 0.003711
 57.9970 0.003710
 58.1259 0.003716
 58.2545 0.003671
 58.3843 0.003790
 58.5121 0.003823
 58.6412 0.003810
 58.7698 0.003808
 58.8982 0.003800
 59.0274 0.003807
 59.1571 0.003813
 59.2864 0.003784
 59.4177 0.003759
 59.5469 0.003737
 59.6762 0.003694
 59.8062 0.003691
 59.9358 0.003646
 60.0665 0.003691
 60.1975 0.003743
 60.3283 0.003751
 60.4588 0.003750
 60.5904 0.003803
 60.7226 0.003803
 60.8558 0.003812
 60.9878 0.003848
 61.1201 0.003807
 61.2536 0.003791
 61.3886 0.003793
 61.5226 0.003835
 61.6581 0.003859
 61.7938 0.003881
 61.9299 0.003914
 62.0668 0.003934
 62.2043 0.003956
 62.3419 0.004010
 62.4797 0.004024
 62.6204 0.004022
 62.7603 0.004009
 62.9011 0.004038
 63.0444 0.004080
 63.1872 0.004110
 63.3299 0.004121
 63.4754 0.004118
 63.6202 0.004141
 63.7674 0.004215
 63.9145 0.004243
 64.0633 0.004272
 64.2128 0.004292
 64.3623 0.004274
 64.5133 0.004337
 64.6671 0.004416
 64.8216 0.004413
 64.9765 0.004428
 65.1329 0.004471
 65.2898 0.004491
 65.4489 0.004473
 65.6100 0.004458
 65.7728 0.004443
 65.9375 0.004396
 66.1041 0.004436
 66.2720 0.004450
 66.4430 0.004464
 66.6155 0.004483
 66.7889 0.004496
 66.9646 0.004491
 67.1438 0.004567
 67.3245 0.004563
 67.5075 0.004578
 67.6943 0.004626
 67.8815 0.004696
 68.0724 0.004713
 68.2682 0.004717
 68.4646 0.004728
 68.6658 0.004745
 68.8688 0.004705
 69.0746 0.004853
 69.2845 0.004854
 69.4999 0.004867
 69.7173 0.004889
 69.9400 0.004921
 70.1662 0.004973
 70.3972 0.005086
 70.6364 0.005077
 70.8793 0.005110
 71.1288 0.005261
 71.3833 0.005254
 71.6425 0.005335
 71.9124 0.005456
 72.1896 0.005461
 72.4732 0.005678
 72.7654 0.005651
 73.0682 0.005679
 73.3827 0.005778
 73.7074 0.005888
 74.0427 0.005996
 74.3942 0.006074
 74.7615 0.006143
 75.1463 0.006157
 75.5474 0.006176
 75.9717 0.006187
 76.4188 0.006440
 76.8902 0.006591
 77.3966 0.006869
 77.9336 0.007163
 78.5197 0.007467
 79.1526 0.007845
 79.8542 0.008346
 80.6334 0.008737
 81.5257 0.009390
 82.5506 0.010180
 83.7886 0.011081
 85.3353 0.013219
 87.4289 0.015323
 87.9576 0.016325
 88.5430 0.017200
 89.2065 0.018068
 89.9590 0.019362
 90.8277 0.021164
 91.8773 0.022289
 93.2114 0.025791
 95.0793 0.028135
 98.1558 0.039510
101.1916 0.055815
105.0670 0.086225
107.8814 0.118336
