Copyright (C) 1998 James G. MacKinnon, Alfred A. Haug, and Leo Michelis.
 lm0-05-4 2 1
 15.6911 0.022942
 16.2397 0.017407
 17.0242 0.012841
 17.6988 0.010059
 18.4345 0.007931
 18.9073 0.007061
 19.2654 0.006426
 19.5483 0.005955
 19.7887 0.005516
 19.9969 0.005442
 20.1868 0.005210
 20.3548 0.005002
 20.5089 0.004866
 21.1338 0.004240
 21.6123 0.003892
 22.0078 0.003641
 22.3416 0.003497
 22.6417 0.003364
 22.9099 0.003250
 23.1529 0.003209
 23.3783 0.003047
 23.5895 0.002997
 23.7857 0.002919
 23.9716 0.002856
 24.1467 0.002897
 24.3157 0.002767
 24.4770 0.002746
 24.6322 0.002651
 24.7808 0.002630
 24.9243 0.002599
 25.0632 0.002547
 25.1972 0.002524
 25.3287 0.002533
 25.4561 0.002477
 25.5805 0.002461
 25.7007 0.002427
 25.8197 0.002377
 25.9353 0.002368
 26.0488 0.002294
 26.1591 0.002316
 26.2683 0.002325
 26.3745 0.002320
 26.4795 0.002328
 26.5823 0.002316
 26.6839 0.002301
 26.7842 0.002302
 26.8835 0.002339
 26.9812 0.002381
 27.0774 0.002361
 27.1727 0.002355
 27.2660 0.002354
 27.3590 0.002339
 27.4502 0.002331
 27.5405 0.002288
 27.6300 0.002243
 27.7191 0.002231
 27.8073 0.002241
 27.8948 0.002281
 27.9815 0.002253
 28.0676 0.002267
 28.1527 0.002267
 28.2372 0.002269
 28.3213 0.002275
 28.4049 0.002270
 28.4877 0.002259
 28.5703 0.002242
 28.6519 0.002257
 28.7332 0.002275
 28.8141 0.002289
 28.8950 0.002279
 28.9747 0.002281
 29.0546 0.002297
 29.1339 0.002298
 29.2127 0.002288
 29.2914 0.002291
 29.3704 0.002295
 29.4478 0.002290
 29.5258 0.002305
 29.6033 0.002302
 29.6805 0.002303
 29.7582 0.002302
 29.8361 0.002306
 29.9125 0.002344
 29.9894 0.002378
 30.0661 0.002350
 30.1421 0.002363
 30.2187 0.002379
 30.2948 0.002394
 30.3714 0.002401
 30.4472 0.002369
 30.5227 0.002372
 30.5984 0.002379
 30.6741 0.002408
 30.7504 0.002413
 30.8259 0.002419
 30.9017 0.002415
 30.9772 0.002436
 31.0533 0.002437
 31.1296 0.002422
 31.2062 0.002425
 31.2822 0.002427
 31.3580 0.002453
 31.4342 0.002424
 31.5100 0.002386
 31.5863 0.002389
 31.6629 0.002414
 31.7391 0.002433
 31.8163 0.002446
 31.8931 0.002451
 31.9702 0.002471
 32.0473 0.002452
 32.1248 0.002444
 32.2026 0.002423
 32.2801 0.002412
 32.3581 0.002441
 32.4366 0.002438
 32.5149 0.002477
 32.5930 0.002449
 32.6718 0.002462
 32.7512 0.002464
 32.8312 0.002476
 32.9114 0.002480
 32.9911 0.002475
 33.0718 0.002497
 33.1528 0.002504
 33.2344 0.002516
 33.3161 0.002555
 33.3987 0.002575
 33.4815 0.002573
 33.5644 0.002587
 33.6484 0.002605
 33.7326 0.002631
 33.8170 0.002625
 33.9015 0.002610
 33.9867 0.002628
 34.0727 0.002643
 34.1594 0.002659
 34.2464 0.002691
 34.3342 0.002700
 34.4231 0.002734
 34.5119 0.002760
 34.6018 0.002755
 34.6928 0.002766
 34.7839 0.002780
 34.8754 0.002780
 34.9689 0.002754
 35.0625 0.002791
 35.1566 0.002817
 35.2526 0.002820
 35.3492 0.002828
 35.4465 0.002872
 35.5455 0.002853
 35.6459 0.002922
 35.7471 0.002931
 35.8489 0.002958
 35.9516 0.002982
 36.0565 0.002988
 36.1615 0.002997
 36.2683 0.003022
 36.3768 0.003044
 36.4862 0.003075
 36.5974 0.003074
 36.7099 0.003028
 36.8246 0.003061
 36.9410 0.003091
 37.0585 0.003086
 37.1784 0.003119
 37.3003 0.003156
 37.4233 0.003179
 37.5497 0.003204
 37.6776 0.003214
 37.8092 0.003223
 37.9418 0.003241
 38.0778 0.003263
 38.2163 0.003305
 38.3579 0.003282
 38.5025 0.003320
 38.6511 0.003367
 38.8027 0.003418
 38.9601 0.003473
 39.1184 0.003564
 39.2810 0.003598
 39.4488 0.003656
 39.6215 0.003704
 39.7987 0.003766
 39.9817 0.003930
 40.1697 0.003951
 40.3672 0.003950
 40.5715 0.004081
 40.7818 0.004182
 41.0023 0.004248
 41.2304 0.004284
 41.4701 0.004417
 41.7200 0.004534
 41.9817 0.004701
 42.2590 0.004740
 42.5546 0.004896
 42.8694 0.005027
 43.2037 0.005259
 43.5652 0.005401
 43.9554 0.005604
 44.3829 0.005795
 44.8527 0.006106
 45.3805 0.006331
 45.9789 0.006859
 46.6692 0.007063
 47.5093 0.008067
 48.5732 0.009003
 50.0480 0.010293
 50.4218 0.010798
 50.8271 0.011407
 51.2871 0.012305
 51.8220 0.013088
 52.4402 0.014430
 53.1864 0.016176
 54.1354 0.018390
 55.4492 0.021745
 57.6917 0.029453
 59.8684 0.041545
 62.6907 0.065151
 64.7139 0.086292
 lm1-05-4 2 1
 17.7372 0.024660
 18.3077 0.018525
 19.1782 0.012739
 19.8628 0.009999
 20.6502 0.007941
 21.1461 0.007128
 21.5137 0.006503
 21.8171 0.005919
 22.0707 0.005644
 22.2939 0.005283
 22.4894 0.004874
 22.6686 0.004723
 22.8276 0.004584
 23.4840 0.003996
 23.9847 0.003656
 24.3986 0.003462
 24.7526 0.003345
 25.0639 0.003238
 25.3421 0.003142
 25.5967 0.003058
 25.8321 0.002961
 26.0516 0.002876
 26.2570 0.002844
 26.4497 0.002820
 26.6342 0.002764
 26.8111 0.002689
 26.9791 0.002650
 27.1405 0.002634
 27.2954 0.002660
 27.4468 0.002633
 27.5906 0.002609
 27.7302 0.002591
 27.8668 0.002568
 27.9986 0.002578
 28.1293 0.002540
 28.2545 0.002489
 28.3784 0.002471
 28.4989 0.002480
 28.6166 0.002491
 28.7324 0.002483
 28.8457 0.002451
 28.9573 0.002465
 29.0672 0.002417
 29.1745 0.002392
 29.2801 0.002379
 29.3841 0.002363
 29.4862 0.002333
 29.5877 0.002304
 29.6873 0.002327
 29.7862 0.002309
 29.8843 0.002329
 29.9809 0.002301
 30.0761 0.002286
 30.1709 0.002277
 30.2646 0.002265
 30.3563 0.002263
 30.4483 0.002285
 30.5390 0.002272
 30.6293 0.002285
 30.7189 0.002292
 30.8080 0.002326
 30.8962 0.002291
 30.9836 0.002294
 31.0700 0.002304
 31.1556 0.002328
 31.2411 0.002326
 31.3261 0.002338
 31.4108 0.002347
 31.4949 0.002356
 31.5785 0.002376
 31.6614 0.002370
 31.7439 0.002359
 31.8269 0.002395
 31.9087 0.002370
 31.9906 0.002379
 32.0725 0.002402
 32.1538 0.002411
 32.2346 0.002405
 32.3150 0.002387
 32.3955 0.002397
 32.4757 0.002383
 32.5559 0.002390
 32.6356 0.002419
 32.7150 0.002443
 32.7940 0.002420
 32.8729 0.002404
 32.9520 0.002386
 33.0310 0.002363
 33.1103 0.002375
 33.1887 0.002392
 33.2673 0.002415
 33.3463 0.002427
 33.4250 0.002434
 33.5035 0.002436
 33.5820 0.002438
 33.6598 0.002478
 33.7384 0.002474
 33.8165 0.002479
 33.8950 0.002466
 33.9737 0.002456
 34.0526 0.002450
 34.1309 0.002459
 34.2090 0.002476
 34.2879 0.002492
 34.3674 0.002485
 34.4463 0.002476
 34.5253 0.002485
 34.6047 0.002505
 34.6844 0.002534
 34.7645 0.002540
 34.8444 0.002517
 34.9250 0.002534
 35.0054 0.002537
 35.0854 0.002509
 35.1661 0.002522
 35.2471 0.002527
 35.3279 0.002513
 35.4101 0.002489
 35.4922 0.002510
 35.5744 0.002525
 35.6571 0.002545
 35.7400 0.002550
 35.8226 0.002554
 35.9058 0.002597
 35.9893 0.002591
 36.0737 0.002610
 36.1583 0.002618
 36.2435 0.002620
 36.3290 0.002596
 36.4150 0.002596
 36.5010 0.002610
 36.5879 0.002605
 36.6756 0.002612
 36.7628 0.002599
 36.8508 0.002599
 36.9398 0.002586
 37.0287 0.002585
 37.1196 0.002598
 37.2099 0.002599
 37.3014 0.002603
 37.3934 0.002606
 37.4871 0.002620
 37.5816 0.002617
 37.6760 0.002638
 37.7708 0.002672
 37.8672 0.002706
 37.9639 0.002739
 38.0618 0.002763
 38.1611 0.002723
 38.2607 0.002725
 38.3618 0.002753
 38.4643 0.002781
 38.5674 0.002821
 38.6722 0.002840
 38.7775 0.002867
 38.8840 0.002901
 38.9917 0.002936
 39.1009 0.002940
 39.2113 0.002980
 39.3228 0.003013
 39.4360 0.003030
 39.5513 0.003029
 39.6676 0.003030
 39.7852 0.003049
 39.9039 0.003144
 40.0257 0.003139
 40.1494 0.003205
 40.2750 0.003252
 40.4024 0.003275
 40.5315 0.003326
 40.6639 0.003376
 40.7993 0.003461
 40.9374 0.003527
 41.0775 0.003547
 41.2219 0.003589
 41.3673 0.003641
 41.5171 0.003648
 41.6697 0.003727
 41.8253 0.003790
 41.9853 0.003813
 42.1501 0.003840
 42.3180 0.003878
 42.4898 0.003935
 42.6672 0.003985
 42.8517 0.004035
 43.0416 0.004060
 43.2374 0.004165
 43.4391 0.004254
 43.6455 0.004257
 43.8640 0.004298
 44.0913 0.004365
 44.3255 0.004463
 44.5721 0.004557
 44.8306 0.004624
 45.1016 0.004704
 45.3873 0.004809
 45.6925 0.004880
 46.0153 0.004976
 46.3613 0.004979
 46.7286 0.005001
 47.1286 0.005158
 47.5666 0.005307
 48.0483 0.005532
 48.5884 0.006102
 49.2051 0.006490
 49.9195 0.007011
 50.7858 0.008103
 51.8780 0.008988
 53.3731 0.010427
 53.7552 0.011217
 54.1790 0.012247
 54.6599 0.012664
 55.2079 0.013282
 55.8434 0.014565
 56.6283 0.016334
 57.6270 0.018499
 59.0045 0.023069
 61.2692 0.032870
 63.5092 0.043722
 66.3010 0.065501
 68.3423 0.089459
lm1s-05-4 2 1
 18.4670 0.024273
 19.0717 0.019034
 19.9123 0.013440
 20.6332 0.010497
 21.4030 0.008278
 21.9016 0.007175
 22.2754 0.006364
 22.5793 0.005741
 22.8302 0.005193
 23.0541 0.004882
 23.2502 0.004765
 23.4308 0.004873
 23.5947 0.004721
 24.2514 0.004243
 24.7529 0.003712
 25.1666 0.003584
 25.5184 0.003298
 25.8299 0.003201
 26.1119 0.003044
 26.3669 0.003008
 26.6023 0.002987
 26.8218 0.002867
 27.0263 0.002815
 27.2207 0.002741
 27.4051 0.002798
 27.5807 0.002774
 27.7480 0.002712
 27.9092 0.002686
 28.0649 0.002691
 28.2154 0.002675
 28.3607 0.002648
 28.5002 0.002632
 28.6364 0.002573
 28.7698 0.002596
 28.8995 0.002557
 29.0260 0.002513
 29.1485 0.002527
 29.2692 0.002466
 29.3881 0.002446
 29.5038 0.002412
 29.6170 0.002405
 29.7279 0.002390
 29.8379 0.002395
 29.9448 0.002420
 30.0505 0.002388
 30.1553 0.002381
 30.2589 0.002351
 30.3610 0.002346
 30.4614 0.002327
 30.5606 0.002337
 30.6579 0.002311
 30.7540 0.002308
 30.8494 0.002295
 30.9445 0.002298
 31.0384 0.002320
 31.1308 0.002305
 31.2228 0.002309
 31.3139 0.002308
 31.4049 0.002321
 31.4944 0.002319
 31.5830 0.002297
 31.6709 0.002303
 31.7582 0.002302
 31.8449 0.002311
 31.9308 0.002324
 32.0168 0.002338
 32.1021 0.002309
 32.1866 0.002317
 32.2709 0.002313
 32.3551 0.002330
 32.4381 0.002330
 32.5211 0.002294
 32.6037 0.002312
 32.6856 0.002326
 32.7676 0.002342
 32.8486 0.002338
 32.9301 0.002343
 33.0106 0.002343
 33.0915 0.002318
 33.1716 0.002351
 33.2515 0.002356
 33.3314 0.002394
 33.4113 0.002403
 33.4914 0.002415
 33.5705 0.002399
 33.6501 0.002419
 33.7287 0.002404
 33.8073 0.002396
 33.8858 0.002382
 33.9650 0.002413
 34.0433 0.002403
 34.1222 0.002420
 34.2007 0.002410
 34.2786 0.002439
 34.3571 0.002450
 34.4353 0.002446
 34.5140 0.002432
 34.5936 0.002441
 34.6725 0.002472
 34.7511 0.002466
 34.8295 0.002458
 34.9084 0.002478
 34.9871 0.002469
 35.0662 0.002466
 35.1449 0.002475
 35.2235 0.002525
 35.3027 0.002521
 35.3819 0.002488
 35.4616 0.002513
 35.5414 0.002554
 35.6214 0.002560
 35.7017 0.002571
 35.7820 0.002575
 35.8623 0.002556
 35.9430 0.002533
 36.0240 0.002521
 36.1059 0.002540
 36.1870 0.002571
 36.2685 0.002591
 36.3509 0.002592
 36.4341 0.002603
 36.5163 0.002611
 36.5989 0.002621
 36.6826 0.002595
 36.7660 0.002579
 36.8496 0.002568
 36.9346 0.002568
 37.0197 0.002557
 37.1048 0.002546
 37.1905 0.002516
 37.2764 0.002549
 37.3633 0.002546
 37.4509 0.002558
 37.5389 0.002574
 37.6276 0.002579
 37.7169 0.002599
 37.8069 0.002619
 37.8973 0.002628
 37.9874 0.002646
 38.0793 0.002627
 38.1718 0.002643
 38.2645 0.002598
 38.3575 0.002606
 38.4524 0.002617
 38.5474 0.002645
 38.6437 0.002678
 38.7417 0.002694
 38.8397 0.002688
 38.9387 0.002701
 39.0390 0.002697
 39.1412 0.002749
 39.2427 0.002827
 39.3460 0.002805
 39.4509 0.002806
 39.5558 0.002847
 39.6620 0.002860
 39.7702 0.002889
 39.8788 0.002914
 39.9889 0.002961
 40.1008 0.002970
 40.2132 0.002999
 40.3289 0.003049
 40.4451 0.003090
 40.5636 0.003132
 40.6836 0.003155
 40.8056 0.003193
 40.9279 0.003243
 41.0541 0.003315
 41.1815 0.003318
 41.3125 0.003382
 41.4449 0.003434
 41.5798 0.003460
 41.7172 0.003460
 41.8577 0.003497
 42.0006 0.003518
 42.1467 0.003558
 42.2955 0.003632
 42.4482 0.003669
 42.6043 0.003759
 42.7635 0.003787
 42.9269 0.003791
 43.0952 0.003846
 43.2683 0.003851
 43.4461 0.003955
 43.6287 0.003991
 43.8184 0.004026
 44.0133 0.004079
 44.2154 0.004164
 44.4228 0.004246
 44.6391 0.004346
 44.8653 0.004385
 45.1003 0.004484
 45.3476 0.004550
 45.6064 0.004575
 45.8800 0.004677
 46.1660 0.004755
 46.4700 0.004724
 46.7898 0.004768
 47.1343 0.004684
 47.5041 0.004894
 47.9047 0.005099
 48.3431 0.005311
 48.8249 0.005607
 49.3639 0.006097
 49.9810 0.006587
 50.6993 0.007163
 51.5605 0.007916
 52.6500 0.008948
 54.1425 0.010721
 54.5288 0.011405
 54.9565 0.011703
 55.4284 0.012133
 55.9757 0.012764
 56.6171 0.014353
 57.4028 0.016149
 58.3984 0.018806
 59.7643 0.022925
 62.0347 0.033035
 64.2646 0.044748
 67.1001 0.068618
 69.0978 0.090827
 lm2-05-4 3 1
 19.8371 0.043097
 20.4741 0.034121
 21.3720 0.024780
 22.1203 0.018874
 22.9211 0.014247
 23.4348 0.012134
 23.8268 0.011246
 24.1331 0.010154
 24.3935 0.009710
 24.6275 0.009211
 24.8318 0.008816
 25.0149 0.008523
 25.1820 0.008232
 25.8607 0.007282
 26.3858 0.006760
 26.8177 0.006401
 27.1871 0.006034
 27.5123 0.005816
 27.8046 0.005653
 28.0672 0.005562
 28.3136 0.005420
 28.5407 0.005217
 28.7584 0.005122
 28.9614 0.005095
 29.1498 0.004955
 29.3320 0.004895
 29.5071 0.004813
 29.6720 0.004693
 29.8308 0.004552
 29.9886 0.004556
 30.1382 0.004475
 30.2844 0.004454
 30.4265 0.004455
 30.5642 0.004376
 30.6988 0.004291
 30.8305 0.004275
 30.9588 0.004211
 31.0850 0.004255
 31.2062 0.004221
 31.3268 0.004234
 31.4456 0.004236
 31.5618 0.004212
 31.6758 0.004233
 31.7880 0.004275
 31.8982 0.004220
 32.0058 0.004215
 32.1132 0.004265
 32.2175 0.004233
 32.3211 0.004226
 32.4238 0.004200
 32.5248 0.004151
 32.6234 0.004178
 32.7227 0.004136
 32.8213 0.004076
 32.9186 0.004090
 33.0141 0.004111
 33.1088 0.004158
 33.2030 0.004174
 33.2956 0.004141
 33.3875 0.004152
 33.4791 0.004110
 33.5699 0.004125
 33.6604 0.004165
 33.7499 0.004170
 33.8390 0.004128
 33.9273 0.004059
 34.0152 0.004090
 34.1028 0.004152
 34.1892 0.004111
 34.2752 0.004113
 34.3620 0.004103
 34.4483 0.004171
 34.5342 0.004146
 34.6203 0.004112
 34.7048 0.004141
 34.7891 0.004192
 34.8733 0.004155
 34.9567 0.004179
 35.0405 0.004188
 35.1232 0.004199
 35.2059 0.004201
 35.2877 0.004245
 35.3708 0.004222
 35.4529 0.004216
 35.5353 0.004207
 35.6179 0.004227
 35.7007 0.004214
 35.7822 0.004195
 35.8641 0.004199
 35.9464 0.004200
 36.0275 0.004213
 36.1095 0.004295
 36.1927 0.004313
 36.2732 0.004268
 36.3547 0.004223
 36.4356 0.004230
 36.5166 0.004231
 36.5985 0.004253
 36.6794 0.004273
 36.7595 0.004306
 36.8415 0.004312
 36.9220 0.004342
 37.0041 0.004309
 37.0854 0.004377
 37.1672 0.004377
 37.2494 0.004384
 37.3313 0.004455
 37.4134 0.004474
 37.4940 0.004453
 37.5764 0.004453
 37.6595 0.004481
 37.7417 0.004531
 37.8239 0.004512
 37.9061 0.004536
 37.9904 0.004556
 38.0739 0.004515
 38.1574 0.004516
 38.2413 0.004557
 38.3254 0.004556
 38.4103 0.004573
 38.4964 0.004610
 38.5811 0.004647
 38.6672 0.004599
 38.7538 0.004601
 38.8411 0.004630
 38.9276 0.004583
 39.0148 0.004628
 39.1030 0.004667
 39.1903 0.004627
 39.2795 0.004638
 39.3683 0.004637
 39.4592 0.004619
 39.5495 0.004590
 39.6399 0.004633
 39.7310 0.004657
 39.8230 0.004689
 39.9158 0.004677
 40.0085 0.004792
 40.1024 0.004833
 40.1962 0.004877
 40.2901 0.004890
 40.3869 0.004912
 40.4828 0.004962
 40.5804 0.004957
 40.6790 0.004951
 40.7776 0.004978
 40.8775 0.004968
 40.9777 0.005021
 41.0809 0.005039
 41.1845 0.005042
 41.2891 0.005046
 41.3944 0.005050
 41.5009 0.005096
 41.6071 0.005168
 41.7161 0.005168
 41.8252 0.005236
 41.9362 0.005295
 42.0488 0.005324
 42.1646 0.005354
 42.2797 0.005444
 42.3965 0.005513
 42.5139 0.005515
 42.6342 0.005603
 42.7548 0.005652
 42.8792 0.005698
 43.0066 0.005691
 43.1323 0.005788
 43.2617 0.005787
 43.3935 0.005809
 43.5258 0.005861
 43.6623 0.005876
 43.8002 0.005886
 43.9404 0.005927
 44.0829 0.005946
 44.2299 0.006003
 44.3803 0.006087
 44.5345 0.006114
 44.6926 0.006106
 44.8517 0.006176
 45.0177 0.006270
 45.1871 0.006277
 45.3605 0.006373
 45.5414 0.006390
 45.7243 0.006448
 45.9148 0.006638
 46.1088 0.006712
 46.3112 0.006891
 46.5184 0.006927
 46.7356 0.007002
 46.9608 0.007159
 47.1928 0.007297
 47.4363 0.007391
 47.6884 0.007563
 47.9549 0.007686
 48.2313 0.007873
 48.5288 0.008008
 48.8409 0.008255
 49.1715 0.008520
 49.5281 0.008599
 49.9103 0.008854
 50.3198 0.009399
 50.7711 0.009936
 51.2619 0.010493
 51.8179 0.011044
 52.4625 0.011809
 53.1999 0.012628
 54.0722 0.013753
 55.1918 0.015479
 56.7308 0.018875
 57.1196 0.019690
 57.5622 0.021078
 58.0592 0.022272
 58.6148 0.023904
 59.2703 0.025856
 60.0553 0.029404
 61.0851 0.032878
 62.4714 0.038815
 64.7387 0.053798
 66.9660 0.076089
 69.7152 0.118381
 71.7964 0.162980
lm2s-05-4 3 1
 20.6151 0.044085
 21.2511 0.035054
 22.1683 0.025689
 22.8919 0.019090
 23.6956 0.014242
 24.2209 0.012263
 24.5996 0.010955
 24.9093 0.010121
 25.1747 0.009276
 25.4046 0.009013
 25.6074 0.008410
 25.7913 0.008366
 25.9593 0.008162
 26.6522 0.007582
 27.1731 0.007014
 27.6062 0.006392
 27.9708 0.006014
 28.2956 0.005762
 28.5878 0.005643
 28.8508 0.005473
 29.0973 0.005206
 29.3259 0.005141
 29.5407 0.005053
 29.7415 0.004936
 29.9314 0.004738
 30.1130 0.004740
 30.2885 0.004734
 30.4567 0.004628
 30.6168 0.004484
 30.7703 0.004379
 30.9211 0.004321
 31.0696 0.004303
 31.2118 0.004171
 31.3498 0.004144
 31.4849 0.004157
 31.6160 0.004216
 31.7456 0.004287
 31.8716 0.004245
 31.9944 0.004221
 32.1146 0.004277
 32.2314 0.004331
 32.3461 0.004288
 32.4596 0.004247
 32.5716 0.004252
 32.6805 0.004261
 32.7893 0.004232
 32.8948 0.004213
 33.0008 0.004255
 33.1040 0.004311
 33.2064 0.004277
 33.3073 0.004224
 33.4076 0.004242
 33.5063 0.004195
 33.6039 0.004188
 33.7007 0.004178
 33.7966 0.004174
 33.8908 0.004176
 33.9840 0.004170
 34.0777 0.004149
 34.1710 0.004161
 34.2621 0.004150
 34.3540 0.004096
 34.4446 0.004081
 34.5345 0.004051
 34.6234 0.004042
 34.7117 0.004069
 34.7997 0.004091
 34.8867 0.004046
 34.9736 0.004116
 35.0612 0.004134
 35.1481 0.004160
 35.2337 0.004135
 35.3192 0.004161
 35.4027 0.004144
 35.4871 0.004166
 35.5716 0.004172
 35.6564 0.004158
 35.7400 0.004215
 35.8235 0.004218
 35.9071 0.004244
 35.9909 0.004223
 36.0746 0.004211
 36.1565 0.004220
 36.2393 0.004182
 36.3209 0.004189
 36.4034 0.004192
 36.4854 0.004241
 36.5673 0.004264
 36.6481 0.004303
 36.7297 0.004322
 36.8111 0.004308
 36.8922 0.004365
 36.9732 0.004379
 37.0553 0.004371
 37.1363 0.004355
 37.2164 0.004375
 37.2980 0.004418
 37.3786 0.004412
 37.4608 0.004429
 37.5418 0.004449
 37.6237 0.004477
 37.7047 0.004504
 37.7855 0.004444
 37.8670 0.004460
 37.9487 0.004449
 38.0306 0.004441
 38.1123 0.004473
 38.1946 0.004454
 38.2758 0.004479
 38.3567 0.004447
 38.4394 0.004486
 38.5227 0.004492
 38.6065 0.004505
 38.6898 0.004501
 38.7743 0.004543
 38.8579 0.004546
 38.9425 0.004490
 39.0255 0.004521
 39.1094 0.004543
 39.1943 0.004608
 39.2803 0.004659
 39.3656 0.004664
 39.4521 0.004652
 39.5381 0.004631
 39.6249 0.004645
 39.7121 0.004645
 39.7993 0.004665
 39.8869 0.004710
 39.9754 0.004718
 40.0640 0.004725
 40.1529 0.004702
 40.2429 0.004719
 40.3325 0.004734
 40.4228 0.004785
 40.5136 0.004835
 40.6053 0.004869
 40.6965 0.004884
 40.7896 0.004894
 40.8826 0.004934
 40.9779 0.004947
 41.0733 0.004895
 41.1697 0.004907
 41.2667 0.004918
 41.3636 0.004915
 41.4625 0.004908
 41.5619 0.004973
 41.6622 0.005018
 41.7635 0.005028
 41.8657 0.005077
 41.9699 0.005059
 42.0732 0.005083
 42.1796 0.005136
 42.2855 0.005201
 42.3919 0.005244
 42.5022 0.005318
 42.6105 0.005306
 42.7220 0.005319
 42.8347 0.005371
 42.9475 0.005471
 43.0626 0.005498
 43.1783 0.005533
 43.2978 0.005549
 43.4165 0.005609
 43.5377 0.005626
 43.6605 0.005695
 43.7846 0.005724
 43.9126 0.005734
 44.0422 0.005771
 44.1726 0.005788
 44.3050 0.005825
 44.4410 0.005906
 44.5793 0.005886
 44.7211 0.005930
 44.8667 0.005917
 45.0128 0.005997
 45.1634 0.006055
 45.3177 0.006065
 45.4758 0.006191
 45.6350 0.006223
 45.8017 0.006310
 45.9697 0.006496
 46.1424 0.006709
 46.3214 0.006826
 46.5039 0.006853
 46.6923 0.006925
 46.8885 0.006981
 47.0888 0.006998
 47.2968 0.007089
 47.5136 0.007182
 47.7384 0.007272
 47.9708 0.007299
 48.2144 0.007304
 48.4685 0.007528
 48.7341 0.007807
 49.0126 0.007979
 49.3088 0.008009
 49.6221 0.008277
 49.9591 0.008468
 50.3117 0.008861
 50.6904 0.009262
 51.1020 0.009593
 51.5504 0.009925
 52.0423 0.010427
 52.6013 0.010878
 53.2363 0.011578
 53.9652 0.012475
 54.8504 0.013498
 55.9635 0.015722
 57.5119 0.018626
 57.9015 0.019595
 58.3403 0.020901
 58.8371 0.021740
 59.4004 0.023669
 60.0470 0.026120
 60.8404 0.028987
 61.8354 0.032131
 63.2783 0.038437
 65.5037 0.053036
 67.7654 0.073827
 70.4678 0.118478
 72.5604 0.153969
 tr0-05-4 2 1
 46.4791 0.061358
 47.9330 0.046994
 50.0751 0.031564
 51.8096 0.024631
 53.6687 0.020055
 54.8379 0.017527
 55.7064 0.015992
 56.4046 0.014407
 56.9954 0.013440
 57.5108 0.013283
 57.9604 0.012580
 58.3730 0.012136
 58.7464 0.011383
 60.2602 0.009410
 61.4097 0.009026
 62.3441 0.008640
 63.1446 0.008216
 63.8464 0.007711
 64.4773 0.007415
 65.0473 0.007209
 65.5768 0.006873
 66.0659 0.006676
 66.5214 0.006586
 66.9514 0.006337
 67.3576 0.006325
 67.7404 0.006125
 68.1087 0.006078
 68.4598 0.005896
 68.7959 0.005847
 69.1218 0.005777
 69.4352 0.005633
 69.7397 0.005493
 70.0339 0.005480
 70.3213 0.005406
 70.5974 0.005368
 70.8670 0.005426
 71.1311 0.005464
 71.3904 0.005441
 71.6428 0.005365
 71.8906 0.005334
 72.1320 0.005321
 72.3686 0.005233
 72.5993 0.005276
 72.8259 0.005274
 73.0517 0.005270
 73.2746 0.005221
 73.4920 0.005328
 73.7080 0.005310
 73.9169 0.005297
 74.1241 0.005268
 74.3284 0.005291
 74.5309 0.005197
 74.7306 0.005175
 74.9276 0.005086
 75.1231 0.005143
 75.3166 0.005073
 75.5069 0.005080
 75.6955 0.005066
 75.8826 0.005041
 76.0676 0.005025
 76.2505 0.005023
 76.4321 0.005020
 76.6111 0.004993
 76.7890 0.004970
 76.9674 0.004985
 77.1436 0.004901
 77.3181 0.004890
 77.4918 0.004856
 77.6649 0.004797
 77.8361 0.004760
 78.0061 0.004804
 78.1758 0.004782
 78.3436 0.004779
 78.5120 0.004813
 78.6775 0.004800
 78.8438 0.004792
 79.0078 0.004789
 79.1711 0.004812
 79.3344 0.004827
 79.4963 0.004847
 79.6592 0.004865
 79.8204 0.004888
 79.9810 0.004894
 80.1395 0.004840
 80.2992 0.004878
 80.4585 0.004889
 80.6182 0.004861
 80.7764 0.004915
 80.9339 0.004935
 81.0922 0.004954
 81.2491 0.005039
 81.4062 0.005055
 81.5627 0.005056
 81.7190 0.005086
 81.8749 0.005100
 82.0311 0.005118
 82.1861 0.005104
 82.3398 0.005091
 82.4947 0.005057
 82.6503 0.005019
 82.8058 0.005017
 82.9600 0.005001
 83.1160 0.004911
 83.2720 0.004906
 83.4283 0.004882
 83.5837 0.004872
 83.7393 0.004933
 83.8958 0.004906
 84.0525 0.004874
 84.2089 0.004920
 84.3654 0.004890
 84.5209 0.004885
 84.6777 0.004935
 84.8345 0.004962
 84.9918 0.004910
 85.1496 0.004985
 85.3072 0.005001
 85.4651 0.005013
 85.6233 0.005011
 85.7829 0.005020
 85.9430 0.005009
 86.1012 0.005030
 86.2623 0.005020
 86.4226 0.005053
 86.5839 0.005089
 86.7447 0.005109
 86.9073 0.005055
 87.0709 0.005029
 87.2352 0.005034
 87.3994 0.005086
 87.5644 0.005149
 87.7292 0.005178
 87.8947 0.005202
 88.0620 0.005245
 88.2300 0.005280
 88.3976 0.005356
 88.5678 0.005335
 88.7385 0.005384
 88.9109 0.005385
 89.0833 0.005397
 89.2570 0.005401
 89.4318 0.005377
 89.6088 0.005380
 89.7869 0.005468
 89.9663 0.005521
 90.1457 0.005520
 90.3269 0.005496
 90.5110 0.005475
 90.6951 0.005431
 90.8815 0.005458
 91.0694 0.005470
 91.2594 0.005500
 91.4509 0.005500
 91.6450 0.005491
 91.8399 0.005545
 92.0376 0.005623
 92.2361 0.005631
 92.4374 0.005679
 92.6405 0.005739
 92.8461 0.005704
 93.0533 0.005747
 93.2650 0.005764
 93.4784 0.005783
 93.6952 0.005844
 93.9133 0.005828
 94.1339 0.005860
 94.3588 0.005881
 94.5876 0.005894
 94.8198 0.005922
 95.0560 0.005924
 95.2963 0.006008
 95.5401 0.006053
 95.7886 0.006030
 96.0433 0.006105
 96.3019 0.006116
 96.5659 0.006157
 96.8339 0.006195
 97.1098 0.006184
 97.3899 0.006275
 97.6759 0.006357
 97.9701 0.006392
 98.2698 0.006510
 98.5816 0.006549
 98.8966 0.006738
 99.2200 0.006890
 99.5547 0.007081
 99.8975 0.007248
100.2549 0.007315
100.6241 0.007364
101.0063 0.007540
101.4006 0.007645
101.8118 0.007916
102.2395 0.007951
102.6909 0.007970
103.1563 0.007868
103.6496 0.008124
104.1705 0.008242
104.7247 0.008545
105.3110 0.008999
105.9455 0.009448
106.6286 0.009866
107.3666 0.010190
108.1771 0.010711
109.0852 0.011020
110.1169 0.011488
111.3090 0.012179
112.7328 0.013784
114.5146 0.015120
116.9370 0.018928
117.5466 0.019683
118.2213 0.020689
118.9942 0.021949
119.8627 0.023587
120.8686 0.025242
122.0706 0.027529
123.5982 0.030248
125.7351 0.037439
129.1927 0.045948
132.5960 0.066511
136.8201 0.096236
139.8517 0.131143
 tr1-05-4 2 1
 54.2065 0.063072
 55.6656 0.049608
 57.8613 0.034367
 59.6985 0.026855
 61.7337 0.021175
 62.9856 0.017841
 63.9325 0.016368
 64.6949 0.015034
 65.3268 0.014070
 65.8760 0.013063
 66.3702 0.012592
 66.8064 0.012126
 67.2084 0.011871
 68.8341 0.009975
 70.0544 0.009266
 71.0526 0.008911
 71.8996 0.008445
 72.6463 0.007881
 73.3171 0.007705
 73.9214 0.007450
 74.4779 0.007154
 74.9908 0.007000
 75.4771 0.006822
 75.9375 0.006708
 76.3715 0.006495
 76.7784 0.006439
 77.1674 0.006491
 77.5430 0.006364
 77.9025 0.006361
 78.2486 0.006330
 78.5804 0.006241
 78.9029 0.006212
 79.2165 0.006083
 79.5194 0.005960
 79.8118 0.005864
 80.0997 0.005745
 80.3807 0.005668
 80.6539 0.005681
 80.9221 0.005698
 81.1847 0.005686
 81.4416 0.005583
 81.6937 0.005553
 81.9391 0.005549
 82.1804 0.005571
 82.4194 0.005493
 82.6537 0.005482
 82.8843 0.005538
 83.1100 0.005551
 83.3322 0.005475
 83.5529 0.005448
 83.7689 0.005417
 83.9824 0.005384
 84.1933 0.005414
 84.4023 0.005360
 84.6089 0.005265
 84.8119 0.005263
 85.0133 0.005270
 85.2129 0.005320
 85.4107 0.005288
 85.6074 0.005277
 85.8003 0.005284
 85.9931 0.005238
 86.1833 0.005205
 86.3713 0.005206
 86.5576 0.005212
 86.7433 0.005207
 86.9294 0.005188
 87.1125 0.005223
 87.2940 0.005188
 87.4741 0.005217
 87.6538 0.005248
 87.8324 0.005201
 88.0088 0.005182
 88.1857 0.005117
 88.3618 0.005136
 88.5353 0.005171
 88.7095 0.005147
 88.8824 0.005058
 89.0546 0.005056
 89.2264 0.005035
 89.3969 0.005122
 89.5664 0.005109
 89.7346 0.005114
 89.9027 0.005099
 90.0712 0.005058
 90.2394 0.005049
 90.4069 0.005042
 90.5735 0.005050
 90.7402 0.005038
 90.9065 0.005050
 91.0714 0.005106
 91.2358 0.005055
 91.4011 0.005031
 91.5661 0.005059
 91.7300 0.005051
 91.8946 0.005072
 92.0586 0.005124
 92.2228 0.005149
 92.3864 0.005155
 92.5505 0.005145
 92.7138 0.005128
 92.8782 0.005140
 93.0436 0.005197
 93.2083 0.005191
 93.3724 0.005243
 93.5368 0.005251
 93.7002 0.005294
 93.8643 0.005248
 94.0278 0.005323
 94.1920 0.005301
 94.3562 0.005305
 94.5201 0.005285
 94.6851 0.005295
 94.8505 0.005363
 95.0164 0.005378
 95.1825 0.005391
 95.3477 0.005379
 95.5141 0.005382
 95.6800 0.005334
 95.8476 0.005394
 96.0146 0.005378
 96.1833 0.005403
 96.3512 0.005458
 96.5194 0.005544
 96.6890 0.005567
 96.8584 0.005536
 97.0283 0.005572
 97.1991 0.005617
 97.3706 0.005645
 97.5447 0.005671
 97.7184 0.005655
 97.8938 0.005574
 98.0684 0.005579
 98.2438 0.005607
 98.4214 0.005677
 98.5991 0.005660
 98.7771 0.005625
 98.9566 0.005636
 99.1376 0.005685
 99.3192 0.005653
 99.5031 0.005636
 99.6873 0.005677
 99.8719 0.005741
100.0595 0.005743
100.2485 0.005800
100.4386 0.005905
100.6295 0.005949
100.8236 0.005917
101.0185 0.005964
101.2154 0.006025
101.4124 0.006054
101.6123 0.006020
101.8136 0.006011
102.0164 0.006051
102.2222 0.006080
102.4294 0.006170
102.6380 0.006149
102.8487 0.006122
103.0618 0.006125
103.2785 0.006153
103.4976 0.006112
103.7194 0.006187
103.9433 0.006167
104.1703 0.006260
104.4024 0.006318
104.6355 0.006324
104.8730 0.006369
105.1131 0.006424
105.3574 0.006443
105.6059 0.006504
105.8580 0.006594
106.1145 0.006622
106.3735 0.006735
106.6391 0.006800
106.9090 0.006760
107.1840 0.006926
107.4658 0.006979
107.7525 0.007134
108.0456 0.007218
108.3460 0.007244
108.6523 0.007278
108.9681 0.007334
109.2894 0.007448
109.6209 0.007453
109.9628 0.007585
110.3145 0.007690
110.6779 0.007661
111.0489 0.007728
111.4326 0.007696
111.8312 0.007659
112.2442 0.007750
112.6770 0.007995
113.1260 0.008110
113.5933 0.008186
114.0844 0.008419
114.6015 0.008653
115.1476 0.008918
115.7263 0.009173
116.3367 0.009449
116.9931 0.009695
117.7028 0.009983
118.4798 0.010370
119.3314 0.010948
120.2830 0.011593
121.3507 0.012231
122.5857 0.013305
124.0764 0.014489
125.9351 0.016349
128.4534 0.018313
129.0900 0.018888
129.7939 0.019814
130.5811 0.021469
131.4982 0.023131
132.5337 0.024974
133.8051 0.027832
135.4250 0.032583
137.6057 0.038502
141.2046 0.051638
144.7517 0.067640
149.1934 0.104736
152.4012 0.140595
tr1s-05-4 2 1
 58.8836 0.066374
 60.4265 0.049048
 62.6843 0.036233
 64.5614 0.027737
 66.6396 0.020369
 67.9009 0.017611
 68.8225 0.015639
 69.5881 0.014030
 70.2421 0.013249
 70.8005 0.012945
 71.2939 0.012450
 71.7391 0.011985
 72.1371 0.011643
 73.7678 0.010214
 74.9963 0.009574
 75.9922 0.008978
 76.8440 0.008504
 77.5885 0.007896
 78.2647 0.007497
 78.8739 0.007253
 79.4334 0.006983
 79.9565 0.006864
 80.4419 0.006804
 80.8981 0.006518
 81.3321 0.006591
 81.7452 0.006560
 82.1361 0.006410
 82.5137 0.006288
 82.8758 0.006343
 83.2225 0.006356
 83.5563 0.006129
 83.8808 0.006118
 84.1937 0.006002
 84.4969 0.005986
 84.7925 0.006039
 85.0817 0.005965
 85.3631 0.005974
 85.6391 0.005835
 85.9064 0.005747
 86.1677 0.005804
 86.4254 0.005760
 86.6770 0.005667
 86.9225 0.005570
 87.1654 0.005563
 87.4048 0.005466
 87.6379 0.005409
 87.8698 0.005352
 88.0973 0.005461
 88.3211 0.005519
 88.5405 0.005571
 88.7552 0.005603
 88.9697 0.005518
 89.1818 0.005484
 89.3906 0.005502
 89.5971 0.005508
 89.8019 0.005464
 90.0033 0.005383
 90.2040 0.005347
 90.4008 0.005317
 90.5963 0.005276
 90.7899 0.005254
 90.9825 0.005142
 91.1740 0.005184
 91.3633 0.005175
 91.5513 0.005209
 91.7375 0.005265
 91.9231 0.005282
 92.1074 0.005272
 92.2888 0.005322
 92.4703 0.005294
 92.6502 0.005246
 92.8294 0.005220
 93.0066 0.005217
 93.1849 0.005175
 93.3606 0.005150
 93.5355 0.005167
 93.7093 0.005144
 93.8827 0.005077
 94.0526 0.005091
 94.2225 0.005011
 94.3927 0.004985
 94.5619 0.004995
 94.7310 0.005032
 94.8995 0.005006
 95.0685 0.005006
 95.2376 0.004973
 95.4052 0.005004
 95.5732 0.005054
 95.7406 0.005078
 95.9073 0.005109
 96.0742 0.005086
 96.2409 0.005132
 96.4060 0.005146
 96.5702 0.005132
 96.7346 0.005118
 96.8996 0.005104
 97.0632 0.005097
 97.2277 0.005094
 97.3906 0.005088
 97.5550 0.005137
 97.7184 0.005080
 97.8836 0.005111
 98.0472 0.005123
 98.2096 0.005176
 98.3736 0.005197
 98.5381 0.005238
 98.7017 0.005254
 98.8657 0.005248
 99.0291 0.005246
 99.1931 0.005246
 99.3573 0.005231
 99.5211 0.005277
 99.6861 0.005294
 99.8508 0.005316
100.0154 0.005303
100.1818 0.005326
100.3476 0.005365
100.5146 0.005407
100.6813 0.005478
100.8479 0.005485
101.0158 0.005497
101.1836 0.005474
101.3521 0.005550
101.5208 0.005527
101.6912 0.005595
101.8611 0.005577
102.0321 0.005549
102.2046 0.005498
102.3771 0.005540
102.5499 0.005559
102.7240 0.005618
102.8994 0.005635
103.0760 0.005625
103.2521 0.005659
103.4299 0.005695
103.6085 0.005676
103.7868 0.005607
103.9685 0.005555
104.1479 0.005597
104.3292 0.005645
104.5128 0.005689
104.6971 0.005676
104.8827 0.005671
105.0694 0.005747
105.2589 0.005802
105.4481 0.005864
105.6390 0.005925
105.8325 0.005910
106.0281 0.005970
106.2244 0.006017
106.4233 0.006012
106.6246 0.006030
106.8259 0.006014
107.0294 0.006048
107.2351 0.006069
107.4417 0.006022
107.6507 0.006024
107.8622 0.006054
108.0768 0.006094
108.2947 0.006125
108.5142 0.006190
108.7355 0.006160
108.9593 0.006213
109.1865 0.006250
109.4183 0.006276
109.6510 0.006210
109.8886 0.006259
110.1275 0.006221
110.3701 0.006316
110.6194 0.006348
110.8714 0.006330
111.1276 0.006337
111.3888 0.006363
111.6559 0.006502
111.9255 0.006651
112.2003 0.006631
112.4814 0.006744
112.7683 0.006828
113.0622 0.006865
113.3633 0.006911
113.6692 0.006960
113.9849 0.006997
114.3097 0.007178
114.6426 0.007266
114.9848 0.007360
115.3339 0.007484
115.6959 0.007449
116.0718 0.007652
116.4560 0.007655
116.8570 0.007800
117.2738 0.007864
117.7040 0.008071
118.1557 0.008180
118.6253 0.008434
119.1159 0.008669
119.6329 0.008912
120.1771 0.008962
120.7564 0.008964
121.3737 0.009425
122.0284 0.009411
122.7404 0.009642
123.5113 0.010207
124.3610 0.010486
125.3093 0.011001
126.3878 0.012107
127.6280 0.013204
129.1135 0.014301
130.9744 0.016178
133.4883 0.018677
134.1249 0.019805
134.8281 0.020344
135.6217 0.021668
136.5330 0.022626
137.5890 0.024902
138.8580 0.027701
140.4746 0.031673
142.7029 0.036303
146.3409 0.050436
149.8214 0.067718
154.2294 0.101158
157.3897 0.135529
 tr2-05-4 2 1
 62.0428 0.073237
 63.7343 0.055343
 66.2233 0.036672
 68.2295 0.027888
 70.3582 0.022062
 71.7246 0.019354
 72.7125 0.017964
 73.5174 0.016807
 74.2082 0.016029
 74.8069 0.014775
 75.3205 0.013808
 75.7849 0.013067
 76.2102 0.012338
 77.9256 0.010909
 79.2278 0.010140
 80.2889 0.009341
 81.1863 0.008784
 81.9747 0.007986
 82.6867 0.008005
 83.3266 0.007789
 83.9192 0.007673
 84.4679 0.007426
 84.9767 0.007259
 85.4572 0.007023
 85.9120 0.006980
 86.3407 0.006913
 86.7560 0.006623
 87.1510 0.006529
 87.5274 0.006436
 87.8923 0.006525
 88.2434 0.006469
 88.5837 0.006265
 88.9129 0.006200
 89.2334 0.006156
 89.5459 0.006109
 89.8472 0.006123
 90.1443 0.006033
 90.4326 0.005937
 90.7156 0.005904
 90.9915 0.005822
 91.2614 0.005800
 91.5274 0.005699
 91.7884 0.005639
 92.0424 0.005658
 92.2924 0.005567
 92.5388 0.005495
 92.7808 0.005540
 93.0197 0.005469
 93.2551 0.005493
 93.4867 0.005457
 93.7161 0.005456
 93.9419 0.005407
 94.1644 0.005427
 94.3843 0.005419
 94.6010 0.005460
 94.8161 0.005441
 95.0275 0.005477
 95.2370 0.005550
 95.4435 0.005538
 95.6494 0.005485
 95.8521 0.005461
 96.0541 0.005464
 96.2537 0.005478
 96.4521 0.005406
 96.6509 0.005416
 96.8478 0.005318
 97.0424 0.005341
 97.2363 0.005358
 97.4288 0.005328
 97.6190 0.005311
 97.8083 0.005330
 97.9959 0.005299
 98.1815 0.005328
 98.3664 0.005368
 98.5504 0.005431
 98.7328 0.005368
 98.9148 0.005379
 99.0964 0.005308
 99.2780 0.005253
 99.4578 0.005276
 99.6370 0.005250
 99.8155 0.005203
 99.9945 0.005224
100.1723 0.005182
100.3478 0.005147
100.5265 0.005109
100.7032 0.005134
100.8776 0.005153
101.0528 0.005162
101.2277 0.005197
101.4022 0.005214
101.5758 0.005223
101.7484 0.005211
101.9205 0.005191
102.0923 0.005202
102.2646 0.005173
102.4386 0.005221
102.6095 0.005210
102.7822 0.005232
102.9539 0.005271
103.1261 0.005309
103.2980 0.005375
103.4691 0.005357
103.6411 0.005405
103.8119 0.005436
103.9840 0.005437
104.1558 0.005443
104.3278 0.005481
104.4994 0.005496
104.6711 0.005449
104.8425 0.005425
105.0145 0.005391
105.1866 0.005398
105.3590 0.005410
105.5325 0.005443
105.7050 0.005407
105.8790 0.005437
106.0526 0.005408
106.2276 0.005448
106.4029 0.005489
106.5770 0.005544
106.7535 0.005539
106.9289 0.005596
107.1059 0.005625
107.2840 0.005615
107.4635 0.005576
107.6419 0.005519
107.8215 0.005607
108.0017 0.005635
108.1813 0.005620
108.3633 0.005598
108.5459 0.005586
108.7279 0.005583
108.9125 0.005609
109.0986 0.005578
109.2855 0.005609
109.4712 0.005658
109.6590 0.005664
109.8496 0.005640
110.0399 0.005691
110.2321 0.005745
110.4264 0.005800
110.6204 0.005846
110.8146 0.005918
111.0121 0.005872
111.2099 0.005932
111.4106 0.005956
111.6095 0.005957
111.8130 0.006008
112.0177 0.005986
112.2228 0.006089
112.4329 0.006097
112.6434 0.006097
112.8567 0.006160
113.0699 0.006239
113.2875 0.006259
113.5086 0.006353
113.7293 0.006332
113.9529 0.006325
114.1794 0.006335
114.4099 0.006399
114.6404 0.006421
114.8751 0.006457
115.1122 0.006499
115.3522 0.006531
115.5970 0.006570
115.8443 0.006582
116.0961 0.006626
116.3521 0.006645
116.6122 0.006677
116.8741 0.006762
117.1404 0.006767
117.4121 0.006723
117.6899 0.006846
117.9716 0.006875
118.2602 0.006912
118.5522 0.006928
118.8515 0.006990
119.1569 0.006988
119.4705 0.007135
119.7927 0.007205
120.1195 0.007328
120.4541 0.007490
120.8008 0.007637
121.1554 0.007766
121.5218 0.007829
121.9002 0.007861
122.2899 0.008057
122.6915 0.008107
123.1095 0.008181
123.5433 0.008327
123.9912 0.008365
124.4613 0.008315
124.9455 0.008360
125.4583 0.008558
125.9974 0.008673
126.5649 0.008971
127.1644 0.009481
127.8055 0.009666
128.4946 0.009678
129.2354 0.009984
130.0366 0.010386
130.9230 0.010964
131.9104 0.011629
133.0149 0.011982
134.3088 0.013103
135.8523 0.013947
137.7758 0.015258
140.3859 0.018168
141.0515 0.018862
141.7789 0.019511
142.6012 0.020528
143.5399 0.021238
144.6258 0.023880
145.9041 0.026695
147.5578 0.029244
149.8370 0.036108
153.5739 0.047370
157.1148 0.068050
161.8530 0.105307
165.3352 0.141098
tr2s-05-4 2 1
 67.2204 0.071266
 68.9503 0.052258
 71.3285 0.036852
 73.3517 0.027818
 75.4843 0.022148
 76.8368 0.018951
 77.8405 0.016498
 78.6498 0.015606
 79.3213 0.014446
 79.9100 0.014011
 80.4284 0.013398
 80.8926 0.013012
 81.3279 0.012776
 83.0342 0.010654
 84.3198 0.009496
 85.3770 0.008899
 86.2721 0.008282
 87.0626 0.008146
 87.7702 0.007917
 88.4078 0.007590
 88.9950 0.007484
 89.5413 0.007334
 90.0514 0.007116
 90.5306 0.006987
 90.9856 0.006908
 91.4146 0.006747
 91.8238 0.006585
 92.2167 0.006456
 92.5963 0.006335
 92.9588 0.006310
 93.3094 0.006178
 93.6485 0.006145
 93.9771 0.006154
 94.2971 0.006127
 94.6056 0.006165
 94.9080 0.006274
 95.2020 0.006200
 95.4893 0.006174
 95.7726 0.005977
 96.0480 0.005897
 96.3148 0.005876
 96.5782 0.005845
 96.8355 0.005764
 97.0882 0.005763
 97.3358 0.005769
 97.5823 0.005836
 97.8230 0.005797
 98.0590 0.005745
 98.2939 0.005814
 98.5239 0.005795
 98.7530 0.005780
 98.9761 0.005716
 99.1969 0.005648
 99.4148 0.005620
 99.6319 0.005572
 99.8465 0.005563
100.0589 0.005484
100.2680 0.005434
100.4733 0.005403
100.6792 0.005337
100.8824 0.005358
101.0822 0.005313
101.2812 0.005273
101.4798 0.005238
101.6752 0.005219
101.8712 0.005254
102.0637 0.005270
102.2553 0.005297
102.4451 0.005239
102.6354 0.005329
102.8250 0.005367
103.0120 0.005371
103.1982 0.005437
103.3820 0.005417
103.5671 0.005365
103.7502 0.005316
103.9327 0.005329
104.1136 0.005314
104.2934 0.005310
104.4741 0.005302
104.6510 0.005290
104.8281 0.005372
105.0042 0.005381
105.1813 0.005423
105.3571 0.005418
105.5327 0.005436
105.7084 0.005490
105.8826 0.005483
106.0556 0.005420
106.2285 0.005388
106.4026 0.005356
106.5764 0.005319
106.7508 0.005297
106.9237 0.005280
107.0956 0.005268
107.2689 0.005299
107.4406 0.005211
107.6124 0.005168
107.7823 0.005193
107.9527 0.005153
108.1234 0.005154
108.2949 0.005140
108.4664 0.005169
108.6371 0.005174
108.8059 0.005159
108.9768 0.005217
109.1484 0.005191
109.3206 0.005211
109.4914 0.005284
109.6647 0.005299
109.8357 0.005262
110.0068 0.005275
110.1787 0.005294
110.3507 0.005288
110.5229 0.005287
110.6954 0.005217
110.8685 0.005268
111.0414 0.005300
111.2164 0.005327
111.3901 0.005340
111.5645 0.005419
111.7404 0.005409
111.9162 0.005395
112.0928 0.005415
112.2707 0.005445
112.4479 0.005434
112.6257 0.005444
112.8046 0.005522
112.9837 0.005556
113.1633 0.005584
113.3447 0.005616
113.5269 0.005618
113.7092 0.005662
113.8933 0.005695
114.0784 0.005694
114.2646 0.005771
114.4510 0.005776
114.6387 0.005732
114.8279 0.005830
115.0179 0.005901
115.2092 0.005919
115.4032 0.005971
115.5964 0.005976
115.7916 0.006012
115.9871 0.006015
116.1836 0.005999
116.3837 0.006015
116.5849 0.006095
116.7875 0.006117
116.9908 0.006108
117.1966 0.006147
117.4042 0.006195
117.6137 0.006189
117.8273 0.006229
118.0424 0.006239
118.2581 0.006213
118.4772 0.006311
118.6983 0.006274
118.9233 0.006292
119.1487 0.006329
119.3781 0.006321
119.6100 0.006383
119.8439 0.006372
120.0795 0.006395
120.3205 0.006465
120.5656 0.006497
120.8136 0.006503
121.0630 0.006524
121.3171 0.006535
121.5745 0.006485
121.8385 0.006501
122.1019 0.006520
122.3740 0.006517
122.6512 0.006506
122.9319 0.006552
123.2197 0.006570
123.5120 0.006699
123.8103 0.006792
124.1174 0.006864
124.4297 0.006979
124.7495 0.006953
125.0763 0.007092
125.4134 0.007181
125.7576 0.007152
126.1136 0.007286
126.4757 0.007312
126.8501 0.007541
127.2380 0.007755
127.6391 0.007904
128.0541 0.008093
128.4819 0.008213
128.9309 0.008379
129.3948 0.008502
129.8858 0.008694
130.3909 0.008989
130.9262 0.009070
131.4933 0.009194
132.0939 0.009386
132.7345 0.009573
133.4227 0.010043
134.1630 0.010321
134.9650 0.010703
135.8521 0.011058
136.8341 0.011524
137.9534 0.012224
139.2369 0.012910
140.7775 0.014192
142.6982 0.015425
145.3058 0.018257
145.9583 0.019233
146.6858 0.020058
147.5049 0.021027
148.4433 0.022575
149.5299 0.024314
150.8325 0.026633
152.4744 0.030403
154.7349 0.035486
158.5052 0.048616
162.0175 0.067650
166.7232 0.104021
170.1911 0.139279
