Copyright (C) 1998 James G. MacKinnon, Alfred A. Haug, and Leo Michelis.
 lm0-06-6 3 1
 24.2440 0.049117
 24.9846 0.037256
 25.9232 0.027683
 26.7230 0.021660
 27.6116 0.015413
 28.1673 0.012963
 28.5933 0.011824
 28.9393 0.010994
 29.2207 0.010209
 29.4653 0.009914
 29.6885 0.009378
 29.8842 0.008936
 30.0656 0.008712
 30.7933 0.007605
 31.3570 0.007151
 31.8170 0.006737
 32.2109 0.006376
 32.5585 0.006115
 32.8677 0.005888
 33.1531 0.005618
 33.4181 0.005563
 33.6615 0.005475
 33.8896 0.005356
 34.1045 0.005235
 34.3086 0.005200
 34.5046 0.005170
 34.6886 0.005075
 34.8670 0.004981
 35.0364 0.004973
 35.2038 0.004932
 35.3618 0.004943
 35.5175 0.004831
 35.6694 0.004706
 35.8150 0.004740
 35.9567 0.004735
 36.0961 0.004675
 36.2327 0.004579
 36.3673 0.004593
 36.4977 0.004574
 36.6243 0.004582
 36.7488 0.004562
 36.8731 0.004502
 36.9957 0.004508
 37.1149 0.004454
 37.2328 0.004454
 37.3483 0.004393
 37.4626 0.004448
 37.5748 0.004383
 37.6857 0.004369
 37.7947 0.004378
 37.9032 0.004342
 38.0110 0.004295
 38.1166 0.004344
 38.2202 0.004345
 38.3233 0.004360
 38.4257 0.004309
 38.5262 0.004314
 38.6253 0.004275
 38.7242 0.004270
 38.8217 0.004258
 38.9187 0.004244
 39.0157 0.004257
 39.1118 0.004298
 39.2077 0.004297
 39.3023 0.004278
 39.3968 0.004246
 39.4894 0.004243
 39.5808 0.004318
 39.6723 0.004280
 39.7625 0.004346
 39.8535 0.004355
 39.9450 0.004296
 40.0346 0.004338
 40.1246 0.004343
 40.2130 0.004349
 40.3030 0.004351
 40.3917 0.004347
 40.4786 0.004351
 40.5654 0.004386
 40.6525 0.004350
 40.7391 0.004389
 40.8255 0.004391
 40.9120 0.004394
 40.9974 0.004339
 41.0845 0.004333
 41.1721 0.004323
 41.2585 0.004269
 41.3447 0.004244
 41.4304 0.004262
 41.5165 0.004330
 41.6017 0.004339
 41.6875 0.004403
 41.7724 0.004397
 41.8576 0.004406
 41.9436 0.004406
 42.0302 0.004391
 42.1159 0.004390
 42.2011 0.004402
 42.2870 0.004412
 42.3730 0.004426
 42.4592 0.004406
 42.5445 0.004374
 42.6293 0.004322
 42.7150 0.004338
 42.8019 0.004302
 42.8877 0.004323
 42.9732 0.004327
 43.0605 0.004356
 43.1461 0.004358
 43.2326 0.004403
 43.3188 0.004417
 43.4055 0.004391
 43.4929 0.004409
 43.5802 0.004422
 43.6672 0.004403
 43.7542 0.004471
 43.8415 0.004471
 43.9296 0.004501
 44.0172 0.004489
 44.1068 0.004530
 44.1958 0.004508
 44.2854 0.004528
 44.3751 0.004523
 44.4657 0.004526
 44.5567 0.004593
 44.6480 0.004581
 44.7396 0.004621
 44.8308 0.004686
 44.9226 0.004707
 45.0160 0.004697
 45.1097 0.004709
 45.2027 0.004727
 45.2977 0.004733
 45.3917 0.004731
 45.4881 0.004731
 45.5844 0.004732
 45.6815 0.004770
 45.7795 0.004792
 45.8763 0.004843
 45.9759 0.004852
 46.0757 0.004859
 46.1770 0.004907
 46.2771 0.004937
 46.3789 0.004986
 46.4821 0.005089
 46.5868 0.005136
 46.6903 0.005141
 46.7959 0.005133
 46.9024 0.005130
 47.0098 0.005151
 47.1182 0.005193
 47.2284 0.005241
 47.3388 0.005270
 47.4508 0.005331
 47.5637 0.005358
 47.6783 0.005462
 47.7943 0.005440
 47.9116 0.005461
 48.0296 0.005540
 48.1512 0.005561
 48.2744 0.005624
 48.3973 0.005624
 48.5243 0.005654
 48.6507 0.005630
 48.7806 0.005688
 48.9126 0.005712
 49.0453 0.005817
 49.1784 0.005884
 49.3142 0.005951
 49.4525 0.006026
 49.5959 0.006077
 49.7394 0.006117
 49.8863 0.006184
 50.0378 0.006237
 50.1901 0.006247
 50.3479 0.006255
 50.5102 0.006335
 50.6762 0.006476
 50.8438 0.006608
 51.0149 0.006710
 51.1914 0.006827
 51.3724 0.006966
 51.5602 0.007071
 51.7527 0.007253
 51.9485 0.007434
 52.1537 0.007520
 52.3640 0.007646
 52.5806 0.007779
 52.8038 0.007934
 53.0377 0.007892
 53.2804 0.007997
 53.5330 0.008129
 53.7948 0.008207
 54.0720 0.008315
 54.3633 0.008541
 54.6708 0.008830
 54.9978 0.008991
 55.3422 0.009240
 55.7144 0.009585
 56.1117 0.010037
 56.5345 0.010494
 57.0023 0.011106
 57.5190 0.011767
 58.0987 0.012220
 58.7520 0.013212
 59.5143 0.013828
 60.4390 0.015391
 61.5969 0.016577
 63.1989 0.019197
 63.5913 0.020455
 64.0351 0.021455
 64.5340 0.022902
 65.1151 0.024164
 65.8080 0.026214
 66.6243 0.029205
 67.6460 0.032355
 69.0842 0.041926
 71.4742 0.058630
 73.7083 0.077809
 76.7242 0.117957
 78.8508 0.166803
 lm1-06-6 3 1
 26.4017 0.053171
 27.1050 0.040509
 28.1399 0.027901
 28.9885 0.021940
 29.9003 0.016035
 30.4783 0.013209
 30.9185 0.011573
 31.2713 0.010688
 31.5677 0.009939
 31.8199 0.009674
 32.0570 0.009238
 32.2629 0.008732
 32.4516 0.008470
 33.2089 0.007806
 33.7922 0.007133
 34.2660 0.006716
 34.6781 0.006562
 35.0325 0.006272
 35.3540 0.005910
 35.6461 0.005677
 35.9145 0.005426
 36.1642 0.005464
 36.3986 0.005334
 36.6207 0.005193
 36.8333 0.005135
 37.0369 0.005135
 37.2275 0.005060
 37.4148 0.005086
 37.5924 0.005081
 37.7643 0.004986
 37.9304 0.004885
 38.0906 0.004771
 38.2459 0.004820
 38.3973 0.004763
 38.5462 0.004672
 38.6887 0.004662
 38.8314 0.004624
 38.9685 0.004640
 39.1022 0.004599
 39.2335 0.004559
 39.3629 0.004507
 39.4895 0.004487
 39.6138 0.004509
 39.7341 0.004469
 39.8536 0.004467
 39.9725 0.004467
 40.0892 0.004459
 40.2040 0.004490
 40.3173 0.004432
 40.4295 0.004496
 40.5403 0.004502
 40.6480 0.004512
 40.7568 0.004503
 40.8642 0.004452
 40.9694 0.004428
 41.0731 0.004459
 41.1759 0.004463
 41.2767 0.004501
 41.3785 0.004490
 41.4798 0.004481
 41.5793 0.004516
 41.6798 0.004484
 41.7773 0.004460
 41.8757 0.004410
 41.9736 0.004418
 42.0708 0.004447
 42.1665 0.004445
 42.2619 0.004495
 42.3566 0.004465
 42.4507 0.004488
 42.5438 0.004482
 42.6375 0.004507
 42.7309 0.004557
 42.8233 0.004538
 42.9139 0.004548
 43.0054 0.004536
 43.0973 0.004534
 43.1879 0.004560
 43.2783 0.004571
 43.3682 0.004588
 43.4585 0.004582
 43.5481 0.004619
 43.6370 0.004623
 43.7258 0.004608
 43.8126 0.004556
 43.9021 0.004554
 43.9915 0.004590
 44.0798 0.004597
 44.1679 0.004637
 44.2568 0.004596
 44.3446 0.004588
 44.4324 0.004579
 44.5204 0.004551
 44.6079 0.004567
 44.6963 0.004577
 44.7840 0.004602
 44.8714 0.004636
 44.9599 0.004635
 45.0466 0.004669
 45.1341 0.004649
 45.2211 0.004635
 45.3087 0.004626
 45.3972 0.004650
 45.4857 0.004615
 45.5741 0.004614
 45.6623 0.004662
 45.7506 0.004720
 45.8395 0.004703
 45.9285 0.004689
 46.0167 0.004696
 46.1053 0.004724
 46.1941 0.004711
 46.2830 0.004776
 46.3733 0.004752
 46.4638 0.004757
 46.5551 0.004820
 46.6456 0.004861
 46.7361 0.004889
 46.8273 0.004926
 46.9188 0.004937
 47.0103 0.004962
 47.1020 0.004949
 47.1942 0.004968
 47.2871 0.004997
 47.3796 0.005023
 47.4734 0.005048
 47.5666 0.005114
 47.6601 0.005133
 47.7550 0.005074
 47.8504 0.005149
 47.9469 0.005177
 48.0436 0.005155
 48.1399 0.005151
 48.2383 0.005097
 48.3358 0.005168
 48.4339 0.005183
 48.5329 0.005211
 48.6332 0.005208
 48.7350 0.005195
 48.8366 0.005207
 48.9396 0.005172
 49.0415 0.005220
 49.1437 0.005219
 49.2482 0.005241
 49.3543 0.005244
 49.4611 0.005258
 49.5692 0.005311
 49.6765 0.005324
 49.7841 0.005375
 49.8950 0.005351
 50.0056 0.005377
 50.1174 0.005387
 50.2321 0.005436
 50.3478 0.005464
 50.4654 0.005476
 50.5839 0.005571
 50.7034 0.005615
 50.8217 0.005623
 50.9433 0.005616
 51.0649 0.005616
 51.1893 0.005605
 51.3163 0.005652
 51.4448 0.005679
 51.5757 0.005632
 51.7085 0.005692
 51.8431 0.005741
 51.9795 0.005791
 52.1184 0.005880
 52.2597 0.005948
 52.4023 0.005932
 52.5482 0.005991
 52.6967 0.006072
 52.8477 0.006063
 53.0000 0.006087
 53.1567 0.006207
 53.3178 0.006275
 53.4824 0.006293
 53.6509 0.006337
 53.8242 0.006409
 53.9988 0.006437
 54.1786 0.006409
 54.3644 0.006593
 54.5549 0.006907
 54.7515 0.006929
 54.9527 0.007045
 55.1613 0.007271
 55.3756 0.007267
 55.5956 0.007404
 55.8256 0.007473
 56.0645 0.007536
 56.3135 0.007713
 56.5740 0.008107
 56.8460 0.008301
 57.1258 0.008629
 57.4253 0.008878
 57.7375 0.009136
 58.0676 0.009134
 58.4197 0.009481
 58.8006 0.009820
 59.2052 0.010141
 59.6437 0.010653
 60.1299 0.011189
 60.6566 0.011758
 61.2395 0.012518
 61.9145 0.013267
 62.6908 0.013935
 63.6217 0.015099
 64.8081 0.017081
 66.4362 0.019490
 66.8488 0.020047
 67.3255 0.021164
 67.8368 0.022615
 68.4152 0.024568
 69.1050 0.026283
 69.8950 0.028790
 70.9567 0.035076
 72.4337 0.042898
 74.8676 0.057110
 77.2886 0.079865
 80.3714 0.126458
 82.5515 0.181502
lm1s-06-6 3 1
 27.2155 0.052234
 27.9189 0.037966
 28.9026 0.027285
 29.7463 0.021100
 30.6666 0.015433
 31.2497 0.013623
 31.6915 0.012315
 32.0421 0.011347
 32.3384 0.010329
 32.6004 0.009758
 32.8278 0.009220
 33.0329 0.009328
 33.2268 0.009092
 33.9913 0.007980
 34.5749 0.007159
 35.0495 0.006848
 35.4545 0.006540
 35.8072 0.006433
 36.1240 0.006298
 36.4167 0.005994
 36.6882 0.005810
 36.9390 0.005624
 37.1730 0.005311
 37.3972 0.005284
 37.6116 0.005260
 37.8119 0.005241
 38.0030 0.005158
 38.1883 0.005038
 38.3663 0.004999
 38.5407 0.005015
 38.7074 0.004908
 38.8683 0.004765
 39.0246 0.004802
 39.1770 0.004740
 39.3234 0.004731
 39.4685 0.004618
 39.6090 0.004711
 39.7458 0.004634
 39.8797 0.004640
 40.0124 0.004676
 40.1405 0.004682
 40.2656 0.004683
 40.3898 0.004752
 40.5119 0.004755
 40.6316 0.004699
 40.7503 0.004642
 40.8667 0.004620
 40.9804 0.004565
 41.0933 0.004586
 41.2051 0.004576
 41.3145 0.004596
 41.4231 0.004561
 41.5319 0.004590
 41.6385 0.004589
 41.7448 0.004564
 41.8499 0.004565
 41.9531 0.004592
 42.0565 0.004535
 42.1575 0.004504
 42.2576 0.004515
 42.3575 0.004508
 42.4559 0.004485
 42.5532 0.004504
 42.6508 0.004537
 42.7481 0.004515
 42.8449 0.004489
 42.9406 0.004541
 43.0365 0.004567
 43.1310 0.004582
 43.2250 0.004558
 43.3191 0.004534
 43.4120 0.004570
 43.5060 0.004554
 43.5982 0.004538
 43.6900 0.004549
 43.7823 0.004543
 43.8740 0.004579
 43.9639 0.004571
 44.0547 0.004597
 44.1445 0.004618
 44.2351 0.004622
 44.3237 0.004674
 44.4129 0.004656
 44.5025 0.004638
 44.5913 0.004611
 44.6803 0.004600
 44.7684 0.004582
 44.8576 0.004576
 44.9453 0.004557
 45.0335 0.004557
 45.1214 0.004513
 45.2096 0.004488
 45.2972 0.004540
 45.3845 0.004485
 45.4727 0.004494
 45.5604 0.004515
 45.6472 0.004532
 45.7348 0.004523
 45.8229 0.004553
 45.9102 0.004579
 45.9980 0.004608
 46.0857 0.004627
 46.1744 0.004654
 46.2611 0.004635
 46.3495 0.004658
 46.4376 0.004667
 46.5263 0.004718
 46.6153 0.004744
 46.7048 0.004749
 46.7933 0.004743
 46.8819 0.004738
 46.9722 0.004810
 47.0604 0.004803
 47.1502 0.004823
 47.2403 0.004836
 47.3304 0.004818
 47.4211 0.004835
 47.5117 0.004829
 47.6029 0.004856
 47.6943 0.004878
 47.7866 0.004918
 47.8781 0.004927
 47.9699 0.004943
 48.0616 0.004995
 48.1539 0.004998
 48.2476 0.005010
 48.3426 0.005004
 48.4361 0.005061
 48.5314 0.005101
 48.6274 0.005104
 48.7231 0.005145
 48.8197 0.005086
 48.9174 0.005037
 49.0128 0.005059
 49.1119 0.005072
 49.2097 0.005053
 49.3083 0.005046
 49.4093 0.005018
 49.5099 0.005134
 49.6119 0.005189
 49.7137 0.005219
 49.8164 0.005191
 49.9194 0.005266
 50.0247 0.005252
 50.1295 0.005237
 50.2348 0.005225
 50.3422 0.005304
 50.4521 0.005343
 50.5622 0.005387
 50.6722 0.005391
 50.7845 0.005397
 50.8969 0.005412
 51.0092 0.005478
 51.1227 0.005509
 51.2381 0.005557
 51.3565 0.005520
 51.4749 0.005621
 51.5956 0.005609
 51.7185 0.005711
 51.8427 0.005735
 51.9673 0.005679
 52.0947 0.005685
 52.2236 0.005677
 52.3541 0.005681
 52.4865 0.005731
 52.6196 0.005736
 52.7559 0.005863
 52.8936 0.005883
 53.0321 0.005964
 53.1759 0.005985
 53.3218 0.006019
 53.4712 0.006080
 53.6236 0.006196
 53.7772 0.006203
 53.9344 0.006241
 54.0942 0.006275
 54.2593 0.006301
 54.4258 0.006391
 54.5976 0.006438
 54.7747 0.006470
 54.9562 0.006509
 55.1409 0.006648
 55.3306 0.006677
 55.5286 0.006677
 55.7329 0.006906
 55.9408 0.007021
 56.1574 0.007182
 56.3796 0.007316
 56.6085 0.007608
 56.8435 0.007770
 57.0887 0.007905
 57.3469 0.008163
 57.6180 0.008398
 57.9031 0.008596
 58.1969 0.008852
 58.5091 0.009061
 58.8405 0.009142
 59.1961 0.009406
 59.5754 0.009638
 59.9825 0.010380
 60.4187 0.010807
 60.8970 0.011234
 61.4206 0.011521
 62.0084 0.012205
 62.6820 0.012794
 63.4519 0.014070
 64.3888 0.015462
 65.5644 0.016669
 67.2105 0.019363
 67.6267 0.020162
 68.0803 0.021503
 68.5921 0.023248
 69.1783 0.024809
 69.8344 0.026009
 70.6649 0.029645
 71.7143 0.035234
 73.2088 0.043585
 75.6085 0.057387
 78.0248 0.081743
 81.0451 0.123170
 83.2879 0.185245
 lm2-06-6 3 1
 28.5297 0.053646
 29.3335 0.039753
 30.4069 0.028363
 31.2715 0.021541
 32.2142 0.015572
 32.8172 0.014099
 33.2651 0.012572
 33.6279 0.011778
 33.9304 0.011046
 34.2037 0.010280
 34.4462 0.009965
 34.6567 0.009600
 34.8563 0.009332
 35.6410 0.008195
 36.2423 0.007509
 36.7282 0.007180
 37.1511 0.006594
 37.5214 0.006447
 37.8568 0.006210
 38.1610 0.005906
 38.4389 0.005953
 38.6946 0.005875
 38.9362 0.005744
 39.1655 0.005677
 39.3822 0.005551
 39.5899 0.005500
 39.7864 0.005443
 39.9752 0.005511
 40.1575 0.005505
 40.3347 0.005452
 40.5042 0.005374
 40.6692 0.005283
 40.8297 0.005291
 40.9877 0.005305
 41.1386 0.005244
 41.2860 0.005213
 41.4319 0.005133
 41.5743 0.005123
 41.7123 0.005056
 41.8449 0.005048
 41.9764 0.005012
 42.1064 0.004893
 42.2330 0.004916
 42.3581 0.004825
 42.4808 0.004797
 42.6013 0.004795
 42.7204 0.004795
 42.8390 0.004757
 42.9553 0.004668
 43.0706 0.004602
 43.1831 0.004625
 43.2934 0.004600
 43.4039 0.004644
 43.5132 0.004677
 43.6219 0.004645
 43.7309 0.004632
 43.8382 0.004603
 43.9458 0.004624
 44.0510 0.004610
 44.1532 0.004568
 44.2555 0.004518
 44.3574 0.004539
 44.4584 0.004535
 44.5595 0.004533
 44.6594 0.004470
 44.7582 0.004462
 44.8553 0.004459
 44.9512 0.004417
 45.0488 0.004438
 45.1447 0.004410
 45.2404 0.004419
 45.3362 0.004441
 45.4320 0.004402
 45.5271 0.004356
 45.6218 0.004374
 45.7169 0.004344
 45.8106 0.004365
 45.9045 0.004339
 45.9974 0.004383
 46.0892 0.004376
 46.1807 0.004329
 46.2728 0.004338
 46.3662 0.004367
 46.4589 0.004339
 46.5490 0.004311
 46.6392 0.004311
 46.7294 0.004349
 46.8207 0.004363
 46.9110 0.004369
 47.0012 0.004416
 47.0916 0.004421
 47.1831 0.004461
 47.2736 0.004502
 47.3632 0.004512
 47.4537 0.004509
 47.5441 0.004544
 47.6348 0.004549
 47.7254 0.004513
 47.8144 0.004508
 47.9035 0.004532
 47.9939 0.004531
 48.0846 0.004576
 48.1746 0.004603
 48.2647 0.004682
 48.3548 0.004638
 48.4443 0.004619
 48.5340 0.004641
 48.6250 0.004619
 48.7153 0.004653
 48.8053 0.004617
 48.8956 0.004666
 48.9871 0.004688
 49.0789 0.004690
 49.1712 0.004655
 49.2632 0.004633
 49.3570 0.004639
 49.4501 0.004676
 49.5436 0.004652
 49.6365 0.004683
 49.7298 0.004713
 49.8234 0.004738
 49.9158 0.004760
 50.0093 0.004805
 50.1043 0.004838
 50.2000 0.004824
 50.2958 0.004846
 50.3926 0.004812
 50.4886 0.004845
 50.5848 0.004822
 50.6825 0.004868
 50.7806 0.004832
 50.8805 0.004882
 50.9805 0.004844
 51.0807 0.004878
 51.1820 0.004878
 51.2822 0.004914
 51.3828 0.004885
 51.4865 0.004888
 51.5911 0.004964
 51.6948 0.005050
 51.7984 0.005096
 51.9053 0.005188
 52.0127 0.005228
 52.1191 0.005285
 52.2275 0.005267
 52.3365 0.005280
 52.4467 0.005236
 52.5577 0.005295
 52.6688 0.005350
 52.7819 0.005395
 52.8957 0.005460
 53.0121 0.005460
 53.1277 0.005473
 53.2458 0.005495
 53.3642 0.005519
 53.4833 0.005575
 53.6050 0.005553
 53.7283 0.005589
 53.8538 0.005690
 53.9784 0.005785
 54.1085 0.005850
 54.2383 0.005891
 54.3696 0.005928
 54.5018 0.005926
 54.6380 0.005925
 54.7764 0.005951
 54.9164 0.005938
 55.0575 0.006060
 55.2004 0.006085
 55.3476 0.006042
 55.4990 0.006132
 55.6516 0.006178
 55.8054 0.006334
 55.9627 0.006443
 56.1240 0.006562
 56.2901 0.006604
 56.4575 0.006731
 56.6283 0.006848
 56.8047 0.006896
 56.9870 0.006998
 57.1719 0.007111
 57.3604 0.007297
 57.5519 0.007382
 57.7483 0.007337
 57.9572 0.007482
 58.1708 0.007597
 58.3929 0.007682
 58.6173 0.007848
 58.8540 0.007991
 59.0979 0.008057
 59.3506 0.008149
 59.6145 0.008290
 59.8917 0.008399
 60.1805 0.008474
 60.4823 0.008626
 60.8032 0.008913
 61.1424 0.009126
 61.5039 0.009266
 61.8868 0.009671
 62.2989 0.010132
 62.7444 0.010325
 63.2346 0.010751
 63.7723 0.011326
 64.3722 0.011751
 65.0609 0.012682
 65.8593 0.013419
 66.8220 0.014372
 68.0414 0.016412
 69.7022 0.019464
 70.1110 0.020730
 70.5846 0.022064
 71.0994 0.023676
 71.6905 0.025564
 72.3743 0.027457
 73.2166 0.031040
 74.2855 0.036295
 75.7915 0.044559
 78.2848 0.057577
 80.7486 0.082291
 83.7798 0.125218
 86.2135 0.169415
lm2s-06-6 3 1
 29.3502 0.052091
 30.1289 0.040829
 31.1921 0.029001
 32.0749 0.020611
 33.0021 0.016333
 33.6043 0.013844
 34.0481 0.012280
 34.4180 0.011374
 34.7324 0.010814
 35.0030 0.010033
 35.2396 0.009874
 35.4518 0.009475
 35.6436 0.008859
 36.4273 0.007752
 37.0248 0.007138
 37.5151 0.006747
 37.9382 0.006686
 38.3105 0.006222
 38.6402 0.006096
 38.9456 0.005979
 39.2247 0.005801
 39.4842 0.005710
 39.7268 0.005580
 39.9563 0.005464
 40.1704 0.005490
 40.3756 0.005456
 40.5724 0.005387
 40.7618 0.005266
 40.9453 0.005262
 41.1232 0.005260
 41.2927 0.005086
 41.4585 0.005067
 41.6187 0.004992
 41.7741 0.005024
 41.9257 0.005030
 42.0717 0.004987
 42.2159 0.004982
 42.3570 0.004942
 42.4962 0.004876
 42.6303 0.004919
 42.7620 0.004884
 42.8916 0.004878
 43.0175 0.004862
 43.1425 0.004824
 43.2647 0.004861
 43.3845 0.004781
 43.5044 0.004769
 43.6238 0.004801
 43.7405 0.004770
 43.8548 0.004733
 43.9684 0.004721
 44.0814 0.004692
 44.1938 0.004688
 44.3034 0.004615
 44.4122 0.004590
 44.5204 0.004586
 44.6280 0.004605
 44.7331 0.004529
 44.8380 0.004507
 44.9402 0.004501
 45.0436 0.004507
 45.1449 0.004510
 45.2447 0.004467
 45.3448 0.004485
 45.4439 0.004450
 45.5424 0.004450
 45.6412 0.004420
 45.7386 0.004406
 45.8361 0.004421
 45.9326 0.004417
 46.0283 0.004409
 46.1235 0.004399
 46.2177 0.004344
 46.3127 0.004341
 46.4066 0.004284
 46.5003 0.004266
 46.5948 0.004313
 46.6878 0.004381
 46.7813 0.004400
 46.8727 0.004430
 46.9648 0.004451
 47.0568 0.004477
 47.1498 0.004447
 47.2411 0.004465
 47.3316 0.004463
 47.4228 0.004473
 47.5136 0.004504
 47.6051 0.004506
 47.6953 0.004459
 47.7859 0.004467
 47.8778 0.004454
 47.9684 0.004405
 48.0586 0.004419
 48.1488 0.004442
 48.2387 0.004466
 48.3291 0.004483
 48.4183 0.004456
 48.5083 0.004460
 48.5987 0.004492
 48.6887 0.004518
 48.7782 0.004537
 48.8682 0.004571
 48.9578 0.004602
 49.0484 0.004610
 49.1387 0.004620
 49.2280 0.004630
 49.3186 0.004653
 49.4092 0.004665
 49.5010 0.004643
 49.5914 0.004659
 49.6822 0.004636
 49.7736 0.004627
 49.8646 0.004685
 49.9564 0.004693
 50.0479 0.004684
 50.1407 0.004699
 50.2326 0.004735
 50.3252 0.004792
 50.4197 0.004755
 50.5132 0.004811
 50.6073 0.004810
 50.7020 0.004866
 50.7969 0.004823
 50.8903 0.004819
 50.9857 0.004860
 51.0815 0.004821
 51.1768 0.004846
 51.2735 0.004836
 51.3718 0.004826
 51.4701 0.004824
 51.5683 0.004822
 51.6671 0.004886
 51.7657 0.004912
 51.8653 0.004955
 51.9662 0.005001
 52.0678 0.005011
 52.1694 0.004972
 52.2718 0.004960
 52.3753 0.005030
 52.4784 0.005057
 52.5814 0.005077
 52.6852 0.005106
 52.7914 0.005138
 52.8989 0.005172
 53.0072 0.005157
 53.1178 0.005207
 53.2265 0.005158
 53.3380 0.005150
 53.4497 0.005253
 53.5621 0.005245
 53.6770 0.005275
 53.7925 0.005317
 53.9086 0.005389
 54.0272 0.005493
 54.1468 0.005503
 54.2667 0.005467
 54.3874 0.005523
 54.5096 0.005572
 54.6350 0.005586
 54.7619 0.005662
 54.8908 0.005646
 55.0201 0.005711
 55.1507 0.005676
 55.2835 0.005658
 55.4186 0.005722
 55.5569 0.005840
 55.6972 0.005902
 55.8377 0.005956
 55.9828 0.006026
 56.1290 0.006085
 56.2795 0.006106
 56.4320 0.006162
 56.5870 0.006183
 56.7442 0.006307
 56.9052 0.006357
 57.0686 0.006473
 57.2365 0.006566
 57.4084 0.006725
 57.5852 0.006817
 57.7632 0.006877
 57.9478 0.007086
 58.1378 0.007245
 58.3319 0.007293
 58.5299 0.007295
 58.7358 0.007374
 58.9470 0.007515
 59.1684 0.007581
 59.3957 0.007743
 59.6292 0.007866
 59.8747 0.008046
 60.1274 0.008206
 60.3893 0.008372
 60.6658 0.008495
 60.9587 0.008781
 61.2586 0.008955
 61.5786 0.009056
 61.9172 0.009226
 62.2779 0.009477
 62.6608 0.009886
 63.0747 0.009960
 63.5237 0.010354
 64.0083 0.010854
 64.5500 0.011334
 65.1557 0.012108
 65.8374 0.012776
 66.6295 0.013565
 67.5881 0.015089
 68.8024 0.016606
 70.4547 0.019736
 70.8834 0.020991
 71.3500 0.022161
 71.8755 0.024045
 72.4663 0.025727
 73.1574 0.028359
 74.0064 0.031312
 75.0834 0.035790
 76.5704 0.043088
 79.0491 0.060777
 81.5494 0.082725
 84.5990 0.123492
 86.9035 0.171034
 tr0-06-6 3 1
 86.5151 0.150746
 88.6545 0.116177
 91.6370 0.079246
 94.0907 0.058024
 96.6607 0.044334
 98.2665 0.039145
 99.5143 0.034582
100.4848 0.032821
101.2874 0.029721
101.9792 0.028579
102.5966 0.026962
103.1759 0.026112
103.6843 0.024518
105.7568 0.021800
107.2866 0.020388
108.5456 0.019257
109.6188 0.018052
110.5505 0.017104
111.3982 0.015893
112.1612 0.015006
112.8585 0.014869
113.5083 0.014673
114.1185 0.014144
114.6870 0.013737
115.2247 0.013589
115.7345 0.013425
116.2188 0.013159
116.6812 0.013107
117.1312 0.013013
117.5611 0.012968
117.9787 0.012822
118.3823 0.012737
118.7688 0.012444
119.1462 0.012410
119.5130 0.012203
119.8749 0.011968
120.2236 0.011955
120.5605 0.011833
120.8922 0.011762
121.2176 0.011766
121.5304 0.011752
121.8399 0.011536
122.1459 0.011455
122.4425 0.011388
122.7349 0.011313
123.0234 0.011423
123.3064 0.011258
123.5875 0.011005
123.8630 0.011055
124.1329 0.010922
124.3985 0.010866
124.6617 0.010761
124.9207 0.010738
125.1778 0.010695
125.4291 0.010694
125.6798 0.010630
125.9329 0.010542
126.1771 0.010547
126.4210 0.010515
126.6612 0.010593
126.8993 0.010566
127.1341 0.010623
127.3664 0.010589
127.5974 0.010618
127.8290 0.010614
128.0563 0.010646
128.2825 0.010646
128.5097 0.010528
128.7337 0.010540
128.9541 0.010473
129.1718 0.010284
129.3910 0.010150
129.6108 0.010077
129.8267 0.010048
130.0419 0.010074
130.2557 0.010086
130.4711 0.010093
130.6842 0.010002
130.8929 0.010060
131.1054 0.010003
131.3151 0.009970
131.5225 0.009915
131.7309 0.010038
131.9396 0.009865
132.1465 0.009806
132.3522 0.009914
132.5561 0.009868
132.7593 0.010027
132.9618 0.010067
133.1667 0.010010
133.3698 0.010056
133.5724 0.010119
133.7729 0.010184
133.9740 0.010127
134.1755 0.010075
134.3751 0.010018
134.5758 0.010028
134.7755 0.010071
134.9757 0.010123
135.1739 0.010170
135.3725 0.010251
135.5719 0.010249
135.7707 0.010266
135.9690 0.010228
136.1665 0.010251
136.3646 0.010245
136.5646 0.010245
136.7646 0.010246
136.9624 0.010289
137.1597 0.010292
137.3604 0.010377
137.5614 0.010229
137.7615 0.010093
137.9614 0.010275
138.1643 0.010245
138.3676 0.010291
138.5677 0.010370
138.7680 0.010281
138.9710 0.010263
139.1744 0.010291
139.3767 0.010325
139.5770 0.010276
139.7831 0.010275
139.9870 0.010258
140.1940 0.010362
140.3993 0.010424
140.6061 0.010464
140.8142 0.010523
141.0230 0.010554
141.2324 0.010460
141.4404 0.010621
141.6505 0.010683
141.8611 0.010634
142.0745 0.010620
142.2869 0.010529
142.5018 0.010626
142.7186 0.010651
142.9375 0.010730
143.1578 0.010825
143.3746 0.010960
143.5950 0.010998
143.8182 0.010972
144.0414 0.011045
144.2683 0.011007
144.4938 0.010993
144.7212 0.010921
144.9495 0.011061
145.1803 0.011120
145.4149 0.011107
145.6517 0.011093
145.8919 0.011066
146.1310 0.011149
146.3715 0.011258
146.6133 0.011412
146.8595 0.011405
147.1077 0.011387
147.3560 0.011412
147.6080 0.011471
147.8660 0.011639
148.1237 0.011822
148.3846 0.011910
148.6506 0.011928
148.9199 0.012038
149.1864 0.012095
149.4632 0.012246
149.7425 0.012221
150.0268 0.012316
150.3127 0.012397
150.6080 0.012579
150.9075 0.012629
151.2088 0.012716
151.5131 0.012760
151.8231 0.013001
152.1436 0.013207
152.4696 0.013307
152.7977 0.013455
153.1375 0.013658
153.4790 0.013751
153.8331 0.013836
154.1920 0.013862
154.5598 0.013907
154.9377 0.014233
155.3206 0.014278
155.7203 0.014624
156.1203 0.014855
156.5421 0.015076
156.9781 0.015106
157.4208 0.015503
157.8741 0.015939
158.3441 0.016269
158.8299 0.016363
159.3374 0.016748
159.8697 0.017003
160.4193 0.017173
160.9936 0.017536
161.6075 0.017368
162.2464 0.017590
162.9353 0.017868
163.6672 0.018416
164.4586 0.018698
165.2953 0.019731
166.2178 0.020979
167.2262 0.022047
168.3405 0.023100
169.6079 0.023935
171.0740 0.026078
172.8142 0.028775
174.9822 0.031943
177.9131 0.038444
178.6665 0.039261
179.4669 0.040163
180.4024 0.041004
181.4544 0.042190
182.7222 0.047537
184.1964 0.052282
186.0580 0.057296
188.6844 0.069134
192.8651 0.097611
196.7919 0.140425
201.8913 0.202737
205.6050 0.279630
 tr1-06-6 3 1
 96.2996 0.146814
 98.5758 0.121539
101.6632 0.081718
104.1759 0.060794
106.9120 0.046033
108.6336 0.039233
109.9051 0.036308
110.9060 0.034774
111.7448 0.032096
112.4826 0.030184
113.1246 0.028464
113.6897 0.027579
114.2246 0.026650
116.3741 0.022569
117.9910 0.020564
119.3010 0.018707
120.4338 0.017713
121.4086 0.016693
122.2836 0.016325
123.0866 0.015878
123.8143 0.015578
124.5025 0.015626
125.1420 0.014810
125.7407 0.014853
126.3151 0.014512
126.8541 0.014409
127.3645 0.014109
127.8511 0.013663
128.3198 0.013490
128.7701 0.013449
129.2019 0.013351
129.6200 0.013066
130.0198 0.012988
130.4123 0.012618
130.7927 0.012160
131.1619 0.011917
131.5268 0.011947
131.8810 0.012116
132.2259 0.011950
132.5666 0.011693
132.8950 0.011645
133.2166 0.011547
133.5311 0.011456
133.8374 0.011451
134.1399 0.011475
134.4391 0.011404
134.7334 0.011286
135.0259 0.011248
135.3142 0.011320
135.6006 0.011406
135.8758 0.011347
136.1515 0.011245
136.4229 0.011321
136.6899 0.011197
136.9543 0.011195
137.2140 0.011062
137.4762 0.011051
137.7324 0.011064
137.9874 0.011064
138.2380 0.010956
138.4872 0.010944
138.7319 0.010859
138.9745 0.010928
139.2148 0.010956
139.4526 0.010867
139.6886 0.010717
139.9216 0.010777
140.1542 0.010849
140.3871 0.010649
140.6200 0.010693
140.8492 0.010786
141.0783 0.010745
141.3036 0.010726
141.5307 0.010672
141.7565 0.010646
141.9771 0.010660
142.1988 0.010617
142.4193 0.010537
142.6372 0.010448
142.8553 0.010451
143.0717 0.010518
143.2862 0.010541
143.5029 0.010513
143.7189 0.010569
143.9324 0.010539
144.1444 0.010610
144.3573 0.010598
144.5689 0.010559
144.7794 0.010600
144.9903 0.010514
145.1990 0.010488
145.4080 0.010383
145.6175 0.010365
145.8231 0.010380
146.0331 0.010396
146.2411 0.010324
146.4494 0.010258
146.6573 0.010216
146.8657 0.010343
147.0752 0.010443
147.2859 0.010471
147.4906 0.010521
147.6980 0.010533
147.9058 0.010532
148.1122 0.010549
148.3205 0.010515
148.5296 0.010462
148.7376 0.010464
148.9475 0.010541
149.1517 0.010582
149.3586 0.010590
149.5672 0.010535
149.7766 0.010558
149.9851 0.010620
150.1960 0.010625
150.4058 0.010630
150.6130 0.010581
150.8224 0.010567
151.0325 0.010712
151.2431 0.010858
151.4534 0.010842
151.6625 0.010798
151.8712 0.010730
152.0835 0.010818
152.2969 0.010834
152.5105 0.010779
152.7233 0.010835
152.9361 0.010909
153.1530 0.011020
153.3704 0.011149
153.5884 0.011083
153.8092 0.011210
154.0286 0.011320
154.2506 0.011285
154.4709 0.011432
154.6944 0.011561
154.9194 0.011542
155.1462 0.011524
155.3735 0.011544
155.6037 0.011480
155.8324 0.011525
156.0625 0.011648
156.2942 0.011686
156.5301 0.011648
156.7657 0.011739
157.0030 0.011653
157.2417 0.011764
157.4799 0.011843
157.7206 0.011860
157.9676 0.011913
158.2139 0.012029
158.4617 0.012124
158.7124 0.012166
158.9636 0.012202
159.2234 0.012344
159.4808 0.012441
159.7395 0.012533
160.0049 0.012622
160.2741 0.012647
160.5449 0.012702
160.8157 0.012851
161.0954 0.012841
161.3719 0.012890
161.6526 0.013125
161.9396 0.013173
162.2316 0.013283
162.5264 0.013184
162.8248 0.013298
163.1260 0.013430
163.4335 0.013671
163.7459 0.013758
164.0667 0.013860
164.3882 0.013803
164.7142 0.013978
165.0507 0.014051
165.3933 0.014270
165.7377 0.014479
166.0922 0.014536
166.4527 0.014576
166.8219 0.014666
167.1965 0.014639
167.5808 0.015038
167.9775 0.015173
168.3878 0.015643
168.8082 0.015654
169.2412 0.015814
169.6844 0.016189
170.1448 0.016606
170.6242 0.016658
171.1184 0.017009
171.6297 0.017043
172.1587 0.017001
172.7077 0.017515
173.2848 0.017686
173.8867 0.018118
174.5259 0.018537
175.1966 0.018722
175.8980 0.019054
176.6496 0.019299
177.4632 0.019916
178.3370 0.020471
179.2762 0.020749
180.3141 0.021601
181.4745 0.023141
182.7705 0.024017
184.2979 0.025614
186.0924 0.027669
188.3647 0.032643
191.4185 0.039089
192.1851 0.041117
193.0281 0.042012
193.9851 0.044238
195.0734 0.045564
196.3223 0.048998
197.8456 0.053950
199.8107 0.063248
202.4273 0.073520
206.8443 0.098964
211.1242 0.140936
216.5651 0.199261
220.3942 0.255152
tr1s-06-6 3 1
102.1749 0.162921
104.4891 0.122963
107.6287 0.080727
110.1904 0.058132
112.9341 0.044354
114.6253 0.038230
115.8828 0.035950
116.8740 0.033141
117.7229 0.031699
118.4581 0.030252
119.1111 0.028904
119.7029 0.028107
120.2267 0.026888
122.3788 0.023883
123.9888 0.021297
125.3116 0.019848
126.4429 0.018703
127.4345 0.018086
128.3183 0.017093
129.1106 0.016220
129.8414 0.016072
130.5236 0.015594
131.1607 0.015198
131.7546 0.014445
132.3209 0.014204
132.8489 0.014122
133.3576 0.013977
133.8476 0.013554
134.3204 0.013257
134.7671 0.012796
135.2020 0.012576
135.6240 0.012310
136.0296 0.012504
136.4205 0.012630
136.8014 0.012492
137.1716 0.012541
137.5354 0.012484
137.8874 0.012222
138.2326 0.011972
138.5673 0.011953
138.8976 0.011969
139.2214 0.011833
139.5338 0.011796
139.8454 0.011617
140.1488 0.011428
140.4471 0.011423
140.7385 0.011401
141.0321 0.011252
141.3170 0.011282
141.6001 0.011227
141.8780 0.011119
142.1539 0.011063
142.4259 0.011096
142.6924 0.011019
142.9540 0.011196
143.2148 0.011130
143.4743 0.011049
143.7328 0.011058
143.9858 0.010984
144.2378 0.010880
144.4846 0.010913
144.7318 0.010758
144.9744 0.010811
145.2152 0.010850
145.4552 0.010837
145.6959 0.010859
145.9315 0.010928
146.1659 0.010979
146.3956 0.010948
146.6234 0.011055
146.8529 0.010885
147.0809 0.010838
147.3055 0.010725
147.5324 0.010811
147.7598 0.010832
147.9816 0.010824
148.2059 0.010938
148.4238 0.010839
148.6445 0.010817
148.8625 0.010880
149.0785 0.010816
149.2975 0.010757
149.5125 0.010682
149.7276 0.010596
149.9389 0.010600
150.1518 0.010604
150.3629 0.010584
150.5745 0.010456
150.7846 0.010535
150.9956 0.010406
151.2061 0.010385
151.4156 0.010368
151.6247 0.010504
151.8365 0.010501
152.0472 0.010498
152.2568 0.010480
152.4646 0.010443
152.6725 0.010485
152.8809 0.010400
153.0877 0.010393
153.2959 0.010480
153.5017 0.010540
153.7073 0.010441
153.9157 0.010501
154.1200 0.010522
154.3283 0.010568
154.5327 0.010667
154.7361 0.010643
154.9429 0.010585
155.1525 0.010640
155.3607 0.010673
155.5700 0.010715
155.7787 0.010691
155.9891 0.010655
156.1935 0.010715
156.4022 0.010795
156.6118 0.010675
156.8231 0.010697
157.0342 0.010728
157.2434 0.010879
157.4551 0.010809
157.6687 0.010934
157.8795 0.010908
158.0924 0.011087
158.3059 0.011226
158.5203 0.011306
158.7321 0.011260
158.9481 0.011296
159.1646 0.011339
159.3815 0.011371
159.5990 0.011433
159.8174 0.011367
160.0353 0.011448
160.2565 0.011386
160.4802 0.011386
160.7010 0.011353
160.9273 0.011389
161.1507 0.011371
161.3751 0.011583
161.6000 0.011706
161.8258 0.011857
162.0563 0.012020
162.2873 0.012001
162.5212 0.012018
162.7575 0.011954
162.9954 0.012033
163.2327 0.012030
163.4773 0.011987
163.7168 0.012059
163.9621 0.012188
164.2097 0.012142
164.4601 0.012200
164.7101 0.012167
164.9626 0.012151
165.2195 0.012121
165.4802 0.012195
165.7388 0.012233
166.0003 0.012306
166.2663 0.012470
166.5374 0.012593
166.8069 0.012815
167.0813 0.012868
167.3598 0.012910
167.6437 0.013095
167.9292 0.013197
168.2179 0.013248
168.5133 0.013138
168.8058 0.013298
169.1079 0.013283
169.4217 0.013386
169.7323 0.013538
170.0499 0.013479
170.3735 0.013677
170.7039 0.013610
171.0353 0.013724
171.3786 0.013847
171.7253 0.013939
172.0806 0.014209
172.4423 0.014431
172.8120 0.014658
173.1897 0.014660
173.5785 0.015034
173.9757 0.015282
174.3824 0.015239
174.8005 0.015628
175.2350 0.015729
175.6814 0.015973
176.1451 0.016221
176.6200 0.016626
177.1069 0.016824
177.6150 0.017275
178.1400 0.017581
178.6974 0.017391
179.2765 0.018094
179.8826 0.018399
180.5096 0.018480
181.1813 0.018896
181.8892 0.019184
182.6422 0.019873
183.4394 0.020083
184.3055 0.020801
185.2510 0.021064
186.2819 0.021565
187.4360 0.023518
188.7517 0.025263
190.2592 0.026139
192.0728 0.029573
194.3251 0.032392
197.3607 0.037917
198.1179 0.039903
198.9901 0.042447
199.9477 0.044124
201.0364 0.046600
202.3170 0.049735
203.8451 0.054957
205.7715 0.062842
208.3978 0.072804
212.8552 0.099947
217.1047 0.141285
222.5842 0.193717
226.5377 0.256218
 tr2-06-6 3 1
106.4772 0.165997
108.7813 0.120807
111.9862 0.085569
114.7017 0.066166
117.5850 0.049973
119.3650 0.043000
120.6842 0.037403
121.7511 0.035026
122.6463 0.033022
123.4225 0.030161
124.1134 0.028671
124.7287 0.027832
125.2826 0.026731
127.5274 0.023306
129.2307 0.021488
130.6029 0.020455
131.7806 0.018822
132.8042 0.017891
133.7154 0.017111
134.5365 0.016770
135.2872 0.016262
135.9850 0.015747
136.6480 0.015632
137.2646 0.015527
137.8540 0.015144
138.4155 0.014701
138.9462 0.014431
139.4534 0.014114
139.9396 0.013969
140.4101 0.013560
140.8580 0.013238
141.2946 0.013136
141.7135 0.012988
142.1230 0.012871
142.5160 0.012775
142.9089 0.012614
143.2883 0.012636
143.6573 0.012554
144.0172 0.012486
144.3678 0.012600
144.7131 0.012637
145.0481 0.012390
145.3787 0.012137
145.7036 0.011950
146.0209 0.012064
146.3368 0.011972
146.6415 0.011824
146.9405 0.011884
147.2396 0.011915
147.5330 0.011841
147.8259 0.011603
148.1089 0.011527
148.3955 0.011456
148.6697 0.011426
148.9447 0.011352
149.2153 0.011306
149.4854 0.011332
149.7491 0.011397
150.0111 0.011350
150.2720 0.011225
150.5278 0.011064
150.7826 0.011014
151.0364 0.011059
151.2893 0.010982
151.5390 0.010861
151.7858 0.010927
152.0292 0.010938
152.2719 0.010960
152.5131 0.011021
152.7537 0.011119
152.9900 0.011095
153.2252 0.010988
153.4591 0.011039
153.6908 0.010972
153.9227 0.010975
154.1508 0.011047
154.3842 0.011061
154.6117 0.010970
154.8396 0.010924
155.0673 0.010925
155.2929 0.010880
155.5162 0.010824
155.7415 0.010813
155.9682 0.010923
156.1911 0.010918
156.4123 0.010820
156.6354 0.010879
156.8562 0.010835
157.0748 0.010800
157.2924 0.010865
157.5081 0.010787
157.7235 0.010828
157.9393 0.010779
158.1544 0.010828
158.3706 0.010740
158.5873 0.010790
158.8009 0.010725
159.0148 0.010713
159.2312 0.010744
159.4468 0.010637
159.6621 0.010736
159.8773 0.010792
160.0910 0.010741
160.3058 0.010710
160.5212 0.010863
160.7352 0.010803
160.9509 0.010838
161.1659 0.011013
161.3786 0.010942
161.5933 0.010917
161.8063 0.010981
162.0219 0.011063
162.2392 0.011003
162.4541 0.011000
162.6699 0.011009
162.8850 0.011016
163.1017 0.010944
163.3193 0.011002
163.5359 0.011001
163.7551 0.010915
163.9762 0.010971
164.1949 0.010998
164.4167 0.011135
164.6352 0.011063
164.8573 0.011039
165.0755 0.011132
165.2969 0.011052
165.5219 0.011064
165.7496 0.011064
165.9722 0.011164
166.1970 0.011161
166.4255 0.011010
166.6577 0.010972
166.8853 0.011041
167.1141 0.011027
167.3441 0.011184
167.5767 0.011310
167.8097 0.011459
168.0431 0.011520
168.2831 0.011420
168.5237 0.011471
168.7594 0.011380
169.0034 0.011379
169.2482 0.011521
169.4903 0.011531
169.7339 0.011427
169.9804 0.011546
170.2276 0.011654
170.4777 0.011641
170.7274 0.011694
170.9818 0.011801
171.2423 0.011895
171.4996 0.012088
171.7650 0.012006
172.0314 0.012145
172.2962 0.012344
172.5663 0.012344
172.8366 0.012465
173.1152 0.012632
173.3915 0.012730
173.6749 0.012649
173.9605 0.012711
174.2475 0.012810
174.5411 0.012923
174.8376 0.013149
175.1412 0.013011
175.4420 0.012950
175.7502 0.012910
176.0667 0.013084
176.3843 0.013157
176.7104 0.013168
177.0362 0.013180
177.3757 0.013411
177.7132 0.013314
178.0655 0.013350
178.4171 0.013485
178.7787 0.013802
179.1483 0.013952
179.5261 0.014193
179.9085 0.014332
180.3035 0.014328
180.7027 0.014209
181.1158 0.014359
181.5385 0.014591
181.9713 0.014803
182.4116 0.015284
182.8721 0.015284
183.3499 0.015632
183.8446 0.016035
184.3478 0.016401
184.8717 0.017014
185.4177 0.017264
185.9840 0.017534
186.5816 0.017684
187.2201 0.017866
187.8674 0.018141
188.5518 0.018205
189.2801 0.018627
190.0553 0.019006
190.8817 0.019839
191.7674 0.020648
192.7490 0.021436
193.8262 0.022203
195.0114 0.023060
196.3834 0.024063
197.9516 0.026511
199.8101 0.029407
202.1377 0.032282
205.2797 0.038157
206.0687 0.040217
206.9534 0.042501
207.9212 0.045139
209.0147 0.047763
210.3382 0.052567
211.9210 0.056124
213.9249 0.064215
216.6755 0.072219
221.2710 0.105323
225.4131 0.145059
231.0227 0.203052
234.9607 0.276944
tr2s-06-6 3 1
112.7313 0.169247
114.9168 0.128478
118.1432 0.084402
120.8487 0.066739
123.7265 0.048309
125.5213 0.042783
126.8355 0.038932
127.9108 0.035308
128.8040 0.033377
129.5871 0.031471
130.2763 0.029516
130.8981 0.028847
131.4484 0.027234
133.6875 0.023513
135.3478 0.020913
136.7138 0.019402
137.8892 0.018664
138.9104 0.018158
139.8299 0.017119
140.6484 0.017081
141.4135 0.016279
142.1026 0.015853
142.7548 0.015461
143.3772 0.014899
143.9588 0.014607
144.5081 0.014285
145.0332 0.014112
145.5346 0.014012
146.0156 0.013616
146.4835 0.013428
146.9336 0.013207
147.3690 0.013004
147.7892 0.012758
148.1892 0.012707
148.5880 0.012714
148.9733 0.012722
149.3509 0.012424
149.7151 0.012431
150.0671 0.012497
150.4162 0.012305
150.7582 0.012238
151.0961 0.012239
151.4213 0.012053
151.7435 0.012019
152.0578 0.011654
152.3695 0.011524
152.6785 0.011457
152.9812 0.011417
153.2799 0.011354
153.5747 0.011510
153.8621 0.011348
154.1493 0.011346
154.4293 0.011288
154.7060 0.011380
154.9815 0.011318
155.2517 0.011392
155.5202 0.011414
155.7853 0.011481
156.0486 0.011441
156.3070 0.011493
156.5622 0.011502
156.8142 0.011418
157.0665 0.011392
157.3183 0.011426
157.5671 0.011383
157.8159 0.011333
158.0609 0.011327
158.3029 0.011241
158.5412 0.011372
158.7770 0.011240
159.0173 0.011300
159.2526 0.011175
159.4868 0.011117
159.7202 0.011079
159.9506 0.011004
160.1822 0.010870
160.4127 0.010865
160.6398 0.010762
160.8679 0.010752
161.0946 0.010681
161.3198 0.010741
161.5424 0.010670
161.7628 0.010589
161.9823 0.010731
162.2077 0.010863
162.4287 0.010884
162.6468 0.010807
162.8677 0.010722
163.0885 0.010706
163.3052 0.010746
163.5244 0.010670
163.7403 0.010692
163.9552 0.010860
164.1709 0.010809
164.3856 0.010860
164.6002 0.010855
164.8147 0.010873
165.0286 0.010948
165.2428 0.011011
165.4546 0.011095
165.6690 0.011003
165.8842 0.011037
166.0983 0.011058
166.3129 0.011123
166.5237 0.011213
166.7393 0.011169
166.9515 0.011121
167.1624 0.011098
167.3783 0.011076
167.5922 0.011061
167.8080 0.011151
168.0224 0.011142
168.2365 0.011203
168.4527 0.011164
168.6672 0.011156
168.8818 0.011194
169.0970 0.011135
169.3120 0.011078
169.5314 0.011128
169.7490 0.011250
169.9666 0.011248
170.1852 0.011197
170.4042 0.011287
170.6218 0.011239
170.8456 0.011236
171.0659 0.011206
171.2877 0.011125
171.5105 0.011119
171.7301 0.011158
171.9541 0.011234
172.1775 0.011135
172.4065 0.011070
172.6328 0.011016
172.8611 0.010977
173.0902 0.011055
173.3199 0.011158
173.5521 0.011165
173.7844 0.011310
174.0173 0.011407
174.2526 0.011273
174.4902 0.011236
174.7274 0.011142
174.9695 0.011157
175.2085 0.011247
175.4531 0.011480
175.6972 0.011673
175.9481 0.011770
176.1980 0.011997
176.4465 0.012110
176.6995 0.012130
176.9560 0.012086
177.2122 0.012339
177.4699 0.012325
177.7306 0.012321
177.9940 0.012184
178.2610 0.012217
178.5355 0.012477
178.8065 0.012513
179.0813 0.012522
179.3606 0.012528
179.6399 0.012525
179.9238 0.012625
180.2140 0.012789
180.5034 0.012885
180.7967 0.012985
181.0958 0.013149
181.3962 0.013008
181.7054 0.013236
182.0177 0.013176
182.3350 0.013075
182.6562 0.013328
182.9809 0.013382
183.3156 0.013442
183.6575 0.013624
184.0042 0.013700
184.3560 0.013939
184.7181 0.014084
185.0834 0.014200
185.4598 0.014184
185.8411 0.014439
186.2286 0.014750
186.6340 0.014675
187.0449 0.014600
187.4665 0.014776
187.8958 0.015069
188.3378 0.015113
188.8018 0.014950
189.2797 0.015348
189.7723 0.015789
190.2790 0.016165
190.8085 0.016529
191.3492 0.017055
191.9225 0.017477
192.5114 0.017477
193.1330 0.018016
193.7815 0.018389
194.4697 0.018629
195.2048 0.018601
195.9786 0.019687
196.8057 0.020299
197.6889 0.020516
198.6717 0.021292
199.7435 0.022104
200.9418 0.023946
202.2989 0.024765
203.8437 0.026125
205.6822 0.029956
208.0148 0.032085
211.1641 0.037266
211.9495 0.039204
212.8339 0.042394
213.8118 0.045531
214.9280 0.048473
216.2912 0.051137
217.8378 0.056322
219.8371 0.063686
222.6082 0.074090
227.1009 0.105137
231.2968 0.140141
236.8236 0.201814
240.6989 0.281190
