Copyright (C) 1998 James G. MacKinnon, Alfred A. Haug, and Leo Michelis.
 lm0-07-4 3 1
 24.5642 0.048242
 25.2143 0.037589
 26.2525 0.027115
 27.0439 0.021023
 27.8968 0.015569
 28.4551 0.013532
 28.8689 0.011963
 29.1976 0.011228
 29.4780 0.010660
 29.7247 0.009842
 29.9406 0.009282
 30.1359 0.008924
 30.3171 0.008574
 31.0428 0.007347
 31.6004 0.006781
 32.0503 0.006119
 32.4361 0.005837
 32.7756 0.005741
 33.0806 0.005576
 33.3603 0.005447
 33.6169 0.005214
 33.8585 0.005153
 34.0829 0.005034
 34.2980 0.005009
 34.5006 0.004943
 34.6926 0.004843
 34.8756 0.004703
 35.0505 0.004669
 35.2217 0.004607
 35.3857 0.004550
 35.5438 0.004509
 35.6960 0.004503
 35.8441 0.004560
 35.9859 0.004520
 36.1259 0.004554
 36.2618 0.004522
 36.3942 0.004488
 36.5254 0.004506
 36.6539 0.004450
 36.7793 0.004412
 36.9018 0.004428
 37.0227 0.004401
 37.1401 0.004401
 37.2567 0.004400
 37.3718 0.004386
 37.4852 0.004406
 37.5966 0.004427
 37.7054 0.004393
 37.8146 0.004364
 37.9214 0.004417
 38.0286 0.004476
 38.1327 0.004418
 38.2363 0.004414
 38.3385 0.004442
 38.4394 0.004437
 38.5398 0.004461
 38.6383 0.004469
 38.7356 0.004463
 38.8317 0.004450
 38.9284 0.004494
 39.0245 0.004503
 39.1186 0.004492
 39.2128 0.004487
 39.3063 0.004478
 39.3984 0.004501
 39.4907 0.004481
 39.5820 0.004481
 39.6740 0.004474
 39.7636 0.004470
 39.8545 0.004475
 39.9455 0.004491
 40.0353 0.004533
 40.1248 0.004543
 40.2122 0.004545
 40.3001 0.004528
 40.3882 0.004522
 40.4740 0.004538
 40.5605 0.004560
 40.6473 0.004570
 40.7334 0.004556
 40.8202 0.004599
 40.9053 0.004589
 40.9910 0.004589
 41.0762 0.004570
 41.1612 0.004595
 41.2463 0.004600
 41.3308 0.004610
 41.4159 0.004635
 41.5012 0.004617
 41.5861 0.004583
 41.6708 0.004608
 41.7550 0.004581
 41.8393 0.004575
 41.9235 0.004595
 42.0073 0.004647
 42.0916 0.004650
 42.1751 0.004650
 42.2586 0.004669
 42.3427 0.004668
 42.4273 0.004692
 42.5105 0.004727
 42.5951 0.004748
 42.6795 0.004749
 42.7643 0.004763
 42.8486 0.004802
 42.9330 0.004869
 43.0185 0.004860
 43.1048 0.004841
 43.1894 0.004889
 43.2738 0.004857
 43.3589 0.004853
 43.4441 0.004807
 43.5298 0.004827
 43.6161 0.004821
 43.7013 0.004818
 43.7876 0.004814
 43.8741 0.004807
 43.9603 0.004824
 44.0470 0.004831
 44.1332 0.004819
 44.2215 0.004827
 44.3103 0.004843
 44.3985 0.004849
 44.4885 0.004837
 44.5759 0.004863
 44.6658 0.004847
 44.7553 0.004897
 44.8454 0.004940
 44.9373 0.004945
 45.0287 0.004974
 45.1202 0.004951
 45.2144 0.004974
 45.3066 0.004984
 45.4006 0.004986
 45.4949 0.004952
 45.5907 0.004986
 45.6840 0.005020
 45.7807 0.004988
 45.8781 0.005016
 45.9760 0.005059
 46.0754 0.005118
 46.1741 0.005229
 46.2738 0.005278
 46.3745 0.005209
 46.4754 0.005204
 46.5770 0.005187
 46.6809 0.005248
 46.7835 0.005203
 46.8884 0.005217
 46.9933 0.005254
 47.1016 0.005282
 47.2101 0.005385
 47.3207 0.005365
 47.4319 0.005447
 47.5431 0.005473
 47.6566 0.005476
 47.7710 0.005522
 47.8849 0.005544
 48.0022 0.005610
 48.1210 0.005713
 48.2411 0.005690
 48.3621 0.005700
 48.4857 0.005730
 48.6109 0.005717
 48.7391 0.005812
 48.8686 0.005839
 48.9986 0.005928
 49.1326 0.005956
 49.2682 0.005971
 49.4057 0.006060
 49.5447 0.006156
 49.6876 0.006203
 49.8336 0.006264
 49.9810 0.006335
 50.1344 0.006348
 50.2889 0.006453
 50.4480 0.006474
 50.6098 0.006526
 50.7745 0.006569
 50.9453 0.006572
 51.1186 0.006626
 51.2965 0.006683
 51.4806 0.006757
 51.6689 0.006822
 51.8613 0.006922
 52.0608 0.006900
 52.2668 0.007139
 52.4777 0.007344
 52.6983 0.007507
 52.9287 0.007800
 53.1672 0.007900
 53.4142 0.008085
 53.6715 0.008112
 53.9465 0.008222
 54.2345 0.008520
 54.5370 0.008713
 54.8554 0.008954
 55.1963 0.009447
 55.5594 0.009829
 55.9515 0.010179
 56.3755 0.010608
 56.8373 0.011183
 57.3441 0.011525
 57.9186 0.012038
 58.5682 0.012570
 59.3216 0.014161
 60.2299 0.015576
 61.3707 0.017232
 62.9395 0.020164
 63.3325 0.021615
 63.7936 0.021959
 64.2933 0.023753
 64.8594 0.025414
 65.5186 0.027908
 66.3192 0.030574
 67.3502 0.033892
 68.7774 0.039688
 71.2225 0.057089
 73.5788 0.075900
 76.5199 0.110549
 78.7138 0.156907
 lm1-07-4 3 1
 26.9462 0.049907
 27.6259 0.038675
 28.6377 0.027427
 29.4492 0.020419
 30.3426 0.016095
 30.9102 0.013612
 31.3336 0.012056
 31.6755 0.011306
 31.9703 0.010512
 32.2277 0.009941
 32.4544 0.009394
 32.6593 0.008659
 32.8416 0.008300
 33.5866 0.007742
 34.1574 0.007082
 34.6196 0.006848
 35.0170 0.006604
 35.3685 0.006113
 35.6822 0.005727
 35.9745 0.005577
 36.2419 0.005615
 36.4923 0.005434
 36.7257 0.005247
 36.9475 0.005132
 37.1550 0.005069
 37.3536 0.005052
 37.5441 0.004985
 37.7254 0.005002
 37.8997 0.005020
 38.0665 0.004934
 38.2293 0.004836
 38.3872 0.004849
 38.5389 0.004799
 38.6877 0.004802
 38.8318 0.004811
 38.9732 0.004762
 39.1108 0.004745
 39.2462 0.004730
 39.3791 0.004690
 39.5081 0.004665
 39.6354 0.004628
 39.7602 0.004582
 39.8820 0.004538
 40.0025 0.004503
 40.1208 0.004499
 40.2394 0.004464
 40.3529 0.004419
 40.4655 0.004457
 40.5763 0.004476
 40.6861 0.004480
 40.7952 0.004407
 40.9024 0.004450
 41.0095 0.004469
 41.1137 0.004489
 41.2180 0.004473
 41.3206 0.004482
 41.4222 0.004472
 41.5229 0.004410
 41.6231 0.004375
 41.7225 0.004331
 41.8221 0.004275
 41.9182 0.004264
 42.0150 0.004290
 42.1121 0.004294
 42.2075 0.004312
 42.3020 0.004392
 42.3957 0.004447
 42.4884 0.004437
 42.5821 0.004443
 42.6748 0.004388
 42.7674 0.004399
 42.8590 0.004429
 42.9498 0.004363
 43.0401 0.004338
 43.1297 0.004371
 43.2197 0.004363
 43.3094 0.004395
 43.3998 0.004405
 43.4890 0.004392
 43.5779 0.004415
 43.6663 0.004389
 43.7541 0.004416
 43.8427 0.004417
 43.9305 0.004427
 44.0184 0.004461
 44.1071 0.004430
 44.1949 0.004479
 44.2812 0.004472
 44.3684 0.004531
 44.4541 0.004539
 44.5404 0.004582
 44.6276 0.004580
 44.7148 0.004585
 44.8007 0.004545
 44.8872 0.004527
 44.9729 0.004525
 45.0587 0.004547
 45.1448 0.004585
 45.2317 0.004580
 45.3192 0.004612
 45.4060 0.004568
 45.4925 0.004612
 45.5777 0.004657
 45.6645 0.004683
 45.7512 0.004726
 45.8377 0.004761
 45.9248 0.004738
 46.0131 0.004728
 46.1015 0.004726
 46.1899 0.004746
 46.2768 0.004743
 46.3634 0.004752
 46.4511 0.004798
 46.5404 0.004771
 46.6277 0.004803
 46.7165 0.004861
 46.8055 0.004843
 46.8937 0.004889
 46.9830 0.004883
 47.0735 0.004874
 47.1632 0.004910
 47.2549 0.004932
 47.3468 0.004917
 47.4364 0.004955
 47.5268 0.004997
 47.6172 0.005012
 47.7101 0.005010
 47.8019 0.005025
 47.8966 0.005045
 47.9916 0.005068
 48.0860 0.005066
 48.1810 0.005081
 48.2760 0.005106
 48.3711 0.005083
 48.4686 0.005121
 48.5664 0.005144
 48.6649 0.005155
 48.7635 0.005186
 48.8626 0.005242
 48.9641 0.005199
 49.0653 0.005228
 49.1670 0.005235
 49.2689 0.005240
 49.3728 0.005278
 49.4771 0.005313
 49.5811 0.005298
 49.6867 0.005306
 49.7922 0.005349
 49.8992 0.005356
 50.0074 0.005438
 50.1164 0.005468
 50.2268 0.005448
 50.3388 0.005528
 50.4533 0.005564
 50.5687 0.005578
 50.6827 0.005611
 50.7997 0.005712
 50.9167 0.005698
 51.0365 0.005736
 51.1577 0.005742
 51.2805 0.005766
 51.4048 0.005805
 51.5324 0.005819
 51.6598 0.005889
 51.7912 0.005844
 51.9247 0.005920
 52.0587 0.005917
 52.1949 0.005925
 52.3331 0.006014
 52.4741 0.005995
 52.6182 0.006142
 52.7655 0.006177
 52.9153 0.006254
 53.0655 0.006304
 53.2212 0.006375
 53.3785 0.006432
 53.5413 0.006509
 53.7043 0.006536
 53.8729 0.006588
 54.0440 0.006604
 54.2217 0.006652
 54.4016 0.006821
 54.5895 0.006902
 54.7833 0.006974
 54.9813 0.007103
 55.1875 0.007198
 55.4005 0.007334
 55.6199 0.007471
 55.8459 0.007655
 56.0797 0.007729
 56.3248 0.007750
 56.5776 0.007931
 56.8471 0.008102
 57.1256 0.008263
 57.4145 0.008258
 57.7237 0.008501
 58.0499 0.008742
 58.3973 0.009011
 58.7646 0.009445
 59.1652 0.009728
 59.6001 0.010260
 60.0750 0.010652
 60.5970 0.011049
 61.1787 0.011280
 61.8375 0.011792
 62.6047 0.012942
 63.5376 0.014427
 64.7115 0.015814
 66.3039 0.018475
 66.7054 0.019601
 67.1515 0.020766
 67.6541 0.022574
 68.2299 0.024786
 68.9280 0.027882
 69.7473 0.030886
 70.7957 0.034260
 72.3302 0.042469
 74.7873 0.054806
 77.0179 0.076033
 80.0513 0.114858
 82.5029 0.156503
lm1s-07-4 3 1
 27.6349 0.049217
 28.3646 0.038823
 29.3325 0.027874
 30.1546 0.020599
 31.0754 0.014900
 31.6368 0.012999
 32.0771 0.011843
 32.4187 0.010942
 32.7141 0.010427
 32.9647 0.009915
 33.1892 0.009525
 33.3914 0.009266
 33.5773 0.009162
 34.3212 0.007807
 34.8963 0.007251
 35.3635 0.006750
 35.7610 0.006379
 36.1139 0.006004
 36.4313 0.005864
 36.7252 0.005619
 36.9941 0.005340
 37.2440 0.005226
 37.4796 0.005065
 37.6984 0.005059
 37.9077 0.005112
 38.1056 0.004935
 38.2946 0.004927
 38.4744 0.004851
 38.6499 0.004868
 38.8186 0.004832
 38.9810 0.004747
 39.1406 0.004797
 39.2943 0.004680
 39.4424 0.004665
 39.5885 0.004678
 39.7292 0.004591
 39.8676 0.004545
 40.0009 0.004540
 40.1317 0.004499
 40.2619 0.004475
 40.3886 0.004457
 40.5133 0.004459
 40.6366 0.004473
 40.7560 0.004465
 40.8741 0.004441
 40.9906 0.004460
 41.1061 0.004460
 41.2196 0.004496
 41.3317 0.004463
 41.4415 0.004498
 41.5514 0.004492
 41.6582 0.004425
 41.7657 0.004427
 41.8707 0.004452
 41.9732 0.004393
 42.0762 0.004435
 42.1779 0.004382
 42.2782 0.004423
 42.3787 0.004464
 42.4773 0.004508
 42.5755 0.004466
 42.6741 0.004436
 42.7707 0.004455
 42.8674 0.004432
 42.9604 0.004443
 43.0556 0.004494
 43.1505 0.004534
 43.2441 0.004548
 43.3367 0.004549
 43.4303 0.004549
 43.5227 0.004520
 43.6159 0.004533
 43.7074 0.004567
 43.7980 0.004583
 43.8889 0.004509
 43.9796 0.004508
 44.0695 0.004525
 44.1591 0.004534
 44.2482 0.004528
 44.3376 0.004535
 44.4255 0.004561
 44.5130 0.004586
 44.6017 0.004583
 44.6898 0.004562
 44.7771 0.004561
 44.8646 0.004580
 44.9514 0.004564
 45.0384 0.004581
 45.1240 0.004598
 45.2110 0.004653
 45.2980 0.004645
 45.3847 0.004604
 45.4712 0.004644
 45.5585 0.004622
 45.6441 0.004646
 45.7296 0.004635
 45.8154 0.004632
 45.9020 0.004571
 45.9892 0.004556
 46.0755 0.004593
 46.1628 0.004660
 46.2495 0.004697
 46.3370 0.004707
 46.4240 0.004668
 46.5106 0.004613
 46.5969 0.004604
 46.6839 0.004659
 46.7712 0.004661
 46.8579 0.004655
 46.9462 0.004686
 47.0347 0.004681
 47.1227 0.004661
 47.2102 0.004720
 47.2995 0.004728
 47.3885 0.004718
 47.4766 0.004717
 47.5646 0.004788
 47.6544 0.004811
 47.7432 0.004846
 47.8333 0.004826
 47.9226 0.004893
 48.0138 0.004923
 48.1047 0.004965
 48.1965 0.004937
 48.2865 0.004999
 48.3795 0.005028
 48.4716 0.005052
 48.5645 0.005073
 48.6593 0.005098
 48.7528 0.005125
 48.8467 0.005136
 48.9425 0.005130
 49.0383 0.005162
 49.1353 0.005137
 49.2323 0.005185
 49.3294 0.005202
 49.4270 0.005195
 49.5271 0.005203
 49.6258 0.005265
 49.7266 0.005301
 49.8271 0.005314
 49.9284 0.005270
 50.0297 0.005320
 50.1329 0.005271
 50.2375 0.005298
 50.3421 0.005280
 50.4473 0.005262
 50.5533 0.005320
 50.6606 0.005414
 50.7678 0.005436
 50.8767 0.005451
 50.9871 0.005516
 51.0993 0.005531
 51.2105 0.005497
 51.3251 0.005501
 51.4414 0.005503
 51.5588 0.005536
 51.6772 0.005626
 51.7978 0.005670
 51.9204 0.005729
 52.0447 0.005697
 52.1709 0.005671
 52.2968 0.005645
 52.4237 0.005767
 52.5541 0.005740
 52.6865 0.005663
 52.8215 0.005791
 52.9593 0.005782
 53.0967 0.005817
 53.2376 0.005888
 53.3814 0.005940
 53.5285 0.006092
 53.6761 0.006119
 53.8279 0.006203
 53.9823 0.006323
 54.1402 0.006394
 54.3007 0.006355
 54.4644 0.006417
 54.6322 0.006455
 54.8053 0.006526
 54.9813 0.006734
 55.1664 0.006719
 55.3546 0.006936
 55.5453 0.006964
 55.7434 0.007037
 55.9484 0.007224
 56.1601 0.007356
 56.3796 0.007554
 56.6051 0.007582
 56.8428 0.007830
 57.0868 0.007913
 57.3374 0.008110
 57.6054 0.008188
 57.8856 0.008322
 58.1772 0.008551
 58.4868 0.008793
 58.8125 0.009008
 59.1559 0.009294
 59.5254 0.009457
 59.9299 0.009655
 60.3619 0.010080
 60.8374 0.010161
 61.3604 0.010830
 61.9492 0.011353
 62.6021 0.012120
 63.3790 0.012966
 64.3102 0.014319
 65.4786 0.015795
 67.0654 0.018573
 67.4699 0.019527
 67.9008 0.020663
 68.4105 0.022267
 68.9859 0.024277
 69.6783 0.027242
 70.5168 0.030162
 71.5632 0.034725
 73.0305 0.041739
 75.5010 0.056604
 77.8142 0.077530
 80.7796 0.112856
 83.1902 0.157127
 lm2-07-4 3 1
 29.2981 0.048593
 29.9721 0.038569
 31.0130 0.028324
 31.8528 0.021340
 32.7849 0.016324
 33.3866 0.014375
 33.8132 0.013130
 34.1643 0.012084
 34.4617 0.011215
 34.7224 0.010547
 34.9566 0.010013
 35.1693 0.009859
 35.3627 0.009660
 36.1380 0.008055
 36.7288 0.007481
 37.2093 0.006965
 37.6196 0.006695
 37.9836 0.006420
 38.3122 0.006173
 38.6171 0.005961
 38.8908 0.005977
 39.1451 0.005842
 39.3827 0.005694
 39.6086 0.005630
 39.8244 0.005463
 40.0297 0.005393
 40.2245 0.005238
 40.4096 0.005158
 40.5895 0.005142
 40.7615 0.005093
 40.9294 0.005187
 41.0906 0.005092
 41.2471 0.005051
 41.3995 0.004972
 41.5484 0.004920
 41.6921 0.004873
 41.8343 0.004812
 41.9729 0.004727
 42.1077 0.004764
 42.2425 0.004753
 42.3737 0.004762
 42.5016 0.004740
 42.6260 0.004728
 42.7494 0.004744
 42.8707 0.004671
 42.9920 0.004628
 43.1086 0.004617
 43.2245 0.004626
 43.3393 0.004543
 43.4513 0.004534
 43.5621 0.004518
 43.6719 0.004476
 43.7814 0.004436
 43.8891 0.004443
 43.9957 0.004514
 44.1011 0.004532
 44.2060 0.004580
 44.3098 0.004629
 44.4125 0.004637
 44.5155 0.004672
 44.6163 0.004708
 44.7165 0.004719
 44.8159 0.004747
 44.9145 0.004821
 45.0140 0.004753
 45.1117 0.004737
 45.2085 0.004705
 45.3046 0.004702
 45.3994 0.004747
 45.4931 0.004753
 45.5880 0.004781
 45.6823 0.004785
 45.7757 0.004751
 45.8698 0.004720
 45.9634 0.004717
 46.0563 0.004687
 46.1469 0.004692
 46.2387 0.004684
 46.3306 0.004656
 46.4221 0.004631
 46.5134 0.004654
 46.6047 0.004670
 46.6945 0.004664
 46.7849 0.004703
 46.8740 0.004725
 46.9637 0.004734
 47.0535 0.004773
 47.1443 0.004801
 47.2324 0.004803
 47.3215 0.004797
 47.4116 0.004813
 47.5010 0.004800
 47.5892 0.004820
 47.6790 0.004829
 47.7676 0.004803
 47.8559 0.004866
 47.9442 0.004860
 48.0328 0.004853
 48.1216 0.004836
 48.2105 0.004845
 48.2977 0.004846
 48.3856 0.004825
 48.4740 0.004840
 48.5630 0.004829
 48.6504 0.004851
 48.7391 0.004863
 48.8270 0.004876
 48.9157 0.004888
 49.0047 0.004912
 49.0942 0.004959
 49.1838 0.004981
 49.2742 0.005025
 49.3641 0.005030
 49.4560 0.004988
 49.5466 0.005013
 49.6368 0.005097
 49.7284 0.005072
 49.8193 0.005096
 49.9103 0.005138
 50.0011 0.005159
 50.0931 0.005148
 50.1863 0.005184
 50.2811 0.005138
 50.3752 0.005178
 50.4684 0.005185
 50.5630 0.005210
 50.6575 0.005222
 50.7537 0.005253
 50.8484 0.005289
 50.9461 0.005337
 51.0446 0.005398
 51.1421 0.005348
 51.2388 0.005355
 51.3382 0.005356
 51.4372 0.005358
 51.5361 0.005389
 51.6367 0.005393
 51.7386 0.005384
 51.8413 0.005362
 51.9441 0.005396
 52.0473 0.005387
 52.1518 0.005437
 52.2581 0.005435
 52.3634 0.005447
 52.4697 0.005475
 52.5783 0.005521
 52.6868 0.005554
 52.7962 0.005527
 52.9059 0.005557
 53.0171 0.005607
 53.1285 0.005611
 53.2426 0.005600
 53.3556 0.005643
 53.4712 0.005701
 53.5890 0.005727
 53.7076 0.005749
 53.8284 0.005798
 53.9489 0.005792
 54.0714 0.005819
 54.1957 0.005779
 54.3214 0.005817
 54.4469 0.005852
 54.5782 0.005848
 54.7100 0.005945
 54.8416 0.006021
 54.9768 0.006067
 55.1140 0.006143
 55.2540 0.006249
 55.3975 0.006291
 55.5420 0.006333
 55.6880 0.006412
 55.8369 0.006473
 55.9892 0.006577
 56.1448 0.006631
 56.3038 0.006743
 56.4667 0.006806
 56.6312 0.006917
 56.8031 0.006940
 56.9760 0.006986
 57.1537 0.007070
 57.3366 0.007177
 57.5215 0.007242
 57.7122 0.007248
 57.9084 0.007290
 58.1118 0.007284
 58.3211 0.007438
 58.5339 0.007396
 58.7551 0.007439
 58.9850 0.007483
 59.2249 0.007685
 59.4784 0.007840
 59.7387 0.008045
 60.0105 0.008222
 60.2972 0.008339
 60.5970 0.008617
 60.9147 0.008758
 61.2540 0.009038
 61.6101 0.009528
 61.9954 0.009697
 62.4044 0.010079
 62.8424 0.010426
 63.3249 0.010746
 63.8544 0.011094
 64.4433 0.011810
 65.1145 0.012635
 65.8896 0.013435
 66.8339 0.014335
 68.0350 0.016446
 69.6574 0.019577
 70.0716 0.020615
 70.5360 0.022619
 71.0714 0.024694
 71.6970 0.025798
 72.3918 0.028346
 73.2368 0.031115
 74.2792 0.034711
 75.7677 0.041205
 78.2076 0.056404
 80.5529 0.078570
 83.6759 0.123216
 85.9058 0.172266
lm2s-07-4 3 1
 29.9726 0.050532
 30.7128 0.038435
 31.7559 0.027656
 32.6087 0.021303
 33.5570 0.016581
 34.1344 0.014252
 34.5707 0.012985
 34.9281 0.011637
 35.2293 0.011042
 35.4920 0.010471
 35.7214 0.010165
 35.9345 0.009510
 36.1268 0.009046
 36.9056 0.007845
 37.4924 0.007717
 37.9712 0.007281
 38.3876 0.006862
 38.7514 0.006380
 39.0814 0.006270
 39.3796 0.006121
 39.6539 0.006017
 39.9077 0.005849
 40.1449 0.005615
 40.3686 0.005405
 40.5834 0.005252
 40.7900 0.005285
 40.9855 0.005227
 41.1750 0.005136
 41.3526 0.005049
 41.5256 0.004985
 41.6923 0.004880
 41.8545 0.004905
 42.0125 0.004880
 42.1671 0.004823
 42.3151 0.004811
 42.4598 0.004843
 42.6013 0.004792
 42.7403 0.004786
 42.8747 0.004777
 43.0067 0.004668
 43.1368 0.004661
 43.2644 0.004634
 43.3890 0.004613
 43.5123 0.004616
 43.6344 0.004591
 43.7529 0.004540
 43.8702 0.004511
 43.9853 0.004602
 44.1015 0.004672
 44.2157 0.004648
 44.3270 0.004688
 44.4380 0.004699
 44.5465 0.004646
 44.6549 0.004671
 44.7619 0.004674
 44.8678 0.004679
 44.9725 0.004737
 45.0764 0.004681
 45.1802 0.004667
 45.2810 0.004655
 45.3821 0.004663
 45.4817 0.004663
 45.5815 0.004704
 45.6801 0.004662
 45.7779 0.004672
 45.8742 0.004641
 45.9717 0.004717
 46.0684 0.004741
 46.1633 0.004727
 46.2591 0.004792
 46.3538 0.004744
 46.4480 0.004749
 46.5420 0.004754
 46.6346 0.004805
 46.7276 0.004809
 46.8206 0.004834
 46.9137 0.004793
 47.0056 0.004810
 47.0975 0.004781
 47.1886 0.004797
 47.2803 0.004791
 47.3718 0.004802
 47.4626 0.004797
 47.5536 0.004758
 47.6431 0.004757
 47.7327 0.004751
 47.8220 0.004774
 47.9107 0.004770
 48.0004 0.004748
 48.0892 0.004769
 48.1772 0.004771
 48.2654 0.004769
 48.3544 0.004749
 48.4441 0.004730
 48.5330 0.004753
 48.6217 0.004703
 48.7098 0.004712
 48.7990 0.004699
 48.8859 0.004727
 48.9742 0.004760
 49.0624 0.004752
 49.1514 0.004692
 49.2401 0.004718
 49.3298 0.004718
 49.4190 0.004750
 49.5071 0.004798
 49.5961 0.004825
 49.6864 0.004836
 49.7752 0.004839
 49.8648 0.004904
 49.9548 0.004924
 50.0451 0.004931
 50.1339 0.005010
 50.2244 0.005064
 50.3146 0.005064
 50.4045 0.005077
 50.4957 0.005073
 50.5870 0.005106
 50.6787 0.005095
 50.7705 0.005081
 50.8632 0.005079
 50.9563 0.005139
 51.0499 0.005216
 51.1436 0.005247
 51.2380 0.005247
 51.3317 0.005241
 51.4265 0.005233
 51.5221 0.005289
 51.6182 0.005308
 51.7160 0.005304
 51.8122 0.005320
 51.9088 0.005255
 52.0075 0.005257
 52.1058 0.005237
 52.2063 0.005254
 52.3064 0.005306
 52.4069 0.005388
 52.5077 0.005423
 52.6089 0.005419
 52.7110 0.005401
 52.8140 0.005409
 52.9181 0.005433
 53.0243 0.005485
 53.1309 0.005507
 53.2359 0.005530
 53.3430 0.005493
 53.4513 0.005495
 53.5604 0.005479
 53.6715 0.005530
 53.7824 0.005573
 53.8949 0.005595
 54.0091 0.005648
 54.1255 0.005647
 54.2397 0.005658
 54.3549 0.005691
 54.4722 0.005682
 54.5928 0.005722
 54.7134 0.005723
 54.8364 0.005737
 54.9596 0.005793
 55.0872 0.005922
 55.2144 0.005920
 55.3442 0.005915
 55.4765 0.005935
 55.6099 0.005988
 55.7455 0.006026
 55.8815 0.006071
 56.0216 0.006117
 56.1630 0.006231
 56.3079 0.006282
 56.4537 0.006385
 56.6035 0.006395
 56.7559 0.006466
 56.9117 0.006619
 57.0717 0.006641
 57.2340 0.006805
 57.3990 0.006891
 57.5668 0.006973
 57.7401 0.006954
 57.9170 0.006997
 58.1008 0.007060
 58.2874 0.007100
 58.4785 0.007144
 58.6741 0.007228
 58.8763 0.007359
 59.0837 0.007305
 59.2966 0.007565
 59.5216 0.007581
 59.7524 0.007815
 59.9932 0.007941
 60.2448 0.007929
 60.5039 0.008127
 60.7753 0.008404
 61.0601 0.008541
 61.3626 0.008797
 61.6794 0.008960
 62.0199 0.009152
 62.3803 0.009651
 62.7617 0.009913
 63.1662 0.010169
 63.6084 0.010114
 64.0856 0.010624
 64.6105 0.011219
 65.2032 0.011609
 65.8747 0.012440
 66.6610 0.013025
 67.5986 0.014614
 68.8068 0.016929
 70.4237 0.020244
 70.8395 0.021296
 71.3059 0.022675
 71.8405 0.023825
 72.4286 0.025308
 73.1221 0.028095
 73.9572 0.031220
 74.9987 0.034439
 76.5109 0.040767
 78.9366 0.058670
 81.3301 0.081091
 84.4160 0.125801
 86.6328 0.170020
 tr0-07-4 3 1
 95.0557 0.157734
 97.2146 0.120209
100.1142 0.085345
102.5486 0.062514
105.1793 0.044956
106.8093 0.037856
108.0229 0.033810
109.0029 0.032044
109.8244 0.030675
110.5267 0.029530
111.1623 0.027808
111.7495 0.026410
112.2712 0.025895
114.3543 0.021954
115.9289 0.020080
117.2145 0.018770
118.3028 0.018183
119.2673 0.017023
120.1164 0.016309
120.8896 0.015944
121.5982 0.015540
122.2530 0.015174
122.8707 0.014793
123.4418 0.014801
123.9865 0.014693
124.5000 0.014217
125.0017 0.014087
125.4727 0.014021
125.9259 0.013635
126.3581 0.013214
126.7821 0.013090
127.1891 0.012729
127.5833 0.012659
127.9617 0.012438
128.3350 0.012268
128.6953 0.012068
129.0438 0.011984
129.3853 0.011880
129.7171 0.011612
130.0451 0.011593
130.3648 0.011577
130.6794 0.011409
130.9900 0.011426
131.2916 0.011458
131.5906 0.011415
131.8835 0.011550
132.1702 0.011307
132.4532 0.011271
132.7313 0.011100
133.0058 0.011195
133.2751 0.011195
133.5470 0.011058
133.8076 0.010826
134.0690 0.010840
134.3259 0.010866
134.5831 0.010825
134.8321 0.010760
135.0792 0.010784
135.3240 0.010761
135.5634 0.010634
135.8048 0.010417
136.0422 0.010365
136.2776 0.010331
136.5112 0.010288
136.7419 0.010317
136.9722 0.010108
137.2013 0.010155
137.4281 0.010215
137.6518 0.010268
137.8755 0.010251
138.1005 0.010333
138.3212 0.010347
138.5422 0.010334
138.7585 0.010312
138.9781 0.010345
139.1947 0.010320
139.4112 0.010239
139.6259 0.010194
139.8403 0.010235
140.0521 0.010193
140.2650 0.010210
140.4751 0.010221
140.6895 0.010231
140.8995 0.010268
141.1097 0.010240
141.3174 0.010150
141.5253 0.010214
141.7296 0.010147
141.9342 0.010076
142.1411 0.010000
142.3440 0.009984
142.5480 0.009964
142.7495 0.009957
142.9522 0.010068
143.1554 0.010174
143.3563 0.010311
143.5573 0.010298
143.7571 0.010408
143.9599 0.010420
144.1621 0.010431
144.3680 0.010423
144.5699 0.010491
144.7680 0.010560
144.9697 0.010547
145.1716 0.010544
145.3731 0.010539
145.5745 0.010566
145.7760 0.010429
145.9771 0.010405
146.1811 0.010371
146.3844 0.010510
146.5873 0.010551
146.7891 0.010518
146.9899 0.010582
147.1913 0.010672
147.3936 0.010704
147.5945 0.010763
147.7983 0.010734
148.0012 0.010854
148.2051 0.010878
148.4098 0.010835
148.6180 0.010772
148.8243 0.010786
149.0348 0.010785
149.2421 0.010945
149.4499 0.011024
149.6584 0.011080
149.8698 0.011118
150.0812 0.011120
150.2939 0.011270
150.5058 0.011372
150.7199 0.011493
150.9309 0.011517
151.1428 0.011557
151.3577 0.011571
151.5721 0.011666
151.7933 0.011773
152.0132 0.011786
152.2314 0.011958
152.4526 0.011847
152.6788 0.011962
152.9036 0.012100
153.1280 0.012178
153.3582 0.012229
153.5879 0.012123
153.8214 0.012177
154.0558 0.012140
154.2907 0.012126
154.5259 0.012077
154.7671 0.012006
155.0040 0.012061
155.2476 0.012170
155.4914 0.012255
155.7364 0.012241
155.9853 0.012105
156.2380 0.012190
156.4930 0.012279
156.7494 0.012320
157.0086 0.012367
157.2747 0.012446
157.5375 0.012519
157.8068 0.012660
158.0813 0.012640
158.3574 0.012821
158.6375 0.013051
158.9215 0.013197
159.2105 0.013235
159.5028 0.013201
159.7997 0.013441
160.0994 0.013774
160.4049 0.013891
160.7111 0.013853
161.0235 0.013929
161.3462 0.013845
161.6747 0.014000
162.0074 0.014016
162.3491 0.014255
162.6938 0.014354
163.0449 0.014365
163.4064 0.014398
163.7772 0.014432
164.1525 0.014682
164.5473 0.014645
164.9455 0.014822
165.3560 0.015197
165.7784 0.015523
166.2115 0.015750
166.6565 0.016040
167.1152 0.016225
167.5924 0.016132
168.0905 0.016344
168.6065 0.016529
169.1491 0.016409
169.7140 0.016430
170.3090 0.016867
170.9251 0.016917
171.5841 0.017071
172.2724 0.017662
173.0071 0.018058
173.7985 0.018386
174.6491 0.019201
175.5850 0.020434
176.5996 0.021554
177.7306 0.023001
179.0282 0.024177
180.4941 0.025294
182.2401 0.028441
184.4286 0.031916
187.4405 0.036190
188.1811 0.038308
189.0047 0.041910
189.9214 0.044066
190.9935 0.047990
192.2428 0.051013
193.7721 0.056867
195.7012 0.064079
198.2891 0.076704
202.5633 0.105751
206.6722 0.146000
212.0472 0.204246
216.1672 0.279906
 tr1-07-4 3 1
106.3870 0.146634
108.7152 0.112302
111.8894 0.080146
114.4792 0.061912
117.2060 0.046860
118.9063 0.039761
120.2367 0.036319
121.2780 0.034278
122.1375 0.031754
122.9067 0.029681
123.5668 0.028072
124.1528 0.027384
124.7086 0.026314
126.8871 0.022967
128.5363 0.020966
129.8866 0.019609
131.0287 0.018350
132.0275 0.018128
132.9248 0.017450
133.7353 0.016851
134.4796 0.016316
135.1668 0.016324
135.8177 0.015753
136.4207 0.015216
136.9987 0.015094
137.5324 0.014719
138.0467 0.014734
138.5422 0.014234
139.0184 0.013874
139.4767 0.013831
139.9193 0.013806
140.3453 0.013607
140.7529 0.013277
141.1518 0.013293
141.5401 0.013388
141.9190 0.013123
142.2869 0.013030
142.6465 0.012797
142.9980 0.012758
143.3462 0.012761
143.6783 0.012498
144.0041 0.012405
144.3245 0.012372
144.6387 0.012478
144.9472 0.012493
145.2509 0.012340
145.5489 0.012202
145.8438 0.011966
146.1327 0.011796
146.4189 0.011669
146.7008 0.011732
146.9822 0.011728
147.2572 0.011464
147.5280 0.011543
147.7936 0.011645
148.0591 0.011700
148.3225 0.011620
148.5823 0.011634
148.8398 0.011642
149.0933 0.011605
149.3473 0.011506
149.5963 0.011463
149.8430 0.011279
150.0858 0.011280
150.3277 0.011285
150.5690 0.011394
150.8100 0.011354
151.0473 0.011319
151.2823 0.011462
151.5149 0.011476
151.7438 0.011553
151.9756 0.011494
152.2049 0.011444
152.4347 0.011444
152.6634 0.011336
152.8899 0.011311
153.1142 0.011401
153.3382 0.011296
153.5603 0.011343
153.7829 0.011363
154.0023 0.011341
154.2252 0.011283
154.4407 0.011152
154.6556 0.011147
154.8729 0.011201
155.0876 0.011153
155.3010 0.011117
155.5179 0.011188
155.7318 0.011182
155.9459 0.011079
156.1597 0.011047
156.3721 0.010984
156.5845 0.011015
156.7947 0.011005
157.0036 0.011009
157.2161 0.010834
157.4266 0.010971
157.6352 0.010897
157.8446 0.010952
158.0548 0.010959
158.2691 0.011045
158.4804 0.011137
158.6896 0.011218
158.8991 0.011223
159.1075 0.011163
159.3181 0.011108
159.5280 0.010955
159.7351 0.010904
159.9432 0.011003
160.1527 0.010992
160.3646 0.010859
160.5742 0.010837
160.7873 0.010737
160.9987 0.010778
161.2098 0.010765
161.4195 0.010727
161.6318 0.010777
161.8421 0.010778
162.0544 0.010738
162.2673 0.010838
162.4777 0.010909
162.6897 0.011007
162.9069 0.011053
163.1221 0.011146
163.3392 0.011176
163.5567 0.011206
163.7731 0.011180
163.9909 0.011139
164.2076 0.011317
164.4271 0.011270
164.6517 0.011191
164.8780 0.011224
165.1003 0.011341
165.3246 0.011325
165.5468 0.011343
165.7713 0.011344
165.9993 0.011447
166.2286 0.011498
166.4553 0.011565
166.6849 0.011487
166.9202 0.011450
167.1519 0.011562
167.3877 0.011641
167.6251 0.011832
167.8635 0.011916
168.1057 0.011993
168.3507 0.012079
168.5976 0.012123
168.8413 0.012310
169.0864 0.012416
169.3359 0.012521
169.5914 0.012558
169.8464 0.012619
170.1016 0.012709
170.3597 0.012796
170.6186 0.012848
170.8825 0.012987
171.1522 0.013142
171.4256 0.013117
171.6978 0.013141
171.9756 0.013286
172.2543 0.013348
172.5395 0.013221
172.8232 0.013474
173.1130 0.013490
173.4126 0.013684
173.7120 0.013898
174.0143 0.013973
174.3221 0.013956
174.6340 0.014001
174.9478 0.013994
175.2702 0.014155
175.5998 0.014172
175.9337 0.014433
176.2734 0.014545
176.6186 0.014799
176.9733 0.014847
177.3333 0.014691
177.7019 0.014772
178.0786 0.014984
178.4644 0.014997
178.8604 0.015077
179.2631 0.015212
179.6787 0.015074
180.1050 0.015064
180.5381 0.015348
180.9910 0.015509
181.4534 0.015704
181.9331 0.016012
182.4291 0.016299
182.9397 0.016716
183.4814 0.016950
184.0421 0.017239
184.6249 0.017707
185.2415 0.017894
185.8809 0.018062
186.5499 0.018499
187.2701 0.019358
188.0378 0.019716
188.8626 0.020571
189.7485 0.021464
190.7032 0.022127
191.7706 0.022567
192.9407 0.024186
194.2542 0.026106
195.7883 0.026847
197.5880 0.029861
199.8690 0.033771
202.9587 0.039702
203.7266 0.040740
204.5921 0.042174
205.5613 0.044850
206.6835 0.048270
207.9549 0.051088
209.5269 0.055762
211.5427 0.064307
214.2537 0.078763
218.6351 0.103195
222.8705 0.138980
228.4330 0.212619
232.1675 0.291856
tr1s-07-4 3 1
113.1469 0.161394
115.3309 0.123033
118.6468 0.084013
121.1444 0.061211
123.9389 0.048924
125.6710 0.042616
126.9691 0.037033
128.0356 0.034703
128.8888 0.030944
129.6571 0.029823
130.3305 0.028477
130.9308 0.026578
131.4894 0.025811
133.6715 0.022142
135.3477 0.020242
136.7054 0.019150
137.8691 0.018266
138.8769 0.017309
139.7662 0.016850
140.5833 0.017023
141.3276 0.016404
142.0261 0.015941
142.6771 0.015752
143.2837 0.015285
143.8602 0.014815
144.4075 0.014711
144.9247 0.014646
145.4232 0.014424
145.9081 0.013872
146.3605 0.013748
146.8035 0.013525
147.2266 0.013253
147.6435 0.013042
148.0434 0.013313
148.4357 0.013038
148.8129 0.013028
149.1819 0.012885
149.5423 0.012785
149.9005 0.012756
150.2463 0.012595
150.5847 0.012503
150.9168 0.012562
151.2421 0.012462
151.5612 0.012308
151.8739 0.012362
152.1769 0.012252
152.4815 0.012170
152.7784 0.011896
153.0708 0.011758
153.3613 0.011754
153.6483 0.011770
153.9267 0.011583
154.1990 0.011508
154.4726 0.011366
154.7422 0.011407
155.0059 0.011357
155.2693 0.011303
155.5312 0.011421
155.7848 0.011295
156.0404 0.011197
156.2929 0.011266
156.5428 0.011118
156.7896 0.010991
157.0382 0.011155
157.2825 0.011170
157.5247 0.011249
157.7667 0.011223
158.0063 0.011173
158.2411 0.011177
158.4766 0.011303
158.7110 0.011274
158.9419 0.011294
159.1730 0.011302
159.4002 0.011280
159.6262 0.011380
159.8531 0.011338
160.0802 0.011344
160.3057 0.011342
160.5310 0.011381
160.7529 0.011335
160.9757 0.011386
161.1941 0.011602
161.4115 0.011562
161.6329 0.011456
161.8528 0.011404
162.0690 0.011439
162.2874 0.011548
162.5028 0.011603
162.7178 0.011587
162.9317 0.011640
163.1448 0.011623
163.3583 0.011693
163.5715 0.011655
163.7845 0.011494
163.9984 0.011414
164.2121 0.011351
164.4258 0.011302
164.6374 0.011163
164.8464 0.011080
165.0558 0.011066
165.2689 0.011078
165.4774 0.011049
165.6874 0.011018
165.8975 0.011174
166.1080 0.011246
166.3194 0.011179
166.5290 0.011309
166.7381 0.011259
166.9508 0.011195
167.1633 0.011116
167.3722 0.011182
167.5860 0.011225
167.7972 0.011234
168.0089 0.011339
168.2235 0.011271
168.4364 0.011192
168.6493 0.011208
168.8624 0.011205
169.0781 0.011189
169.2937 0.011260
169.5095 0.011257
169.7239 0.011197
169.9375 0.011256
170.1529 0.011401
170.3706 0.011346
170.5871 0.011365
170.8078 0.011388
171.0249 0.011504
171.2444 0.011553
171.4659 0.011702
171.6880 0.011652
171.9103 0.011658
172.1339 0.011750
172.3595 0.011753
172.5833 0.011709
172.8100 0.011596
173.0373 0.011587
173.2667 0.011740
173.4943 0.011766
173.7236 0.011675
173.9553 0.011796
174.1905 0.011805
174.4281 0.011889
174.6666 0.011895
174.9097 0.012098
175.1514 0.012102
175.3944 0.012209
175.6401 0.012162
175.8877 0.012130
176.1350 0.011979
176.3873 0.012169
176.6396 0.012353
176.8947 0.012287
177.1529 0.012323
177.4146 0.012379
177.6789 0.012668
177.9431 0.012811
178.2117 0.012993
178.4807 0.012998
178.7559 0.013148
179.0322 0.013182
179.3151 0.013261
179.6014 0.013408
179.8874 0.013452
180.1747 0.013700
180.4712 0.013775
180.7699 0.013765
181.0759 0.013871
181.3816 0.014263
181.6989 0.014238
182.0163 0.014378
182.3434 0.014386
182.6734 0.014225
183.0088 0.014580
183.3518 0.014673
183.7064 0.014518
184.0628 0.014382
184.4231 0.014443
184.7869 0.014465
185.1641 0.014835
185.5494 0.014759
185.9409 0.014721
186.3488 0.014923
186.7676 0.014847
187.1950 0.015347
187.6292 0.015512
188.0874 0.015426
188.5592 0.015518
189.0447 0.015869
189.5493 0.016040
190.0695 0.016323
190.6108 0.016613
191.1686 0.016829
191.7555 0.017538
192.3638 0.017868
193.0078 0.018406
193.6929 0.018826
194.4117 0.019770
195.1835 0.019668
196.0132 0.020102
196.8917 0.021405
197.8476 0.022137
198.9038 0.022708
200.0762 0.024313
201.3969 0.025521
202.9362 0.027454
204.7500 0.029977
207.0419 0.033810
210.1090 0.037825
210.9150 0.039707
211.7710 0.041886
212.7420 0.044417
213.8161 0.046894
215.0962 0.050758
216.6714 0.056891
218.6843 0.064119
221.4427 0.073565
225.8063 0.102683
230.1568 0.137302
235.6753 0.211393
239.3482 0.294632
 tr2-07-4 3 1
118.5449 0.158510
120.9846 0.124786
124.2274 0.081584
126.9069 0.063891
129.8407 0.050350
131.6901 0.041811
133.0463 0.037594
134.1364 0.033756
135.0236 0.031710
135.8251 0.030288
136.5431 0.030335
137.1697 0.028381
137.7611 0.027745
140.0573 0.023631
141.7720 0.021109
143.1707 0.019915
144.3677 0.019668
145.4077 0.018529
146.3470 0.017619
147.1878 0.017145
147.9568 0.016332
148.6744 0.016112
149.3435 0.015885
149.9783 0.015345
150.5806 0.015185
151.1526 0.014708
151.6867 0.014446
152.2001 0.014434
152.6982 0.014160
153.1707 0.014175
153.6262 0.013878
154.0718 0.013853
154.5030 0.013601
154.9162 0.013470
155.3231 0.013568
155.7135 0.013443
156.0969 0.013252
156.4717 0.013125
156.8344 0.013081
157.1959 0.012927
157.5453 0.012794
157.8896 0.012882
158.2225 0.012809
158.5501 0.012706
158.8743 0.012537
159.1954 0.012430
159.5052 0.012378
159.8123 0.012319
160.1191 0.012210
160.4155 0.012244
160.7087 0.012256
161.0030 0.012177
161.2897 0.012278
161.5729 0.012054
161.8530 0.012073
162.1323 0.012209
162.4062 0.012037
162.6790 0.012103
162.9481 0.012186
163.2103 0.012158
163.4717 0.012178
163.7308 0.012097
163.9871 0.012035
164.2437 0.012031
164.4942 0.011999
164.7463 0.011840
164.9941 0.011793
165.2400 0.011785
165.4857 0.011743
165.7272 0.011776
165.9712 0.011642
166.2140 0.011745
166.4508 0.011717
166.6872 0.011704
166.9225 0.011579
167.1552 0.011520
167.3896 0.011492
167.6203 0.011541
167.8522 0.011478
168.0829 0.011675
168.3132 0.011559
168.5408 0.011418
168.7659 0.011367
168.9939 0.011300
169.2198 0.011374
169.4448 0.011406
169.6682 0.011344
169.8898 0.011412
170.1123 0.011316
170.3355 0.011344
170.5567 0.011342
170.7776 0.011417
171.0001 0.011496
171.2220 0.011465
171.4413 0.011408
171.6605 0.011403
171.8801 0.011371
172.0964 0.011428
172.3163 0.011452
172.5347 0.011482
172.7517 0.011528
172.9714 0.011646
173.1914 0.011750
173.4100 0.011692
173.6280 0.011654
173.8465 0.011609
174.0644 0.011573
174.2816 0.011576
174.4993 0.011687
174.7165 0.011638
174.9360 0.011446
175.1551 0.011592
175.3742 0.011567
175.5956 0.011568
175.8128 0.011540
176.0303 0.011615
176.2505 0.011566
176.4720 0.011626
176.6939 0.011653
176.9151 0.011688
177.1378 0.011828
177.3609 0.011898
177.5845 0.011935
177.8086 0.011946
178.0338 0.012037
178.2578 0.012013
178.4849 0.011978
178.7111 0.011957
178.9364 0.011989
179.1649 0.011996
179.3950 0.011971
179.6287 0.012082
179.8600 0.012188
180.0939 0.012212
180.3268 0.012222
180.5609 0.012220
180.7966 0.012244
181.0310 0.012311
181.2669 0.012322
181.5063 0.012350
181.7470 0.012356
181.9924 0.012432
182.2370 0.012542
182.4825 0.012681
182.7333 0.012647
182.9827 0.012621
183.2360 0.012579
183.4904 0.012575
183.7476 0.012606
184.0052 0.012633
184.2636 0.012615
184.5265 0.012806
184.7880 0.012976
185.0547 0.012857
185.3258 0.012870
185.5990 0.013020
185.8741 0.012936
186.1504 0.012914
186.4293 0.012987
186.7128 0.013226
186.9992 0.013420
187.2876 0.013580
187.5814 0.013734
187.8814 0.013859
188.1786 0.014050
188.4828 0.014126
188.7948 0.014323
189.1062 0.014303
189.4255 0.014495
189.7497 0.014567
190.0798 0.014552
190.4126 0.014608
190.7500 0.014684
191.0967 0.014835
191.4454 0.014848
191.8026 0.014869
192.1677 0.014799
192.5407 0.015072
192.9207 0.015350
193.3090 0.015415
193.7084 0.015572
194.1136 0.015600
194.5320 0.015657
194.9590 0.016012
195.4047 0.016317
195.8634 0.016664
196.3337 0.016734
196.8187 0.016956
197.3192 0.017263
197.8373 0.017660
198.3688 0.018253
198.9257 0.018493
199.5013 0.018672
200.1018 0.018892
200.7392 0.019668
201.4020 0.019961
202.1046 0.020016
202.8465 0.019917
203.6423 0.020057
204.4864 0.021109
205.3940 0.021311
206.3875 0.021677
207.4695 0.022734
208.6768 0.023758
210.0372 0.025155
211.6238 0.027042
213.5080 0.028786
215.8554 0.032306
219.0346 0.040665
219.8463 0.041359
220.7261 0.042543
221.7104 0.044999
222.8193 0.048427
224.1429 0.050985
225.7461 0.055644
227.7800 0.064002
230.5060 0.078153
235.1835 0.105238
239.5746 0.141433
245.1927 0.202583
249.5055 0.282441
tr2s-07-4 3 1
125.5813 0.165620
128.0503 0.122977
131.1615 0.083177
133.8658 0.064468
136.7976 0.050297
138.6209 0.042523
139.9778 0.037139
141.0717 0.033263
142.0025 0.031722
142.8110 0.030900
143.5155 0.029608
144.1219 0.028370
144.7063 0.027407
146.9889 0.023563
148.7197 0.022448
150.1366 0.020885
151.3403 0.019540
152.3932 0.018387
153.3107 0.017506
154.1633 0.016805
154.9355 0.016157
155.6557 0.015983
156.3262 0.016092
156.9604 0.015449
157.5557 0.015350
158.1213 0.015311
158.6553 0.014652
159.1645 0.014391
159.6654 0.014063
160.1370 0.013999
160.5972 0.014075
161.0392 0.013810
161.4661 0.013672
161.8876 0.013730
162.3027 0.013497
162.6989 0.013348
163.0877 0.013131
163.4640 0.013221
163.8256 0.013192
164.1847 0.013116
164.5334 0.013111
164.8777 0.013048
165.2168 0.013053
165.5453 0.013069
165.8709 0.012981
166.1897 0.012813
166.4998 0.012747
166.8082 0.012667
167.1146 0.012827
167.4106 0.012601
167.7038 0.012610
167.9954 0.012497
168.2872 0.012475
168.5687 0.012342
168.8493 0.012148
169.1275 0.012189
169.4038 0.012178
169.6727 0.012134
169.9423 0.011989
170.2073 0.011868
170.4693 0.011879
170.7287 0.011922
170.9858 0.011965
171.2402 0.011906
171.4950 0.011795
171.7453 0.011750
171.9952 0.011889
172.2398 0.011814
172.4810 0.011914
172.7248 0.012016
172.9659 0.012014
173.2082 0.012066
173.4496 0.012062
173.6864 0.012054
173.9223 0.011916
174.1554 0.011725
174.3958 0.011811
174.6290 0.011913
174.8601 0.011853
175.0920 0.011762
175.3209 0.011752
175.5489 0.011671
175.7781 0.011754
176.0027 0.011833
176.2289 0.011742
176.4521 0.011650
176.6728 0.011644
176.8939 0.011673
177.1141 0.011539
177.3366 0.011628
177.5602 0.011608
177.7788 0.011590
178.0013 0.011628
178.2191 0.011596
178.4386 0.011605
178.6599 0.011459
178.8786 0.011546
179.0959 0.011648
179.3138 0.011600
179.5328 0.011534
179.7523 0.011483
179.9719 0.011529
180.1950 0.011422
180.4145 0.011456
180.6327 0.011406
180.8504 0.011462
181.0669 0.011279
181.2821 0.011290
181.5030 0.011202
181.7200 0.011290
181.9404 0.011322
182.1566 0.011304
182.3743 0.011356
182.5920 0.011389
182.8107 0.011413
183.0321 0.011497
183.2550 0.011498
183.4779 0.011494
183.6968 0.011577
183.9207 0.011757
184.1422 0.011857
184.3633 0.011785
184.5863 0.011756
184.8100 0.011838
185.0322 0.011797
185.2548 0.011881
185.4797 0.011883
185.7060 0.011772
185.9354 0.011912
186.1635 0.012050
186.3950 0.012084
186.6258 0.012088
186.8540 0.012096
187.0875 0.012066
187.3231 0.012044
187.5564 0.012166
187.7919 0.012208
188.0290 0.012192
188.2708 0.012298
188.5123 0.012475
188.7532 0.012516
188.9949 0.012582
189.2393 0.012553
189.4869 0.012651
189.7392 0.012759
189.9882 0.012606
190.2411 0.012745
190.4928 0.012891
190.7521 0.013082
191.0071 0.013088
191.2667 0.013243
191.5296 0.013291
191.7945 0.013424
192.0595 0.013343
192.3317 0.013408
192.6028 0.013543
192.8784 0.013632
193.1539 0.013922
193.4351 0.014129
193.7182 0.014201
194.0031 0.014345
194.2913 0.014312
194.5838 0.014287
194.8821 0.014289
195.1823 0.014430
195.4930 0.014439
195.8034 0.014493
196.1184 0.014365
196.4378 0.014383
196.7598 0.014369
197.0893 0.014228
197.4252 0.014193
197.7640 0.014289
198.1125 0.014382
198.4667 0.014352
198.8215 0.014456
199.1862 0.014574
199.5579 0.014730
199.9393 0.014940
200.3280 0.015404
200.7252 0.015506
201.1340 0.015568
201.5550 0.015709
201.9830 0.015685
202.4242 0.015844
202.8805 0.016316
203.3525 0.016532
203.8338 0.016806
204.3331 0.017002
204.8457 0.017471
205.3833 0.017747
205.9406 0.018122
206.5180 0.018440
207.1117 0.018520
207.7495 0.018641
208.4128 0.019036
209.1065 0.019395
209.8477 0.019792
210.6337 0.020313
211.4741 0.020485
212.3946 0.021512
213.3843 0.022093
214.4710 0.022643
215.6890 0.023895
217.0624 0.024705
218.6393 0.026297
220.5425 0.027908
222.8629 0.032512
226.0156 0.039336
226.8131 0.040981
227.7110 0.043847
228.7058 0.045833
229.8625 0.048890
231.1868 0.052341
232.8224 0.059313
234.7930 0.065623
237.6363 0.078553
242.2171 0.102871
246.5883 0.138482
252.2435 0.211282
256.4330 0.287804
