Copyright (C) 1998 James G. MacKinnon, Alfred A. Haug, and Leo Michelis.
 lm0-10-8 3 1
 48.4180 0.082620
 49.3260 0.062725
 50.5954 0.042475
 51.6244 0.031006
 52.7537 0.025189
 53.4547 0.021837
 53.9919 0.019864
 54.4218 0.018586
 54.7778 0.017385
 55.0944 0.016238
 55.3775 0.015958
 55.6220 0.015038
 55.8541 0.014185
 56.7887 0.012688
 57.4961 0.011627
 58.0726 0.010465
 58.5609 0.009783
 58.9976 0.009566
 59.3838 0.009278
 59.7378 0.008945
 60.0636 0.008793
 60.3691 0.008799
 60.6521 0.008629
 60.9151 0.008406
 61.1649 0.008103
 61.4038 0.008005
 61.6348 0.007908
 61.8549 0.007729
 62.0682 0.007708
 62.2727 0.007566
 62.4717 0.007358
 62.6612 0.007175
 62.8466 0.007126
 63.0288 0.007089
 63.2025 0.007003
 63.3738 0.007010
 63.5369 0.006921
 63.6986 0.006936
 63.8591 0.006968
 64.0148 0.006909
 64.1654 0.006911
 64.3152 0.006777
 64.4609 0.006827
 64.6061 0.006840
 64.7470 0.006801
 64.8902 0.006831
 65.0296 0.006829
 65.1648 0.006711
 65.2959 0.006704
 65.4269 0.006687
 65.5567 0.006699
 65.6833 0.006649
 65.8116 0.006607
 65.9374 0.006721
 66.0609 0.006813
 66.1848 0.006828
 66.3078 0.006926
 66.4289 0.006975
 66.5500 0.006989
 66.6683 0.007013
 66.7833 0.007058
 66.9003 0.007100
 67.0156 0.007109
 67.1296 0.007021
 67.2432 0.007075
 67.3567 0.007074
 67.4676 0.007084
 67.5792 0.007045
 67.6894 0.007050
 67.8008 0.007053
 67.9119 0.007060
 68.0210 0.007039
 68.1284 0.007072
 68.2363 0.007074
 68.3462 0.007149
 68.4511 0.007113
 68.5577 0.007199
 68.6645 0.007209
 68.7702 0.007172
 68.8756 0.007250
 68.9799 0.007284
 69.0838 0.007208
 69.1875 0.007153
 69.2924 0.007078
 69.3955 0.006940
 69.5011 0.006860
 69.6043 0.006948
 69.7072 0.006869
 69.8128 0.006801
 69.9163 0.006847
 70.0212 0.006885
 70.1250 0.006910
 70.2275 0.006941
 70.3278 0.006873
 70.4304 0.006954
 70.5338 0.006973
 70.6373 0.007020
 70.7393 0.007000
 70.8405 0.007085
 70.9413 0.007019
 71.0438 0.007062
 71.1469 0.007009
 71.2472 0.007035
 71.3485 0.006993
 71.4504 0.006982
 71.5523 0.006904
 71.6545 0.006969
 71.7568 0.006877
 71.8608 0.006884
 71.9634 0.006819
 72.0674 0.006888
 72.1717 0.006916
 72.2753 0.006936
 72.3796 0.006854
 72.4836 0.006807
 72.5878 0.006788
 72.6935 0.006772
 72.7996 0.006773
 72.9051 0.006849
 73.0108 0.006899
 73.1184 0.006937
 73.2259 0.007000
 73.3342 0.006931
 73.4413 0.006956
 73.5494 0.006956
 73.6579 0.006954
 73.7676 0.006953
 73.8768 0.006900
 73.9863 0.006969
 74.0953 0.007039
 74.2052 0.007118
 74.3162 0.007104
 74.4281 0.007196
 74.5409 0.007115
 74.6558 0.007083
 74.7723 0.007045
 74.8868 0.007074
 75.0031 0.006998
 75.1188 0.007060
 75.2355 0.007157
 75.3531 0.007292
 75.4711 0.007357
 75.5907 0.007378
 75.7103 0.007478
 75.8324 0.007443
 75.9572 0.007531
 76.0795 0.007696
 76.2037 0.007737
 76.3282 0.007851
 76.4559 0.007969
 76.5847 0.008011
 76.7132 0.008023
 76.8432 0.008026
 76.9731 0.008079
 77.1073 0.008086
 77.2415 0.008219
 77.3785 0.008213
 77.5177 0.008315
 77.6559 0.008390
 77.7984 0.008461
 77.9428 0.008484
 78.0884 0.008538
 78.2342 0.008575
 78.3839 0.008611
 78.5344 0.008663
 78.6856 0.008673
 78.8397 0.008744
 78.9995 0.008757
 79.1576 0.008922
 79.3205 0.008998
 79.4892 0.009143
 79.6596 0.009285
 79.8350 0.009306
 80.0100 0.009361
 80.1907 0.009435
 80.3750 0.009549
 80.5663 0.009711
 80.7562 0.009851
 80.9500 0.009840
 81.1525 0.009924
 81.3603 0.009939
 81.5726 0.009974
 81.7864 0.009836
 82.0070 0.009626
 82.2345 0.009740
 82.4687 0.009862
 82.7111 0.009966
 82.9622 0.010073
 83.2236 0.010247
 83.4914 0.010248
 83.7749 0.010288
 84.0685 0.010332
 84.3727 0.010744
 84.6925 0.010808
 85.0259 0.011287
 85.3808 0.011484
 85.7583 0.012313
 86.1545 0.012795
 86.5838 0.013224
 87.0394 0.013145
 87.5331 0.013929
 88.0708 0.014578
 88.6719 0.014848
 89.3438 0.015720
 90.0949 0.016840
 90.9761 0.018566
 92.0143 0.021142
 93.3362 0.023755
 95.1603 0.029082
 95.6245 0.030051
 96.1399 0.031439
 96.7256 0.033521
 97.3864 0.035079
 98.1665 0.039095
 99.1026 0.041774
100.2917 0.048245
101.9221 0.057046
104.5652 0.085017
107.2506 0.117743
110.5669 0.170331
113.2218 0.245669
 lm1-10-8 3 1
 50.9082 0.082674
 51.7839 0.066294
 53.0519 0.045493
 54.1245 0.034444
 55.2600 0.026793
 56.0170 0.022577
 56.5646 0.019888
 57.0085 0.017809
 57.3719 0.016329
 57.7041 0.015879
 57.9964 0.015314
 58.2554 0.014683
 58.4850 0.014073
 59.4202 0.012330
 60.1461 0.011738
 60.7272 0.010782
 61.2225 0.010044
 61.6622 0.009823
 62.0582 0.009442
 62.4191 0.009161
 62.7541 0.009037
 63.0596 0.008918
 63.3473 0.008803
 63.6158 0.008656
 63.8771 0.008319
 64.1219 0.008040
 64.3584 0.008145
 64.5817 0.008207
 64.7945 0.008028
 65.0024 0.007879
 65.2012 0.007736
 65.3943 0.007737
 65.5821 0.007787
 65.7630 0.007641
 65.9428 0.007637
 66.1159 0.007737
 66.2878 0.007677
 66.4537 0.007616
 66.6174 0.007629
 66.7765 0.007595
 66.9292 0.007605
 67.0820 0.007544
 67.2298 0.007516
 67.3774 0.007508
 67.5192 0.007402
 67.6627 0.007289
 67.8036 0.007285
 67.9420 0.007187
 68.0765 0.007103
 68.2115 0.007022
 68.3442 0.006988
 68.4734 0.006963
 68.6008 0.006948
 68.7272 0.006989
 68.8539 0.006858
 68.9801 0.006797
 69.1058 0.006731
 69.2304 0.006727
 69.3532 0.006768
 69.4728 0.006700
 69.5934 0.006752
 69.7136 0.006713
 69.8312 0.006701
 69.9473 0.006580
 70.0627 0.006593
 70.1771 0.006636
 70.2908 0.006593
 70.4048 0.006568
 70.5171 0.006548
 70.6296 0.006553
 70.7409 0.006491
 70.8520 0.006516
 70.9645 0.006556
 71.0762 0.006507
 71.1857 0.006521
 71.2955 0.006535
 71.4034 0.006546
 71.5112 0.006635
 71.6183 0.006615
 71.7257 0.006556
 71.8336 0.006640
 71.9399 0.006688
 72.0461 0.006732
 72.1508 0.006778
 72.2574 0.006856
 72.3640 0.006829
 72.4691 0.006733
 72.5741 0.006777
 72.6774 0.006806
 72.7819 0.006839
 72.8864 0.006864
 72.9908 0.006906
 73.0947 0.006915
 73.2004 0.006971
 73.3061 0.007014
 73.4106 0.007069
 73.5155 0.007107
 73.6206 0.007120
 73.7245 0.007095
 73.8282 0.007007
 73.9309 0.007029
 74.0356 0.007025
 74.1398 0.006972
 74.2429 0.007055
 74.3457 0.007025
 74.4482 0.006943
 74.5550 0.006937
 74.6595 0.006879
 74.7641 0.006796
 74.8679 0.006754
 74.9723 0.006754
 75.0779 0.006743
 75.1821 0.006818
 75.2896 0.006831
 75.3965 0.006900
 75.5010 0.006911
 75.6074 0.006955
 75.7157 0.006890
 75.8217 0.006894
 75.9282 0.006929
 76.0364 0.006915
 76.1434 0.006955
 76.2526 0.006926
 76.3611 0.006953
 76.4705 0.006994
 76.5799 0.006964
 76.6900 0.006997
 76.7985 0.007056
 76.9089 0.007038
 77.0208 0.007090
 77.1338 0.007100
 77.2478 0.007109
 77.3618 0.007152
 77.4768 0.007250
 77.5931 0.007228
 77.7100 0.007248
 77.8266 0.007318
 77.9439 0.007376
 78.0612 0.007419
 78.1776 0.007469
 78.2975 0.007541
 78.4206 0.007656
 78.5441 0.007713
 78.6664 0.007807
 78.7897 0.007895
 78.9127 0.007943
 79.0375 0.007912
 79.1633 0.008045
 79.2902 0.008137
 79.4204 0.008013
 79.5517 0.007957
 79.6828 0.007871
 79.8160 0.007985
 79.9497 0.008013
 80.0869 0.007962
 80.2234 0.008046
 80.3624 0.008022
 80.5031 0.008201
 80.6460 0.008211
 80.7906 0.008292
 80.9350 0.008307
 81.0820 0.008306
 81.2328 0.008295
 81.3873 0.008206
 81.5422 0.008227
 81.6997 0.008508
 81.8611 0.008478
 82.0235 0.008510
 82.1872 0.008434
 82.3534 0.008524
 82.5205 0.008636
 82.6898 0.008674
 82.8625 0.008787
 83.0399 0.008902
 83.2212 0.009106
 83.4079 0.009099
 83.6004 0.009142
 83.7932 0.009136
 83.9924 0.009242
 84.1973 0.009433
 84.4050 0.009712
 84.6196 0.009833
 84.8401 0.010013
 85.0686 0.010225
 85.3017 0.010286
 85.5405 0.010492
 85.7898 0.010657
 86.0441 0.010706
 86.3042 0.010846
 86.5790 0.011072
 86.8672 0.011341
 87.1626 0.011519
 87.4728 0.011679
 87.7972 0.011887
 88.1393 0.012190
 88.5022 0.012691
 88.8827 0.012864
 89.2865 0.013115
 89.7187 0.014080
 90.1868 0.014547
 90.6874 0.015061
 91.2377 0.015415
 91.8369 0.016813
 92.5064 0.017661
 93.2696 0.018835
 94.1575 0.020033
 95.2242 0.022147
 96.5818 0.024915
 98.3918 0.029572
 98.8509 0.031132
 99.3805 0.033326
 99.9768 0.035152
100.6567 0.036877
101.4291 0.040499
102.3643 0.044317
103.6123 0.049543
105.2577 0.060301
108.0617 0.080849
110.6537 0.108103
114.0619 0.186408
116.8007 0.237050
lm1s-10-8 3 1
 51.5583 0.083571
 52.4662 0.065038
 53.8170 0.044954
 54.8602 0.034101
 56.0527 0.026264
 56.7966 0.022561
 57.3286 0.019735
 57.7729 0.017595
 58.1518 0.016315
 58.4748 0.015287
 58.7441 0.014736
 59.0055 0.014617
 59.2421 0.013903
 60.1872 0.012802
 60.9084 0.011388
 61.4878 0.010524
 61.9844 0.010250
 62.4213 0.009718
 62.8160 0.009375
 63.1773 0.009107
 63.5133 0.008710
 63.8210 0.008563
 64.1090 0.008362
 64.3853 0.008326
 64.6405 0.008288
 64.8874 0.008166
 65.1215 0.008285
 65.3429 0.008143
 65.5577 0.008008
 65.7627 0.008080
 65.9653 0.007999
 66.1578 0.007839
 66.3445 0.007702
 66.5295 0.007788
 66.7050 0.007679
 66.8782 0.007645
 67.0496 0.007602
 67.2165 0.007627
 67.3797 0.007566
 67.5372 0.007569
 67.6906 0.007558
 67.8420 0.007499
 67.9922 0.007480
 68.1388 0.007353
 68.2826 0.007258
 68.4230 0.007206
 68.5626 0.007133
 68.6985 0.007183
 68.8337 0.007168
 68.9685 0.007088
 69.1018 0.007041
 69.2340 0.006985
 69.3642 0.006927
 69.4893 0.006952
 69.6141 0.006979
 69.7428 0.006910
 69.8687 0.006910
 69.9915 0.006800
 70.1129 0.006725
 70.2319 0.006792
 70.3512 0.006774
 70.4711 0.006748
 70.5921 0.006797
 70.7100 0.006694
 70.8253 0.006669
 70.9393 0.006648
 71.0526 0.006689
 71.1669 0.006763
 71.2821 0.006757
 71.3927 0.006789
 71.5060 0.006795
 71.6157 0.006816
 71.7270 0.006830
 71.8368 0.006863
 71.9469 0.006843
 72.0563 0.006866
 72.1658 0.006860
 72.2737 0.006938
 72.3815 0.006899
 72.4894 0.006814
 72.5955 0.006793
 72.7012 0.006697
 72.8082 0.006691
 72.9147 0.006730
 73.0214 0.006776
 73.1259 0.006751
 73.2305 0.006852
 73.3366 0.006879
 73.4413 0.006935
 73.5463 0.006976
 73.6508 0.006930
 73.7553 0.006844
 73.8604 0.006882
 73.9635 0.006893
 74.0692 0.006940
 74.1731 0.006933
 74.2775 0.006949
 74.3811 0.006904
 74.4829 0.006973
 74.5873 0.006956
 74.6915 0.006974
 74.7958 0.006903
 74.8994 0.006972
 75.0031 0.006859
 75.1066 0.006838
 75.2124 0.006755
 75.3186 0.006812
 75.4234 0.006865
 75.5268 0.006883
 75.6316 0.006826
 75.7366 0.006829
 75.8416 0.006822
 75.9468 0.006842
 76.0532 0.006955
 76.1576 0.006941
 76.2635 0.006862
 76.3692 0.006948
 76.4751 0.006987
 76.5824 0.007101
 76.6895 0.007227
 76.7953 0.007247
 76.9029 0.007263
 77.0128 0.007245
 77.1214 0.007248
 77.2285 0.007181
 77.3396 0.007215
 77.4483 0.007213
 77.5614 0.007182
 77.6753 0.007225
 77.7885 0.007290
 77.9021 0.007321
 78.0156 0.007334
 78.1292 0.007414
 78.2430 0.007446
 78.3578 0.007510
 78.4727 0.007553
 78.5870 0.007599
 78.7040 0.007625
 78.8218 0.007624
 78.9401 0.007609
 79.0611 0.007636
 79.1813 0.007694
 79.3033 0.007686
 79.4257 0.007740
 79.5455 0.007803
 79.6709 0.007846
 79.7968 0.007821
 79.9247 0.007769
 80.0528 0.007827
 80.1816 0.007837
 80.3122 0.007858
 80.4431 0.007929
 80.5752 0.007938
 80.7092 0.008020
 80.8457 0.008160
 80.9806 0.008117
 81.1188 0.008099
 81.2603 0.008055
 81.4054 0.008069
 81.5475 0.008200
 81.6949 0.008381
 81.8458 0.008400
 81.9979 0.008329
 82.1493 0.008333
 82.3053 0.008338
 82.4615 0.008391
 82.6178 0.008421
 82.7782 0.008498
 82.9435 0.008594
 83.1089 0.008789
 83.2783 0.008733
 83.4486 0.008826
 83.6239 0.008855
 83.7993 0.008924
 83.9835 0.008984
 84.1720 0.009012
 84.3608 0.009171
 84.5540 0.009317
 84.7525 0.009560
 84.9546 0.009589
 85.1613 0.009900
 85.3760 0.009921
 85.5972 0.009923
 85.8234 0.009959
 86.0531 0.010069
 86.2910 0.010300
 86.5386 0.010508
 86.7948 0.010832
 87.0601 0.010925
 87.3369 0.011020
 87.6212 0.011102
 87.9196 0.011265
 88.2351 0.011614
 88.5589 0.011940
 88.8965 0.012340
 89.2539 0.012605
 89.6390 0.013119
 90.0458 0.013297
 90.4799 0.013900
 90.9462 0.014094
 91.4534 0.014450
 91.9951 0.015286
 92.5948 0.016460
 93.2520 0.017468
 94.0285 0.018331
 94.9119 0.020203
 95.9936 0.022166
 97.3469 0.024967
 99.1644 0.030634
 99.6373 0.031706
100.1723 0.033691
100.7600 0.035126
101.4294 0.037276
102.1949 0.039794
103.1610 0.045357
104.3219 0.050290
105.9907 0.060316
108.7834 0.081241
111.4004 0.112755
114.8516 0.182283
117.4618 0.239728
 lm2-10-8 3 1
 53.2708 0.086568
 54.2578 0.062331
 55.5995 0.044607
 56.6882 0.034438
 57.8226 0.027353
 58.5737 0.022581
 59.1348 0.020698
 59.5836 0.019331
 59.9682 0.018157
 60.3000 0.016699
 60.5895 0.015862
 60.8604 0.015583
 61.0981 0.015133
 62.0608 0.013221
 62.7908 0.012174
 63.3825 0.011364
 63.8997 0.010600
 64.3506 0.010124
 64.7533 0.009624
 65.1152 0.009244
 65.4498 0.009035
 65.7675 0.008728
 66.0576 0.008692
 66.3337 0.008453
 66.5954 0.008514
 66.8424 0.008495
 67.0796 0.008344
 67.3065 0.008186
 67.5248 0.008124
 67.7385 0.008168
 67.9449 0.008078
 68.1445 0.007865
 68.3348 0.007713
 68.5181 0.007536
 68.6972 0.007563
 68.8744 0.007535
 69.0469 0.007454
 69.2118 0.007423
 69.3765 0.007412
 69.5408 0.007401
 69.6996 0.007362
 69.8560 0.007517
 70.0104 0.007459
 70.1585 0.007397
 70.3024 0.007322
 70.4464 0.007327
 70.5898 0.007309
 70.7295 0.007274
 70.8678 0.007286
 71.0049 0.007133
 71.1403 0.007055
 71.2746 0.006969
 71.4043 0.006896
 71.5359 0.006888
 71.6665 0.006856
 71.7952 0.006856
 71.9203 0.006908
 72.0455 0.006902
 72.1684 0.006950
 72.2898 0.006890
 72.4133 0.006833
 72.5322 0.006775
 72.6504 0.006753
 72.7688 0.006819
 72.8879 0.006931
 73.0063 0.007000
 73.1223 0.006916
 73.2382 0.007002
 73.3532 0.006971
 73.4669 0.006967
 73.5808 0.006973
 73.6942 0.006995
 73.8072 0.006927
 73.9179 0.006894
 74.0277 0.006914
 74.1382 0.006827
 74.2488 0.006897
 74.3574 0.006869
 74.4669 0.006919
 74.5751 0.006918
 74.6837 0.006899
 74.7940 0.006830
 74.9019 0.006804
 75.0094 0.006781
 75.1175 0.006645
 75.2236 0.006658
 75.3308 0.006591
 75.4372 0.006561
 75.5436 0.006528
 75.6515 0.006422
 75.7568 0.006470
 75.8618 0.006466
 75.9681 0.006496
 76.0743 0.006534
 76.1810 0.006510
 76.2861 0.006540
 76.3911 0.006475
 76.4979 0.006479
 76.6038 0.006492
 76.7096 0.006500
 76.8143 0.006485
 76.9191 0.006513
 77.0253 0.006488
 77.1308 0.006410
 77.2369 0.006523
 77.3430 0.006551
 77.4469 0.006703
 77.5534 0.006702
 77.6608 0.006689
 77.7666 0.006759
 77.8729 0.006793
 77.9791 0.006749
 78.0848 0.006779
 78.1911 0.006749
 78.3008 0.006891
 78.4101 0.006927
 78.5180 0.006944
 78.6275 0.006991
 78.7375 0.006986
 78.8488 0.007019
 78.9576 0.007047
 79.0660 0.007011
 79.1769 0.006994
 79.2866 0.007043
 79.3993 0.007013
 79.5107 0.007085
 79.6219 0.007068
 79.7341 0.007089
 79.8481 0.007083
 79.9621 0.007115
 80.0755 0.007215
 80.1923 0.007209
 80.3084 0.007246
 80.4246 0.007240
 80.5395 0.007232
 80.6578 0.007321
 80.7738 0.007348
 80.8927 0.007330
 81.0129 0.007273
 81.1326 0.007310
 81.2544 0.007379
 81.3775 0.007432
 81.5004 0.007434
 81.6247 0.007548
 81.7508 0.007638
 81.8780 0.007712
 82.0057 0.007737
 82.1344 0.007773
 82.2650 0.007871
 82.3964 0.007896
 82.5304 0.007878
 82.6629 0.007982
 82.7971 0.007987
 82.9308 0.008069
 83.0672 0.008070
 83.2071 0.008045
 83.3461 0.008107
 83.4890 0.008269
 83.6322 0.008220
 83.7753 0.008382
 83.9234 0.008508
 84.0728 0.008471
 84.2246 0.008497
 84.3786 0.008590
 84.5343 0.008737
 84.6947 0.008904
 84.8554 0.008989
 85.0161 0.009041
 85.1825 0.009198
 85.3483 0.009151
 85.5208 0.009261
 85.6942 0.009326
 85.8724 0.009395
 86.0534 0.009402
 86.2349 0.009418
 86.4260 0.009439
 86.6194 0.009520
 86.8178 0.009535
 87.0180 0.009638
 87.2241 0.009809
 87.4359 0.009921
 87.6535 0.009964
 87.8766 0.010054
 88.1045 0.010289
 88.3408 0.010467
 88.5854 0.010691
 88.8341 0.010772
 89.0934 0.010921
 89.3676 0.011118
 89.6469 0.011355
 89.9383 0.011602
 90.2425 0.012062
 90.5615 0.012385
 90.8883 0.012749
 91.2370 0.013157
 91.6043 0.013643
 91.9934 0.013925
 92.3999 0.014268
 92.8371 0.014397
 93.3140 0.015023
 93.8209 0.015718
 94.3762 0.016232
 94.9771 0.016845
 95.6665 0.017403
 96.4310 0.018433
 97.3316 0.019185
 98.4107 0.022111
 99.7954 0.024672
101.6622 0.029385
102.1186 0.030915
102.6503 0.032719
103.2529 0.034196
103.9218 0.036497
104.7013 0.040094
105.6761 0.045158
106.9297 0.050243
108.5592 0.060499
111.2627 0.083270
114.0122 0.119647
117.5213 0.187785
120.1996 0.255189
lm2s-10-8 3 1
 54.0962 0.085413
 54.9761 0.067999
 56.3645 0.044552
 57.3964 0.034262
 58.5954 0.026368
 59.3421 0.022703
 59.9034 0.019642
 60.3436 0.018453
 60.7225 0.017681
 61.0554 0.016840
 61.3504 0.016105
 61.6130 0.015680
 61.8570 0.014892
 62.8173 0.012913
 63.5497 0.011831
 64.1490 0.011216
 64.6604 0.010507
 65.1104 0.010123
 65.5122 0.009733
 65.8769 0.009584
 66.2168 0.009306
 66.5322 0.009181
 66.8210 0.009211
 67.0956 0.008922
 67.3565 0.008722
 67.6058 0.008592
 67.8444 0.008747
 68.0759 0.008550
 68.2921 0.008410
 68.5019 0.008204
 68.7038 0.008064
 68.9030 0.007946
 69.0953 0.007872
 69.2800 0.007782
 69.4581 0.007903
 69.6345 0.007825
 69.8102 0.007750
 69.9801 0.007685
 70.1447 0.007618
 70.3050 0.007536
 70.4638 0.007411
 70.6187 0.007357
 70.7725 0.007411
 70.9205 0.007375
 71.0688 0.007355
 71.2143 0.007272
 71.3581 0.007271
 71.4980 0.007171
 71.6371 0.007024
 71.7744 0.006905
 71.9085 0.006936
 72.0435 0.006870
 72.1766 0.006866
 72.3049 0.006738
 72.4355 0.006746
 72.5613 0.006695
 72.6849 0.006651
 72.8086 0.006603
 72.9311 0.006691
 73.0538 0.006710
 73.1756 0.006728
 73.2991 0.006717
 73.4170 0.006708
 73.5344 0.006754
 73.6524 0.006745
 73.7703 0.006694
 73.8855 0.006717
 73.9993 0.006826
 74.1151 0.006792
 74.2289 0.006871
 74.3430 0.006966
 74.4548 0.006925
 74.5664 0.006847
 74.6781 0.006837
 74.7886 0.006819
 74.8996 0.006750
 75.0102 0.006692
 75.1205 0.006734
 75.2300 0.006666
 75.3388 0.006615
 75.4482 0.006595
 75.5558 0.006649
 75.6631 0.006625
 75.7730 0.006614
 75.8803 0.006631
 75.9872 0.006628
 76.0950 0.006629
 76.2025 0.006642
 76.3080 0.006650
 76.4152 0.006678
 76.5209 0.006666
 76.6275 0.006597
 76.7345 0.006644
 76.8400 0.006634
 76.9459 0.006664
 77.0495 0.006710
 77.1551 0.006690
 77.2605 0.006772
 77.3660 0.006884
 77.4734 0.006830
 77.5797 0.006893
 77.6851 0.006880
 77.7897 0.006908
 77.8969 0.006870
 78.0029 0.006735
 78.1058 0.006696
 78.2126 0.006726
 78.3174 0.006796
 78.4240 0.006842
 78.5324 0.006806
 78.6399 0.006712
 78.7462 0.006825
 78.8533 0.006884
 78.9609 0.006903
 79.0690 0.006859
 79.1758 0.006910
 79.2832 0.006987
 79.3908 0.006993
 79.5003 0.007012
 79.6088 0.007022
 79.7188 0.007030
 79.8290 0.007047
 79.9403 0.007110
 80.0519 0.007116
 80.1637 0.007097
 80.2755 0.007092
 80.3876 0.007201
 80.4996 0.007103
 80.6120 0.007206
 80.7256 0.007166
 80.8393 0.007185
 80.9547 0.007162
 81.0705 0.007186
 81.1881 0.007214
 81.3034 0.007255
 81.4174 0.007305
 81.5360 0.007303
 81.6556 0.007378
 81.7762 0.007380
 81.8992 0.007431
 82.0208 0.007492
 82.1440 0.007379
 82.2681 0.007554
 82.3947 0.007542
 82.5214 0.007556
 82.6495 0.007626
 82.7769 0.007619
 82.9034 0.007754
 83.0315 0.007857
 83.1610 0.007803
 83.2913 0.007964
 83.4233 0.007990
 83.5564 0.008046
 83.6906 0.008112
 83.8285 0.008293
 83.9649 0.008316
 84.1084 0.008423
 84.2485 0.008359
 84.3936 0.008413
 84.5419 0.008505
 84.6905 0.008613
 84.8382 0.008751
 84.9871 0.008831
 85.1415 0.008956
 85.2963 0.008975
 85.4566 0.008949
 85.6153 0.008969
 85.7790 0.009119
 85.9453 0.009090
 86.1142 0.009100
 86.2854 0.009185
 86.4601 0.009305
 86.6379 0.009360
 86.8192 0.009444
 87.0043 0.009615
 87.1914 0.009645
 87.3826 0.009654
 87.5795 0.009756
 87.7844 0.009782
 87.9912 0.009839
 88.2027 0.010111
 88.4175 0.010295
 88.6415 0.010384
 88.8688 0.010516
 89.1017 0.010705
 89.3472 0.010846
 89.5982 0.011031
 89.8583 0.011207
 90.1328 0.011569
 90.4146 0.011804
 90.7042 0.012182
 91.0030 0.012380
 91.3249 0.012711
 91.6512 0.012862
 91.9995 0.013224
 92.3654 0.013668
 92.7498 0.013817
 93.1642 0.013903
 93.6043 0.014325
 94.0694 0.015036
 94.5800 0.015456
 95.1284 0.015824
 95.7389 0.016921
 96.4202 0.017978
 97.1925 0.018837
 98.0986 0.019705
 99.1892 0.021980
100.5485 0.023707
102.3953 0.029507
102.8656 0.030887
103.3977 0.033015
104.0165 0.034677
104.6704 0.037125
105.4801 0.040629
106.4476 0.045148
107.6734 0.050145
109.3369 0.059962
112.1102 0.083643
114.7811 0.122369
118.4442 0.188038
120.9393 0.250261
 tr0-10-8 3 1
264.6948 0.261037
268.6003 0.201594
273.8063 0.137945
278.1506 0.103073
282.6994 0.075366
285.4734 0.068342
287.5489 0.063275
289.2502 0.055963
290.6146 0.051714
291.8336 0.048862
292.8861 0.047364
293.8234 0.045399
294.6736 0.043392
298.1549 0.037607
300.7604 0.034009
302.8625 0.031545
304.6683 0.029706
306.2225 0.027479
307.6192 0.026418
308.8774 0.025039
310.0261 0.023611
311.0986 0.023386
312.0986 0.022508
313.0408 0.021791
313.9288 0.021868
314.7701 0.021657
315.5710 0.021504
316.3286 0.021243
317.0551 0.020661
317.7505 0.020629
318.4226 0.020597
319.0750 0.020332
319.7145 0.020295
320.3290 0.020217
320.9236 0.020005
321.5013 0.019912
322.0623 0.019748
322.6139 0.019276
323.1508 0.019022
323.6741 0.018987
324.1885 0.018850
324.6933 0.018632
325.1805 0.018625
325.6616 0.018551
326.1306 0.018465
326.5962 0.018202
327.0509 0.018226
327.5021 0.018183
327.9486 0.017945
328.3820 0.017864
328.8125 0.017853
329.2360 0.017735
329.6537 0.017757
330.0679 0.017502
330.4737 0.017337
330.8758 0.017445
331.2714 0.017696
331.6626 0.017890
332.0488 0.017964
332.4327 0.017899
332.8131 0.017750
333.1924 0.017674
333.5616 0.017652
333.9330 0.017474
334.2970 0.017220
334.6593 0.017246
335.0205 0.017048
335.3809 0.017013
335.7361 0.016953
336.0901 0.016920
336.4401 0.016624
336.7919 0.016454
337.1377 0.016249
337.4866 0.016160
337.8265 0.016172
338.1646 0.016025
338.5097 0.016067
338.8432 0.016014
339.1784 0.016170
339.5140 0.016042
339.8437 0.015950
340.1751 0.015767
340.5027 0.015751
340.8260 0.015537
341.1538 0.015445
341.4777 0.015396
341.8003 0.015568
342.1240 0.015448
342.4427 0.015620
342.7627 0.015574
343.0808 0.015642
343.4014 0.015656
343.7185 0.015754
344.0357 0.015600
344.3515 0.015470
344.6670 0.015523
344.9824 0.015482
345.3008 0.015500
345.6136 0.015499
345.9295 0.015287
346.2416 0.015379
346.5576 0.015450
346.8707 0.015607
347.1835 0.015621
347.4923 0.015603
347.8044 0.015750
348.1154 0.015696
348.4279 0.015530
348.7395 0.015174
349.0516 0.015360
349.3664 0.015393
349.6783 0.015475
349.9879 0.015431
350.3023 0.015379
350.6163 0.015343
350.9308 0.015410
351.2408 0.015292
351.5558 0.015606
351.8719 0.015817
352.1856 0.015776
352.5076 0.015694
352.8252 0.015831
353.1445 0.016017
353.4657 0.016002
353.7856 0.016019
354.1059 0.016046
354.4306 0.016019
354.7501 0.015897
355.0779 0.016164
355.4020 0.016176
355.7269 0.016121
356.0558 0.016234
356.3874 0.016303
356.7174 0.016347
357.0516 0.016546
357.3853 0.016707
357.7205 0.016589
358.0566 0.016617
358.3959 0.016511
358.7372 0.016699
359.0857 0.016514
359.4310 0.016339
359.7717 0.016403
360.1214 0.016376
360.4723 0.016413
360.8253 0.016695
361.1843 0.016871
361.5450 0.017098
361.9078 0.017054
362.2749 0.016999
362.6466 0.017215
363.0204 0.017349
363.3926 0.017495
363.7668 0.017431
364.1443 0.017333
364.5309 0.017241
364.9192 0.017382
365.3073 0.017456
365.7025 0.017912
366.1035 0.018166
366.5055 0.018259
366.9128 0.018152
367.3231 0.018069
367.7448 0.018069
368.1674 0.018166
368.5919 0.018213
369.0280 0.018296
369.4686 0.018339
369.9147 0.018820
370.3736 0.018654
370.8348 0.019031
371.2986 0.018650
371.7794 0.018734
372.2665 0.018870
372.7574 0.018806
373.2565 0.019073
373.7686 0.019108
374.2923 0.019696
374.8278 0.019928
375.3736 0.019860
375.9361 0.020078
376.5108 0.020443
377.0969 0.020593
377.6972 0.021088
378.3114 0.020954
378.9529 0.021146
379.6146 0.021448
380.2859 0.021605
380.9852 0.021442
381.6975 0.021755
382.4334 0.022122
383.1984 0.023014
384.0140 0.023568
384.8647 0.023977
385.7513 0.024763
386.6784 0.025373
387.6507 0.025582
388.6836 0.025754
389.7748 0.026155
390.9554 0.026823
392.2156 0.028318
393.5988 0.029999
395.0945 0.031256
396.7714 0.033222
398.6808 0.035535
400.8520 0.037750
403.4317 0.040737
406.6312 0.047012
411.0203 0.056568
412.1396 0.058563
413.3661 0.061131
414.7744 0.064690
416.3492 0.067943
418.1332 0.071500
420.3103 0.078445
423.0466 0.087903
426.7375 0.107569
432.8974 0.141566
438.9002 0.187167
446.1158 0.288055
451.4083 0.358368
 tr1-10-8 3 1
282.7812 0.268416
286.5525 0.201717
291.9857 0.139652
296.2077 0.108112
300.9301 0.080130
303.7774 0.066999
305.9007 0.060873
307.5895 0.055459
309.0449 0.052193
310.2358 0.050429
311.3324 0.048634
312.2990 0.046223
313.2000 0.044642
316.7742 0.037892
319.4405 0.033428
321.6357 0.031135
323.4591 0.030317
325.0702 0.028580
326.5089 0.027371
327.8004 0.025811
328.9796 0.024725
330.0796 0.023954
331.1101 0.023432
332.0659 0.023351
332.9760 0.023225
333.8465 0.022660
334.6660 0.022236
335.4434 0.021907
336.2028 0.021395
336.9229 0.020845
337.6208 0.020830
338.2882 0.020496
338.9340 0.020551
339.5588 0.020183
340.1689 0.020152
340.7596 0.020302
341.3348 0.020434
341.8941 0.020012
342.4479 0.019852
342.9869 0.019834
343.5136 0.019874
344.0312 0.019537
344.5352 0.019580
345.0298 0.019268
345.5190 0.019074
345.9976 0.019022
346.4652 0.018598
346.9298 0.018122
347.3867 0.018077
347.8306 0.017772
348.2727 0.017594
348.7110 0.017376
349.1408 0.017246
349.5634 0.017506
349.9859 0.017292
350.3969 0.017167
350.8016 0.017088
351.2058 0.017030
351.6033 0.017087
351.9899 0.017120
352.3769 0.017155
352.7657 0.017359
353.1508 0.017209
353.5280 0.017139
353.9049 0.017020
354.2816 0.016912
354.6528 0.017022
355.0237 0.017075
355.3893 0.016880
355.7495 0.016922
356.1096 0.016847
356.4679 0.016751
356.8205 0.016790
357.1740 0.016694
357.5239 0.016791
357.8723 0.016720
358.2192 0.016730
358.5632 0.016577
358.9045 0.016650
359.2455 0.016725
359.5880 0.016808
359.9274 0.016899
360.2681 0.016867
360.6010 0.016934
360.9344 0.016812
361.2657 0.016794
361.5992 0.016619
361.9308 0.016534
362.2629 0.016612
362.5880 0.016723
362.9151 0.016791
363.2424 0.016725
363.5704 0.016789
363.8976 0.016845
364.2235 0.016899
364.5441 0.016798
364.8713 0.016589
365.1962 0.016777
365.5167 0.017011
365.8366 0.017141
366.1602 0.017108
366.4811 0.017119
366.8070 0.017186
367.1255 0.017199
367.4446 0.017181
367.7640 0.017218
368.0798 0.017267
368.3990 0.017074
368.7191 0.016947
369.0414 0.016933
369.3650 0.016924
369.6854 0.017011
370.0080 0.017022
370.3274 0.016959
370.6494 0.016933
370.9758 0.016923
371.2973 0.016916
371.6197 0.016812
371.9387 0.017011
372.2629 0.016921
372.5813 0.016769
372.9049 0.016997
373.2330 0.017054
373.5639 0.016943
373.8917 0.016873
374.2236 0.016809
374.5560 0.016781
374.8901 0.016804
375.2229 0.016711
375.5541 0.016695
375.8880 0.016767
376.2240 0.016820
376.5595 0.016730
376.9016 0.016669
377.2384 0.016848
377.5821 0.016732
377.9247 0.016643
378.2756 0.016736
378.6248 0.016732
378.9753 0.016610
379.3275 0.016663
379.6791 0.016694
380.0364 0.016755
380.3928 0.016739
380.7520 0.016696
381.1131 0.016700
381.4734 0.016721
381.8424 0.016694
382.2127 0.016784
382.5863 0.016874
382.9626 0.017028
383.3441 0.016963
383.7259 0.017148
384.1147 0.017205
384.5056 0.017232
384.8976 0.017401
385.2902 0.017518
385.6884 0.017614
386.0943 0.018006
386.5083 0.018206
386.9248 0.018327
387.3450 0.018239
387.7725 0.018256
388.2063 0.018210
388.6412 0.018354
389.0839 0.018766
389.5339 0.019036
389.9876 0.019149
390.4455 0.018954
390.9097 0.019065
391.3783 0.019364
391.8613 0.019449
392.3510 0.019728
392.8502 0.019878
393.3518 0.019883
393.8649 0.019773
394.3943 0.020120
394.9300 0.020142
395.4742 0.020283
396.0317 0.020409
396.6052 0.020921
397.1864 0.021372
397.7927 0.021717
398.4088 0.022068
399.0485 0.022231
399.6895 0.022484
400.3507 0.022700
401.0438 0.023323
401.7526 0.023412
402.4857 0.023935
403.2518 0.024528
404.0424 0.024891
404.8638 0.025466
405.7173 0.025792
406.6167 0.026046
407.5563 0.026587
408.5540 0.026791
409.6146 0.027355
410.7341 0.027509
411.9440 0.028089
413.2198 0.029347
414.6059 0.031369
416.1426 0.031977
417.8566 0.033661
419.8001 0.034876
422.0057 0.037416
424.6820 0.040580
427.9720 0.046593
432.4440 0.055639
433.5543 0.056570
434.8070 0.058908
436.1903 0.061766
437.7709 0.066514
439.6135 0.072300
441.8036 0.080066
444.5557 0.092343
448.4173 0.108094
454.7999 0.138834
460.7667 0.195237
468.4988 0.275767
473.9836 0.391448
tr1s-10-8 3 1
292.5174 0.261671
296.3175 0.202698
301.6482 0.139191
306.0732 0.105967
310.7200 0.082983
313.6599 0.069539
315.7539 0.063827
317.4635 0.057673
318.9145 0.053589
320.1546 0.050665
321.2583 0.047486
322.2162 0.045236
323.1298 0.043605
326.6815 0.038246
329.3588 0.034103
331.5132 0.031710
333.3631 0.030060
334.9865 0.029139
336.4463 0.026907
337.7410 0.025313
338.9312 0.024638
340.0332 0.023655
341.0595 0.023190
342.0212 0.022781
342.9258 0.022248
343.7810 0.021765
344.6002 0.021704
345.3812 0.021753
346.1355 0.021356
346.8630 0.021213
347.5584 0.021364
348.2267 0.021024
348.8829 0.020786
349.5195 0.020393
350.1339 0.020250
350.7229 0.020349
351.3036 0.019997
351.8701 0.020099
352.4252 0.019956
352.9655 0.019641
353.4936 0.019303
354.0072 0.019132
354.5121 0.018928
355.0083 0.018582
355.4897 0.018524
355.9764 0.018433
356.4467 0.018261
356.9075 0.018418
357.3643 0.018255
357.8125 0.018253
358.2554 0.018018
358.6890 0.018019
359.1181 0.018067
359.5426 0.018114
359.9580 0.017946
360.3703 0.017763
360.7809 0.017859
361.1795 0.017885
361.5794 0.017745
361.9723 0.017637
362.3670 0.017735
362.7546 0.017608
363.1356 0.017572
363.5160 0.017253
363.8991 0.017175
364.2703 0.017140
364.6436 0.017067
365.0102 0.017067
365.3755 0.017097
365.7408 0.017105
366.1033 0.016998
366.4645 0.016738
366.8175 0.016786
367.1698 0.016745
367.5207 0.016789
367.8692 0.016574
368.2187 0.016417
368.5676 0.016440
368.9129 0.016211
369.2513 0.016519
369.5906 0.016419
369.9320 0.016552
370.2690 0.016604
370.6046 0.016616
370.9395 0.016675
371.2697 0.016727
371.6015 0.016692
371.9353 0.016800
372.2620 0.016783
372.5906 0.016902
372.9179 0.016842
373.2434 0.016842
373.5709 0.016589
373.8965 0.016491
374.2185 0.016594
374.5447 0.016669
374.8685 0.016740
375.1903 0.016763
375.5131 0.016696
375.8361 0.016563
376.1582 0.016436
376.4742 0.016379
376.7929 0.016237
377.1119 0.016357
377.4379 0.016430
377.7578 0.016401
378.0778 0.016353
378.3986 0.016440
378.7177 0.016482
379.0363 0.016759
379.3590 0.016889
379.6832 0.016847
380.0074 0.016703
380.3292 0.016915
380.6496 0.017044
380.9750 0.016923
381.2969 0.016976
381.6214 0.017014
381.9503 0.016791
382.2720 0.016818
382.6011 0.016939
382.9239 0.016946
383.2556 0.016970
383.5858 0.017055
383.9138 0.016901
384.2439 0.017044
384.5757 0.016832
384.9079 0.016932
385.2405 0.017020
385.5774 0.016985
385.9104 0.017281
386.2441 0.017099
386.5823 0.017014
386.9217 0.016987
387.2580 0.016925
387.5956 0.016935
387.9392 0.016779
388.2845 0.016921
388.6321 0.016770
388.9819 0.016928
389.3305 0.017059
389.6828 0.017127
390.0383 0.017109
390.3960 0.017160
390.7603 0.016980
391.1245 0.017095
391.4908 0.017184
391.8595 0.017284
392.2277 0.017449
392.6080 0.017197
392.9842 0.017301
393.3645 0.017337
393.7461 0.017426
394.1310 0.017324
394.5213 0.017486
394.9146 0.017612
395.3152 0.017873
395.7095 0.017926
396.1156 0.018018
396.5299 0.018084
396.9453 0.018194
397.3694 0.018109
397.7914 0.018123
398.2199 0.018304
398.6552 0.018301
399.0936 0.018283
399.5470 0.018289
399.9980 0.018184
400.4578 0.018546
400.9188 0.018999
401.3944 0.018786
401.8764 0.018857
402.3593 0.019313
402.8637 0.019619
403.3811 0.019766
403.8890 0.019993
404.4189 0.020228
404.9576 0.020333
405.5028 0.020363
406.0625 0.020481
406.6317 0.020960
407.2156 0.021445
407.8158 0.021956
408.4356 0.022341
409.0679 0.022465
409.7132 0.022781
410.3755 0.023142
411.0676 0.023498
411.7843 0.023499
412.5159 0.024001
413.2742 0.024589
414.0690 0.025071
414.9060 0.025219
415.7668 0.025353
416.6604 0.025820
417.6115 0.026141
418.6017 0.027096
419.6648 0.027817
420.7900 0.027991
421.9860 0.028686
423.2766 0.029480
424.6829 0.029742
426.2221 0.031324
427.9365 0.032648
429.8637 0.036315
432.1119 0.039936
434.7523 0.042313
438.0319 0.045865
442.5246 0.053701
443.6632 0.057926
444.8933 0.061689
446.2938 0.064415
447.8588 0.068338
449.6960 0.074671
451.8618 0.082342
454.6621 0.090804
458.5922 0.106658
464.8327 0.139330
470.9663 0.182041
478.4282 0.278947
483.8644 0.408801
 tr2-10-8 3 1
301.0031 0.275825
305.1151 0.209522
310.4423 0.143871
315.0684 0.106785
319.7553 0.082105
322.7076 0.067216
324.8577 0.060507
326.5840 0.056289
328.0068 0.054988
329.3243 0.052643
330.4438 0.049360
331.4506 0.048116
332.3531 0.046128
336.0053 0.039750
338.7579 0.036532
340.9734 0.033145
342.8704 0.030430
344.5107 0.028520
345.9742 0.026652
347.3081 0.025462
348.5231 0.024659
349.6537 0.023886
350.6890 0.022930
351.6673 0.022385
352.5997 0.021577
353.4820 0.021039
354.3301 0.020457
355.1307 0.020142
355.8989 0.019554
356.6375 0.019548
357.3544 0.019394
358.0376 0.019315
358.7118 0.019015
359.3569 0.018858
359.9809 0.018643
360.5961 0.018665
361.1851 0.018220
361.7656 0.018096
362.3275 0.018024
362.8771 0.018053
363.4123 0.018428
363.9437 0.018475
364.4609 0.018415
364.9698 0.018300
365.4673 0.017846
365.9649 0.017886
366.4440 0.017842
366.9183 0.017872
367.3800 0.017767
367.8403 0.017757
368.2886 0.017814
368.7346 0.017596
369.1680 0.017737
369.5987 0.017643
370.0301 0.017426
370.4600 0.017085
370.8806 0.016974
371.2945 0.016694
371.7019 0.016802
372.1043 0.016921
372.5020 0.016839
372.9007 0.016875
373.2927 0.016830
373.6804 0.016825
374.0631 0.016586
374.4426 0.016613
374.8249 0.016766
375.2047 0.016900
375.5782 0.017003
375.9516 0.017280
376.3187 0.017276
376.6829 0.017141
377.0475 0.017244
377.4123 0.017219
377.7741 0.017256
378.1307 0.017141
378.4851 0.017009
378.8374 0.016806
379.1892 0.016823
379.5354 0.016808
379.8809 0.016648
380.2303 0.016445
380.5773 0.016290
380.9170 0.016187
381.2584 0.016281
381.5957 0.016141
381.9342 0.016247
382.2749 0.016083
382.6114 0.016056
382.9474 0.016175
383.2818 0.016186
383.6207 0.016009
383.9525 0.015914
384.2834 0.015939
384.6173 0.015990
384.9461 0.016157
385.2772 0.016148
385.6036 0.016200
385.9331 0.016173
386.2613 0.016145
386.5897 0.016098
386.9148 0.016131
387.2434 0.016118
387.5734 0.016155
387.9020 0.016246
388.2299 0.016281
388.5615 0.016157
388.8915 0.016094
389.2191 0.016105
389.5490 0.016231
389.8727 0.016227
390.2012 0.016284
390.5295 0.016428
390.8559 0.016448
391.1872 0.016330
391.5175 0.016393
391.8445 0.016451
392.1709 0.016582
392.5031 0.016323
392.8373 0.016355
393.1686 0.016222
393.4984 0.016382
393.8310 0.016391
394.1636 0.016425
394.5014 0.016512
394.8380 0.016238
395.1786 0.016109
395.5205 0.016063
395.8622 0.016147
396.2015 0.016076
396.5451 0.016423
396.8938 0.016453
397.2366 0.016400
397.5821 0.016370
397.9333 0.016385
398.2837 0.016703
398.6408 0.016776
398.9986 0.016853
399.3520 0.016803
399.7107 0.016773
400.0645 0.016996
400.4255 0.017036
400.7885 0.016865
401.1550 0.017221
401.5215 0.017351
401.8891 0.017674
402.2627 0.017841
402.6392 0.017996
403.0171 0.018128
403.4004 0.018055
403.7872 0.018126
404.1762 0.018037
404.5697 0.017967
404.9684 0.018047
405.3673 0.018239
405.7690 0.018289
406.1721 0.018348
406.5829 0.018652
407.0020 0.018855
407.4194 0.018945
407.8484 0.018970
408.2770 0.019242
408.7093 0.019375
409.1526 0.019388
409.5971 0.019613
410.0535 0.019749
410.5039 0.019884
410.9667 0.020227
411.4371 0.020099
411.9066 0.020189
412.3945 0.020198
412.8781 0.020390
413.3734 0.020592
413.8858 0.020696
414.3997 0.020845
414.9270 0.020697
415.4700 0.020652
416.0234 0.020743
416.5787 0.020506
417.1468 0.020585
417.7309 0.021130
418.3308 0.021489
418.9451 0.021700
419.5769 0.021830
420.2240 0.022518
420.8923 0.022841
421.5733 0.022770
422.2792 0.022872
423.0034 0.023376
423.7713 0.023551
424.5553 0.023855
425.3597 0.023774
426.2071 0.024643
427.0810 0.025368
428.0060 0.025709
428.9767 0.026182
429.9838 0.027057
431.0685 0.028035
432.2157 0.028676
433.4330 0.029277
434.7575 0.030526
436.1821 0.031946
437.7638 0.033884
439.5010 0.034763
441.4709 0.036492
443.7571 0.039192
446.4793 0.042770
449.8753 0.047888
454.4171 0.054770
455.5572 0.056602
456.8309 0.059297
458.2512 0.063639
459.8730 0.068242
461.7494 0.074604
463.9924 0.083052
466.7728 0.091812
470.6987 0.111576
476.9790 0.141567
482.9895 0.194530
490.8782 0.288708
496.4377 0.381842
tr2s-10-8 3 1
311.0007 0.263691
314.9461 0.207845
320.4574 0.142013
324.9618 0.107489
329.6976 0.085426
332.6881 0.071750
334.8690 0.063934
336.5924 0.059694
338.0341 0.056372
339.3000 0.053272
340.4309 0.050119
341.4445 0.046763
342.3694 0.044682
346.0317 0.039721
348.7473 0.036509
350.9602 0.032639
352.8759 0.030165
354.5195 0.027906
355.9911 0.026816
357.3081 0.025908
358.5065 0.024347
359.6313 0.023190
360.6839 0.023081
361.6720 0.022170
362.6055 0.022719
363.4871 0.022441
364.3334 0.021803
365.1314 0.021211
365.8994 0.021022
366.6371 0.021040
367.3485 0.020559
368.0331 0.020085
368.6986 0.019752
369.3518 0.019479
369.9810 0.018992
370.5910 0.018853
371.1883 0.019068
371.7681 0.018588
372.3420 0.018376
372.8949 0.018365
373.4365 0.018189
373.9583 0.018102
374.4810 0.018479
374.9856 0.018457
375.4825 0.018567
375.9738 0.018560
376.4538 0.018471
376.9268 0.018530
377.3894 0.018267
377.8450 0.018012
378.2964 0.017969
378.7434 0.017984
379.1810 0.018110
379.6108 0.017899
380.0385 0.017819
380.4641 0.017721
380.8839 0.017485
381.2950 0.017287
381.7041 0.017331
382.1076 0.017059
382.5119 0.017068
382.9050 0.017256
383.3007 0.017261
383.6913 0.017291
384.0723 0.017071
384.4533 0.017108
384.8346 0.017154
385.2089 0.017183
385.5855 0.017085
385.9577 0.017015
386.3264 0.016943
386.6920 0.016725
387.0513 0.016745
387.4061 0.016530
387.7644 0.016522
388.1225 0.016298
388.4785 0.016362
388.8300 0.016146
389.1796 0.016135
389.5300 0.016191
389.8783 0.016366
390.2248 0.016321
390.5689 0.016280
390.9139 0.016333
391.2552 0.016100
391.5961 0.016028
391.9352 0.016205
392.2740 0.016073
392.6110 0.016046
392.9497 0.015917
393.2836 0.015880
393.6148 0.015664
393.9429 0.015720
394.2771 0.015815
394.6106 0.016099
394.9415 0.016191
395.2727 0.016350
395.6032 0.016384
395.9302 0.016192
396.2558 0.016451
396.5910 0.016227
396.9177 0.016334
397.2449 0.016172
397.5730 0.016078
397.8972 0.016069
398.2260 0.016092
398.5524 0.016189
398.8812 0.016100
399.2101 0.016137
399.5387 0.016058
399.8648 0.016218
400.1922 0.016246
400.5215 0.016396
400.8509 0.016467
401.1771 0.016502
401.5074 0.016565
401.8360 0.016424
402.1676 0.016311
402.5013 0.016455
402.8341 0.016344
403.1697 0.016203
403.5038 0.016102
403.8376 0.016035
404.1726 0.015967
404.5094 0.015950
404.8475 0.015995
405.1840 0.016010
405.5290 0.016210
405.8629 0.016284
406.2023 0.016554
406.5456 0.016453
406.8921 0.016466
407.2367 0.016484
407.5859 0.016704
407.9323 0.016673
408.2863 0.016657
408.6393 0.016682
408.9949 0.016870
409.3513 0.017024
409.7074 0.017193
410.0668 0.017304
410.4266 0.017367
410.7905 0.017413
411.1538 0.017425
411.5250 0.017446
411.8965 0.017616
412.2642 0.017793
412.6412 0.018195
413.0189 0.018369
413.3997 0.018193
413.7827 0.018281
414.1732 0.018304
414.5672 0.018340
414.9654 0.018464
415.3680 0.018551
415.7778 0.018702
416.1860 0.018428
416.5922 0.018593
417.0078 0.018757
417.4232 0.018862
417.8472 0.019001
418.2738 0.019339
418.7064 0.019694
419.1536 0.019423
419.5962 0.019234
420.0449 0.019397
420.5012 0.019501
420.9631 0.019814
421.4301 0.019933
421.9094 0.020147
422.3914 0.020303
422.8771 0.020271
423.3827 0.020507
423.8906 0.020529
424.4061 0.020956
424.9305 0.020811
425.4598 0.020621
426.0095 0.020669
426.5724 0.020782
427.1430 0.020945
427.7297 0.021627
428.3261 0.021830
428.9366 0.022139
429.5647 0.022148
430.2051 0.022797
430.8673 0.022838
431.5521 0.023277
432.2562 0.023605
432.9902 0.023467
433.7470 0.024051
434.5273 0.024394
435.3441 0.025056
436.1844 0.024938
437.0680 0.025047
437.9975 0.025623
438.9692 0.025737
439.9701 0.026771
441.0562 0.027844
442.1918 0.028854
443.4259 0.029163
444.7585 0.030088
446.1797 0.030371
447.7664 0.031883
449.5159 0.034802
451.4789 0.036358
453.7689 0.038935
456.4880 0.043658
459.8440 0.050996
464.4173 0.055327
465.5585 0.057149
466.8147 0.058699
468.2624 0.062524
469.8742 0.067296
471.7435 0.072203
473.9633 0.081013
476.8170 0.092841
480.6715 0.105648
487.0441 0.138914
493.2461 0.194703
500.9698 0.289884
506.2236 0.396501
