Copyright (C) 1998 James G. MacKinnon, Alfred A. Haug, and Leo Michelis.
 lm0-05-0 2 1
  8.1848 0.014808
  8.5559 0.011472
  9.0938 0.008418
  9.5447 0.006406
 10.0634 0.005337
 10.3918 0.004627
 10.6399 0.004278
 10.8402 0.003823
 11.0135 0.003654
 11.1630 0.003583
 11.2948 0.003480
 11.4165 0.003437
 11.5264 0.003303
 11.9799 0.002998
 12.3285 0.002716
 12.6177 0.002546
 12.8677 0.002456
 13.0902 0.002318
 13.2905 0.002208
 13.4728 0.002214
 13.6426 0.002159
 13.7993 0.002117
 13.9479 0.002053
 14.0879 0.002035
 14.2205 0.002021
 14.3485 0.002003
 14.4724 0.002017
 14.5902 0.002006
 14.7033 0.001965
 14.8129 0.001975
 14.9189 0.001946
 15.0223 0.001956
 15.1222 0.001942
 15.2200 0.001951
 15.3160 0.001968
 15.4090 0.001941
 15.5002 0.001936
 15.5896 0.001919
 15.6770 0.001894
 15.7632 0.001930
 15.8480 0.001929
 15.9307 0.001916
 16.0127 0.001896
 16.0935 0.001895
 16.1727 0.001851
 16.2509 0.001831
 16.3280 0.001818
 16.4047 0.001823
 16.4805 0.001810
 16.5543 0.001796
 16.6277 0.001784
 16.7002 0.001775
 16.7718 0.001786
 16.8433 0.001799
 16.9137 0.001816
 16.9840 0.001808
 17.0531 0.001824
 17.1219 0.001822
 17.1901 0.001824
 17.2582 0.001829
 17.3260 0.001808
 17.3929 0.001807
 17.4592 0.001799
 17.5253 0.001793
 17.5909 0.001815
 17.6563 0.001830
 17.7212 0.001822
 17.7855 0.001822
 17.8497 0.001840
 17.9131 0.001842
 17.9763 0.001840
 18.0397 0.001843
 18.1024 0.001866
 18.1648 0.001867
 18.2274 0.001874
 18.2894 0.001881
 18.3519 0.001880
 18.4140 0.001885
 18.4760 0.001859
 18.5379 0.001855
 18.5999 0.001856
 18.6616 0.001879
 18.7230 0.001870
 18.7845 0.001890
 18.8466 0.001878
 18.9075 0.001880
 18.9685 0.001869
 19.0295 0.001896
 19.0905 0.001931
 19.1515 0.001931
 19.2121 0.001963
 19.2726 0.001953
 19.3335 0.001978
 19.3944 0.001977
 19.4550 0.001966
 19.5163 0.001968
 19.5770 0.001989
 19.6376 0.001983
 19.6988 0.001983
 19.7599 0.001966
 19.8212 0.001948
 19.8825 0.001947
 19.9435 0.001958
 20.0052 0.001960
 20.0668 0.001972
 20.1284 0.001955
 20.1901 0.001954
 20.2521 0.001945
 20.3141 0.001960
 20.3765 0.001966
 20.4399 0.001943
 20.5031 0.001949
 20.5660 0.001978
 20.6294 0.001966
 20.6926 0.001972
 20.7560 0.001984
 20.8195 0.001963
 20.8835 0.001972
 20.9481 0.001988
 21.0125 0.001975
 21.0775 0.001968
 21.1432 0.001972
 21.2093 0.001982
 21.2752 0.001988
 21.3415 0.002040
 21.4079 0.002028
 21.4756 0.002012
 21.5434 0.002018
 21.6110 0.002039
 21.6789 0.002052
 21.7467 0.002060
 21.8153 0.002066
 21.8843 0.002082
 21.9541 0.002075
 22.0244 0.002063
 22.0954 0.002101
 22.1663 0.002094
 22.2380 0.002098
 22.3103 0.002116
 22.3832 0.002121
 22.4573 0.002119
 22.5315 0.002146
 22.6064 0.002169
 22.6822 0.002195
 22.7589 0.002201
 22.8356 0.002234
 22.9130 0.002226
 22.9916 0.002222
 23.0712 0.002257
 23.1513 0.002266
 23.2314 0.002284
 23.3129 0.002319
 23.3960 0.002313
 23.4801 0.002311
 23.5640 0.002335
 23.6499 0.002347
 23.7370 0.002375
 23.8243 0.002383
 23.9130 0.002416
 24.0031 0.002439
 24.0954 0.002451
 24.1888 0.002467
 24.2825 0.002497
 24.3781 0.002552
 24.4754 0.002533
 24.5744 0.002542
 24.6740 0.002578
 24.7758 0.002610
 24.8792 0.002629
 24.9848 0.002666
 25.0921 0.002696
 25.2017 0.002728
 25.3133 0.002765
 25.4275 0.002813
 25.5441 0.002870
 25.6637 0.002910
 25.7848 0.002957
 25.9095 0.003049
 26.0376 0.003042
 26.1685 0.003066
 26.3032 0.003073
 26.4407 0.003096
 26.5830 0.003135
 26.7293 0.003189
 26.8803 0.003232
 27.0359 0.003246
 27.1973 0.003244
 27.3639 0.003279
 27.5353 0.003294
 27.7126 0.003387
 27.8986 0.003425
 28.0922 0.003466
 28.2956 0.003497
 28.5083 0.003592
 28.7331 0.003700
 28.9712 0.003847
 29.2223 0.004072
 29.4903 0.004198
 29.7766 0.004366
 30.0860 0.004636
 30.4205 0.004876
 30.7897 0.005082
 31.1949 0.005462
 31.6503 0.005716
 32.1708 0.006164
 32.7743 0.006497
 33.5053 0.006959
 34.4323 0.008179
 35.7050 0.009616
 36.0368 0.010342
 36.3952 0.010744
 36.8049 0.011083
 37.2719 0.012076
 37.8202 0.013112
 38.4889 0.014585
 39.3373 0.016397
 40.5073 0.020229
 42.5130 0.027964
 44.4720 0.038600
 46.9997 0.061905
 48.8529 0.082856
 lm1-05-0 2 1
 10.2740 0.016649
 10.6812 0.012799
 11.2851 0.009691
 11.7985 0.007377
 12.3766 0.006092
 12.7383 0.005303
 13.0148 0.004638
 13.2377 0.004281
 13.4231 0.003859
 13.5897 0.003633
 13.7374 0.003462
 13.8715 0.003223
 13.9936 0.003202
 14.4895 0.003034
 14.8674 0.003062
 15.1801 0.002726
 15.4492 0.002735
 15.6877 0.002665
 15.9035 0.002556
 16.0997 0.002493
 16.2828 0.002440
 16.4533 0.002408
 16.6140 0.002317
 16.7659 0.002289
 16.9114 0.002263
 17.0495 0.002234
 17.1813 0.002190
 17.3085 0.002166
 17.4302 0.002084
 17.5475 0.002077
 17.6613 0.002062
 17.7720 0.002031
 17.8807 0.001990
 17.9867 0.001965
 18.0890 0.001987
 18.1887 0.001987
 18.2869 0.001951
 18.3828 0.001891
 18.4776 0.001840
 18.5700 0.001839
 18.6611 0.001839
 18.7499 0.001849
 18.8369 0.001812
 18.9234 0.001805
 19.0081 0.001771
 19.0911 0.001763
 19.1736 0.001736
 19.2546 0.001736
 19.3348 0.001737
 19.4143 0.001726
 19.4922 0.001749
 19.5693 0.001756
 19.6464 0.001746
 19.7225 0.001733
 19.7980 0.001722
 19.8729 0.001712
 19.9469 0.001723
 20.0202 0.001714
 20.0927 0.001723
 20.1655 0.001704
 20.2370 0.001720
 20.3082 0.001722
 20.3786 0.001727
 20.4494 0.001746
 20.5198 0.001730
 20.5892 0.001713
 20.6580 0.001716
 20.7267 0.001743
 20.7948 0.001747
 20.8629 0.001748
 20.9307 0.001744
 20.9985 0.001756
 21.0659 0.001767
 21.1332 0.001758
 21.1999 0.001769
 21.2665 0.001779
 21.3327 0.001800
 21.3985 0.001811
 21.4644 0.001817
 21.5298 0.001808
 21.5956 0.001834
 21.6612 0.001846
 21.7262 0.001876
 21.7907 0.001894
 21.8563 0.001896
 21.9207 0.001914
 21.9854 0.001915
 22.0499 0.001919
 22.1146 0.001920
 22.1792 0.001880
 22.2434 0.001868
 22.3074 0.001901
 22.3726 0.001932
 22.4376 0.001933
 22.5024 0.001942
 22.5673 0.001931
 22.6321 0.001951
 22.6969 0.001971
 22.7619 0.001995
 22.8268 0.001981
 22.8917 0.001975
 22.9568 0.001990
 23.0218 0.001989
 23.0871 0.001984
 23.1523 0.001974
 23.2177 0.001990
 23.2834 0.001996
 23.3491 0.002008
 23.4153 0.002017
 23.4809 0.001998
 23.5469 0.002015
 23.6132 0.002023
 23.6802 0.002053
 23.7476 0.002050
 23.8145 0.002055
 23.8814 0.002077
 23.9491 0.002094
 24.0169 0.002094
 24.0853 0.002096
 24.1543 0.002094
 24.2232 0.002134
 24.2917 0.002123
 24.3611 0.002112
 24.4302 0.002097
 24.5003 0.002126
 24.5707 0.002145
 24.6417 0.002154
 24.7124 0.002148
 24.7833 0.002119
 24.8551 0.002133
 24.9277 0.002135
 25.0006 0.002139
 25.0738 0.002133
 25.1475 0.002125
 25.2214 0.002143
 25.2960 0.002128
 25.3712 0.002148
 25.4473 0.002148
 25.5241 0.002163
 25.6013 0.002145
 25.6796 0.002178
 25.7575 0.002165
 25.8363 0.002193
 25.9154 0.002188
 25.9959 0.002210
 26.0780 0.002218
 26.1591 0.002224
 26.2419 0.002208
 26.3252 0.002258
 26.4090 0.002293
 26.4943 0.002300
 26.5800 0.002308
 26.6669 0.002350
 26.7549 0.002409
 26.8436 0.002411
 26.9336 0.002437
 27.0251 0.002470
 27.1170 0.002472
 27.2105 0.002458
 27.3055 0.002476
 27.4015 0.002493
 27.4991 0.002508
 27.5971 0.002531
 27.6975 0.002580
 27.7990 0.002603
 27.9028 0.002614
 28.0077 0.002635
 28.1152 0.002663
 28.2244 0.002680
 28.3353 0.002742
 28.4485 0.002788
 28.5635 0.002809
 28.6802 0.002816
 28.7998 0.002837
 28.9222 0.002869
 29.0474 0.002933
 29.1747 0.002958
 29.3042 0.002956
 29.4383 0.002990
 29.5741 0.003028
 29.7147 0.003076
 29.8594 0.003130
 30.0075 0.003157
 30.1600 0.003230
 30.3180 0.003299
 30.4820 0.003406
 30.6496 0.003450
 30.8231 0.003505
 31.0041 0.003563
 31.1922 0.003647
 31.3872 0.003753
 31.5912 0.003711
 31.8044 0.003829
 32.0260 0.003894
 32.2607 0.004000
 32.5100 0.004116
 32.7718 0.004296
 33.0538 0.004388
 33.3545 0.004500
 33.6772 0.004630
 34.0280 0.004979
 34.4126 0.005277
 34.8380 0.005480
 35.3131 0.005839
 35.8535 0.006244
 36.4805 0.006395
 37.2420 0.007161
 38.2003 0.007951
 39.5165 0.010112
 39.8502 0.010359
 40.2273 0.011025
 40.6495 0.011398
 41.1335 0.012492
 41.6995 0.013640
 42.3933 0.014997
 43.2747 0.017090
 44.4790 0.021622
 46.5520 0.028851
 48.5624 0.040311
 51.1547 0.061667
 53.1156 0.083062
lm1s-05-0 2 1
 10.8379 0.017220
 11.2743 0.013659
 11.8976 0.009907
 12.4288 0.007753
 13.0097 0.006088
 13.3801 0.005209
 13.6596 0.004572
 13.8851 0.004138
 14.0770 0.003788
 14.2449 0.003759
 14.3957 0.003477
 14.5292 0.003387
 14.6533 0.003285
 15.1532 0.003101
 15.5360 0.003065
 15.8538 0.002817
 16.1261 0.002764
 16.3694 0.002756
 16.5865 0.002634
 16.7864 0.002514
 16.9716 0.002485
 17.1441 0.002478
 17.3066 0.002408
 17.4596 0.002341
 17.6046 0.002271
 17.7426 0.002234
 17.8757 0.002174
 18.0037 0.002129
 18.1279 0.002102
 18.2468 0.002056
 18.3621 0.002032
 18.4748 0.001996
 18.5851 0.001965
 18.6919 0.001944
 18.7954 0.001916
 18.8963 0.001920
 18.9948 0.001887
 19.0923 0.001856
 19.1867 0.001845
 19.2797 0.001810
 19.3717 0.001793
 19.4605 0.001784
 19.5485 0.001790
 19.6350 0.001803
 19.7208 0.001778
 19.8047 0.001762
 19.8876 0.001768
 19.9690 0.001779
 20.0507 0.001732
 20.1307 0.001758
 20.2096 0.001748
 20.2879 0.001738
 20.3659 0.001757
 20.4423 0.001739
 20.5181 0.001754
 20.5932 0.001738
 20.6675 0.001746
 20.7412 0.001766
 20.8146 0.001745
 20.8874 0.001755
 20.9597 0.001754
 21.0311 0.001738
 21.1027 0.001742
 21.1737 0.001737
 21.2445 0.001735
 21.3145 0.001752
 21.3837 0.001755
 21.4527 0.001769
 21.5212 0.001775
 21.5902 0.001776
 21.6577 0.001786
 21.7263 0.001790
 21.7937 0.001798
 21.8615 0.001807
 21.9287 0.001825
 21.9959 0.001818
 22.0624 0.001826
 22.1295 0.001845
 22.1949 0.001848
 22.2605 0.001855
 22.3264 0.001863
 22.3922 0.001852
 22.4580 0.001878
 22.5232 0.001862
 22.5886 0.001875
 22.6537 0.001885
 22.7188 0.001871
 22.7833 0.001870
 22.8485 0.001878
 22.9138 0.001871
 22.9790 0.001860
 23.0441 0.001867
 23.1095 0.001878
 23.1744 0.001867
 23.2391 0.001870
 23.3044 0.001881
 23.3697 0.001892
 23.4351 0.001900
 23.5001 0.001895
 23.5651 0.001910
 23.6304 0.001911
 23.6957 0.001930
 23.7615 0.001941
 23.8273 0.001945
 23.8930 0.001947
 23.9591 0.001942
 24.0247 0.001963
 24.0906 0.001953
 24.1568 0.001940
 24.2233 0.001955
 24.2897 0.001963
 24.3563 0.001981
 24.4236 0.002000
 24.4910 0.001986
 24.5585 0.001990
 24.6256 0.001996
 24.6928 0.002004
 24.7613 0.002014
 24.8298 0.002013
 24.8983 0.002034
 24.9677 0.002049
 25.0372 0.002070
 25.1064 0.002064
 25.1763 0.002063
 25.2464 0.002059
 25.3172 0.002087
 25.3880 0.002087
 25.4593 0.002086
 25.5314 0.002074
 25.6033 0.002075
 25.6761 0.002071
 25.7490 0.002077
 25.8225 0.002098
 25.8970 0.002100
 25.9713 0.002116
 26.0467 0.002123
 26.1227 0.002139
 26.1984 0.002154
 26.2752 0.002165
 26.3526 0.002173
 26.4305 0.002170
 26.5091 0.002178
 26.5884 0.002201
 26.6681 0.002212
 26.7494 0.002237
 26.8304 0.002277
 26.9124 0.002292
 26.9948 0.002344
 27.0785 0.002345
 27.1631 0.002374
 27.2490 0.002372
 27.3355 0.002415
 27.4223 0.002415
 27.5105 0.002432
 27.5998 0.002472
 27.6903 0.002482
 27.7813 0.002509
 27.8744 0.002509
 27.9683 0.002526
 28.0636 0.002531
 28.1612 0.002556
 28.2582 0.002540
 28.3568 0.002549
 28.4571 0.002580
 28.5589 0.002622
 28.6633 0.002674
 28.7687 0.002694
 28.8759 0.002715
 28.9852 0.002756
 29.0962 0.002772
 29.2089 0.002815
 29.3246 0.002822
 29.4416 0.002859
 29.5603 0.002850
 29.6823 0.002892
 29.8071 0.002916
 29.9352 0.002956
 30.0650 0.002945
 30.1992 0.003008
 30.3363 0.003053
 30.4777 0.003120
 30.6229 0.003155
 30.7718 0.003198
 30.9237 0.003242
 31.0812 0.003239
 31.2431 0.003287
 31.4116 0.003394
 31.5848 0.003470
 31.7660 0.003509
 31.9550 0.003549
 32.1507 0.003528
 32.3559 0.003609
 32.5689 0.003787
 32.7919 0.003898
 33.0278 0.003979
 33.2771 0.004053
 33.5419 0.004169
 33.8230 0.004351
 34.1229 0.004553
 34.4508 0.004796
 34.8033 0.004948
 35.1882 0.005114
 35.6130 0.005427
 36.0886 0.005785
 36.6276 0.006048
 37.2577 0.006451
 38.0176 0.007199
 38.9778 0.008092
 40.2932 0.010036
 40.6320 0.010262
 41.0099 0.010729
 41.4287 0.011208
 41.9208 0.012612
 42.4852 0.013791
 43.1684 0.014802
 44.0465 0.017507
 45.2765 0.021439
 47.3428 0.029617
 49.3508 0.040694
 51.9195 0.062113
 53.8855 0.082382
 lm2-05-0 2 1
 12.3586 0.018899
 12.8452 0.014386
 13.5243 0.010309
 14.0797 0.008328
 14.6999 0.006510
 15.0935 0.005679
 15.3925 0.005172
 15.6325 0.004764
 15.8368 0.004457
 16.0150 0.004235
 16.1718 0.004102
 16.3158 0.003867
 16.4461 0.003785
 16.9766 0.003352
 17.3878 0.003168
 17.7259 0.002930
 18.0158 0.002802
 18.2715 0.002634
 18.5028 0.002520
 18.7153 0.002411
 18.9113 0.002370
 19.0938 0.002317
 19.2649 0.002233
 19.4266 0.002202
 19.5809 0.002218
 19.7265 0.002142
 19.8679 0.002114
 20.0032 0.002101
 20.1334 0.002094
 20.2586 0.002096
 20.3811 0.002106
 20.4994 0.002117
 20.6151 0.002070
 20.7277 0.002062
 20.8364 0.002030
 20.9431 0.002008
 21.0477 0.001996
 21.1495 0.001976
 21.2488 0.001965
 21.3471 0.001964
 21.4437 0.001981
 21.5387 0.001942
 21.6317 0.001943
 21.7226 0.001927
 21.8125 0.001923
 21.9012 0.001952
 21.9889 0.001960
 22.0750 0.001982
 22.1603 0.001985
 22.2450 0.001982
 22.3285 0.001956
 22.4107 0.001964
 22.4923 0.001958
 22.5728 0.001978
 22.6529 0.001964
 22.7320 0.001966
 22.8106 0.001957
 22.8884 0.001946
 22.9656 0.001954
 23.0419 0.001957
 23.1177 0.001967
 23.1930 0.001973
 23.2674 0.001964
 23.3418 0.001968
 23.4159 0.001962
 23.4890 0.001936
 23.5626 0.001917
 23.6356 0.001905
 23.7082 0.001915
 23.7807 0.001929
 23.8521 0.001943
 23.9234 0.001943
 23.9946 0.001937
 24.0652 0.001967
 24.1358 0.001945
 24.2057 0.001975
 24.2756 0.001987
 24.3457 0.001978
 24.4150 0.001973
 24.4843 0.001964
 24.5532 0.001958
 24.6220 0.001996
 24.6903 0.001998
 24.7592 0.002001
 24.8280 0.002007
 24.8965 0.001988
 24.9650 0.001984
 25.0343 0.001981
 25.1030 0.001976
 25.1710 0.001997
 25.2394 0.001990
 25.3077 0.001997
 25.3754 0.001991
 25.4436 0.001981
 25.5117 0.001960
 25.5800 0.001957
 25.6485 0.001957
 25.7166 0.001963
 25.7843 0.001995
 25.8522 0.002019
 25.9202 0.002040
 25.9887 0.002021
 26.0576 0.002022
 26.1260 0.002053
 26.1949 0.002050
 26.2637 0.002065
 26.3330 0.002092
 26.4015 0.002115
 26.4706 0.002093
 26.5406 0.002127
 26.6101 0.002127
 26.6800 0.002121
 26.7502 0.002149
 26.8204 0.002156
 26.8910 0.002184
 26.9618 0.002184
 27.0329 0.002194
 27.1042 0.002222
 27.1762 0.002205
 27.2477 0.002238
 27.3197 0.002239
 27.3924 0.002256
 27.4650 0.002273
 27.5383 0.002275
 27.6121 0.002284
 27.6858 0.002277
 27.7593 0.002278
 27.8339 0.002291
 27.9094 0.002312
 27.9844 0.002309
 28.0603 0.002317
 28.1368 0.002315
 28.2138 0.002312
 28.2912 0.002313
 28.3688 0.002329
 28.4472 0.002357
 28.5263 0.002361
 28.6053 0.002396
 28.6850 0.002413
 28.7656 0.002426
 28.8472 0.002460
 28.9290 0.002477
 29.0120 0.002491
 29.0950 0.002526
 29.1785 0.002523
 29.2635 0.002520
 29.3492 0.002511
 29.4357 0.002501
 29.5233 0.002556
 29.6114 0.002595
 29.7005 0.002617
 29.7901 0.002612
 29.8805 0.002631
 29.9726 0.002606
 30.0659 0.002635
 30.1598 0.002657
 30.2548 0.002673
 30.3513 0.002689
 30.4496 0.002667
 30.5487 0.002739
 30.6495 0.002772
 30.7512 0.002753
 30.8543 0.002741
 30.9587 0.002796
 31.0649 0.002814
 31.1736 0.002813
 31.2840 0.002820
 31.3955 0.002846
 31.5097 0.002856
 31.6256 0.002836
 31.7434 0.002833
 31.8642 0.002873
 31.9869 0.002962
 32.1116 0.002973
 32.2400 0.002994
 32.3701 0.003027
 32.5034 0.003021
 32.6394 0.003063
 32.7789 0.003025
 32.9218 0.003086
 33.0675 0.003144
 33.2176 0.003229
 33.3718 0.003291
 33.5305 0.003351
 33.6957 0.003426
 33.8655 0.003470
 34.0410 0.003496
 34.2214 0.003592
 34.4086 0.003598
 34.6049 0.003690
 34.8074 0.003654
 35.0195 0.003753
 35.2419 0.003926
 35.4738 0.004024
 35.7194 0.004112
 35.9773 0.004049
 36.2511 0.004129
 36.5413 0.004207
 36.8540 0.004458
 37.1880 0.004754
 37.5501 0.004896
 37.9489 0.005010
 38.3881 0.005335
 38.8764 0.005629
 39.4385 0.006206
 40.0916 0.006847
 40.8821 0.007299
 41.8784 0.008544
 43.2558 0.010664
 43.5993 0.010858
 43.9901 0.011411
 44.4261 0.011884
 44.9271 0.012617
 45.5208 0.013565
 46.2351 0.015060
 47.1443 0.016473
 48.3950 0.020066
 50.4779 0.030276
 52.5573 0.042880
 55.2245 0.063984
 57.1766 0.083356
lm2s-05-0 2 1
 13.0757 0.019083
 13.5404 0.015310
 14.1981 0.011050
 14.7768 0.008187
 15.4006 0.006539
 15.7970 0.005486
 16.0932 0.004901
 16.3338 0.004636
 16.5382 0.004352
 16.7185 0.004194
 16.8788 0.004142
 17.0210 0.003987
 17.1527 0.003870
 17.6907 0.003465
 18.1039 0.003201
 18.4435 0.002959
 18.7384 0.002706
 18.9962 0.002617
 19.2284 0.002516
 19.4400 0.002421
 19.6365 0.002388
 19.8196 0.002326
 19.9908 0.002219
 20.1541 0.002159
 20.3076 0.002156
 20.4564 0.002162
 20.5977 0.002198
 20.7345 0.002196
 20.8664 0.002123
 20.9934 0.002116
 21.1163 0.002103
 21.2350 0.002087
 21.3505 0.002067
 21.4630 0.002059
 21.5733 0.002021
 21.6804 0.002028
 21.7857 0.002051
 21.8878 0.002044
 21.9879 0.002001
 22.0856 0.002003
 22.1825 0.001978
 22.2776 0.001975
 22.3710 0.001969
 22.4627 0.001944
 22.5527 0.001967
 22.6418 0.001969
 22.7304 0.001961
 22.8174 0.001983
 22.9021 0.001989
 22.9868 0.002001
 23.0701 0.001998
 23.1523 0.001998
 23.2344 0.001982
 23.3152 0.001998
 23.3951 0.001998
 23.4748 0.001982
 23.5537 0.001948
 23.6320 0.001935
 23.7098 0.001947
 23.7866 0.001928
 23.8632 0.001943
 23.9388 0.001948
 24.0136 0.001961
 24.0878 0.001960
 24.1628 0.001975
 24.2362 0.001993
 24.3096 0.001996
 24.3827 0.002012
 24.4556 0.002003
 24.5275 0.001996
 24.5990 0.002019
 24.6702 0.002017
 24.7414 0.002039
 24.8123 0.002040
 24.8829 0.002017
 24.9531 0.002008
 25.0232 0.002020
 25.0931 0.002002
 25.1635 0.001993
 25.2332 0.001998
 25.3033 0.001990
 25.3723 0.001976
 25.4414 0.001997
 25.5102 0.001980
 25.5790 0.001988
 25.6478 0.002006
 25.7164 0.002010
 25.7853 0.002002
 25.8537 0.002012
 25.9222 0.002021
 25.9906 0.002021
 26.0588 0.002035
 26.1272 0.002049
 26.1955 0.002054
 26.2640 0.002058
 26.3324 0.002043
 26.4006 0.002057
 26.4688 0.002065
 26.5368 0.002080
 26.6055 0.002106
 26.6738 0.002111
 26.7421 0.002116
 26.8109 0.002107
 26.8801 0.002114
 26.9489 0.002139
 27.0178 0.002172
 27.0876 0.002190
 27.1568 0.002189
 27.2266 0.002193
 27.2958 0.002198
 27.3656 0.002161
 27.4362 0.002173
 27.5063 0.002203
 27.5773 0.002175
 27.6479 0.002172
 27.7185 0.002171
 27.7892 0.002170
 27.8600 0.002190
 27.9324 0.002177
 28.0044 0.002188
 28.0766 0.002193
 28.1491 0.002201
 28.2224 0.002224
 28.2955 0.002222
 28.3694 0.002217
 28.4431 0.002251
 28.5179 0.002258
 28.5927 0.002261
 28.6676 0.002260
 28.7430 0.002274
 28.8188 0.002285
 28.8951 0.002302
 28.9725 0.002323
 29.0500 0.002351
 29.1280 0.002352
 29.2064 0.002365
 29.2857 0.002381
 29.3648 0.002392
 29.4449 0.002406
 29.5254 0.002428
 29.6069 0.002417
 29.6891 0.002439
 29.7720 0.002422
 29.8556 0.002416
 29.9401 0.002395
 30.0258 0.002368
 30.1118 0.002371
 30.1981 0.002388
 30.2850 0.002387
 30.3735 0.002384
 30.4621 0.002419
 30.5521 0.002468
 30.6426 0.002500
 30.7348 0.002518
 30.8282 0.002526
 30.9225 0.002539
 31.0174 0.002580
 31.1144 0.002633
 31.2119 0.002675
 31.3113 0.002689
 31.4123 0.002701
 31.5142 0.002750
 31.6175 0.002736
 31.7224 0.002734
 31.8300 0.002759
 31.9386 0.002771
 32.0489 0.002815
 32.1603 0.002826
 32.2744 0.002877
 32.3903 0.002890
 32.5089 0.002900
 32.6284 0.002956
 32.7510 0.002971
 32.8760 0.002957
 33.0033 0.002996
 33.1332 0.003057
 33.2669 0.003075
 33.4029 0.003076
 33.5419 0.003114
 33.6849 0.003191
 33.8324 0.003244
 33.9826 0.003290
 34.1372 0.003275
 34.2978 0.003340
 34.4621 0.003456
 34.6314 0.003463
 34.8062 0.003485
 34.9857 0.003531
 35.1755 0.003636
 35.3703 0.003736
 35.5749 0.003825
 35.7876 0.003859
 36.0104 0.003863
 36.2451 0.003920
 36.4903 0.003963
 36.7478 0.004092
 37.0208 0.004220
 37.3139 0.004489
 37.6257 0.004683
 37.9591 0.004646
 38.3244 0.004853
 38.7238 0.005161
 39.1617 0.005300
 39.6524 0.005708
 40.2146 0.006169
 40.8715 0.006694
 41.6561 0.007485
 42.6545 0.008456
 44.0216 0.010281
 44.3691 0.010881
 44.7602 0.011449
 45.1997 0.011820
 45.7005 0.012740
 46.2948 0.013723
 47.0054 0.014790
 47.9219 0.016682
 49.1718 0.020602
 51.2665 0.030545
 53.3315 0.041090
 55.9856 0.062358
 57.9095 0.081066
 tr0-05-0 2 1
 21.0348 0.033250
 21.8498 0.024677
 22.9959 0.018797
 23.9536 0.013932
 25.0201 0.010293
 25.7164 0.009434
 26.2275 0.008604
 26.6421 0.008304
 26.9897 0.007873
 27.3012 0.007493
 27.5737 0.007154
 27.8244 0.006881
 28.0494 0.006520
 28.9574 0.005865
 29.6492 0.005433
 30.2143 0.004875
 30.7013 0.004512
 31.1305 0.004239
 31.5163 0.004149
 31.8683 0.004013
 32.1943 0.004039
 32.4979 0.003859
 32.7820 0.003856
 33.0517 0.003817
 33.3071 0.003840
 33.5494 0.003780
 33.7818 0.003747
 34.0039 0.003716
 34.2177 0.003703
 34.4247 0.003589
 34.6241 0.003543
 34.8170 0.003522
 35.0039 0.003472
 35.1860 0.003438
 35.3638 0.003435
 35.5357 0.003379
 35.7053 0.003359
 35.8701 0.003383
 36.0319 0.003366
 36.1906 0.003347
 36.3455 0.003347
 36.4979 0.003286
 36.6469 0.003216
 36.7944 0.003214
 36.9388 0.003251
 37.0816 0.003254
 37.2218 0.003251
 37.3597 0.003203
 37.4961 0.003183
 37.6306 0.003164
 37.7624 0.003180
 37.8934 0.003137
 38.0229 0.003122
 38.1506 0.003127
 38.2773 0.003110
 38.4040 0.003115
 38.5274 0.003122
 38.6500 0.003098
 38.7719 0.003100
 38.8920 0.003121
 39.0121 0.003117
 39.1308 0.003121
 39.2487 0.003127
 39.3654 0.003096
 39.4816 0.003092
 39.5974 0.003126
 39.7124 0.003137
 39.8261 0.003174
 39.9387 0.003173
 40.0510 0.003139
 40.1626 0.003112
 40.2745 0.003110
 40.3857 0.003137
 40.4958 0.003139
 40.6059 0.003159
 40.7153 0.003159
 40.8245 0.003210
 40.9333 0.003216
 41.0411 0.003204
 41.1484 0.003228
 41.2575 0.003204
 41.3650 0.003224
 41.4711 0.003211
 41.5778 0.003229
 41.6838 0.003255
 41.7897 0.003298
 41.8953 0.003317
 42.0008 0.003319
 42.1061 0.003331
 42.2106 0.003381
 42.3152 0.003385
 42.4201 0.003340
 42.5240 0.003332
 42.6291 0.003332
 42.7338 0.003309
 42.8388 0.003281
 42.9433 0.003284
 43.0472 0.003292
 43.1517 0.003315
 43.2560 0.003341
 43.3611 0.003337
 43.4663 0.003359
 43.5706 0.003363
 43.6751 0.003354
 43.7798 0.003319
 43.8850 0.003301
 43.9897 0.003327
 44.0942 0.003332
 44.1991 0.003351
 44.3046 0.003342
 44.4092 0.003364
 44.5143 0.003354
 44.6202 0.003392
 44.7266 0.003401
 44.8334 0.003417
 44.9409 0.003403
 45.0480 0.003392
 45.1554 0.003424
 45.2637 0.003451
 45.3717 0.003408
 45.4795 0.003380
 45.5879 0.003376
 45.6970 0.003361
 45.8068 0.003377
 45.9165 0.003390
 46.0265 0.003412
 46.1382 0.003437
 46.2503 0.003417
 46.3626 0.003452
 46.4748 0.003443
 46.5880 0.003427
 46.7014 0.003470
 46.8159 0.003484
 46.9299 0.003487
 47.0456 0.003508
 47.1616 0.003486
 47.2783 0.003467
 47.3961 0.003504
 47.5143 0.003470
 47.6340 0.003470
 47.7542 0.003495
 47.8750 0.003506
 47.9972 0.003535
 48.1197 0.003536
 48.2427 0.003580
 48.3670 0.003580
 48.4931 0.003623
 48.6190 0.003623
 48.7469 0.003634
 48.8764 0.003726
 49.0076 0.003716
 49.1393 0.003749
 49.2720 0.003784
 49.4067 0.003781
 49.5410 0.003799
 49.6782 0.003871
 49.8165 0.003842
 49.9575 0.003844
 50.1004 0.003841
 50.2437 0.003867
 50.3897 0.003882
 50.5358 0.003895
 50.6858 0.003870
 50.8379 0.003865
 50.9918 0.003889
 51.1471 0.003903
 51.3060 0.003975
 51.4667 0.003979
 51.6292 0.004053
 51.7950 0.004062
 51.9635 0.004061
 52.1354 0.004090
 52.3113 0.004113
 52.4889 0.004147
 52.6712 0.004239
 52.8571 0.004223
 53.0480 0.004250
 53.2411 0.004341
 53.4390 0.004407
 53.6418 0.004570
 53.8486 0.004535
 54.0620 0.004570
 54.2802 0.004636
 54.5036 0.004712
 54.7329 0.004740
 54.9708 0.004809
 55.2164 0.004830
 55.4690 0.004854
 55.7310 0.004964
 56.0029 0.005057
 56.2856 0.005169
 56.5824 0.005174
 56.8899 0.005346
 57.2128 0.005473
 57.5500 0.005609
 57.9044 0.005640
 58.2804 0.005851
 58.6816 0.006088
 59.1083 0.006422
 59.5670 0.006739
 60.0597 0.007110
 60.5989 0.007489
 61.1920 0.007957
 61.8563 0.008398
 62.6063 0.008815
 63.4778 0.009202
 64.5325 0.010008
 65.8433 0.010989
 67.6533 0.013236
 68.1088 0.013974
 68.6112 0.015348
 69.1770 0.016413
 69.8293 0.017810
 70.5794 0.019306
 71.4984 0.020972
 72.6762 0.023208
 74.2974 0.028248
 76.9381 0.037276
 79.5335 0.051964
 82.8147 0.079279
 85.3390 0.108167
 tr1-05-0 2 1
 27.9433 0.039299
 28.9089 0.031267
 30.2639 0.021439
 31.3883 0.017128
 32.6379 0.013441
 33.4262 0.011180
 34.0137 0.010517
 34.4860 0.009966
 34.8906 0.008971
 35.2431 0.008563
 35.5530 0.008128
 35.8369 0.007819
 36.0968 0.007595
 37.1369 0.006791
 37.9220 0.006087
 38.5647 0.005640
 39.1206 0.005332
 39.6096 0.005053
 40.0460 0.004946
 40.4450 0.004722
 40.8107 0.004652
 41.1545 0.004504
 41.4735 0.004381
 41.7747 0.004338
 42.0612 0.004337
 42.3324 0.004286
 42.5912 0.004235
 42.8413 0.004147
 43.0809 0.004168
 43.3109 0.004232
 43.5344 0.004115
 43.7507 0.004062
 43.9606 0.003968
 44.1636 0.003946
 44.3630 0.003901
 44.5563 0.003822
 44.7453 0.003840
 44.9301 0.003764
 45.1111 0.003753
 45.2887 0.003768
 45.4611 0.003687
 45.6310 0.003697
 45.7980 0.003701
 45.9609 0.003711
 46.1213 0.003647
 46.2790 0.003644
 46.4347 0.003648
 46.5893 0.003623
 46.7420 0.003630
 46.8928 0.003608
 47.0408 0.003632
 47.1865 0.003595
 47.3305 0.003526
 47.4737 0.003516
 47.6144 0.003538
 47.7542 0.003529
 47.8936 0.003514
 48.0312 0.003485
 48.1671 0.003446
 48.3015 0.003374
 48.4346 0.003376
 48.5656 0.003382
 48.6970 0.003412
 48.8277 0.003390
 48.9559 0.003369
 49.0851 0.003365
 49.2129 0.003345
 49.3391 0.003334
 49.4646 0.003325
 49.5900 0.003335
 49.7146 0.003300
 49.8387 0.003339
 49.9612 0.003375
 50.0841 0.003364
 50.2052 0.003397
 50.3260 0.003426
 50.4458 0.003433
 50.5671 0.003446
 50.6868 0.003436
 50.8067 0.003373
 50.9256 0.003397
 51.0428 0.003345
 51.1616 0.003339
 51.2789 0.003330
 51.3968 0.003339
 51.5145 0.003345
 51.6313 0.003346
 51.7485 0.003358
 51.8651 0.003317
 51.9805 0.003333
 52.0963 0.003331
 52.2132 0.003325
 52.3281 0.003356
 52.4442 0.003359
 52.5585 0.003390
 52.6737 0.003386
 52.7887 0.003367
 52.9036 0.003318
 53.0191 0.003345
 53.1340 0.003330
 53.2484 0.003328
 53.3631 0.003347
 53.4772 0.003338
 53.5923 0.003334
 53.7078 0.003358
 53.8230 0.003376
 53.9389 0.003366
 54.0546 0.003340
 54.1710 0.003332
 54.2865 0.003333
 54.4020 0.003343
 54.5190 0.003334
 54.6357 0.003306
 54.7531 0.003327
 54.8706 0.003349
 54.9885 0.003370
 55.1053 0.003392
 55.2220 0.003408
 55.3405 0.003431
 55.4588 0.003439
 55.5775 0.003440
 55.6966 0.003484
 55.8156 0.003512
 55.9358 0.003541
 56.0572 0.003541
 56.1779 0.003574
 56.2996 0.003599
 56.4216 0.003556
 56.5441 0.003596
 56.6669 0.003606
 56.7911 0.003627
 56.9146 0.003654
 57.0385 0.003672
 57.1652 0.003646
 57.2926 0.003676
 57.4203 0.003667
 57.5490 0.003683
 57.6775 0.003689
 57.8078 0.003759
 57.9383 0.003719
 58.0696 0.003751
 58.2015 0.003773
 58.3362 0.003795
 58.4716 0.003810
 58.6073 0.003796
 58.7434 0.003838
 58.8806 0.003854
 59.0200 0.003913
 59.1593 0.003902
 59.3006 0.003920
 59.4424 0.003907
 59.5869 0.003952
 59.7321 0.003983
 59.8798 0.004018
 60.0284 0.004080
 60.1774 0.004065
 60.3286 0.004090
 60.4829 0.004072
 60.6382 0.004092
 60.7945 0.004128
 60.9527 0.004157
 61.1141 0.004238
 61.2777 0.004238
 61.4425 0.004256
 61.6101 0.004281
 61.7790 0.004286
 61.9510 0.004342
 62.1259 0.004399
 62.3017 0.004406
 62.4811 0.004373
 62.6644 0.004339
 62.8528 0.004370
 63.0433 0.004406
 63.2368 0.004474
 63.4359 0.004497
 63.6363 0.004554
 63.8424 0.004649
 64.0532 0.004659
 64.2683 0.004755
 64.4886 0.004772
 64.7131 0.004843
 64.9450 0.004869
 65.1838 0.004869
 65.4270 0.004935
 65.6772 0.004981
 65.9360 0.005146
 66.2000 0.005222
 66.4754 0.005370
 66.7616 0.005461
 67.0562 0.005567
 67.3611 0.005678
 67.6800 0.005763
 68.0154 0.005959
 68.3620 0.006110
 68.7283 0.006168
 69.1148 0.006432
 69.5223 0.006509
 69.9557 0.006653
 70.4156 0.007047
 70.9104 0.007189
 71.4448 0.007500
 72.0295 0.007647
 72.6680 0.007863
 73.3768 0.008617
 74.1905 0.009147
 75.1292 0.009876
 76.2536 0.010327
 77.6800 0.011847
 79.6061 0.013865
 80.0911 0.014933
 80.6388 0.015802
 81.2415 0.016614
 81.9380 0.018012
 82.7570 0.020090
 83.7383 0.022262
 84.9979 0.024202
 86.7027 0.029862
 89.5392 0.039513
 92.3253 0.057425
 95.8958 0.083521
 98.2876 0.113511
tr1s-05-0 2 1
 31.7146 0.042264
 32.7380 0.032673
 34.1514 0.022190
 35.3892 0.017027
 36.7070 0.013506
 37.5354 0.012203
 38.1545 0.010994
 38.6472 0.009942
 39.0701 0.009531
 39.4395 0.009030
 39.7721 0.008462
 40.0664 0.008078
 40.3384 0.007657
 41.4317 0.006893
 42.2547 0.006244
 42.9304 0.005884
 43.5118 0.005720
 44.0202 0.005402
 44.4762 0.005236
 44.8932 0.005172
 45.2790 0.005070
 45.6374 0.004894
 45.9697 0.004798
 46.2847 0.004642
 46.5857 0.004533
 46.8709 0.004499
 47.1426 0.004484
 47.4023 0.004470
 47.6515 0.004349
 47.8917 0.004328
 48.1246 0.004288
 48.3508 0.004246
 48.5694 0.004195
 48.7816 0.004188
 48.9884 0.004205
 49.1889 0.004154
 49.3858 0.004121
 49.5776 0.004124
 49.7656 0.004100
 49.9508 0.004004
 50.1296 0.004002
 50.3072 0.004030
 50.4820 0.003970
 50.6525 0.003952
 50.8213 0.003971
 50.9865 0.003918
 51.1494 0.003932
 51.3088 0.003850
 51.4663 0.003850
 51.6211 0.003809
 51.7745 0.003733
 51.9267 0.003710
 52.0768 0.003664
 52.2242 0.003667
 52.3719 0.003627
 52.5165 0.003569
 52.6601 0.003580
 52.8020 0.003568
 52.9436 0.003560
 53.0833 0.003570
 53.2216 0.003557
 53.3583 0.003544
 53.4945 0.003512
 53.6299 0.003463
 53.7640 0.003488
 53.8971 0.003455
 54.0291 0.003407
 54.1604 0.003413
 54.2902 0.003415
 54.4198 0.003416
 54.5492 0.003433
 54.6770 0.003472
 54.8054 0.003478
 54.9318 0.003492
 55.0574 0.003506
 55.1828 0.003506
 55.3082 0.003523
 55.4332 0.003494
 55.5577 0.003506
 55.6822 0.003495
 55.8055 0.003459
 55.9287 0.003472
 56.0512 0.003459
 56.1733 0.003444
 56.2956 0.003433
 56.4166 0.003396
 56.5368 0.003391
 56.6580 0.003386
 56.7786 0.003394
 56.8992 0.003428
 57.0188 0.003414
 57.1388 0.003403
 57.2584 0.003408
 57.3787 0.003447
 57.4985 0.003419
 57.6183 0.003387
 57.7375 0.003409
 57.8571 0.003426
 57.9752 0.003413
 58.0950 0.003367
 58.2139 0.003373
 58.3320 0.003381
 58.4504 0.003404
 58.5705 0.003392
 58.6899 0.003419
 58.8098 0.003462
 58.9286 0.003489
 59.0480 0.003488
 59.1680 0.003488
 59.2881 0.003546
 59.4087 0.003541
 59.5287 0.003533
 59.6485 0.003549
 59.7691 0.003549
 59.8904 0.003549
 60.0118 0.003552
 60.1331 0.003559
 60.2553 0.003538
 60.3777 0.003515
 60.5001 0.003505
 60.6225 0.003505
 60.7458 0.003553
 60.8702 0.003588
 60.9949 0.003609
 61.1199 0.003642
 61.2444 0.003663
 61.3691 0.003710
 61.4959 0.003673
 61.6214 0.003710
 61.7492 0.003722
 61.8767 0.003756
 62.0046 0.003778
 62.1332 0.003811
 62.2628 0.003868
 62.3940 0.003902
 62.5256 0.003913
 62.6584 0.003891
 62.7925 0.003926
 62.9274 0.003950
 63.0627 0.003956
 63.1993 0.003939
 63.3362 0.003971
 63.4727 0.004053
 63.6108 0.004070
 63.7509 0.004085
 63.8916 0.004087
 64.0337 0.004073
 64.1774 0.004087
 64.3217 0.004103
 64.4676 0.004124
 64.6151 0.004132
 64.7640 0.004156
 64.9131 0.004142
 65.0638 0.004151
 65.2151 0.004198
 65.3691 0.004258
 65.5252 0.004305
 65.6825 0.004317
 65.8420 0.004331
 66.0031 0.004322
 66.1676 0.004373
 66.3337 0.004380
 66.5011 0.004329
 66.6717 0.004365
 66.8446 0.004373
 67.0197 0.004377
 67.1976 0.004408
 67.3788 0.004454
 67.5617 0.004581
 67.7469 0.004614
 67.9368 0.004723
 68.1286 0.004766
 68.3239 0.004758
 68.5224 0.004763
 68.7259 0.004789
 68.9344 0.004844
 69.1452 0.004898
 69.3606 0.004945
 69.5827 0.005025
 69.8098 0.005042
 70.0448 0.005059
 70.2843 0.005042
 70.5297 0.005035
 70.7807 0.005097
 71.0368 0.005282
 71.3029 0.005391
 71.5756 0.005484
 71.8580 0.005526
 72.1515 0.005606
 72.4553 0.005650
 72.7714 0.005766
 73.1020 0.005945
 73.4435 0.006016
 73.8004 0.006233
 74.1742 0.006361
 74.5696 0.006641
 74.9866 0.006703
 75.4302 0.006816
 75.9034 0.006992
 76.4094 0.007484
 76.9605 0.007854
 77.5534 0.008064
 78.2102 0.008545
 78.9432 0.009079
 79.7791 0.009768
 80.7424 0.010696
 81.8993 0.011593
 83.3568 0.012839
 85.3345 0.015270
 85.8329 0.015905
 86.3929 0.016239
 87.0168 0.016974
 87.7384 0.018189
 88.5697 0.020098
 89.5950 0.021684
 90.8761 0.026114
 92.6389 0.031209
 95.5445 0.040254
 98.2954 0.053354
101.9025 0.086151
104.4814 0.114420
 tr2-05-0 2 1
 35.3938 0.047632
 36.4943 0.035501
 38.0869 0.024924
 39.4043 0.019533
 40.8290 0.014823
 41.7397 0.012645
 42.4275 0.011759
 42.9666 0.010689
 43.4160 0.010125
 43.8150 0.009734
 44.1721 0.009158
 44.4934 0.008916
 44.7819 0.008637
 45.9599 0.007747
 46.8553 0.007326
 47.5881 0.006981
 48.2124 0.006512
 48.7633 0.006102
 49.2522 0.005743
 49.7012 0.005420
 50.1109 0.005254
 50.4954 0.005136
 50.8552 0.004982
 51.1938 0.004932
 51.5137 0.004843
 51.8165 0.004822
 52.1092 0.004719
 52.3886 0.004784
 52.6595 0.004646
 52.9179 0.004556
 53.1653 0.004449
 53.4074 0.004379
 53.6420 0.004393
 53.8703 0.004388
 54.0916 0.004410
 54.3086 0.004430
 54.5178 0.004404
 54.7226 0.004403
 54.9247 0.004363
 55.1224 0.004255
 55.3147 0.004301
 55.5025 0.004265
 55.6885 0.004200
 55.8707 0.004160
 56.0494 0.004142
 56.2266 0.004106
 56.4013 0.004140
 56.5725 0.004102
 56.7405 0.004104
 56.9056 0.004119
 57.0693 0.004033
 57.2316 0.003992
 57.3913 0.003929
 57.5489 0.003882
 57.7046 0.003852
 57.8589 0.003890
 58.0120 0.003900
 58.1637 0.003879
 58.3131 0.003860
 58.4629 0.003809
 58.6107 0.003776
 58.7564 0.003781
 58.9008 0.003796
 59.0447 0.003795
 59.1869 0.003817
 59.3274 0.003746
 59.4681 0.003720
 59.6087 0.003674
 59.7472 0.003713
 59.8850 0.003727
 60.0221 0.003742
 60.1579 0.003752
 60.2933 0.003761
 60.4284 0.003749
 60.5623 0.003715
 60.6955 0.003707
 60.8281 0.003693
 60.9602 0.003669
 61.0928 0.003687
 61.2238 0.003675
 61.3552 0.003637
 61.4860 0.003629
 61.6154 0.003611
 61.7445 0.003623
 61.8726 0.003672
 62.0012 0.003647
 62.1302 0.003652
 62.2581 0.003640
 62.3862 0.003687
 62.5145 0.003696
 62.6423 0.003685
 62.7692 0.003696
 62.8957 0.003724
 63.0234 0.003725
 63.1507 0.003751
 63.2778 0.003731
 63.4033 0.003732
 63.5293 0.003741
 63.6555 0.003775
 63.7821 0.003750
 63.9089 0.003707
 64.0359 0.003715
 64.1620 0.003742
 64.2886 0.003755
 64.4154 0.003755
 64.5418 0.003743
 64.6682 0.003764
 64.7953 0.003763
 64.9226 0.003789
 65.0496 0.003762
 65.1768 0.003764
 65.3047 0.003757
 65.4322 0.003734
 65.5614 0.003804
 65.6886 0.003785
 65.8172 0.003789
 65.9449 0.003824
 66.0745 0.003808
 66.2041 0.003810
 66.3336 0.003804
 66.4640 0.003794
 66.5958 0.003791
 66.7257 0.003826
 66.8573 0.003793
 66.9884 0.003842
 67.1210 0.003839
 67.2536 0.003866
 67.3859 0.003857
 67.5192 0.003899
 67.6554 0.003935
 67.7902 0.003975
 67.9258 0.003927
 68.0624 0.003909
 68.1997 0.003847
 68.3392 0.003796
 68.4776 0.003782
 68.6170 0.003828
 68.7582 0.003861
 68.9003 0.003891
 69.0425 0.003957
 69.1853 0.003973
 69.3290 0.004053
 69.4744 0.004049
 69.6212 0.004108
 69.7681 0.004171
 69.9176 0.004204
 70.0668 0.004232
 70.2183 0.004277
 70.3702 0.004259
 70.5239 0.004310
 70.6789 0.004297
 70.8360 0.004269
 70.9932 0.004296
 71.1523 0.004350
 71.3132 0.004310
 71.4766 0.004304
 71.6412 0.004330
 71.8078 0.004289
 71.9773 0.004352
 72.1470 0.004389
 72.3202 0.004472
 72.4947 0.004524
 72.6707 0.004552
 72.8495 0.004561
 73.0301 0.004624
 73.2141 0.004666
 73.4004 0.004694
 73.5896 0.004736
 73.7826 0.004705
 73.9776 0.004724
 74.1771 0.004781
 74.3792 0.004903
 74.5866 0.004907
 74.7960 0.004978
 75.0105 0.004959
 75.2290 0.004976
 75.4518 0.005070
 75.6811 0.005208
 75.9135 0.005240
 76.1506 0.005310
 76.3919 0.005347
 76.6400 0.005400
 76.8964 0.005461
 77.1597 0.005647
 77.4302 0.005728
 77.7079 0.005796
 77.9962 0.005805
 78.2959 0.005856
 78.6038 0.005861
 78.9205 0.005970
 79.2495 0.006112
 79.5922 0.006318
 79.9525 0.006245
 80.3292 0.006612
 80.7208 0.006819
 81.1346 0.006958
 81.5690 0.007101
 82.0314 0.007130
 82.5250 0.007434
 83.0549 0.007495
 83.6280 0.007685
 84.2536 0.007957
 84.9376 0.008415
 85.7010 0.009148
 86.5646 0.009446
 87.5767 0.009962
 88.7721 0.011355
 90.2854 0.012257
 92.3268 0.015084
 92.8528 0.015810
 93.4354 0.016382
 94.0743 0.017465
 94.7994 0.018559
 95.6661 0.020421
 96.7024 0.021382
 98.0223 0.024460
 99.8454 0.031083
102.8436 0.042572
105.7492 0.056524
109.4828 0.088133
112.1583 0.116462
tr2s-05-0 2 1
 39.9839 0.049833
 41.1053 0.035072
 42.7288 0.024826
 44.0675 0.019929
 45.5399 0.015551
 46.4729 0.013046
 47.1438 0.012027
 47.7018 0.011024
 48.1700 0.010253
 48.5761 0.009830
 48.9374 0.009609
 49.2618 0.009405
 49.5571 0.009125
 50.7483 0.008194
 51.6556 0.007274
 52.3921 0.006862
 53.0272 0.006342
 53.5837 0.006046
 54.0852 0.005862
 54.5388 0.005552
 54.9573 0.005365
 55.3457 0.005265
 55.7063 0.005029
 56.0481 0.005020
 56.3702 0.004995
 56.6799 0.004994
 56.9743 0.004915
 57.2564 0.004808
 57.5284 0.004867
 57.7907 0.004832
 58.0429 0.004704
 58.2866 0.004651
 58.5235 0.004611
 58.7548 0.004578
 58.9797 0.004523
 59.1986 0.004618
 59.4127 0.004552
 59.6200 0.004508
 59.8223 0.004478
 60.0209 0.004446
 60.2160 0.004295
 60.4066 0.004244
 60.5949 0.004248
 60.7796 0.004248
 60.9618 0.004163
 61.1420 0.004098
 61.3170 0.004056
 61.4889 0.004020
 61.6585 0.003984
 61.8270 0.003993
 61.9931 0.003972
 62.1563 0.003947
 62.3180 0.003871
 62.4769 0.003896
 62.6347 0.003838
 62.7900 0.003866
 62.9440 0.003896
 63.0972 0.003876
 63.2483 0.003833
 63.3973 0.003810
 63.5458 0.003755
 63.6919 0.003697
 63.8382 0.003717
 63.9830 0.003734
 64.1264 0.003730
 64.2692 0.003689
 64.4104 0.003708
 64.5508 0.003710
 64.6904 0.003697
 64.8306 0.003685
 64.9693 0.003656
 65.1077 0.003669
 65.2451 0.003660
 65.3806 0.003658
 65.5167 0.003656
 65.6518 0.003673
 65.7860 0.003668
 65.9192 0.003710
 66.0516 0.003711
 66.1851 0.003727
 66.3162 0.003721
 66.4478 0.003688
 66.5791 0.003662
 66.7091 0.003665
 66.8409 0.003722
 66.9703 0.003720
 67.1004 0.003703
 67.2303 0.003726
 67.3597 0.003705
 67.4890 0.003750
 67.6174 0.003719
 67.7475 0.003731
 67.8754 0.003747
 68.0034 0.003748
 68.1312 0.003731
 68.2595 0.003708
 68.3867 0.003682
 68.5149 0.003691
 68.6417 0.003665
 68.7697 0.003682
 68.8972 0.003706
 69.0249 0.003741
 69.1523 0.003736
 69.2803 0.003787
 69.4073 0.003749
 69.5352 0.003810
 69.6630 0.003795
 69.7911 0.003843
 69.9186 0.003831
 70.0467 0.003818
 70.1750 0.003798
 70.3031 0.003831
 70.4320 0.003839
 70.5609 0.003866
 70.6900 0.003873
 70.8204 0.003883
 70.9502 0.003901
 71.0802 0.003897
 71.2105 0.003871
 71.3414 0.003876
 71.4723 0.003903
 71.6028 0.003909
 71.7353 0.003916
 71.8680 0.003929
 72.0008 0.003910
 72.1340 0.003938
 72.2692 0.003921
 72.4041 0.003954
 72.5390 0.004007
 72.6746 0.004001
 72.8115 0.003992
 72.9491 0.004010
 73.0871 0.004063
 73.2257 0.004085
 73.3657 0.004064
 73.5055 0.004096
 73.6458 0.004116
 73.7868 0.004175
 73.9301 0.004183
 74.0728 0.004230
 74.2170 0.004215
 74.3623 0.004222
 74.5099 0.004197
 74.6584 0.004179
 74.8064 0.004191
 74.9563 0.004204
 75.1073 0.004209
 75.2600 0.004200
 75.4153 0.004202
 75.5697 0.004244
 75.7266 0.004266
 75.8833 0.004237
 76.0423 0.004250
 76.2048 0.004249
 76.3679 0.004210
 76.5330 0.004243
 76.6978 0.004293
 76.8657 0.004380
 77.0347 0.004431
 77.2058 0.004448
 77.3796 0.004586
 77.5547 0.004591
 77.7309 0.004702
 77.9124 0.004761
 78.0950 0.004815
 78.2802 0.004854
 78.4676 0.004871
 78.6595 0.004836
 78.8547 0.004848
 79.0516 0.004897
 79.2526 0.004926
 79.4574 0.004931
 79.6653 0.005014
 79.8769 0.005057
 80.0938 0.005093
 80.3120 0.005180
 80.5369 0.005295
 80.7671 0.005278
 81.0020 0.005364
 81.2415 0.005410
 81.4878 0.005510
 81.7399 0.005518
 81.9969 0.005622
 82.2623 0.005687
 82.5341 0.005852
 82.8159 0.005928
 83.1065 0.006076
 83.4070 0.006102
 83.7158 0.006170
 84.0355 0.006401
 84.3690 0.006467
 84.7163 0.006561
 85.0782 0.006714
 85.4578 0.006892
 85.8559 0.007031
 86.2705 0.007134
 86.7095 0.007111
 87.1777 0.007291
 87.6768 0.007585
 88.2113 0.007727
 88.7865 0.007994
 89.4161 0.008157
 90.1073 0.008816
 90.8836 0.009713
 91.7624 0.010321
 92.7789 0.010958
 93.9868 0.011662
 95.4993 0.013117
 97.5688 0.014927
 98.0890 0.015474
 98.6810 0.016064
 99.3367 0.016821
100.0777 0.018234
100.9486 0.020026
102.0081 0.022383
103.3529 0.025863
105.1886 0.030603
108.1845 0.041402
111.1084 0.059090
114.8871 0.088787
117.6414 0.120521
