Copyright (C) 1998 James G. MacKinnon, Alfred A. Haug, and Leo Michelis.
 lm0-03-7 2 1
 11.8224 0.022327
 12.3448 0.016733
 13.1212 0.011795
 13.7933 0.009781
 14.5317 0.007697
 14.9961 0.006800
 15.3434 0.005937
 15.6235 0.005510
 15.8652 0.005070
 16.0748 0.004997
 16.2607 0.004755
 16.4294 0.004524
 16.5825 0.004424
 17.2061 0.003857
 17.6836 0.003606
 18.0757 0.003425
 18.4147 0.003303
 18.7131 0.003190
 18.9786 0.003123
 19.2227 0.003044
 19.4484 0.003039
 19.6595 0.002963
 19.8554 0.002948
 20.0421 0.002932
 20.2188 0.002841
 20.3867 0.002769
 20.5483 0.002771
 20.7031 0.002652
 20.8521 0.002618
 20.9971 0.002573
 21.1361 0.002618
 21.2711 0.002594
 21.4015 0.002547
 21.5294 0.002557
 21.6526 0.002546
 21.7734 0.002511
 21.8926 0.002461
 22.0084 0.002417
 22.1222 0.002375
 22.2335 0.002395
 22.3427 0.002374
 22.4502 0.002370
 22.5555 0.002355
 22.6601 0.002338
 22.7629 0.002324
 22.8636 0.002293
 22.9623 0.002270
 23.0606 0.002281
 23.1577 0.002283
 23.2527 0.002300
 23.3468 0.002316
 23.4404 0.002282
 23.5329 0.002249
 23.6243 0.002221
 23.7136 0.002200
 23.8027 0.002212
 23.8908 0.002168
 23.9785 0.002167
 24.0653 0.002165
 24.1523 0.002190
 24.2383 0.002213
 24.3233 0.002215
 24.4084 0.002224
 24.4921 0.002209
 24.5757 0.002181
 24.6586 0.002175
 24.7409 0.002194
 24.8231 0.002196
 24.9049 0.002190
 24.9861 0.002180
 25.0666 0.002168
 25.1472 0.002171
 25.2269 0.002163
 25.3061 0.002166
 25.3851 0.002173
 25.4650 0.002194
 25.5438 0.002214
 25.6219 0.002228
 25.7009 0.002237
 25.7789 0.002209
 25.8567 0.002197
 25.9340 0.002218
 26.0115 0.002230
 26.0887 0.002256
 26.1655 0.002263
 26.2428 0.002274
 26.3197 0.002259
 26.3960 0.002283
 26.4726 0.002295
 26.5488 0.002276
 26.6256 0.002259
 26.7019 0.002294
 26.7786 0.002330
 26.8548 0.002340
 26.9307 0.002350
 27.0068 0.002351
 27.0833 0.002357
 27.1592 0.002351
 27.2353 0.002361
 27.3116 0.002363
 27.3876 0.002365
 27.4646 0.002364
 27.5412 0.002381
 27.6180 0.002369
 27.6950 0.002367
 27.7720 0.002373
 27.8487 0.002390
 27.9262 0.002411
 28.0034 0.002387
 28.0807 0.002391
 28.1583 0.002386
 28.2359 0.002413
 28.3137 0.002426
 28.3917 0.002463
 28.4702 0.002455
 28.5491 0.002464
 28.6281 0.002485
 28.7073 0.002491
 28.7868 0.002496
 28.8664 0.002517
 28.9467 0.002488
 29.0277 0.002506
 29.1095 0.002506
 29.1905 0.002514
 29.2718 0.002553
 29.3535 0.002541
 29.4354 0.002552
 29.5188 0.002538
 29.6023 0.002558
 29.6858 0.002563
 29.7701 0.002562
 29.8545 0.002580
 29.9392 0.002567
 30.0240 0.002590
 30.1105 0.002608
 30.1980 0.002596
 30.2850 0.002586
 30.3730 0.002574
 30.4621 0.002561
 30.5515 0.002571
 30.6412 0.002584
 30.7319 0.002587
 30.8226 0.002595
 30.9145 0.002574
 31.0069 0.002584
 31.1007 0.002598
 31.1956 0.002630
 31.2909 0.002657
 31.3875 0.002670
 31.4849 0.002734
 31.5834 0.002729
 31.6829 0.002739
 31.7833 0.002783
 31.8850 0.002838
 31.9873 0.002821
 32.0907 0.002859
 32.1959 0.002861
 32.3020 0.002906
 32.4091 0.002932
 32.5179 0.002955
 32.6293 0.002997
 32.7416 0.002989
 32.8554 0.003005
 32.9706 0.003040
 33.0891 0.003053
 33.2075 0.003086
 33.3277 0.003091
 33.4500 0.003068
 33.5742 0.003110
 33.7020 0.003166
 33.8314 0.003215
 33.9626 0.003251
 34.0964 0.003365
 34.2319 0.003396
 34.3720 0.003426
 34.5138 0.003529
 34.6600 0.003577
 34.8083 0.003622
 34.9604 0.003671
 35.1176 0.003743
 35.2764 0.003747
 35.4411 0.003802
 35.6106 0.003844
 35.7842 0.003874
 35.9635 0.003935
 36.1490 0.004016
 36.3386 0.004104
 36.5379 0.004157
 36.7426 0.004215
 36.9551 0.004315
 37.1766 0.004344
 37.4079 0.004409
 37.6473 0.004485
 37.8994 0.004639
 38.1668 0.004737
 38.4454 0.004793
 38.7436 0.004924
 39.0605 0.005069
 39.3994 0.005233
 39.7661 0.005405
 40.1601 0.005518
 40.5928 0.005774
 41.0653 0.005789
 41.5995 0.006130
 42.2020 0.006290
 42.9048 0.006832
 43.7551 0.007283
 44.8263 0.008087
 46.2888 0.009756
 46.6590 0.010178
 47.0735 0.010810
 47.5444 0.011472
 48.0747 0.012156
 48.7116 0.013462
 49.4693 0.014898
 50.4418 0.017176
 51.7711 0.022013
 53.9619 0.031065
 56.1308 0.043021
 59.0326 0.067699
 60.9727 0.090054
 lm1-03-7 3 1
 13.4371 0.041608
 14.0233 0.031519
 14.9098 0.022659
 15.5998 0.017285
 16.3781 0.013313
 16.8748 0.011476
 17.2364 0.010495
 17.5333 0.009885
 17.7844 0.009609
 18.0038 0.009226
 18.1932 0.008670
 18.3731 0.008373
 18.5369 0.008264
 19.1991 0.007375
 19.6973 0.006726
 20.1081 0.006471
 20.4597 0.006044
 20.7702 0.005615
 21.0502 0.005445
 21.3037 0.005291
 21.5416 0.005067
 21.7600 0.005120
 21.9682 0.005028
 22.1647 0.004950
 22.3505 0.004792
 22.5278 0.004704
 22.6964 0.004573
 22.8607 0.004445
 23.0179 0.004397
 23.1670 0.004350
 23.3141 0.004311
 23.4546 0.004314
 23.5921 0.004289
 23.7267 0.004294
 23.8573 0.004181
 23.9839 0.004201
 24.1081 0.004233
 24.2304 0.004212
 24.3497 0.004160
 24.4650 0.004161
 24.5792 0.004166
 24.6921 0.004202
 24.8031 0.004107
 24.9111 0.004152
 25.0187 0.004174
 25.1242 0.004148
 25.2286 0.004153
 25.3321 0.004164
 25.4322 0.004138
 25.5327 0.004129
 25.6320 0.004105
 25.7280 0.004084
 25.8252 0.004111
 25.9221 0.004072
 26.0151 0.004070
 26.1083 0.004024
 26.2005 0.004050
 26.2932 0.004016
 26.3838 0.004005
 26.4742 0.003983
 26.5643 0.003954
 26.6522 0.003985
 26.7399 0.003998
 26.8277 0.004030
 26.9146 0.004013
 27.0017 0.004029
 27.0872 0.004047
 27.1720 0.004052
 27.2573 0.004058
 27.3425 0.004037
 27.4263 0.004071
 27.5111 0.004099
 27.5946 0.004115
 27.6774 0.004122
 27.7600 0.004087
 27.8416 0.004062
 27.9252 0.004029
 28.0062 0.004036
 28.0885 0.004075
 28.1704 0.004079
 28.2507 0.004070
 28.3312 0.004030
 28.4113 0.004032
 28.4910 0.004065
 28.5709 0.004102
 28.6510 0.004106
 28.7318 0.004068
 28.8119 0.004128
 28.8916 0.004167
 28.9703 0.004175
 29.0500 0.004204
 29.1299 0.004181
 29.2089 0.004185
 29.2891 0.004188
 29.3683 0.004219
 29.4474 0.004234
 29.5268 0.004211
 29.6068 0.004203
 29.6859 0.004173
 29.7658 0.004175
 29.8453 0.004191
 29.9260 0.004220
 30.0053 0.004193
 30.0839 0.004172
 30.1640 0.004191
 30.2434 0.004170
 30.3243 0.004201
 30.4041 0.004178
 30.4833 0.004208
 30.5640 0.004167
 30.6448 0.004207
 30.7259 0.004226
 30.8076 0.004258
 30.8886 0.004313
 30.9709 0.004312
 31.0524 0.004296
 31.1337 0.004334
 31.2168 0.004274
 31.3001 0.004280
 31.3834 0.004285
 31.4664 0.004326
 31.5503 0.004314
 31.6358 0.004341
 31.7195 0.004369
 31.8037 0.004401
 31.8887 0.004387
 31.9746 0.004371
 32.0605 0.004423
 32.1467 0.004450
 32.2323 0.004425
 32.3191 0.004478
 32.4078 0.004564
 32.4962 0.004564
 32.5850 0.004588
 32.6733 0.004555
 32.7632 0.004606
 32.8544 0.004610
 32.9447 0.004579
 33.0352 0.004544
 33.1273 0.004561
 33.2202 0.004631
 33.3123 0.004622
 33.4072 0.004647
 33.5029 0.004601
 33.5988 0.004635
 33.6963 0.004644
 33.7951 0.004699
 33.8937 0.004705
 33.9944 0.004728
 34.0958 0.004735
 34.1972 0.004753
 34.3003 0.004800
 34.4051 0.004749
 34.5094 0.004755
 34.6145 0.004749
 34.7229 0.004799
 34.8305 0.004823
 34.9410 0.004897
 35.0534 0.004968
 35.1662 0.005048
 35.2806 0.005145
 35.3971 0.005138
 35.5158 0.005221
 35.6350 0.005274
 35.7563 0.005361
 35.8797 0.005388
 36.0061 0.005515
 36.1350 0.005535
 36.2658 0.005629
 36.3971 0.005685
 36.5304 0.005721
 36.6659 0.005740
 36.8056 0.005808
 36.9465 0.005816
 37.0920 0.005954
 37.2413 0.005982
 37.3909 0.006082
 37.5444 0.006236
 37.7007 0.006256
 37.8635 0.006282
 38.0283 0.006307
 38.1968 0.006484
 38.3698 0.006543
 38.5505 0.006554
 38.7375 0.006669
 38.9258 0.006697
 39.1235 0.006830
 39.3276 0.006991
 39.5420 0.007061
 39.7634 0.007149
 39.9914 0.007191
 40.2316 0.007363
 40.4776 0.007455
 40.7374 0.007635
 41.0130 0.007927
 41.3021 0.008198
 41.6071 0.008386
 41.9314 0.008523
 42.2800 0.008783
 42.6578 0.009123
 43.0576 0.009706
 43.5048 0.009975
 43.9956 0.009892
 44.5426 0.010584
 45.1615 0.011626
 45.8897 0.012495
 46.7567 0.013832
 47.8621 0.015308
 49.3924 0.018203
 49.7751 0.018914
 50.2210 0.019931
 50.6997 0.020835
 51.2600 0.022088
 51.8748 0.024588
 52.6466 0.027156
 53.6357 0.032541
 54.9613 0.039894
 57.2790 0.057567
 59.4716 0.078869
 62.3113 0.113484
 64.3729 0.161543
lm1s-03-7 3 1
 14.3434 0.040056
 14.9528 0.031156
 15.7864 0.022754
 16.5011 0.017631
 17.2611 0.013411
 17.7369 0.011921
 18.1056 0.010405
 18.4072 0.009929
 18.6573 0.009529
 18.8800 0.009284
 19.0806 0.008994
 19.2599 0.008640
 19.4165 0.008185
 20.0693 0.007448
 20.5713 0.006668
 20.9800 0.006182
 21.3280 0.005898
 21.6394 0.005680
 21.9149 0.005604
 22.1700 0.005287
 22.4029 0.005233
 22.6223 0.005096
 22.8289 0.004869
 23.0241 0.004780
 23.2108 0.004735
 23.3891 0.004689
 23.5581 0.004604
 23.7174 0.004440
 23.8727 0.004420
 24.0221 0.004385
 24.1676 0.004497
 24.3070 0.004418
 24.4425 0.004373
 24.5757 0.004349
 24.7054 0.004288
 24.8325 0.004327
 24.9589 0.004304
 25.0820 0.004329
 25.2009 0.004258
 25.3172 0.004194
 25.4321 0.004201
 25.5450 0.004215
 25.6550 0.004152
 25.7633 0.004153
 25.8711 0.004107
 25.9760 0.004168
 26.0805 0.004192
 26.1822 0.004214
 26.2821 0.004167
 26.3819 0.004163
 26.4799 0.004154
 26.5768 0.004109
 26.6729 0.004151
 26.7670 0.004190
 26.8601 0.004197
 26.9531 0.004152
 27.0455 0.004159
 27.1367 0.004134
 27.2274 0.004100
 27.3172 0.004040
 27.4073 0.004051
 27.4964 0.004077
 27.5857 0.004056
 27.6734 0.004083
 27.7587 0.004080
 27.8444 0.004068
 27.9301 0.004044
 28.0156 0.004036
 28.1007 0.004060
 28.1861 0.004065
 28.2696 0.004049
 28.3525 0.004056
 28.4356 0.004014
 28.5190 0.003975
 28.6012 0.003995
 28.6835 0.003999
 28.7652 0.003983
 28.8469 0.003988
 28.9281 0.004008
 29.0087 0.004007
 29.0887 0.004034
 29.1697 0.004071
 29.2502 0.004060
 29.3302 0.004092
 29.4105 0.004119
 29.4904 0.004142
 29.5701 0.004157
 29.6490 0.004141
 29.7285 0.004156
 29.8080 0.004166
 29.8869 0.004182
 29.9665 0.004187
 30.0453 0.004173
 30.1254 0.004151
 30.2044 0.004152
 30.2836 0.004172
 30.3621 0.004160
 30.4426 0.004193
 30.5209 0.004202
 30.5997 0.004162
 30.6792 0.004164
 30.7604 0.004170
 30.8395 0.004171
 30.9193 0.004208
 30.9984 0.004253
 31.0777 0.004230
 31.1582 0.004205
 31.2382 0.004236
 31.3178 0.004235
 31.3983 0.004254
 31.4789 0.004276
 31.5614 0.004276
 31.6426 0.004302
 31.7245 0.004273
 31.8048 0.004270
 31.8869 0.004275
 31.9687 0.004302
 32.0509 0.004323
 32.1335 0.004368
 32.2162 0.004330
 32.3000 0.004364
 32.3831 0.004387
 32.4665 0.004375
 32.5504 0.004388
 32.6348 0.004400
 32.7196 0.004412
 32.8043 0.004439
 32.8901 0.004490
 32.9770 0.004479
 33.0632 0.004432
 33.1492 0.004485
 33.2360 0.004501
 33.3235 0.004533
 33.4114 0.004548
 33.5011 0.004501
 33.5905 0.004556
 33.6811 0.004589
 33.7720 0.004612
 33.8635 0.004604
 33.9553 0.004627
 34.0494 0.004593
 34.1426 0.004648
 34.2386 0.004680
 34.3354 0.004712
 34.4323 0.004712
 34.5292 0.004685
 34.6268 0.004685
 34.7239 0.004665
 34.8229 0.004709
 34.9238 0.004739
 35.0256 0.004744
 35.1276 0.004771
 35.2302 0.004815
 35.3355 0.004831
 35.4407 0.004859
 35.5491 0.004938
 35.6581 0.004951
 35.7669 0.005047
 35.8781 0.005113
 35.9918 0.005157
 36.1055 0.005137
 36.2228 0.005211
 36.3414 0.005263
 36.4601 0.005325
 36.5823 0.005423
 36.7031 0.005526
 36.8286 0.005560
 36.9549 0.005597
 37.0846 0.005747
 37.2165 0.005788
 37.3494 0.005799
 37.4861 0.005811
 37.6239 0.005915
 37.7663 0.005965
 37.9108 0.005999
 38.0570 0.006082
 38.2072 0.006001
 38.3614 0.006057
 38.5181 0.006068
 38.6802 0.006197
 38.8456 0.006242
 39.0158 0.006385
 39.1915 0.006448
 39.3722 0.006574
 39.5579 0.006625
 39.7502 0.006763
 39.9461 0.006967
 40.1497 0.006836
 40.3588 0.006992
 40.5767 0.007028
 40.8018 0.007156
 41.0421 0.007352
 41.2932 0.007469
 41.5518 0.007602
 41.8214 0.007750
 42.1119 0.007939
 42.4158 0.008287
 42.7405 0.008465
 43.0868 0.008678
 43.4646 0.008997
 43.8690 0.009246
 44.3129 0.009902
 44.8037 0.010570
 45.3426 0.011476
 45.9706 0.011991
 46.6972 0.012657
 47.5636 0.013915
 48.6647 0.015333
 50.1913 0.018096
 50.5762 0.018810
 51.0179 0.019594
 51.4982 0.020852
 52.0457 0.022620
 52.6629 0.024715
 53.4470 0.028411
 54.3920 0.032389
 55.7709 0.040437
 58.0936 0.055801
 60.2946 0.078677
 63.0616 0.113834
 65.0732 0.160511
 lm2-03-7 3 1
 15.1854 0.041733
 15.8082 0.033934
 16.6920 0.023981
 17.4572 0.018363
 18.2795 0.014870
 18.8050 0.013254
 19.1921 0.011799
 19.5120 0.010891
 19.7700 0.009867
 20.0029 0.009440
 20.2066 0.009153
 20.3865 0.008798
 20.5562 0.008347
 21.2457 0.007559
 21.7724 0.007092
 22.2012 0.006745
 22.5716 0.006290
 22.8986 0.006111
 23.1913 0.005850
 23.4590 0.005717
 23.7080 0.005638
 23.9391 0.005414
 24.1541 0.005209
 24.3564 0.005002
 24.5512 0.004839
 24.7348 0.004891
 24.9111 0.004830
 25.0786 0.004736
 25.2398 0.004697
 25.3974 0.004626
 25.5506 0.004649
 25.6976 0.004605
 25.8407 0.004571
 25.9787 0.004580
 26.1148 0.004477
 26.2457 0.004390
 26.3771 0.004350
 26.5029 0.004360
 26.6285 0.004352
 26.7490 0.004339
 26.8684 0.004376
 26.9845 0.004379
 27.0994 0.004389
 27.2108 0.004286
 27.3230 0.004251
 27.4331 0.004217
 27.5425 0.004120
 27.6500 0.004134
 27.7550 0.004153
 27.8574 0.004133
 27.9606 0.004168
 28.0618 0.004159
 28.1631 0.004127
 28.2626 0.004096
 28.3606 0.004041
 28.4579 0.004031
 28.5547 0.004094
 28.6512 0.004117
 28.7450 0.004149
 28.8383 0.004187
 28.9310 0.004118
 29.0233 0.004118
 29.1149 0.004117
 29.2070 0.004081
 29.2966 0.004141
 29.3866 0.004133
 29.4761 0.004117
 29.5646 0.004124
 29.6531 0.004097
 29.7408 0.004120
 29.8276 0.004110
 29.9138 0.004159
 30.0007 0.004232
 30.0875 0.004207
 30.1733 0.004175
 30.2585 0.004154
 30.3432 0.004167
 30.4286 0.004211
 30.5131 0.004237
 30.5983 0.004209
 30.6825 0.004165
 30.7657 0.004167
 30.8504 0.004207
 30.9345 0.004204
 31.0176 0.004192
 31.0998 0.004171
 31.1830 0.004186
 31.2665 0.004173
 31.3491 0.004115
 31.4324 0.004118
 31.5147 0.004137
 31.5962 0.004148
 31.6775 0.004173
 31.7594 0.004186
 31.8416 0.004176
 31.9235 0.004133
 32.0060 0.004169
 32.0873 0.004197
 32.1689 0.004169
 32.2502 0.004226
 32.3316 0.004237
 32.4133 0.004255
 32.4963 0.004263
 32.5797 0.004276
 32.6616 0.004276
 32.7449 0.004301
 32.8276 0.004301
 32.9098 0.004245
 32.9925 0.004283
 33.0764 0.004344
 33.1599 0.004345
 33.2441 0.004379
 33.3292 0.004358
 33.4134 0.004372
 33.4974 0.004432
 33.5822 0.004434
 33.6675 0.004442
 33.7530 0.004428
 33.8376 0.004449
 33.9241 0.004458
 34.0109 0.004488
 34.0976 0.004474
 34.1851 0.004459
 34.2715 0.004464
 34.3599 0.004460
 34.4486 0.004454
 34.5369 0.004497
 34.6264 0.004519
 34.7151 0.004536
 34.8059 0.004512
 34.8959 0.004500
 34.9860 0.004559
 35.0763 0.004582
 35.1689 0.004686
 35.2617 0.004692
 35.3558 0.004693
 35.4489 0.004700
 35.5438 0.004760
 35.6378 0.004772
 35.7339 0.004838
 35.8291 0.004901
 35.9259 0.004934
 36.0234 0.004960
 36.1219 0.004986
 36.2202 0.004977
 36.3202 0.005049
 36.4220 0.005094
 36.5253 0.005029
 36.6301 0.005042
 36.7349 0.005078
 36.8388 0.005133
 36.9459 0.005144
 37.0528 0.005152
 37.1613 0.005149
 37.2719 0.005181
 37.3830 0.005301
 37.4952 0.005318
 37.6082 0.005303
 37.7225 0.005351
 37.8382 0.005372
 37.9572 0.005285
 38.0768 0.005295
 38.1970 0.005262
 38.3191 0.005324
 38.4428 0.005329
 38.5690 0.005332
 38.7001 0.005410
 38.8317 0.005481
 38.9641 0.005495
 39.0991 0.005521
 39.2369 0.005540
 39.3774 0.005541
 39.5203 0.005579
 39.6656 0.005664
 39.8136 0.005634
 39.9654 0.005679
 40.1213 0.005732
 40.2806 0.005764
 40.4426 0.005873
 40.6095 0.006036
 40.7796 0.006123
 40.9541 0.006176
 41.1363 0.006384
 41.3218 0.006557
 41.5128 0.006666
 41.7103 0.006655
 41.9157 0.006693
 42.1237 0.006776
 42.3410 0.006807
 42.5688 0.006982
 42.8024 0.007016
 43.0513 0.007176
 43.3061 0.007424
 43.5708 0.007597
 43.8531 0.007768
 44.1512 0.007875
 44.4658 0.007978
 44.7983 0.008233
 45.1534 0.008571
 45.5403 0.008847
 45.9536 0.009408
 46.4060 0.009935
 46.9109 0.010387
 47.4737 0.010955
 48.1110 0.012095
 48.8565 0.013134
 49.7666 0.014583
 50.8913 0.016253
 52.4261 0.019218
 52.8273 0.020832
 53.2596 0.021836
 53.7581 0.022782
 54.3087 0.024771
 54.9650 0.026154
 55.7696 0.029953
 56.8172 0.034195
 58.2262 0.040934
 60.5319 0.056298
 62.7733 0.076309
 65.4637 0.115592
 67.6657 0.157874
lm2s-03-7 3 1
 16.1297 0.044983
 16.7389 0.033140
 17.6397 0.023028
 18.3836 0.019114
 19.1878 0.015306
 19.6952 0.012707
 20.0844 0.011321
 20.3980 0.010554
 20.6606 0.010307
 20.8938 0.009990
 21.1008 0.009307
 21.2859 0.009034
 21.4528 0.008665
 22.1321 0.007457
 22.6608 0.006912
 23.0846 0.006646
 23.4520 0.006264
 23.7781 0.006051
 24.0711 0.005765
 24.3372 0.005495
 24.5850 0.005291
 24.8153 0.005170
 25.0271 0.005082
 25.2273 0.004961
 25.4189 0.004820
 25.6023 0.004769
 25.7775 0.004778
 25.9473 0.004661
 26.1084 0.004601
 26.2636 0.004521
 26.4169 0.004523
 26.5635 0.004552
 26.7060 0.004433
 26.8451 0.004390
 26.9810 0.004351
 27.1125 0.004350
 27.2390 0.004368
 27.3653 0.004331
 27.4899 0.004322
 27.6105 0.004279
 27.7301 0.004227
 27.8463 0.004270
 27.9620 0.004232
 28.0744 0.004200
 28.1850 0.004218
 28.2953 0.004174
 28.4031 0.004105
 28.5099 0.004166
 28.6154 0.004137
 28.7181 0.004154
 28.8209 0.004184
 28.9211 0.004164
 29.0221 0.004185
 29.1203 0.004161
 29.2187 0.004150
 29.3148 0.004175
 29.4110 0.004168
 29.5058 0.004155
 29.6004 0.004166
 29.6924 0.004181
 29.7844 0.004168
 29.8761 0.004209
 29.9684 0.004235
 30.0595 0.004207
 30.1501 0.004144
 30.2392 0.004163
 30.3269 0.004168
 30.4152 0.004175
 30.5020 0.004220
 30.5900 0.004250
 30.6777 0.004274
 30.7646 0.004252
 30.8509 0.004287
 30.9372 0.004279
 31.0228 0.004285
 31.1081 0.004260
 31.1925 0.004284
 31.2770 0.004288
 31.3616 0.004300
 31.4468 0.004256
 31.5303 0.004229
 31.6144 0.004240
 31.6967 0.004258
 31.7794 0.004287
 31.8613 0.004282
 31.9429 0.004300
 32.0265 0.004316
 32.1090 0.004293
 32.1896 0.004251
 32.2722 0.004247
 32.3538 0.004289
 32.4354 0.004285
 32.5179 0.004294
 32.5995 0.004284
 32.6815 0.004276
 32.7632 0.004239
 32.8450 0.004230
 32.9261 0.004227
 33.0079 0.004224
 33.0903 0.004260
 33.1722 0.004291
 33.2534 0.004315
 33.3354 0.004322
 33.4173 0.004281
 33.4993 0.004287
 33.5825 0.004295
 33.6642 0.004328
 33.7481 0.004258
 33.8313 0.004274
 33.9144 0.004277
 33.9969 0.004275
 34.0803 0.004267
 34.1642 0.004262
 34.2484 0.004292
 34.3326 0.004273
 34.4177 0.004263
 34.5023 0.004267
 34.5878 0.004244
 34.6738 0.004272
 34.7600 0.004286
 34.8456 0.004284
 34.9318 0.004312
 35.0183 0.004312
 35.1055 0.004311
 35.1937 0.004342
 35.2810 0.004339
 35.3686 0.004348
 35.4579 0.004361
 35.5477 0.004380
 35.6368 0.004427
 35.7261 0.004478
 35.8166 0.004538
 35.9080 0.004598
 36.0005 0.004587
 36.0921 0.004604
 36.1850 0.004622
 36.2785 0.004703
 36.3713 0.004712
 36.4659 0.004717
 36.5618 0.004770
 36.6591 0.004771
 36.7566 0.004801
 36.8538 0.004836
 36.9525 0.004878
 37.0521 0.004949
 37.1511 0.004943
 37.2544 0.004957
 37.3572 0.004981
 37.4606 0.005033
 37.5653 0.005086
 37.6699 0.005141
 37.7765 0.005193
 37.8824 0.005152
 37.9906 0.005158
 38.1014 0.005116
 38.2126 0.005156
 38.3230 0.005252
 38.4355 0.005247
 38.5507 0.005285
 38.6658 0.005286
 38.7838 0.005233
 38.9027 0.005262
 39.0240 0.005310
 39.1472 0.005359
 39.2711 0.005397
 39.3971 0.005429
 39.5244 0.005529
 39.6539 0.005571
 39.7878 0.005493
 39.9239 0.005487
 40.0625 0.005450
 40.2033 0.005516
 40.3459 0.005547
 40.4912 0.005665
 40.6399 0.005593
 40.7924 0.005712
 40.9475 0.005706
 41.1063 0.005952
 41.2689 0.006107
 41.4331 0.006277
 41.6043 0.006249
 41.7795 0.006421
 41.9617 0.006493
 42.1442 0.006590
 42.3342 0.006559
 42.5294 0.006709
 42.7302 0.006810
 42.9402 0.006868
 43.1603 0.006982
 43.3870 0.007200
 43.6187 0.007215
 43.8605 0.007323
 44.1171 0.007488
 44.3852 0.007739
 44.6678 0.007772
 44.9642 0.007909
 45.2770 0.008269
 45.6113 0.008445
 45.9641 0.008810
 46.3464 0.009110
 46.7659 0.009714
 47.2221 0.009837
 47.7237 0.010074
 48.2854 0.010791
 48.9255 0.012131
 49.6746 0.013049
 50.5805 0.014370
 51.7038 0.016221
 53.2481 0.019404
 53.6394 0.020454
 54.0714 0.021485
 54.5528 0.023093
 55.1150 0.024533
 55.7826 0.027036
 56.5931 0.030263
 57.6135 0.034809
 59.0116 0.041351
 61.3277 0.057147
 63.5369 0.077239
 66.3212 0.114368
 68.5246 0.166650
 tr0-03-7 2 1
 25.3943 0.045213
 26.5181 0.035073
 28.1355 0.025611
 29.4776 0.019469
 30.9636 0.015905
 31.8980 0.013814
 32.6044 0.012037
 33.1785 0.011410
 33.6519 0.011004
 34.0767 0.010382
 34.4447 0.009836
 34.7762 0.009248
 35.0862 0.009177
 36.3118 0.007782
 37.2459 0.007121
 38.0095 0.006814
 38.6603 0.006500
 39.2318 0.006261
 39.7469 0.005966
 40.2150 0.005824
 40.6460 0.005617
 41.0499 0.005424
 41.4232 0.005281
 41.7748 0.005245
 42.1105 0.005168
 42.4272 0.005093
 42.7305 0.005050
 43.0213 0.005019
 43.3010 0.004965
 43.5700 0.004848
 43.8306 0.004753
 44.0823 0.004709
 44.3275 0.004598
 44.5657 0.004633
 44.7977 0.004574
 45.0246 0.004500
 45.2435 0.004417
 45.4582 0.004334
 45.6690 0.004361
 45.8750 0.004411
 46.0762 0.004349
 46.2726 0.004309
 46.4672 0.004244
 46.6576 0.004227
 46.8432 0.004180
 47.0267 0.004097
 47.2062 0.004075
 47.3845 0.004041
 47.5591 0.004002
 47.7327 0.003939
 47.9029 0.003923
 48.0724 0.003907
 48.2392 0.003969
 48.4042 0.003919
 48.5667 0.003961
 48.7274 0.003943
 48.8870 0.003908
 49.0450 0.003865
 49.2032 0.003899
 49.3586 0.003910
 49.5128 0.003845
 49.6652 0.003762
 49.8162 0.003714
 49.9668 0.003712
 50.1164 0.003696
 50.2643 0.003703
 50.4110 0.003660
 50.5568 0.003631
 50.7012 0.003631
 50.8447 0.003658
 50.9877 0.003631
 51.1295 0.003690
 51.2704 0.003706
 51.4109 0.003740
 51.5508 0.003778
 51.6909 0.003766
 51.8305 0.003724
 51.9691 0.003710
 52.1059 0.003718
 52.2427 0.003705
 52.3781 0.003749
 52.5140 0.003756
 52.6504 0.003737
 52.7869 0.003689
 52.9215 0.003682
 53.0559 0.003707
 53.1900 0.003720
 53.3236 0.003750
 53.4566 0.003771
 53.5904 0.003774
 53.7244 0.003770
 53.8574 0.003783
 53.9884 0.003759
 54.1210 0.003759
 54.2530 0.003765
 54.3852 0.003779
 54.5165 0.003830
 54.6483 0.003839
 54.7808 0.003846
 54.9131 0.003865
 55.0437 0.003856
 55.1752 0.003909
 55.3072 0.003941
 55.4397 0.003931
 55.5714 0.003925
 55.7037 0.003898
 55.8348 0.003905
 55.9673 0.003920
 56.0991 0.003945
 56.2318 0.003972
 56.3635 0.003952
 56.4968 0.003916
 56.6285 0.003910
 56.7610 0.003977
 56.8945 0.004064
 57.0288 0.004081
 57.1620 0.004110
 57.2956 0.004161
 57.4305 0.004172
 57.5656 0.004203
 57.7008 0.004203
 57.8365 0.004231
 57.9721 0.004230
 58.1088 0.004231
 58.2460 0.004281
 58.3839 0.004301
 58.5217 0.004258
 58.6611 0.004270
 58.8011 0.004282
 58.9409 0.004303
 59.0823 0.004286
 59.2239 0.004309
 59.3666 0.004355
 59.5100 0.004410
 59.6529 0.004451
 59.7972 0.004434
 59.9425 0.004424
 60.0890 0.004454
 60.2353 0.004485
 60.3842 0.004512
 60.5334 0.004538
 60.6826 0.004584
 60.8327 0.004543
 60.9851 0.004587
 61.1394 0.004580
 61.2946 0.004644
 61.4506 0.004614
 61.6077 0.004615
 61.7664 0.004657
 61.9261 0.004627
 62.0873 0.004621
 62.2498 0.004678
 62.4150 0.004703
 62.5813 0.004744
 62.7486 0.004782
 62.9164 0.004799
 63.0884 0.004803
 63.2613 0.004832
 63.4365 0.004837
 63.6136 0.004831
 63.7928 0.004862
 63.9731 0.004857
 64.1574 0.004882
 64.3436 0.004917
 64.5332 0.004966
 64.7240 0.004940
 64.9187 0.004968
 65.1150 0.004958
 65.3164 0.004953
 65.5200 0.004949
 65.7256 0.005009
 65.9345 0.005102
 66.1478 0.005187
 66.3650 0.005195
 66.5878 0.005211
 66.8139 0.005260
 67.0451 0.005348
 67.2803 0.005394
 67.5209 0.005444
 67.7663 0.005490
 68.0199 0.005578
 68.2795 0.005629
 68.5455 0.005675
 68.8196 0.005722
 69.1012 0.005815
 69.3909 0.005923
 69.6897 0.005932
 69.9974 0.005992
 70.3156 0.006055
 70.6458 0.006146
 70.9869 0.006305
 71.3434 0.006328
 71.7154 0.006573
 72.1033 0.006798
 72.5122 0.006851
 72.9404 0.006870
 73.3956 0.006909
 73.8754 0.006988
 74.3877 0.007241
 74.9362 0.007435
 75.5327 0.007568
 76.1850 0.007840
 76.8973 0.008281
 77.6904 0.009013
 78.5922 0.009495
 79.6307 0.009933
 80.8701 0.010835
 82.4322 0.011956
 84.5658 0.014266
 85.1077 0.014893
 85.6985 0.015911
 86.3759 0.016931
 87.1395 0.018027
 88.0271 0.020072
 89.1269 0.023184
 90.4939 0.026148
 92.3896 0.030135
 95.4994 0.041627
 98.5668 0.059111
102.3428 0.091130
105.0700 0.124555
 tr1-03-7 2 1
 29.2969 0.051805
 30.5145 0.038366
 32.3317 0.027863
 33.8121 0.020978
 35.4355 0.016326
 36.4386 0.013996
 37.1894 0.012558
 37.8032 0.011831
 38.3120 0.010951
 38.7605 0.010294
 39.1521 0.009757
 39.5096 0.009511
 39.8356 0.009313
 41.1511 0.008456
 42.1463 0.007644
 42.9570 0.006935
 43.6562 0.006726
 44.2634 0.006314
 44.8107 0.006140
 45.3069 0.006011
 45.7671 0.005863
 46.1928 0.005529
 46.5936 0.005526
 46.9694 0.005462
 47.3248 0.005362
 47.6624 0.005110
 47.9842 0.004938
 48.2908 0.004805
 48.5871 0.004732
 48.8746 0.004611
 49.1490 0.004656
 49.4166 0.004588
 49.6763 0.004677
 49.9270 0.004558
 50.1721 0.004468
 50.4103 0.004349
 50.6428 0.004348
 50.8686 0.004249
 51.0925 0.004290
 51.3073 0.004303
 51.5200 0.004198
 51.7291 0.004214
 51.9342 0.004233
 52.1348 0.004272
 52.3341 0.004218
 52.5275 0.004159
 52.7188 0.004077
 52.9076 0.004054
 53.0922 0.004079
 53.2749 0.004097
 53.4563 0.004071
 53.6342 0.004047
 53.8114 0.004019
 53.9854 0.004047
 54.1574 0.004041
 54.3264 0.004066
 54.4939 0.004000
 54.6611 0.004028
 54.8276 0.004103
 54.9911 0.004123
 55.1519 0.004137
 55.3128 0.004102
 55.4733 0.004152
 55.6310 0.004176
 55.7883 0.004180
 55.9447 0.004186
 56.0994 0.004207
 56.2530 0.004173
 56.4054 0.004155
 56.5579 0.004121
 56.7091 0.004121
 56.8573 0.004137
 57.0057 0.004094
 57.1540 0.004136
 57.3012 0.004118
 57.4473 0.004123
 57.5928 0.004123
 57.7383 0.004165
 57.8833 0.004160
 58.0275 0.004110
 58.1701 0.004170
 58.3137 0.004182
 58.4558 0.004179
 58.5980 0.004210
 58.7394 0.004189
 58.8805 0.004213
 59.0214 0.004285
 59.1624 0.004286
 59.3026 0.004302
 59.4426 0.004281
 59.5829 0.004286
 59.7234 0.004290
 59.8616 0.004228
 60.0011 0.004266
 60.1405 0.004198
 60.2794 0.004162
 60.4194 0.004196
 60.5575 0.004289
 60.6957 0.004309
 60.8341 0.004260
 60.9727 0.004313
 61.1107 0.004324
 61.2497 0.004335
 61.3880 0.004325
 61.5257 0.004309
 61.6647 0.004245
 61.8032 0.004239
 61.9409 0.004276
 62.0795 0.004274
 62.2180 0.004290
 62.3567 0.004286
 62.4956 0.004314
 62.6342 0.004296
 62.7744 0.004273
 62.9153 0.004322
 63.0557 0.004309
 63.1957 0.004345
 63.3361 0.004371
 63.4771 0.004357
 63.6191 0.004362
 63.7615 0.004368
 63.9045 0.004394
 64.0476 0.004428
 64.1914 0.004413
 64.3360 0.004394
 64.4806 0.004372
 64.6262 0.004357
 64.7713 0.004386
 64.9180 0.004434
 65.0657 0.004465
 65.2133 0.004485
 65.3633 0.004490
 65.5123 0.004470
 65.6618 0.004486
 65.8118 0.004507
 65.9635 0.004499
 66.1158 0.004495
 66.2696 0.004492
 66.4237 0.004428
 66.5790 0.004494
 66.7358 0.004531
 66.8941 0.004541
 67.0520 0.004530
 67.2108 0.004565
 67.3726 0.004556
 67.5333 0.004518
 67.6950 0.004558
 67.8585 0.004629
 68.0251 0.004696
 68.1925 0.004772
 68.3602 0.004783
 68.5305 0.004790
 68.7029 0.004780
 68.8771 0.004795
 69.0516 0.004766
 69.2297 0.004742
 69.4080 0.004778
 69.5882 0.004837
 69.7697 0.004903
 69.9540 0.004894
 70.1413 0.004890
 70.3315 0.004943
 70.5226 0.004999
 70.7172 0.005076
 70.9153 0.005107
 71.1161 0.005185
 71.3183 0.005200
 71.5232 0.005200
 71.7304 0.005217
 71.9442 0.005243
 72.1604 0.005191
 72.3788 0.005286
 72.6012 0.005318
 72.8287 0.005360
 73.0596 0.005412
 73.2965 0.005403
 73.5375 0.005419
 73.7836 0.005417
 74.0353 0.005447
 74.2928 0.005507
 74.5573 0.005581
 74.8281 0.005702
 75.1066 0.005685
 75.3927 0.005779
 75.6869 0.005828
 75.9881 0.006054
 76.3016 0.006110
 76.6213 0.006190
 76.9538 0.006302
 77.3002 0.006349
 77.6578 0.006446
 78.0284 0.006728
 78.4171 0.006808
 78.8244 0.006975
 79.2484 0.007043
 79.6948 0.007174
 80.1663 0.007246
 80.6659 0.007526
 81.1988 0.007905
 81.7727 0.008254
 82.3911 0.008561
 83.0641 0.008772
 83.8067 0.009203
 84.6288 0.009631
 85.5618 0.010014
 86.6382 0.010690
 87.9285 0.012044
 89.5433 0.012961
 91.7451 0.015208
 92.3092 0.015896
 92.9420 0.016770
 93.6452 0.018083
 94.4443 0.019720
 95.3751 0.020747
 96.4641 0.022202
 97.8813 0.025512
 99.8389 0.031874
103.0123 0.042465
106.0261 0.057594
109.9448 0.090499
112.7159 0.124767
tr1s-03-7 2 1
 32.7222 0.049156
 33.9605 0.036720
 35.7198 0.026872
 37.1871 0.020852
 38.7596 0.015947
 39.7557 0.013857
 40.5014 0.012600
 41.0987 0.011961
 41.6020 0.011510
 42.0428 0.010476
 42.4339 0.010214
 42.7790 0.009904
 43.1024 0.009542
 44.4026 0.008303
 45.3812 0.007299
 46.1792 0.007126
 46.8654 0.006748
 47.4679 0.006425
 48.0044 0.006111
 48.4940 0.005919
 48.9467 0.005670
 49.3654 0.005508
 49.7583 0.005372
 50.1276 0.005293
 50.4771 0.005190
 50.8093 0.005132
 51.1281 0.004984
 51.4321 0.004929
 51.7238 0.004772
 52.0063 0.004725
 52.2813 0.004800
 52.5442 0.004712
 52.8003 0.004638
 53.0504 0.004603
 53.2923 0.004517
 53.5275 0.004410
 53.7564 0.004388
 53.9808 0.004418
 54.2000 0.004340
 54.4123 0.004357
 54.6212 0.004345
 54.8262 0.004327
 55.0300 0.004283
 55.2290 0.004326
 55.4255 0.004277
 55.6180 0.004192
 55.8069 0.004156
 55.9923 0.004213
 56.1762 0.004194
 56.3558 0.004232
 56.5354 0.004264
 56.7122 0.004248
 56.8859 0.004258
 57.0584 0.004194
 57.2278 0.004204
 57.3960 0.004139
 57.5620 0.004147
 57.7272 0.004143
 57.8895 0.004103
 58.0517 0.004076
 58.2129 0.004026
 58.3722 0.004066
 58.5299 0.004072
 58.6862 0.004067
 58.8415 0.004003
 58.9962 0.004034
 59.1491 0.004037
 59.3004 0.004040
 59.4513 0.004039
 59.6015 0.004034
 59.7513 0.004052
 59.8981 0.004038
 60.0446 0.004091
 60.1908 0.004090
 60.3357 0.004051
 60.4814 0.004029
 60.6257 0.004048
 60.7684 0.004092
 60.9117 0.004041
 61.0539 0.004065
 61.1968 0.004090
 61.3394 0.004124
 61.4805 0.004090
 61.6218 0.004084
 61.7629 0.004132
 61.9027 0.004201
 62.0430 0.004189
 62.1831 0.004190
 62.3220 0.004226
 62.4610 0.004205
 62.5986 0.004197
 62.7360 0.004197
 62.8737 0.004188
 63.0119 0.004215
 63.1494 0.004169
 63.2864 0.004138
 63.4233 0.004205
 63.5602 0.004265
 63.6974 0.004266
 63.8342 0.004256
 63.9718 0.004290
 64.1098 0.004296
 64.2482 0.004302
 64.3846 0.004314
 64.5206 0.004320
 64.6571 0.004276
 64.7938 0.004236
 64.9323 0.004251
 65.0700 0.004225
 65.2081 0.004217
 65.3457 0.004217
 65.4834 0.004206
 65.6219 0.004237
 65.7604 0.004226
 65.8988 0.004221
 66.0385 0.004277
 66.1774 0.004264
 66.3178 0.004260
 66.4579 0.004282
 66.5995 0.004257
 66.7420 0.004296
 66.8836 0.004325
 67.0259 0.004345
 67.1686 0.004300
 67.3110 0.004282
 67.4550 0.004302
 67.5994 0.004359
 67.7443 0.004395
 67.8899 0.004425
 68.0365 0.004399
 68.1833 0.004427
 68.3294 0.004400
 68.4774 0.004380
 68.6256 0.004371
 68.7754 0.004349
 68.9253 0.004361
 69.0766 0.004391
 69.2283 0.004391
 69.3810 0.004402
 69.5351 0.004382
 69.6896 0.004387
 69.8463 0.004408
 70.0027 0.004433
 70.1594 0.004483
 70.3184 0.004551
 70.4793 0.004597
 70.6411 0.004573
 70.8033 0.004614
 70.9671 0.004605
 71.1322 0.004652
 71.3004 0.004615
 71.4696 0.004684
 71.6395 0.004732
 71.8127 0.004737
 71.9858 0.004790
 72.1610 0.004853
 72.3379 0.004904
 72.5172 0.004936
 72.6989 0.004970
 72.8818 0.004983
 73.0679 0.004955
 73.2562 0.005054
 73.4466 0.005130
 73.6395 0.005103
 73.8360 0.005189
 74.0351 0.005234
 74.2365 0.005261
 74.4408 0.005311
 74.6491 0.005349
 74.8601 0.005402
 75.0746 0.005413
 75.2927 0.005466
 75.5147 0.005418
 75.7409 0.005388
 75.9711 0.005410
 76.2081 0.005412
 76.4487 0.005422
 76.6929 0.005465
 76.9442 0.005471
 77.1997 0.005554
 77.4629 0.005626
 77.7310 0.005678
 78.0073 0.005699
 78.2885 0.005805
 78.5792 0.005885
 78.8794 0.006084
 79.1894 0.006213
 79.5103 0.006242
 79.8407 0.006204
 80.1861 0.006426
 80.5431 0.006462
 80.9133 0.006572
 81.2986 0.006789
 81.7025 0.006997
 82.1221 0.007173
 82.5667 0.007177
 83.0334 0.007377
 83.5361 0.007561
 84.0659 0.007795
 84.6382 0.008003
 85.2513 0.008275
 85.9234 0.008621
 86.6603 0.008877
 87.4845 0.009029
 88.4069 0.009718
 89.4725 0.010700
 90.7622 0.011833
 92.3748 0.013003
 94.5883 0.015170
 95.1466 0.016096
 95.7569 0.017443
 96.4508 0.018388
 97.2518 0.019418
 98.1852 0.021216
 99.3048 0.023571
100.7001 0.026959
102.6505 0.032041
105.7908 0.043461
108.8171 0.056864
112.7138 0.094735
115.4979 0.131156
 tr2-03-7 3 1
 33.9051 0.090318
 35.1705 0.068834
 37.0387 0.049637
 38.5596 0.038095
 40.2687 0.029968
 41.3447 0.027239
 42.1609 0.024731
 42.8193 0.022435
 43.3622 0.020406
 43.8418 0.019611
 44.2642 0.018724
 44.6347 0.018151
 44.9781 0.017962
 46.3707 0.015098
 47.4102 0.013666
 48.2642 0.012643
 49.0035 0.012111
 49.6462 0.011369
 50.2224 0.010865
 50.7485 0.010513
 51.2310 0.010291
 51.6862 0.010263
 52.1107 0.009877
 52.5023 0.009705
 52.8796 0.009511
 53.2329 0.009103
 53.5686 0.009272
 53.8930 0.009119
 54.2054 0.009080
 54.5064 0.008944
 54.7963 0.008714
 55.0779 0.008608
 55.3506 0.008444
 55.6147 0.008461
 55.8731 0.008457
 56.1250 0.008265
 56.3698 0.008188
 56.6064 0.008139
 56.8408 0.008123
 57.0687 0.008187
 57.2890 0.008164
 57.5111 0.008114
 57.7249 0.008055
 57.9378 0.007920
 58.1431 0.007752
 58.3452 0.007667
 58.5467 0.007643
 58.7463 0.007611
 58.9412 0.007640
 59.1332 0.007543
 59.3230 0.007551
 59.5105 0.007493
 59.6946 0.007382
 59.8777 0.007316
 60.0602 0.007335
 60.2368 0.007225
 60.4125 0.007200
 60.5873 0.007194
 60.7613 0.007209
 60.9333 0.007178
 61.1016 0.007157
 61.2660 0.007097
 61.4319 0.007069
 61.5971 0.007059
 61.7609 0.007026
 61.9231 0.007073
 62.0855 0.007044
 62.2453 0.007139
 62.4063 0.007118
 62.5647 0.007138
 62.7225 0.007100
 62.8805 0.007128
 63.0352 0.007059
 63.1898 0.007123
 63.3441 0.007154
 63.4987 0.007120
 63.6521 0.007186
 63.8033 0.007268
 63.9563 0.007230
 64.1068 0.007299
 64.2562 0.007281
 64.4064 0.007255
 64.5562 0.007322
 64.7060 0.007321
 64.8552 0.007377
 65.0033 0.007382
 65.1494 0.007488
 65.2954 0.007508
 65.4418 0.007449
 65.5868 0.007380
 65.7323 0.007369
 65.8779 0.007350
 66.0239 0.007327
 66.1693 0.007239
 66.3166 0.007266
 66.4607 0.007238
 66.6051 0.007207
 66.7530 0.007203
 66.8962 0.007216
 67.0419 0.007196
 67.1863 0.007225
 67.3300 0.007256
 67.4746 0.007320
 67.6180 0.007315
 67.7625 0.007345
 67.9082 0.007389
 68.0509 0.007464
 68.1965 0.007409
 68.3419 0.007390
 68.4857 0.007347
 68.6302 0.007425
 68.7748 0.007415
 68.9202 0.007454
 69.0679 0.007525
 69.2166 0.007511
 69.3644 0.007539
 69.5105 0.007556
 69.6580 0.007602
 69.8055 0.007594
 69.9533 0.007638
 70.1007 0.007580
 70.2496 0.007600
 70.4001 0.007617
 70.5495 0.007604
 70.6989 0.007600
 70.8488 0.007626
 70.9992 0.007695
 71.1523 0.007606
 71.3047 0.007668
 71.4582 0.007639
 71.6114 0.007673
 71.7646 0.007691
 71.9188 0.007799
 72.0755 0.007788
 72.2326 0.007850
 72.3899 0.007773
 72.5469 0.007858
 72.7067 0.007849
 72.8670 0.007913
 73.0267 0.007901
 73.1900 0.008024
 73.3549 0.007991
 73.5196 0.007959
 73.6873 0.007883
 73.8543 0.007920
 74.0212 0.007960
 74.1906 0.008016
 74.3653 0.007992
 74.5379 0.007954
 74.7124 0.008018
 74.8897 0.008053
 75.0663 0.008088
 75.2441 0.008019
 75.4245 0.008081
 75.6085 0.008075
 75.7940 0.008085
 75.9781 0.008171
 76.1672 0.008232
 76.3585 0.008345
 76.5513 0.008425
 76.7457 0.008450
 76.9441 0.008528
 77.1454 0.008640
 77.3442 0.008794
 77.5485 0.008720
 77.7539 0.008752
 77.9640 0.008724
 78.1747 0.008876
 78.3940 0.009048
 78.6171 0.009161
 78.8434 0.009125
 79.0670 0.009114
 79.2988 0.009098
 79.5360 0.009283
 79.7756 0.009525
 80.0243 0.009497
 80.2769 0.009704
 80.5313 0.009867
 80.7897 0.009781
 81.0548 0.009969
 81.3317 0.010081
 81.6115 0.010034
 81.9028 0.010118
 82.2009 0.010423
 82.5025 0.010510
 82.8155 0.010711
 83.1391 0.010787
 83.4691 0.010805
 83.8182 0.010982
 84.1759 0.011103
 84.5470 0.011156
 84.9326 0.011341
 85.3309 0.011606
 85.7558 0.012037
 86.1989 0.012533
 86.6643 0.012847
 87.1509 0.012986
 87.6678 0.013431
 88.2232 0.013851
 88.8199 0.014413
 89.4708 0.014497
 90.1711 0.015047
 90.9335 0.015404
 91.7740 0.016222
 92.7327 0.017395
 93.8493 0.019200
 95.1882 0.020851
 96.8703 0.023132
 99.1753 0.028322
 99.7618 0.030455
100.4185 0.032825
101.1435 0.033763
101.9506 0.035741
102.9362 0.039202
104.0988 0.040629
105.5453 0.047336
107.5162 0.056622
110.8061 0.076890
113.9735 0.104200
118.1831 0.160740
120.7769 0.210320
tr2s-03-7 3 1
 37.3679 0.089430
 38.6443 0.070903
 40.5281 0.049890
 42.0756 0.039957
 43.6957 0.030392
 44.7530 0.027033
 45.5581 0.023673
 46.1904 0.022847
 46.7335 0.021248
 47.1970 0.019937
 47.5990 0.019104
 47.9623 0.018131
 48.2961 0.017014
 49.6556 0.014735
 50.6892 0.012947
 51.5466 0.012202
 52.2719 0.011227
 52.9063 0.010377
 53.4755 0.010118
 53.9938 0.009838
 54.4658 0.009734
 54.9072 0.009601
 55.3205 0.009395
 55.7095 0.009276
 56.0731 0.009161
 56.4218 0.009089
 56.7524 0.008842
 57.0717 0.008653
 57.3788 0.008556
 57.6741 0.008469
 57.9599 0.008382
 58.2354 0.008420
 58.5074 0.008295
 58.7670 0.008307
 59.0190 0.008307
 59.2664 0.008140
 59.5102 0.007943
 59.7478 0.007864
 59.9798 0.007732
 60.2055 0.007756
 60.4245 0.007825
 60.6392 0.007789
 60.8468 0.007693
 61.0533 0.007725
 61.2593 0.007629
 61.4602 0.007460
 61.6564 0.007425
 61.8514 0.007436
 62.0434 0.007331
 62.2322 0.007290
 62.4177 0.007197
 62.6006 0.007219
 62.7819 0.007173
 62.9632 0.007085
 63.1405 0.007190
 63.3154 0.007252
 63.4890 0.007185
 63.6612 0.007153
 63.8310 0.007231
 63.9991 0.007220
 64.1688 0.007289
 64.3352 0.007241
 64.5005 0.007195
 64.6644 0.007274
 64.8261 0.007283
 64.9870 0.007336
 65.1463 0.007365
 65.3056 0.007339
 65.4630 0.007413
 65.6219 0.007443
 65.7760 0.007404
 65.9306 0.007457
 66.0853 0.007443
 66.2375 0.007449
 66.3909 0.007444
 66.5425 0.007367
 66.6943 0.007328
 66.8438 0.007374
 66.9948 0.007370
 67.1442 0.007403
 67.2919 0.007369
 67.4403 0.007320
 67.5873 0.007305
 67.7334 0.007366
 67.8798 0.007277
 68.0253 0.007282
 68.1712 0.007283
 68.3150 0.007287
 68.4598 0.007248
 68.6054 0.007213
 68.7510 0.007234
 68.8942 0.007184
 69.0375 0.007204
 69.1833 0.007252
 69.3277 0.007176
 69.4698 0.007252
 69.6136 0.007262
 69.7563 0.007280
 69.9000 0.007275
 70.0416 0.007355
 70.1841 0.007423
 70.3280 0.007361
 70.4718 0.007346
 70.6141 0.007378
 70.7564 0.007377
 70.9009 0.007305
 71.0443 0.007293
 71.1883 0.007291
 71.3328 0.007312
 71.4754 0.007322
 71.6193 0.007340
 71.7631 0.007312
 71.9081 0.007329
 72.0496 0.007323
 72.1931 0.007347
 72.3381 0.007356
 72.4821 0.007395
 72.6285 0.007432
 72.7746 0.007444
 72.9205 0.007519
 73.0687 0.007437
 73.2177 0.007502
 73.3647 0.007556
 73.5113 0.007571
 73.6596 0.007636
 73.8089 0.007680
 73.9589 0.007667
 74.1115 0.007726
 74.2631 0.007743
 74.4149 0.007810
 74.5680 0.007869
 74.7220 0.007890
 74.8743 0.007970
 75.0286 0.007939
 75.1811 0.007904
 75.3375 0.007867
 75.4948 0.007871
 75.6534 0.007826
 75.8101 0.007760
 75.9707 0.007771
 76.1318 0.007838
 76.2941 0.007850
 76.4590 0.007876
 76.6219 0.007959
 76.7881 0.008043
 76.9565 0.007985
 77.1242 0.007901
 77.2952 0.007803
 77.4672 0.007848
 77.6379 0.007903
 77.8111 0.007961
 77.9858 0.007987
 78.1630 0.008044
 78.3429 0.008037
 78.5254 0.008107
 78.7100 0.008216
 78.8938 0.008228
 79.0801 0.008305
 79.2690 0.008415
 79.4605 0.008607
 79.6564 0.008607
 79.8514 0.008715
 80.0495 0.008806
 80.2490 0.008878
 80.4519 0.008951
 80.6566 0.008860
 80.8666 0.008849
 81.0824 0.008777
 81.2994 0.008822
 81.5202 0.008869
 81.7454 0.008932
 81.9702 0.009004
 82.1999 0.009168
 82.4375 0.009239
 82.6749 0.009362
 82.9206 0.009341
 83.1663 0.009452
 83.4232 0.009526
 83.6832 0.009629
 83.9488 0.009667
 84.2211 0.009838
 84.5005 0.010170
 84.7876 0.010442
 85.0818 0.010471
 85.3844 0.010696
 85.6942 0.010744
 86.0154 0.010850
 86.3515 0.011092
 86.6934 0.011218
 87.0491 0.011368
 87.4187 0.011520
 87.7977 0.011615
 88.1945 0.011653
 88.6107 0.011668
 89.0527 0.012140
 89.5151 0.012476
 90.0070 0.012668
 90.5241 0.013104
 91.0733 0.013634
 91.6564 0.013860
 92.2900 0.014204
 92.9864 0.014852
 93.7473 0.015502
 94.5938 0.016459
 95.5652 0.017846
 96.6707 0.019049
 98.0076 0.020090
 99.6879 0.022663
101.9626 0.028153
102.5496 0.029857
103.1931 0.031446
103.9213 0.033712
104.7610 0.034780
105.7219 0.037615
106.8426 0.042178
108.2865 0.046699
110.2663 0.056923
113.6010 0.077438
116.8587 0.100681
120.9462 0.151975
123.6844 0.216639
