Copyright (C) 1998 James G. MacKinnon, Alfred A. Haug, and Leo Michelis.
 lm0-05-7 3 1
 21.4915 0.049501
 22.1686 0.039760
 23.1145 0.027289
 23.8988 0.020422
 24.7482 0.014993
 25.2907 0.012870
 25.7037 0.012156
 26.0327 0.011641
 26.3187 0.011286
 26.5635 0.010640
 26.7830 0.010292
 26.9717 0.009805
 27.1547 0.009133
 27.8807 0.007875
 28.4320 0.006759
 28.8820 0.006386
 29.2685 0.006155
 29.6091 0.006160
 29.9154 0.005906
 30.1935 0.005710
 30.4506 0.005559
 30.6910 0.005462
 30.9170 0.005403
 31.1293 0.005224
 31.3325 0.005170
 31.5242 0.005193
 31.7078 0.005142
 31.8860 0.005087
 32.0542 0.004965
 32.2171 0.004916
 32.3738 0.004785
 32.5256 0.004877
 32.6749 0.004804
 32.8203 0.004776
 32.9628 0.004760
 33.0985 0.004762
 33.2304 0.004812
 33.3611 0.004763
 33.4902 0.004651
 33.6144 0.004634
 33.7369 0.004666
 33.8570 0.004671
 33.9752 0.004630
 34.0919 0.004592
 34.2067 0.004568
 34.3204 0.004527
 34.4337 0.004493
 34.5449 0.004437
 34.6526 0.004410
 34.7591 0.004408
 34.8656 0.004412
 34.9714 0.004362
 35.0768 0.004382
 35.1778 0.004332
 35.2789 0.004339
 35.3792 0.004348
 35.4779 0.004327
 35.5757 0.004302
 35.6728 0.004285
 35.7685 0.004302
 35.8639 0.004253
 35.9587 0.004270
 36.0537 0.004226
 36.1477 0.004240
 36.2413 0.004290
 36.3332 0.004279
 36.4249 0.004283
 36.5157 0.004280
 36.6071 0.004273
 36.6974 0.004330
 36.7871 0.004310
 36.8769 0.004325
 36.9643 0.004325
 37.0535 0.004385
 37.1416 0.004339
 37.2293 0.004354
 37.3158 0.004381
 37.4032 0.004359
 37.4897 0.004322
 37.5773 0.004363
 37.6629 0.004353
 37.7495 0.004312
 37.8352 0.004275
 37.9212 0.004287
 38.0071 0.004292
 38.0927 0.004317
 38.1774 0.004360
 38.2617 0.004410
 38.3463 0.004413
 38.4310 0.004414
 38.5158 0.004410
 38.6008 0.004425
 38.6846 0.004434
 38.7683 0.004457
 38.8542 0.004527
 38.9395 0.004560
 39.0227 0.004627
 39.1066 0.004587
 39.1913 0.004587
 39.2762 0.004549
 39.3595 0.004530
 39.4442 0.004512
 39.5294 0.004494
 39.6136 0.004518
 39.6981 0.004487
 39.7835 0.004486
 39.8671 0.004512
 39.9515 0.004542
 40.0363 0.004526
 40.1220 0.004549
 40.2084 0.004534
 40.2941 0.004553
 40.3803 0.004552
 40.4671 0.004595
 40.5540 0.004616
 40.6413 0.004595
 40.7284 0.004577
 40.8163 0.004573
 40.9058 0.004565
 40.9931 0.004592
 41.0810 0.004592
 41.1693 0.004651
 41.2582 0.004714
 41.3478 0.004735
 41.4370 0.004736
 41.5271 0.004702
 41.6172 0.004726
 41.7071 0.004723
 41.7997 0.004789
 41.8916 0.004812
 41.9849 0.004792
 42.0778 0.004797
 42.1708 0.004845
 42.2650 0.004834
 42.3591 0.004838
 42.4535 0.004855
 42.5505 0.004798
 42.6470 0.004825
 42.7452 0.004825
 42.8429 0.004822
 42.9414 0.004833
 43.0413 0.004855
 43.1429 0.004913
 43.2442 0.004964
 43.3441 0.004980
 43.4472 0.004976
 43.5500 0.004995
 43.6540 0.005065
 43.7602 0.005119
 43.8678 0.005090
 43.9744 0.005059
 44.0829 0.005060
 44.1922 0.005116
 44.3038 0.005197
 44.4154 0.005227
 44.5302 0.005294
 44.6450 0.005315
 44.7623 0.005335
 44.8806 0.005385
 44.9990 0.005463
 45.1214 0.005525
 45.2431 0.005586
 45.3660 0.005622
 45.4930 0.005710
 45.6212 0.005762
 45.7495 0.005810
 45.8797 0.005806
 46.0129 0.005836
 46.1482 0.005993
 46.2879 0.006013
 46.4281 0.006086
 46.5711 0.006153
 46.7174 0.006119
 46.8672 0.006231
 47.0178 0.006300
 47.1740 0.006299
 47.3293 0.006298
 47.4908 0.006327
 47.6547 0.006336
 47.8240 0.006390
 47.9978 0.006519
 48.1758 0.006561
 48.3577 0.006734
 48.5476 0.006867
 48.7439 0.006983
 48.9452 0.007177
 49.1530 0.007360
 49.3667 0.007479
 49.5901 0.007626
 49.8210 0.007601
 50.0595 0.007718
 50.3098 0.007881
 50.5743 0.008064
 50.8476 0.008380
 51.1358 0.008611
 51.4372 0.008810
 51.7618 0.009240
 52.1026 0.009425
 52.4634 0.009606
 52.8523 0.009877
 53.2737 0.010052
 53.7324 0.010433
 54.2453 0.011023
 54.8264 0.011809
 55.4755 0.012222
 56.2281 0.013114
 57.1363 0.014610
 58.2983 0.015901
 59.8666 0.019020
 60.2638 0.019681
 60.7172 0.020561
 61.2334 0.022076
 61.8157 0.023640
 62.4793 0.026119
 63.2840 0.029600
 64.2896 0.032446
 65.6951 0.039963
 68.0709 0.059493
 70.3774 0.077429
 73.4194 0.116282
 75.4723 0.162215
 lm1-05-7 3 1
 23.5246 0.052746
 24.1882 0.040307
 25.1932 0.025247
 26.0134 0.020398
 26.9049 0.015165
 27.4665 0.013881
 27.9076 0.011544
 28.2544 0.011202
 28.5463 0.010600
 28.7968 0.010110
 29.0218 0.009973
 29.2297 0.009623
 29.4177 0.009136
 30.1700 0.008085
 30.7440 0.007391
 31.2124 0.006882
 31.6115 0.006588
 31.9657 0.006304
 32.2830 0.006288
 32.5720 0.005964
 32.8367 0.005871
 33.0849 0.005754
 33.3206 0.005594
 33.5401 0.005406
 33.7472 0.005217
 33.9455 0.005191
 34.1328 0.005100
 34.3120 0.005191
 34.4879 0.005117
 34.6588 0.004959
 34.8219 0.004975
 34.9805 0.005042
 35.1349 0.005018
 35.2844 0.005009
 35.4309 0.004995
 35.5740 0.004995
 35.7132 0.004843
 35.8479 0.004789
 35.9804 0.004887
 36.1119 0.004843
 36.2381 0.004878
 36.3623 0.004900
 36.4841 0.004832
 36.6036 0.004810
 36.7230 0.004820
 36.8384 0.004767
 36.9544 0.004761
 37.0682 0.004762
 37.1797 0.004696
 37.2899 0.004650
 37.3994 0.004658
 37.5078 0.004643
 37.6152 0.004656
 37.7206 0.004647
 37.8241 0.004689
 37.9276 0.004624
 38.0293 0.004637
 38.1309 0.004652
 38.2315 0.004663
 38.3318 0.004641
 38.4308 0.004576
 38.5287 0.004597
 38.6251 0.004615
 38.7215 0.004657
 38.8160 0.004586
 38.9100 0.004515
 39.0037 0.004559
 39.0980 0.004587
 39.1910 0.004631
 39.2835 0.004603
 39.3754 0.004603
 39.4659 0.004621
 39.5572 0.004642
 39.6492 0.004594
 39.7392 0.004614
 39.8295 0.004558
 39.9205 0.004538
 40.0108 0.004495
 40.1000 0.004476
 40.1888 0.004393
 40.2776 0.004413
 40.3665 0.004412
 40.4550 0.004417
 40.5437 0.004398
 40.6315 0.004387
 40.7189 0.004399
 40.8057 0.004419
 40.8939 0.004407
 40.9806 0.004359
 41.0691 0.004407
 41.1572 0.004399
 41.2436 0.004448
 41.3304 0.004479
 41.4180 0.004487
 41.5046 0.004518
 41.5914 0.004485
 41.6788 0.004477
 41.7659 0.004507
 41.8527 0.004578
 41.9398 0.004534
 42.0265 0.004532
 42.1128 0.004538
 42.1993 0.004513
 42.2860 0.004474
 42.3738 0.004488
 42.4597 0.004497
 42.5465 0.004489
 42.6349 0.004453
 42.7229 0.004485
 42.8114 0.004482
 42.8991 0.004505
 42.9882 0.004521
 43.0774 0.004504
 43.1667 0.004492
 43.2555 0.004502
 43.3442 0.004501
 43.4335 0.004540
 43.5237 0.004553
 43.6126 0.004585
 43.7026 0.004559
 43.7942 0.004586
 43.8859 0.004614
 43.9768 0.004612
 44.0693 0.004641
 44.1609 0.004651
 44.2532 0.004610
 44.3468 0.004594
 44.4405 0.004542
 44.5347 0.004539
 44.6283 0.004554
 44.7238 0.004585
 44.8182 0.004622
 44.9131 0.004684
 45.0100 0.004710
 45.1090 0.004687
 45.2061 0.004763
 45.3049 0.004837
 45.4028 0.004882
 45.5030 0.004893
 45.6036 0.004902
 45.7048 0.004952
 45.8062 0.004992
 45.9095 0.005067
 46.0125 0.005111
 46.1170 0.005095
 46.2221 0.005047
 46.3269 0.005152
 46.4350 0.005110
 46.5430 0.005158
 46.6511 0.005232
 46.7610 0.005268
 46.8733 0.005256
 46.9865 0.005321
 47.0998 0.005301
 47.2150 0.005303
 47.3310 0.005317
 47.4487 0.005382
 47.5690 0.005408
 47.6894 0.005470
 47.8113 0.005416
 47.9356 0.005478
 48.0610 0.005477
 48.1879 0.005611
 48.3178 0.005651
 48.4488 0.005702
 48.5813 0.005791
 48.7157 0.005803
 48.8549 0.005925
 48.9929 0.005937
 49.1351 0.005960
 49.2791 0.005989
 49.4266 0.006061
 49.5758 0.006231
 49.7277 0.006228
 49.8813 0.006266
 50.0398 0.006369
 50.2006 0.006428
 50.3697 0.006472
 50.5379 0.006519
 50.7114 0.006732
 50.8888 0.006844
 51.0733 0.006956
 51.2626 0.007064
 51.4565 0.007145
 51.6558 0.007234
 51.8616 0.007279
 52.0755 0.007365
 52.2957 0.007381
 52.5220 0.007540
 52.7557 0.007631
 52.9984 0.007792
 53.2546 0.007903
 53.5217 0.008154
 53.8029 0.008479
 54.0949 0.008571
 54.4073 0.008883
 54.7350 0.008994
 55.0889 0.009434
 55.4640 0.009641
 55.8687 0.010037
 56.3065 0.010468
 56.7833 0.010794
 57.3029 0.011053
 57.8813 0.011738
 58.5498 0.012346
 59.3250 0.013204
 60.2475 0.013847
 61.4174 0.016098
 63.0286 0.018797
 63.4385 0.019797
 63.8925 0.021107
 64.3972 0.022120
 64.9731 0.023460
 65.6717 0.024693
 66.4983 0.027709
 67.5479 0.033320
 68.9810 0.039417
 71.4793 0.054769
 73.7571 0.076174
 76.7231 0.114205
 78.8896 0.165647
lm1s-05-7 3 1
 24.3288 0.050523
 25.0194 0.040135
 25.9953 0.027430
 26.8335 0.020826
 27.7151 0.015463
 28.2881 0.012927
 28.7079 0.012033
 29.0530 0.010722
 29.3495 0.010482
 29.6058 0.009974
 29.8305 0.009674
 30.0303 0.009351
 30.2193 0.009099
 30.9734 0.008073
 31.5477 0.007486
 32.0168 0.007048
 32.4172 0.006725
 32.7734 0.006365
 33.0873 0.006205
 33.3777 0.006009
 33.6458 0.006000
 33.8923 0.005754
 34.1248 0.005500
 34.3403 0.005378
 34.5497 0.005201
 34.7489 0.005158
 34.9363 0.005229
 35.1188 0.005197
 35.2946 0.005105
 35.4623 0.005142
 35.6252 0.005079
 35.7839 0.005032
 35.9370 0.004981
 36.0863 0.005008
 36.2318 0.004921
 36.3715 0.004865
 36.5083 0.004803
 36.6435 0.004780
 36.7751 0.004815
 36.9062 0.004857
 37.0339 0.004824
 37.1587 0.004843
 37.2817 0.004827
 37.4016 0.004753
 37.5202 0.004719
 37.6350 0.004677
 37.7494 0.004653
 37.8639 0.004638
 37.9765 0.004629
 38.0853 0.004569
 38.1939 0.004599
 38.3013 0.004598
 38.4079 0.004581
 38.5116 0.004522
 38.6161 0.004494
 38.7191 0.004547
 38.8208 0.004604
 38.9216 0.004652
 39.0217 0.004655
 39.1215 0.004676
 39.2199 0.004662
 39.3176 0.004741
 39.4137 0.004747
 39.5098 0.004741
 39.6062 0.004780
 39.7007 0.004774
 39.7947 0.004745
 39.8888 0.004748
 39.9821 0.004765
 40.0748 0.004755
 40.1666 0.004710
 40.2590 0.004688
 40.3500 0.004680
 40.4422 0.004596
 40.5329 0.004550
 40.6233 0.004562
 40.7131 0.004556
 40.8029 0.004581
 40.8920 0.004576
 40.9823 0.004565
 41.0721 0.004554
 41.1614 0.004556
 41.2507 0.004515
 41.3396 0.004504
 41.4285 0.004500
 41.5162 0.004514
 41.6034 0.004539
 41.6893 0.004489
 41.7767 0.004461
 41.8649 0.004485
 41.9525 0.004517
 42.0397 0.004521
 42.1257 0.004561
 42.2117 0.004526
 42.2984 0.004533
 42.3842 0.004504
 42.4709 0.004452
 42.5576 0.004480
 42.6441 0.004480
 42.7308 0.004458
 42.8174 0.004441
 42.9050 0.004477
 42.9924 0.004504
 43.0804 0.004544
 43.1675 0.004501
 43.2551 0.004549
 43.3421 0.004506
 43.4298 0.004482
 43.5170 0.004520
 43.6053 0.004495
 43.6943 0.004440
 43.7815 0.004428
 43.8704 0.004459
 43.9593 0.004456
 44.0478 0.004477
 44.1366 0.004530
 44.2262 0.004500
 44.3150 0.004500
 44.4046 0.004442
 44.4939 0.004444
 44.5848 0.004511
 44.6759 0.004497
 44.7665 0.004510
 44.8583 0.004535
 44.9509 0.004543
 45.0431 0.004513
 45.1355 0.004559
 45.2303 0.004590
 45.3233 0.004637
 45.4182 0.004654
 45.5129 0.004675
 45.6079 0.004671
 45.7045 0.004747
 45.8014 0.004757
 45.8989 0.004812
 45.9951 0.004826
 46.0957 0.004906
 46.1942 0.004910
 46.2940 0.004955
 46.3941 0.004972
 46.4944 0.004989
 46.5960 0.004944
 46.6986 0.005029
 46.8022 0.005028
 46.9059 0.005008
 47.0122 0.005069
 47.1177 0.004992
 47.2260 0.005005
 47.3351 0.005049
 47.4433 0.005064
 47.5544 0.005119
 47.6651 0.005158
 47.7772 0.005174
 47.8910 0.005151
 48.0067 0.005162
 48.1220 0.005224
 48.2395 0.005261
 48.3592 0.005302
 48.4796 0.005342
 48.6032 0.005404
 48.7246 0.005437
 48.8497 0.005513
 48.9764 0.005592
 49.1060 0.005603
 49.2377 0.005660
 49.3698 0.005756
 49.5063 0.005808
 49.6432 0.005945
 49.7831 0.006033
 49.9247 0.006118
 50.0690 0.006085
 50.2157 0.006049
 50.3647 0.006064
 50.5151 0.006137
 50.6703 0.006229
 50.8272 0.006304
 50.9907 0.006363
 51.1590 0.006543
 51.3295 0.006556
 51.5025 0.006647
 51.6806 0.006773
 51.8649 0.006870
 52.0537 0.006898
 52.2457 0.006982
 52.4458 0.006995
 52.6500 0.007209
 52.8617 0.007412
 53.0798 0.007361
 53.3081 0.007430
 53.5447 0.007405
 53.7888 0.007720
 54.0421 0.007765
 54.3104 0.008026
 54.5887 0.008449
 54.8867 0.008571
 55.1938 0.008770
 55.5203 0.008968
 55.8740 0.009430
 56.2502 0.009782
 56.6511 0.009859
 57.0842 0.010137
 57.5546 0.010646
 58.0779 0.011195
 58.6646 0.011653
 59.3320 0.012100
 60.0993 0.013018
 61.0300 0.014337
 62.2037 0.015848
 63.8227 0.019178
 64.2301 0.020281
 64.6875 0.021251
 65.2000 0.022494
 65.7871 0.024204
 66.4745 0.025591
 67.2911 0.028497
 68.3577 0.032314
 69.7925 0.040093
 72.1748 0.054544
 74.5158 0.078473
 77.4240 0.117111
 79.6408 0.166685
 lm2-05-7 3 1
 25.6159 0.050788
 26.3216 0.039357
 27.3304 0.026976
 28.2020 0.020329
 29.1468 0.016436
 29.7357 0.014354
 30.1838 0.012723
 30.5438 0.011458
 30.8479 0.011088
 31.1061 0.010369
 31.3334 0.009584
 31.5468 0.009299
 31.7416 0.009132
 32.5065 0.007988
 33.0959 0.007343
 33.5811 0.007077
 33.9907 0.006715
 34.3530 0.006628
 34.6815 0.006412
 34.9725 0.006466
 35.2524 0.006305
 35.5108 0.006036
 35.7472 0.005897
 35.9746 0.005776
 36.1887 0.005627
 36.3928 0.005535
 36.5873 0.005351
 36.7744 0.005261
 36.9520 0.005162
 37.1268 0.005123
 37.2961 0.005144
 37.4599 0.005093
 37.6200 0.004952
 37.7722 0.004939
 37.9228 0.004928
 38.0663 0.004873
 38.2078 0.004884
 38.3477 0.004768
 38.4847 0.004713
 38.6183 0.004683
 38.7490 0.004707
 38.8783 0.004714
 39.0028 0.004768
 39.1280 0.004766
 39.2488 0.004776
 39.3705 0.004787
 39.4880 0.004704
 39.6024 0.004611
 39.7172 0.004678
 39.8314 0.004687
 39.9436 0.004652
 40.0548 0.004649
 40.1634 0.004692
 40.2719 0.004717
 40.3797 0.004705
 40.4848 0.004681
 40.5884 0.004630
 40.6921 0.004613
 40.7955 0.004594
 40.8980 0.004550
 40.9993 0.004529
 41.0995 0.004535
 41.1999 0.004480
 41.2983 0.004454
 41.3971 0.004421
 41.4952 0.004356
 41.5935 0.004368
 41.6906 0.004420
 41.7866 0.004394
 41.8825 0.004439
 41.9783 0.004458
 42.0726 0.004424
 42.1665 0.004418
 42.2602 0.004434
 42.3546 0.004436
 42.4485 0.004439
 42.5411 0.004435
 42.6339 0.004445
 42.7257 0.004471
 42.8164 0.004498
 42.9080 0.004481
 42.9988 0.004498
 43.0891 0.004500
 43.1803 0.004512
 43.2706 0.004497
 43.3611 0.004498
 43.4517 0.004473
 43.5413 0.004457
 43.6310 0.004468
 43.7201 0.004511
 43.8095 0.004494
 43.8999 0.004472
 43.9899 0.004501
 44.0799 0.004492
 44.1700 0.004502
 44.2587 0.004442
 44.3473 0.004445
 44.4360 0.004422
 44.5256 0.004402
 44.6146 0.004448
 44.7026 0.004476
 44.7920 0.004482
 44.8818 0.004450
 44.9705 0.004413
 45.0600 0.004456
 45.1501 0.004473
 45.2403 0.004510
 45.3295 0.004497
 45.4211 0.004431
 45.5114 0.004434
 45.6016 0.004426
 45.6920 0.004451
 45.7827 0.004466
 45.8737 0.004512
 45.9647 0.004497
 46.0561 0.004498
 46.1484 0.004491
 46.2409 0.004571
 46.3337 0.004572
 46.4260 0.004617
 46.5182 0.004636
 46.6100 0.004666
 46.7036 0.004667
 46.7984 0.004676
 46.8924 0.004721
 46.9874 0.004779
 47.0819 0.004786
 47.1781 0.004849
 47.2733 0.004874
 47.3699 0.004850
 47.4658 0.004865
 47.5629 0.004937
 47.6621 0.004978
 47.7602 0.004987
 47.8604 0.005001
 47.9614 0.004985
 48.0627 0.005014
 48.1634 0.005011
 48.2657 0.005066
 48.3692 0.005084
 48.4740 0.005071
 48.5786 0.005092
 48.6845 0.005070
 48.7908 0.005122
 48.8972 0.005114
 49.0063 0.005118
 49.1160 0.005160
 49.2256 0.005120
 49.3361 0.005128
 49.4476 0.005144
 49.5607 0.005194
 49.6760 0.005264
 49.7923 0.005278
 49.9085 0.005346
 50.0253 0.005332
 50.1455 0.005408
 50.2656 0.005397
 50.3876 0.005415
 50.5120 0.005517
 50.6368 0.005482
 50.7640 0.005476
 50.8937 0.005501
 51.0248 0.005514
 51.1573 0.005587
 51.2926 0.005593
 51.4295 0.005669
 51.5662 0.005624
 51.7054 0.005643
 51.8478 0.005757
 51.9928 0.005821
 52.1411 0.005807
 52.2911 0.005839
 52.4443 0.005897
 52.6011 0.006043
 52.7602 0.006183
 52.9249 0.006278
 53.0919 0.006316
 53.2607 0.006420
 53.4355 0.006432
 53.6123 0.006581
 53.7960 0.006638
 53.9840 0.006793
 54.1749 0.006879
 54.3727 0.007014
 54.5771 0.007196
 54.7882 0.007318
 55.0062 0.007545
 55.2286 0.007429
 55.4612 0.007628
 55.7015 0.007867
 55.9483 0.008066
 56.2115 0.008292
 56.4842 0.008514
 56.7728 0.008685
 57.0691 0.008854
 57.3887 0.008961
 57.7229 0.009232
 58.0765 0.009464
 58.4554 0.009720
 58.8701 0.009964
 59.3146 0.010461
 59.7972 0.010680
 60.3377 0.011358
 60.9296 0.011957
 61.6038 0.012614
 62.3923 0.013390
 63.3421 0.014810
 64.5388 0.016542
 66.1807 0.019276
 66.5973 0.019911
 67.0476 0.020375
 67.5745 0.021134
 68.1701 0.022628
 68.8705 0.024621
 69.7402 0.028526
 70.8128 0.033269
 72.2781 0.039911
 74.6812 0.056180
 77.0066 0.076445
 80.0589 0.121009
 82.3318 0.161577
lm2s-05-7 3 1
 26.4352 0.051754
 27.1490 0.038222
 28.1725 0.026122
 29.0314 0.020910
 29.9612 0.015582
 30.5473 0.013826
 30.9961 0.012889
 31.3491 0.011996
 31.6533 0.011156
 31.9104 0.010544
 32.1447 0.009780
 32.3537 0.009270
 32.5454 0.008753
 33.3272 0.007917
 33.9180 0.007384
 34.3904 0.007076
 34.8014 0.006860
 35.1598 0.006861
 35.4912 0.006660
 35.7899 0.006566
 36.0627 0.006159
 36.3221 0.005972
 36.5611 0.005881
 36.7863 0.005602
 36.9971 0.005473
 37.2026 0.005460
 37.3963 0.005406
 37.5830 0.005316
 37.7624 0.005238
 37.9362 0.005164
 38.1034 0.005106
 38.2658 0.005016
 38.4252 0.004960
 38.5785 0.004872
 38.7280 0.004796
 38.8731 0.004751
 39.0147 0.004745
 39.1541 0.004804
 39.2901 0.004801
 39.4221 0.004717
 39.5516 0.004665
 39.6777 0.004699
 39.8047 0.004696
 39.9285 0.004727
 40.0516 0.004738
 40.1728 0.004728
 40.2907 0.004790
 40.4084 0.004803
 40.5230 0.004829
 40.6364 0.004801
 40.7475 0.004722
 40.8570 0.004679
 40.9661 0.004669
 41.0747 0.004628
 41.1816 0.004619
 41.2868 0.004568
 41.3919 0.004581
 41.4967 0.004571
 41.5996 0.004526
 41.7016 0.004504
 41.8028 0.004519
 41.9035 0.004550
 42.0039 0.004541
 42.1033 0.004520
 42.2020 0.004509
 42.3004 0.004503
 42.3983 0.004502
 42.4938 0.004520
 42.5904 0.004533
 42.6855 0.004578
 42.7797 0.004639
 42.8736 0.004576
 42.9667 0.004586
 43.0609 0.004586
 43.1547 0.004580
 43.2475 0.004591
 43.3400 0.004621
 43.4319 0.004589
 43.5244 0.004547
 43.6164 0.004505
 43.7071 0.004466
 43.7985 0.004485
 43.8892 0.004458
 43.9800 0.004469
 44.0713 0.004470
 44.1605 0.004452
 44.2501 0.004398
 44.3399 0.004397
 44.4295 0.004379
 44.5185 0.004385
 44.6088 0.004447
 44.6981 0.004409
 44.7873 0.004458
 44.8771 0.004478
 44.9665 0.004484
 45.0557 0.004486
 45.1458 0.004508
 45.2351 0.004516
 45.3231 0.004541
 45.4122 0.004481
 45.5014 0.004451
 45.5902 0.004487
 45.6801 0.004499
 45.7689 0.004532
 45.8589 0.004507
 45.9485 0.004530
 46.0372 0.004528
 46.1280 0.004533
 46.2184 0.004610
 46.3084 0.004569
 46.3988 0.004589
 46.4877 0.004585
 46.5784 0.004598
 46.6704 0.004599
 46.7608 0.004601
 46.8520 0.004584
 46.9438 0.004627
 47.0365 0.004661
 47.1288 0.004686
 47.2212 0.004674
 47.3133 0.004705
 47.4056 0.004745
 47.4988 0.004829
 47.5935 0.004861
 47.6889 0.004892
 47.7840 0.004948
 47.8792 0.004961
 47.9742 0.004925
 48.0711 0.004902
 48.1664 0.004957
 48.2640 0.004943
 48.3618 0.004947
 48.4610 0.004969
 48.5602 0.004957
 48.6601 0.004973
 48.7602 0.004943
 48.8610 0.004924
 48.9626 0.004927
 49.0661 0.004975
 49.1692 0.004980
 49.2724 0.005026
 49.3771 0.005094
 49.4823 0.005134
 49.5892 0.005183
 49.6959 0.005208
 49.8030 0.005244
 49.9113 0.005223
 50.0211 0.005202
 50.1310 0.005223
 50.2430 0.005250
 50.3549 0.005278
 50.4694 0.005391
 50.5834 0.005480
 50.6995 0.005507
 50.8178 0.005504
 50.9359 0.005524
 51.0567 0.005540
 51.1803 0.005621
 51.3033 0.005640
 51.4298 0.005591
 51.5561 0.005602
 51.6849 0.005613
 51.8150 0.005605
 51.9460 0.005657
 52.0811 0.005621
 52.2175 0.005641
 52.3554 0.005679
 52.4958 0.005726
 52.6372 0.005797
 52.7828 0.005870
 52.9314 0.005886
 53.0815 0.005931
 53.2343 0.005961
 53.3895 0.006039
 53.5483 0.006074
 53.7116 0.006197
 53.8803 0.006242
 54.0508 0.006438
 54.2229 0.006526
 54.4001 0.006597
 54.5831 0.006723
 54.7727 0.006815
 54.9677 0.006932
 55.1649 0.007049
 55.3701 0.007049
 55.5793 0.007224
 55.7951 0.007287
 56.0183 0.007435
 56.2516 0.007570
 56.4929 0.007652
 56.7439 0.007881
 57.0024 0.008028
 57.2754 0.008348
 57.5611 0.008626
 57.8601 0.008739
 58.1773 0.009090
 58.5085 0.009289
 58.8678 0.009665
 59.2497 0.009859
 59.6588 0.010190
 60.1028 0.010474
 60.5877 0.011059
 61.1190 0.011715
 61.7157 0.012413
 62.3954 0.012705
 63.1804 0.013782
 64.1261 0.015064
 65.3268 0.016742
 66.9713 0.019412
 67.3798 0.019730
 67.8456 0.020371
 68.3701 0.021050
 68.9583 0.022641
 69.6582 0.025011
 70.5003 0.028189
 71.5590 0.032853
 73.0502 0.041547
 75.4534 0.057731
 77.8245 0.077911
 80.8837 0.119200
 83.1911 0.159897
 tr0-05-7 3 1
 67.8911 0.134878
 69.9066 0.101881
 72.4890 0.072065
 74.6803 0.053714
 77.0764 0.042228
 78.5495 0.038007
 79.6543 0.034141
 80.5224 0.031073
 81.2502 0.029092
 81.8956 0.027733
 82.4743 0.026344
 82.9942 0.024608
 83.4593 0.024118
 85.3412 0.020684
 86.7666 0.018430
 87.9042 0.017518
 88.8757 0.016745
 89.7310 0.016033
 90.5024 0.014683
 91.1949 0.014193
 91.8325 0.013696
 92.4261 0.013333
 92.9812 0.013136
 93.5032 0.012632
 93.9916 0.012267
 94.4560 0.012226
 94.9062 0.012342
 95.3321 0.012348
 95.7442 0.012375
 96.1331 0.012101
 96.5167 0.011768
 96.8910 0.011869
 97.2483 0.011882
 97.5894 0.011784
 97.9264 0.011809
 98.2535 0.011696
 98.5732 0.011430
 98.8826 0.011000
 99.1845 0.010818
 99.4835 0.010933
 99.7730 0.010794
100.0610 0.010830
100.3387 0.010816
100.6164 0.010774
100.8869 0.010587
101.1522 0.010540
101.4104 0.010360
101.6655 0.010374
101.9143 0.010369
102.1617 0.010177
102.4093 0.010149
102.6549 0.010230
102.8918 0.010133
103.1300 0.010027
103.3676 0.010028
103.5983 0.010012
103.8237 0.009976
104.0489 0.009951
104.2693 0.009959
104.4914 0.009743
104.7117 0.009776
104.9278 0.009727
105.1405 0.009798
105.3552 0.009582
105.5697 0.009601
105.7804 0.009569
105.9869 0.009579
106.1910 0.009537
106.3977 0.009597
106.6028 0.009634
106.8038 0.009640
107.0077 0.009648
107.2057 0.009733
107.4045 0.009688
107.6018 0.009664
107.7991 0.009637
107.9959 0.009606
108.1909 0.009678
108.3869 0.009592
108.5798 0.009544
108.7721 0.009510
108.9648 0.009548
109.1541 0.009544
109.3444 0.009603
109.5347 0.009753
109.7241 0.009742
109.9128 0.009691
110.1004 0.009722
110.2879 0.009630
110.4753 0.009506
110.6649 0.009535
110.8515 0.009567
111.0375 0.009571
111.2242 0.009590
111.4080 0.009555
111.5925 0.009585
111.7758 0.009694
111.9626 0.009679
112.1467 0.009603
112.3305 0.009594
112.5149 0.009578
112.6995 0.009629
112.8860 0.009578
113.0695 0.009591
113.2539 0.009633
113.4374 0.009591
113.6209 0.009617
113.8038 0.009638
113.9911 0.009581
114.1739 0.009527
114.3589 0.009455
114.5436 0.009447
114.7287 0.009379
114.9143 0.009380
115.0986 0.009517
115.2850 0.009460
115.4717 0.009472
115.6581 0.009521
115.8456 0.009626
116.0319 0.009711
116.2204 0.009709
116.4082 0.009750
116.5982 0.009799
116.7888 0.009748
116.9786 0.009842
117.1660 0.009880
117.3567 0.009815
117.5483 0.009904
117.7406 0.009812
117.9334 0.009876
118.1270 0.009896
118.3216 0.009913
118.5189 0.009909
118.7167 0.009977
118.9148 0.009950
119.1136 0.009998
119.3149 0.010005
119.5155 0.010022
119.7190 0.010031
119.9221 0.009990
120.1268 0.010052
120.3340 0.010142
120.5424 0.010145
120.7501 0.010218
120.9627 0.010164
121.1735 0.010244
121.3894 0.010264
121.6061 0.010335
121.8219 0.010450
122.0421 0.010454
122.2651 0.010452
122.4878 0.010503
122.7134 0.010637
122.9388 0.010590
123.1697 0.010539
123.4024 0.010597
123.6331 0.010618
123.8680 0.010588
124.1088 0.010652
124.3539 0.010884
124.5972 0.011047
124.8395 0.011173
125.0874 0.011267
125.3440 0.011376
125.5998 0.011282
125.8614 0.011381
126.1246 0.011333
126.3936 0.011404
126.6659 0.011368
126.9383 0.011526
127.2171 0.011740
127.5002 0.011892
127.7895 0.011936
128.0831 0.012052
128.3820 0.012211
128.6892 0.012371
129.0018 0.012543
129.3200 0.012568
129.6489 0.012583
129.9801 0.012633
130.3245 0.012798
130.6743 0.012910
131.0286 0.013155
131.4003 0.013202
131.7710 0.013484
132.1635 0.013778
132.5665 0.014191
132.9804 0.014338
133.4040 0.014419
133.8469 0.014454
134.3034 0.014751
134.7822 0.014890
135.2779 0.015282
135.7903 0.015458
136.3361 0.016073
136.9077 0.016539
137.5099 0.016783
138.1514 0.017089
138.8309 0.017399
139.5675 0.017930
140.3588 0.018630
141.2191 0.019580
142.1609 0.020801
143.1894 0.021830
144.3747 0.023139
145.7653 0.025199
147.3845 0.027406
149.4210 0.030376
152.2011 0.036409
152.8995 0.038140
153.6901 0.040224
154.5598 0.041756
155.5362 0.043839
156.6731 0.047841
158.0404 0.051076
159.8656 0.057563
162.2796 0.070491
166.2750 0.094100
170.2387 0.124859
175.1700 0.182339
178.8451 0.248901
 tr1-05-7 3 1
 75.9604 0.140473
 77.8940 0.105241
 80.6739 0.077613
 82.9565 0.057287
 85.4496 0.045573
 86.9585 0.038678
 88.1251 0.034731
 89.0646 0.032051
 89.8321 0.029601
 90.4970 0.026797
 91.0835 0.025638
 91.6225 0.024809
 92.1080 0.023685
 94.0608 0.020944
 95.5280 0.020276
 96.7529 0.018389
 97.7706 0.016941
 98.6627 0.015716
 99.4642 0.015006
100.1873 0.014189
100.8566 0.014012
101.4786 0.013688
102.0607 0.013345
102.6080 0.013119
103.1270 0.012955
103.6156 0.012870
104.0796 0.012742
104.5259 0.012373
104.9539 0.012007
105.3687 0.012182
105.7685 0.012028
106.1504 0.011904
106.5206 0.011660
106.8801 0.011653
107.2277 0.011506
107.5669 0.011491
107.8986 0.011573
108.2252 0.011311
108.5455 0.011325
108.8564 0.011328
109.1597 0.011083
109.4565 0.011063
109.7472 0.011135
110.0319 0.011059
110.3132 0.011024
110.5913 0.010930
110.8625 0.010973
111.1297 0.010958
111.3924 0.010777
111.6508 0.010620
111.9091 0.010698
112.1598 0.010653
112.4139 0.010717
112.6603 0.010736
112.9069 0.010682
113.1468 0.010636
113.3817 0.010738
113.6198 0.010663
113.8530 0.010759
114.0865 0.010777
114.3143 0.010841
114.5421 0.010792
114.7677 0.010653
114.9897 0.010764
115.2123 0.010751
115.4309 0.010709
115.6482 0.010775
115.8621 0.010676
116.0733 0.010628
116.2874 0.010652
116.4964 0.010676
116.7066 0.010620
116.9165 0.010618
117.1209 0.010692
117.3285 0.010720
117.5376 0.010698
117.7405 0.010745
117.9439 0.010663
118.1433 0.010797
118.3478 0.010869
118.5477 0.010900
118.7484 0.010790
118.9468 0.010830
119.1438 0.010747
119.3410 0.010653
119.5365 0.010636
119.7313 0.010531
119.9289 0.010490
120.1252 0.010429
120.3211 0.010467
120.5162 0.010567
120.7088 0.010591
120.9045 0.010531
121.0978 0.010476
121.2893 0.010469
121.4835 0.010413
121.6744 0.010311
121.8675 0.010246
122.0597 0.010058
122.2481 0.010174
122.4399 0.010043
122.6319 0.010021
122.8229 0.009893
123.0139 0.009875
123.2054 0.009822
123.3979 0.009872
123.5887 0.009833
123.7840 0.009890
123.9772 0.009970
124.1690 0.009912
124.3587 0.009869
124.5517 0.010063
124.7442 0.010177
124.9341 0.010089
125.1262 0.010162
125.3200 0.010155
125.5128 0.010141
125.7070 0.010223
125.9008 0.010243
126.0953 0.010232
126.2878 0.010330
126.4858 0.010358
126.6813 0.010356
126.8772 0.010257
127.0745 0.010314
127.2728 0.010344
127.4714 0.010329
127.6720 0.010336
127.8728 0.010341
128.0754 0.010254
128.2789 0.010155
128.4831 0.010159
128.6846 0.010217
128.8893 0.010216
129.0945 0.010276
129.3001 0.010246
129.5062 0.010272
129.7149 0.010363
129.9242 0.010349
130.1368 0.010525
130.3501 0.010600
130.5653 0.010658
130.7819 0.010620
130.9985 0.010777
131.2175 0.010878
131.4373 0.010991
131.6607 0.010834
131.8846 0.010778
132.1082 0.010951
132.3388 0.010875
132.5664 0.010899
132.7992 0.010985
133.0331 0.011078
133.2680 0.011163
133.5032 0.011182
133.7426 0.011188
133.9843 0.011171
134.2286 0.011247
134.4754 0.011191
134.7265 0.011257
134.9774 0.011082
135.2346 0.011226
135.4932 0.011224
135.7597 0.011325
136.0291 0.011428
136.3037 0.011520
136.5791 0.011708
136.8548 0.011760
137.1350 0.011861
137.4198 0.012011
137.7116 0.012050
138.0096 0.012036
138.3104 0.012152
138.6168 0.012150
138.9265 0.012256
139.2460 0.012399
139.5645 0.012687
139.8968 0.012657
140.2410 0.012769
140.5865 0.012883
140.9392 0.012989
141.2996 0.013425
141.6641 0.013744
142.0382 0.013925
142.4296 0.014158
142.8310 0.014471
143.2464 0.014810
143.6747 0.014768
144.1165 0.015454
144.5776 0.015709
145.0529 0.015757
145.5456 0.016272
146.0625 0.016712
146.6009 0.016755
147.1646 0.016986
147.7534 0.017607
148.3707 0.018315
149.0318 0.018443
149.7438 0.019087
150.5083 0.019955
151.3186 0.020323
152.2087 0.021043
153.1901 0.022168
154.2865 0.022941
155.5065 0.024335
156.9153 0.025431
158.5987 0.028130
160.6845 0.032302
163.5392 0.038943
164.2790 0.040138
165.0891 0.041582
165.9703 0.042512
166.9783 0.044248
168.1725 0.047674
169.6179 0.052153
171.4035 0.058373
173.8674 0.068096
177.9540 0.091741
181.7797 0.124553
186.8137 0.190777
190.5441 0.253014
tr1s-05-7 3 1
 81.1797 0.145389
 83.0823 0.110113
 85.8198 0.076757
 88.1732 0.058607
 90.5576 0.046549
 92.0787 0.038262
 93.2210 0.033443
 94.1501 0.030337
 94.9092 0.029131
 95.5813 0.027145
 96.1893 0.025530
 96.7177 0.024249
 97.2244 0.023298
 99.1858 0.020462
100.6693 0.018656
101.8660 0.017749
102.8794 0.016637
103.7654 0.015677
104.5540 0.015481
105.2814 0.015109
105.9438 0.014646
106.5656 0.014302
107.1434 0.013899
107.6912 0.013227
108.2032 0.012760
108.6857 0.012708
109.1484 0.012556
109.5945 0.012543
110.0155 0.012487
110.4306 0.012026
110.8247 0.012070
111.2113 0.011964
111.5847 0.011768
111.9440 0.011686
112.2928 0.011465
112.6349 0.011372
112.9627 0.011202
113.2853 0.011161
113.6009 0.011025
113.9094 0.011151
114.2120 0.011096
114.5104 0.011110
114.8003 0.010990
115.0858 0.010944
115.3691 0.010974
115.6451 0.011021
115.9183 0.010940
116.1812 0.010789
116.4442 0.010867
116.7033 0.010949
116.9594 0.010925
117.2095 0.010889
117.4576 0.010894
117.7036 0.010872
117.9487 0.010871
118.1903 0.010814
118.4278 0.010650
118.6663 0.010713
118.8960 0.010567
119.1268 0.010575
119.3523 0.010601
119.5762 0.010513
119.8002 0.010565
120.0196 0.010580
120.2410 0.010615
120.4602 0.010419
120.6762 0.010414
120.8921 0.010350
121.1058 0.010348
121.3164 0.010307
121.5273 0.010368
121.7327 0.010269
121.9392 0.010317
122.1446 0.010241
122.3497 0.010176
122.5564 0.010225
122.7581 0.010261
122.9624 0.010164
123.1638 0.010192
123.3678 0.010033
123.5667 0.010095
123.7670 0.010188
123.9652 0.010239
124.1632 0.010236
124.3605 0.010106
124.5560 0.010017
124.7487 0.010054
124.9451 0.009936
125.1381 0.009949
125.3323 0.009915
125.5271 0.009862
125.7189 0.009896
125.9108 0.009921
126.1025 0.009974
126.2962 0.009795
126.4896 0.009909
126.6787 0.009895
126.8707 0.009859
127.0619 0.009923
127.2538 0.009910
127.4427 0.009949
127.6334 0.010007
127.8236 0.009833
128.0136 0.009819
128.2031 0.009860
128.3928 0.009914
128.5832 0.009970
128.7747 0.010077
128.9648 0.010167
129.1560 0.010056
129.3477 0.010127
129.5405 0.010121
129.7362 0.010094
129.9301 0.010209
130.1217 0.010096
130.3148 0.010073
130.5059 0.010075
130.6983 0.010069
130.8912 0.010077
131.0883 0.010009
131.2823 0.010188
131.4790 0.010232
131.6712 0.010173
131.8691 0.010254
132.0662 0.010226
132.2627 0.010227
132.4596 0.010226
132.6588 0.010307
132.8597 0.010388
133.0625 0.010493
133.2640 0.010677
133.4657 0.010547
133.6702 0.010439
133.8753 0.010405
134.0804 0.010412
134.2859 0.010289
134.4921 0.010258
134.7008 0.010279
134.9111 0.010378
135.1193 0.010487
135.3303 0.010510
135.5459 0.010544
135.7622 0.010408
135.9790 0.010399
136.1949 0.010354
136.4140 0.010337
136.6316 0.010425
136.8570 0.010447
137.0816 0.010498
137.3068 0.010597
137.5345 0.010522
137.7657 0.010553
137.9989 0.010661
138.2352 0.010802
138.4756 0.010864
138.7152 0.010835
138.9551 0.010875
139.1997 0.010867
139.4470 0.010895
139.6997 0.010918
139.9513 0.010907
140.2096 0.010933
140.4675 0.010953
140.7299 0.011025
140.9929 0.011083
141.2606 0.011287
141.5305 0.011332
141.8077 0.011484
142.0909 0.011633
142.3751 0.011763
142.6631 0.011830
142.9582 0.011849
143.2598 0.011951
143.5634 0.012089
143.8726 0.012161
144.1950 0.012497
144.5166 0.012789
144.8479 0.012941
145.1835 0.012999
145.5265 0.013348
145.8790 0.013528
146.2376 0.013911
146.6068 0.014146
146.9870 0.014321
147.3767 0.014704
147.7842 0.015156
148.1931 0.015380
148.6186 0.015497
149.0571 0.015845
149.5163 0.016083
149.9869 0.016354
150.4813 0.016539
150.9937 0.016764
151.5269 0.017209
152.0887 0.017229
152.6826 0.017319
153.3109 0.017698
153.9746 0.017965
154.6732 0.019023
155.4360 0.019599
156.2406 0.020002
157.1211 0.020556
158.0929 0.021713
159.1624 0.022815
160.3913 0.024611
161.8070 0.026312
163.4917 0.027554
165.5802 0.031458
168.4131 0.037701
169.1393 0.039179
169.9241 0.041845
170.8424 0.043737
171.8703 0.044973
173.0793 0.047946
174.4994 0.051279
176.2866 0.060402
178.7396 0.067027
182.8503 0.092747
186.7825 0.130614
191.6785 0.193736
195.7032 0.258051
 tr2-05-7 3 1
 84.2485 0.142736
 86.2825 0.108324
 89.2581 0.070793
 91.7099 0.055175
 94.2282 0.046429
 95.8380 0.038346
 97.0212 0.035132
 97.9806 0.031816
 98.8012 0.028846
 99.5177 0.027641
100.1539 0.026554
100.6953 0.025647
101.2102 0.024981
103.2311 0.021764
104.7819 0.020023
106.0380 0.018770
107.1089 0.018235
108.0448 0.017186
108.8831 0.016353
109.6350 0.015925
110.3266 0.015356
110.9741 0.014652
111.5799 0.014194
112.1481 0.013861
112.6869 0.013683
113.2003 0.013392
113.6855 0.013257
114.1520 0.013013
114.5968 0.012939
115.0233 0.012546
115.4316 0.012293
115.8352 0.012199
116.2260 0.012042
116.6033 0.011918
116.9666 0.011845
117.3204 0.011651
117.6643 0.011541
118.0021 0.011509
118.3326 0.011357
118.6548 0.011190
118.9697 0.011212
119.2773 0.011161
119.5785 0.011107
119.8748 0.010960
120.1660 0.010865
120.4556 0.010751
120.7446 0.010582
121.0226 0.010751
121.2956 0.010794
121.5643 0.010866
121.8293 0.010868
122.0909 0.010820
122.3499 0.010872
122.6036 0.010851
122.8573 0.010999
123.1046 0.010829
123.3516 0.010765
123.5947 0.010832
123.8391 0.010725
124.0753 0.010676
124.3130 0.010642
124.5489 0.010654
124.7833 0.010631
125.0135 0.010574
125.2437 0.010584
125.4713 0.010554
125.6976 0.010613
125.9205 0.010575
126.1406 0.010427
126.3615 0.010396
126.5832 0.010396
126.8054 0.010410
127.0182 0.010410
127.2326 0.010415
127.4473 0.010415
127.6596 0.010306
127.8723 0.010364
128.0834 0.010391
128.2914 0.010497
128.4994 0.010490
128.7068 0.010464
128.9158 0.010546
129.1247 0.010518
129.3300 0.010523
129.5364 0.010435
129.7404 0.010506
129.9447 0.010480
130.1477 0.010418
130.3497 0.010271
130.5526 0.010326
130.7532 0.010271
130.9572 0.010169
131.1571 0.010155
131.3590 0.010152
131.5588 0.010014
131.7600 0.009935
131.9583 0.009890
132.1578 0.009987
132.3551 0.009993
132.5533 0.009994
132.7539 0.009931
132.9539 0.009994
133.1520 0.010038
133.3485 0.010072
133.5447 0.010083
133.7450 0.010039
133.9449 0.010177
134.1437 0.010262
134.3441 0.010373
134.5429 0.010410
134.7413 0.010422
134.9387 0.010313
135.1387 0.010434
135.3333 0.010455
135.5329 0.010429
135.7354 0.010411
135.9364 0.010432
136.1360 0.010455
136.3373 0.010420
136.5388 0.010375
136.7400 0.010324
136.9444 0.010241
137.1495 0.010319
137.3534 0.010233
137.5573 0.010252
137.7651 0.010205
137.9708 0.010294
138.1787 0.010221
138.3838 0.010402
138.5921 0.010452
138.7998 0.010569
139.0096 0.010644
139.2191 0.010687
139.4322 0.010758
139.6432 0.010680
139.8562 0.010695
140.0686 0.010862
140.2845 0.011045
140.5022 0.011099
140.7203 0.011089
140.9385 0.011083
141.1596 0.011138
141.3839 0.011236
141.6059 0.011290
141.8298 0.011385
142.0563 0.011466
142.2849 0.011497
142.5182 0.011598
142.7512 0.011577
142.9863 0.011652
143.2235 0.011664
143.4643 0.011709
143.7062 0.011811
143.9496 0.011862
144.1950 0.011881
144.4412 0.011809
144.6936 0.011821
144.9491 0.011877
145.2053 0.011829
145.4643 0.011912
145.7235 0.011928
145.9852 0.012038
146.2536 0.012078
146.5255 0.012131
146.8056 0.012302
147.0822 0.012311
147.3614 0.012480
147.6505 0.012682
147.9434 0.012720
148.2370 0.012780
148.5365 0.012847
148.8410 0.012909
149.1481 0.012988
149.4694 0.013144
149.7947 0.013275
150.1223 0.013404
150.4505 0.013722
150.7931 0.013758
151.1381 0.013834
151.4972 0.014182
151.8610 0.014540
152.2355 0.014514
152.6167 0.014602
153.0116 0.014615
153.4183 0.015080
153.8354 0.015265
154.2620 0.015396
154.7053 0.015530
155.1666 0.015780
155.6423 0.016146
156.1349 0.016383
156.6501 0.016551
157.1865 0.016606
157.7415 0.017241
158.3209 0.017483
158.9282 0.017712
159.5730 0.018137
160.2594 0.018367
160.9878 0.018607
161.7691 0.018997
162.6191 0.019353
163.5348 0.019980
164.5375 0.021196
165.6406 0.022469
166.9056 0.023604
168.3586 0.025349
170.1026 0.028414
172.2757 0.032437
175.2247 0.036339
175.9591 0.037567
176.7610 0.039773
177.6686 0.041023
178.7109 0.043525
179.9341 0.046658
181.4360 0.052096
183.2495 0.058949
185.8420 0.068510
190.0699 0.093393
194.1154 0.126983
199.1641 0.189790
203.2086 0.266548
tr2s-05-7 3 1
 89.5543 0.140644
 91.5760 0.108135
 94.4654 0.077635
 96.8953 0.059933
 99.5051 0.044147
101.0941 0.037356
102.2813 0.033005
103.2561 0.031176
104.0541 0.029859
104.7444 0.027900
105.3563 0.025461
105.9116 0.025193
106.4257 0.024139
108.4541 0.021121
109.9870 0.019274
111.2338 0.018382
112.2866 0.017754
113.2103 0.016780
114.0463 0.015757
114.7990 0.015166
115.4934 0.014501
116.1339 0.014161
116.7287 0.013967
117.2894 0.013773
117.8240 0.013471
118.3238 0.013406
118.8070 0.013087
119.2707 0.012771
119.7085 0.012477
120.1375 0.012677
120.5464 0.012624
120.9453 0.012309
121.3331 0.012236
121.7035 0.012098
122.0669 0.011965
122.4162 0.011860
122.7584 0.011844
123.0960 0.011501
123.4252 0.011530
123.7453 0.011522
124.0576 0.011382
124.3652 0.011134
124.6613 0.011058
124.9571 0.011009
125.2481 0.011014
125.5333 0.010946
125.8161 0.010890
126.0919 0.010876
126.3619 0.011010
126.6304 0.011090
126.8937 0.011034
127.1550 0.011001
127.4136 0.010845
127.6658 0.010778
127.9204 0.010670
128.1676 0.010754
128.4140 0.010774
128.6536 0.010626
128.8936 0.010698
129.1318 0.010656
129.3671 0.010522
129.5980 0.010511
129.8300 0.010589
130.0595 0.010559
130.2887 0.010520
130.5152 0.010457
130.7360 0.010647
130.9575 0.010613
131.1790 0.010656
131.4004 0.010736
131.6201 0.010801
131.8389 0.010832
132.0522 0.010740
132.2647 0.010707
132.4775 0.010655
132.6870 0.010639
132.8976 0.010554
133.1059 0.010557
133.3155 0.010474
133.5213 0.010402
133.7288 0.010362
133.9355 0.010277
134.1418 0.010260
134.3485 0.010179
134.5540 0.010145
134.7593 0.010106
134.9617 0.010002
135.1650 0.009867
135.3680 0.009771
135.5692 0.009754
135.7687 0.009684
135.9677 0.009780
136.1666 0.009701
136.3660 0.009656
136.5646 0.009743
136.7625 0.009753
136.9613 0.009896
137.1589 0.009748
137.3561 0.009755
137.5543 0.009917
137.7515 0.009919
137.9490 0.009819
138.1485 0.009792
138.3462 0.009833
138.5459 0.009842
138.7427 0.009869
138.9373 0.009884
139.1353 0.009899
139.3333 0.009982
139.5329 0.010045
139.7316 0.010110
139.9284 0.010111
140.1266 0.010215
140.3237 0.010170
140.5212 0.010133
140.7179 0.010107
140.9151 0.010155
141.1148 0.010135
141.3139 0.010176
141.5133 0.009996
141.7115 0.009991
141.9120 0.010084
142.1157 0.010050
142.3184 0.010110
142.5227 0.010216
142.7284 0.010194
142.9332 0.010227
143.1394 0.010210
143.3474 0.010273
143.5559 0.010406
143.7657 0.010636
143.9748 0.010783
144.1830 0.010918
144.3924 0.010849
144.6046 0.010875
144.8183 0.010867
145.0354 0.010837
145.2497 0.010890
145.4667 0.011031
145.6850 0.011011
145.9078 0.011185
146.1278 0.011224
146.3511 0.011218
146.5732 0.011196
146.7972 0.011267
147.0220 0.011239
147.2510 0.011155
147.4854 0.011187
147.7137 0.011328
147.9471 0.011305
148.1840 0.011393
148.4184 0.011398
148.6574 0.011473
148.8979 0.011646
149.1427 0.011647
149.3906 0.011583
149.6380 0.011619
149.8921 0.011759
150.1438 0.011850
150.3985 0.011787
150.6585 0.011754
150.9238 0.011808
151.1883 0.011955
151.4618 0.012025
151.7335 0.012139
152.0096 0.012225
152.2900 0.012272
152.5756 0.012310
152.8619 0.012397
153.1551 0.012451
153.4512 0.012359
153.7556 0.012481
154.0650 0.012704
154.3810 0.012923
154.7071 0.013207
155.0348 0.013339
155.3657 0.013332
155.7068 0.013478
156.0554 0.013618
156.4094 0.013980
156.7726 0.014318
157.1431 0.014760
157.5280 0.014916
157.9209 0.015211
158.3331 0.015449
158.7476 0.015556
159.1704 0.015502
159.6082 0.015700
160.0634 0.016038
160.5333 0.016279
161.0229 0.016420
161.5294 0.016753
162.0623 0.016872
162.6185 0.017198
163.1964 0.017300
163.8115 0.017508
164.4507 0.017575
165.1326 0.017916
165.8634 0.018185
166.6455 0.018958
167.4839 0.019620
168.3981 0.020150
169.3795 0.020975
170.4919 0.022683
171.7525 0.024632
173.2135 0.026373
174.9282 0.028874
177.1108 0.031956
180.0412 0.037002
180.7780 0.038393
181.5983 0.040131
182.5246 0.042461
183.5532 0.044703
184.7840 0.046790
186.2367 0.051609
188.0763 0.058644
190.6564 0.067402
194.8201 0.096571
198.8651 0.126716
203.9766 0.189072
207.9310 0.257927
