Copyright (C) 1998 James G. MacKinnon, Alfred A. Haug, and Leo Michelis.
 lm0-11-6 3 1
 48.5286 0.062182
 49.3489 0.048695
 50.6540 0.034121
 51.6762 0.025610
 52.8130 0.020266
 53.5351 0.017252
 54.0617 0.015740
 54.4919 0.014856
 54.8480 0.013797
 55.1610 0.012598
 55.4400 0.011808
 55.6927 0.011592
 55.9146 0.011123
 56.8312 0.009661
 57.5284 0.008889
 58.0967 0.008187
 58.5822 0.007568
 59.0113 0.007329
 59.3909 0.007173
 59.7412 0.006940
 60.0645 0.006707
 60.3585 0.006635
 60.6381 0.006487
 60.9005 0.006412
 61.1500 0.006190
 61.3897 0.006051
 61.6172 0.005947
 61.8347 0.005840
 62.0447 0.005830
 62.2474 0.005812
 62.4406 0.005759
 62.6290 0.005713
 62.8101 0.005618
 62.9873 0.005531
 63.1586 0.005430
 63.3253 0.005463
 63.4902 0.005434
 63.6518 0.005439
 63.8104 0.005308
 63.9629 0.005300
 64.1119 0.005313
 64.2601 0.005349
 64.4043 0.005296
 64.5486 0.005250
 64.6895 0.005197
 64.8282 0.005190
 64.9644 0.005086
 65.0980 0.005113
 65.2296 0.005143
 65.3591 0.005103
 65.4879 0.005050
 65.6158 0.005040
 65.7413 0.004948
 65.8661 0.004994
 65.9904 0.004923
 66.1133 0.004968
 66.2338 0.004949
 66.3536 0.004976
 66.4716 0.004928
 66.5869 0.004863
 66.7026 0.004851
 66.8179 0.004845
 66.9305 0.004841
 67.0425 0.004836
 67.1560 0.004831
 67.2675 0.004859
 67.3795 0.004897
 67.4907 0.004936
 67.6004 0.004962
 67.7085 0.004976
 67.8168 0.005029
 67.9243 0.005065
 68.0309 0.004993
 68.1392 0.004991
 68.2437 0.005044
 68.3501 0.005013
 68.4561 0.004993
 68.5610 0.005066
 68.6668 0.005102
 68.7699 0.005135
 68.8746 0.005168
 68.9779 0.005165
 69.0828 0.005184
 69.1876 0.005214
 69.2899 0.005163
 69.3931 0.005100
 69.4955 0.005053
 69.5983 0.005122
 69.6999 0.005135
 69.8029 0.005168
 69.9035 0.005185
 70.0051 0.005195
 70.1067 0.005278
 70.2069 0.005269
 70.3093 0.005261
 70.4114 0.005298
 70.5133 0.005300
 70.6138 0.005291
 70.7145 0.005258
 70.8160 0.005270
 70.9164 0.005337
 71.0181 0.005348
 71.1195 0.005359
 71.2211 0.005354
 71.3222 0.005352
 71.4220 0.005347
 71.5226 0.005379
 71.6252 0.005424
 71.7268 0.005403
 71.8298 0.005474
 71.9307 0.005488
 72.0333 0.005494
 72.1356 0.005501
 72.2388 0.005514
 72.3420 0.005580
 72.4462 0.005619
 72.5504 0.005710
 72.6546 0.005723
 72.7608 0.005714
 72.8658 0.005718
 72.9695 0.005761
 73.0739 0.005790
 73.1797 0.005816
 73.2880 0.005812
 73.3945 0.005833
 73.5024 0.005806
 73.6099 0.005803
 73.7171 0.005783
 73.8258 0.005800
 73.9351 0.005781
 74.0439 0.005738
 74.1540 0.005675
 74.2644 0.005694
 74.3757 0.005741
 74.4879 0.005725
 74.6011 0.005735
 74.7142 0.005744
 74.8275 0.005805
 74.9429 0.005790
 75.0581 0.005734
 75.1741 0.005744
 75.2914 0.005757
 75.4096 0.005704
 75.5287 0.005703
 75.6485 0.005774
 75.7709 0.005754
 75.8938 0.005749
 76.0172 0.005789
 76.1432 0.005742
 76.2700 0.005783
 76.3964 0.005881
 76.5263 0.005913
 76.6558 0.005967
 76.7847 0.005967
 76.9173 0.006062
 77.0503 0.006152
 77.1854 0.006262
 77.3242 0.006277
 77.4609 0.006337
 77.6012 0.006347
 77.7420 0.006369
 77.8847 0.006395
 78.0319 0.006450
 78.1797 0.006487
 78.3305 0.006611
 78.4843 0.006593
 78.6403 0.006691
 78.7993 0.006759
 78.9588 0.006806
 79.1230 0.006812
 79.2877 0.006920
 79.4554 0.007049
 79.6261 0.007058
 79.8013 0.007073
 79.9800 0.007196
 80.1614 0.007276
 80.3481 0.007283
 80.5370 0.007306
 80.7315 0.007464
 80.9294 0.007596
 81.1348 0.007656
 81.3434 0.007678
 81.5581 0.007879
 81.7779 0.008057
 82.0047 0.008071
 82.2396 0.008103
 82.4820 0.008300
 82.7348 0.008350
 82.9936 0.008639
 83.2634 0.008644
 83.5428 0.008843
 83.8320 0.008945
 84.1365 0.009166
 84.4537 0.009311
 84.7835 0.009619
 85.1361 0.009880
 85.5097 0.010227
 85.9036 0.010461
 86.3196 0.010750
 86.7735 0.011036
 87.2613 0.011700
 87.7917 0.012082
 88.3819 0.012643
 89.0431 0.013091
 89.7971 0.013804
 90.6751 0.015023
 91.7248 0.016495
 93.0469 0.019214
 94.8454 0.022410
 95.3024 0.023736
 95.8176 0.024590
 96.3833 0.026082
 97.0360 0.027581
 97.8096 0.029449
 98.7217 0.031941
 99.8804 0.038181
101.5104 0.046359
104.1940 0.064293
106.8410 0.087699
110.0212 0.129647
112.4412 0.172847
 lm1-11-6 3 1
 51.1202 0.062719
 51.9909 0.047701
 53.2643 0.034029
 54.3193 0.027142
 55.4585 0.020118
 56.1808 0.017973
 56.7121 0.016334
 57.1455 0.014949
 57.5098 0.013920
 57.8339 0.013612
 58.1191 0.012637
 58.3759 0.012250
 58.6121 0.011671
 59.5403 0.010155
 60.2435 0.009187
 60.8238 0.008653
 61.3227 0.008092
 61.7576 0.007448
 62.1503 0.007262
 62.5043 0.007089
 62.8288 0.006913
 63.1326 0.006672
 63.4174 0.006600
 63.6840 0.006529
 63.9388 0.006356
 64.1790 0.006292
 64.4106 0.006301
 64.6304 0.006222
 64.8432 0.006172
 65.0491 0.006091
 65.2449 0.005986
 65.4354 0.006045
 65.6224 0.005985
 65.8018 0.005896
 65.9780 0.005855
 66.1503 0.005741
 66.3169 0.005780
 66.4805 0.005805
 66.6392 0.005746
 66.7960 0.005667
 66.9498 0.005654
 67.1000 0.005702
 67.2473 0.005685
 67.3930 0.005657
 67.5373 0.005653
 67.6774 0.005604
 67.8156 0.005541
 67.9526 0.005541
 68.0863 0.005495
 68.2186 0.005450
 68.3494 0.005452
 68.4792 0.005356
 68.6077 0.005279
 68.7349 0.005254
 68.8606 0.005312
 68.9849 0.005347
 69.1069 0.005298
 69.2288 0.005278
 69.3484 0.005199
 69.4668 0.005166
 69.5866 0.005114
 69.7047 0.005154
 69.8212 0.005120
 69.9367 0.005146
 70.0532 0.005142
 70.1669 0.005148
 70.2795 0.005133
 70.3902 0.005141
 70.5025 0.005134
 70.6133 0.005133
 70.7241 0.005118
 70.8335 0.005120
 70.9434 0.005163
 71.0519 0.005182
 71.1608 0.005230
 71.2680 0.005267
 71.3754 0.005222
 71.4842 0.005227
 71.5899 0.005225
 71.6956 0.005157
 71.8006 0.005145
 71.9059 0.005149
 72.0116 0.005199
 72.1158 0.005162
 72.2206 0.005246
 72.3239 0.005242
 72.4277 0.005213
 72.5315 0.005256
 72.6344 0.005252
 72.7382 0.005234
 72.8425 0.005210
 72.9446 0.005240
 73.0477 0.005229
 73.1517 0.005273
 73.2553 0.005237
 73.3583 0.005310
 73.4617 0.005309
 73.5650 0.005344
 73.6683 0.005328
 73.7723 0.005357
 73.8755 0.005426
 73.9787 0.005404
 74.0822 0.005375
 74.1849 0.005401
 74.2880 0.005383
 74.3908 0.005430
 74.4946 0.005435
 74.5987 0.005431
 74.7025 0.005396
 74.8065 0.005425
 74.9106 0.005390
 75.0148 0.005362
 75.1188 0.005377
 75.2256 0.005370
 75.3299 0.005336
 75.4356 0.005351
 75.5407 0.005372
 75.6458 0.005395
 75.7532 0.005429
 75.8598 0.005354
 75.9670 0.005426
 76.0739 0.005376
 76.1823 0.005418
 76.2908 0.005432
 76.3988 0.005462
 76.5067 0.005465
 76.6164 0.005509
 76.7264 0.005516
 76.8371 0.005533
 76.9482 0.005521
 77.0603 0.005584
 77.1713 0.005581
 77.2840 0.005597
 77.3966 0.005619
 77.5107 0.005641
 77.6258 0.005701
 77.7411 0.005726
 77.8570 0.005725
 77.9754 0.005717
 78.0944 0.005783
 78.2141 0.005805
 78.3335 0.005892
 78.4535 0.005901
 78.5769 0.005967
 78.6989 0.006003
 78.8220 0.005979
 78.9468 0.005957
 79.0718 0.006052
 79.1985 0.006039
 79.3261 0.006078
 79.4534 0.006073
 79.5824 0.006076
 79.7134 0.006110
 79.8465 0.006174
 79.9808 0.006259
 80.1161 0.006260
 80.2521 0.006391
 80.3890 0.006354
 80.5306 0.006444
 80.6744 0.006471
 80.8191 0.006513
 80.9661 0.006585
 81.1139 0.006567
 81.2635 0.006643
 81.4147 0.006702
 81.5691 0.006735
 81.7267 0.006774
 81.8875 0.006778
 82.0519 0.006891
 82.2165 0.006909
 82.3849 0.006873
 82.5552 0.006954
 82.7257 0.007011
 82.9024 0.007030
 83.0826 0.007201
 83.2674 0.007259
 83.4566 0.007292
 83.6504 0.007493
 83.8482 0.007556
 84.0522 0.007614
 84.2584 0.007511
 84.4693 0.007604
 84.6867 0.007720
 84.9107 0.007744
 85.1423 0.007786
 85.3815 0.007853
 85.6253 0.008078
 85.8786 0.008382
 86.1389 0.008494
 86.4092 0.008693
 86.6933 0.008801
 86.9859 0.008872
 87.2958 0.009279
 87.6174 0.009587
 87.9560 0.009784
 88.3141 0.010051
 88.6909 0.010441
 89.0862 0.010704
 89.5179 0.010938
 89.9759 0.011354
 90.4686 0.012035
 91.0200 0.012608
 91.6168 0.012943
 92.2887 0.014054
 93.0462 0.015195
 93.9305 0.016139
 94.9973 0.017693
 96.3151 0.019743
 98.1675 0.024028
 98.6383 0.025066
 99.1520 0.025755
 99.7192 0.027662
100.3780 0.029493
101.1545 0.032094
102.0849 0.035143
103.3049 0.038887
104.9661 0.044313
107.6520 0.064058
110.2799 0.087032
113.7001 0.127791
116.2056 0.181364
lm1s-11-6 3 1
 51.8719 0.064916
 52.7809 0.049757
 53.9791 0.033483
 55.0521 0.025998
 56.2080 0.019977
 56.9147 0.017486
 57.4413 0.016372
 57.8795 0.015380
 58.2459 0.014070
 58.5736 0.013184
 58.8651 0.012335
 59.1177 0.011983
 59.3500 0.011482
 60.2889 0.010282
 60.9908 0.009105
 61.5703 0.008414
 62.0723 0.007895
 62.5063 0.007627
 62.8952 0.007582
 63.2507 0.007267
 63.5754 0.006889
 63.8757 0.006610
 64.1589 0.006405
 64.4303 0.006351
 64.6837 0.006330
 64.9267 0.006293
 65.1560 0.006162
 65.3766 0.006278
 65.5920 0.006182
 65.7938 0.006054
 65.9915 0.006042
 66.1839 0.006022
 66.3706 0.005906
 66.5498 0.005840
 66.7268 0.005776
 66.8986 0.005744
 67.0647 0.005736
 67.2271 0.005621
 67.3891 0.005602
 67.5454 0.005652
 67.6976 0.005633
 67.8487 0.005677
 67.9966 0.005687
 68.1418 0.005637
 68.2856 0.005600
 68.4247 0.005584
 68.5631 0.005420
 68.7004 0.005343
 68.8344 0.005347
 68.9674 0.005366
 69.0992 0.005310
 69.2291 0.005310
 69.3578 0.005284
 69.4850 0.005265
 69.6111 0.005232
 69.7353 0.005180
 69.8585 0.005101
 69.9800 0.005056
 70.1011 0.005119
 70.2210 0.005153
 70.3397 0.005150
 70.4563 0.005177
 70.5727 0.005159
 70.6877 0.005184
 70.8029 0.005229
 70.9166 0.005238
 71.0285 0.005271
 71.1409 0.005328
 71.2525 0.005327
 71.3635 0.005337
 71.4743 0.005313
 71.5841 0.005297
 71.6943 0.005255
 71.8020 0.005291
 71.9097 0.005310
 72.0163 0.005272
 72.1241 0.005220
 72.2305 0.005195
 72.3377 0.005193
 72.4437 0.005191
 72.5493 0.005219
 72.6552 0.005182
 72.7607 0.005151
 72.8653 0.005156
 72.9701 0.005211
 73.0739 0.005280
 73.1776 0.005254
 73.2834 0.005293
 73.3873 0.005258
 73.4900 0.005239
 73.5929 0.005235
 73.6973 0.005222
 73.8009 0.005209
 73.9047 0.005234
 74.0077 0.005295
 74.1113 0.005316
 74.2142 0.005351
 74.3161 0.005346
 74.4196 0.005292
 74.5225 0.005320
 74.6246 0.005287
 74.7272 0.005335
 74.8294 0.005387
 74.9327 0.005355
 75.0368 0.005360
 75.1405 0.005397
 75.2441 0.005349
 75.3483 0.005368
 75.4522 0.005313
 75.5551 0.005333
 75.6606 0.005353
 75.7643 0.005322
 75.8688 0.005359
 75.9734 0.005409
 76.0776 0.005448
 76.1825 0.005444
 76.2902 0.005450
 76.3954 0.005470
 76.5016 0.005476
 76.6071 0.005425
 76.7155 0.005431
 76.8235 0.005434
 76.9320 0.005467
 77.0404 0.005504
 77.1488 0.005455
 77.2571 0.005471
 77.3654 0.005515
 77.4747 0.005543
 77.5861 0.005572
 77.6958 0.005610
 77.8074 0.005600
 77.9193 0.005545
 78.0319 0.005584
 78.1458 0.005642
 78.2597 0.005651
 78.3744 0.005675
 78.4918 0.005760
 78.6091 0.005836
 78.7266 0.005804
 78.8451 0.005759
 78.9653 0.005800
 79.0854 0.005769
 79.2059 0.005806
 79.3274 0.005819
 79.4505 0.005838
 79.5733 0.005859
 79.6971 0.005896
 79.8219 0.005943
 79.9474 0.005987
 80.0752 0.006043
 80.2043 0.006159
 80.3340 0.006154
 80.4656 0.006230
 80.5992 0.006277
 80.7327 0.006344
 80.8686 0.006366
 81.0066 0.006355
 81.1444 0.006368
 81.2834 0.006381
 81.4267 0.006372
 81.5730 0.006439
 81.7190 0.006489
 81.8651 0.006567
 82.0161 0.006559
 82.1686 0.006670
 82.3238 0.006720
 82.4790 0.006818
 82.6383 0.006858
 82.7971 0.006844
 82.9607 0.006981
 83.1287 0.007019
 83.3005 0.007110
 83.4765 0.007116
 83.6546 0.007274
 83.8361 0.007276
 84.0194 0.007304
 84.2083 0.007341
 84.3996 0.007395
 84.5970 0.007400
 84.7980 0.007347
 85.0067 0.007516
 85.2196 0.007699
 85.4348 0.007791
 85.6592 0.007856
 85.8913 0.007935
 86.1273 0.008195
 86.3712 0.008350
 86.6231 0.008481
 86.8869 0.008633
 87.1576 0.008845
 87.4413 0.009134
 87.7336 0.009415
 88.0441 0.009542
 88.3666 0.009857
 88.7027 0.010137
 89.0564 0.010216
 89.4374 0.010375
 89.8394 0.010506
 90.2652 0.010895
 90.7273 0.011422
 91.2271 0.011752
 91.7741 0.012235
 92.3716 0.012997
 93.0396 0.013795
 93.7986 0.014938
 94.6865 0.015900
 95.7394 0.017515
 97.0670 0.019608
 98.9153 0.023588
 99.3686 0.024136
 99.8795 0.025666
100.4610 0.027070
101.1324 0.029088
101.9126 0.031799
102.8581 0.035170
104.0570 0.038072
105.7055 0.045927
108.4065 0.063141
110.9900 0.087973
114.3154 0.133723
116.9738 0.188512
 lm2-11-6 3 1
 53.7194 0.063959
 54.6045 0.048851
 55.8755 0.035415
 56.8941 0.025834
 58.0712 0.020406
 58.7974 0.017781
 59.3613 0.015868
 59.8078 0.014585
 60.1847 0.013566
 60.5064 0.012605
 60.7989 0.012148
 61.0516 0.011900
 61.2920 0.011673
 62.2493 0.010142
 62.9665 0.008815
 63.5563 0.008374
 64.0570 0.007607
 64.5044 0.007350
 64.9057 0.007398
 65.2702 0.007353
 65.6019 0.007300
 65.9112 0.007128
 66.2003 0.006841
 66.4721 0.006776
 66.7302 0.006756
 66.9721 0.006651
 67.2069 0.006611
 67.4325 0.006306
 67.6487 0.006186
 67.8583 0.006260
 68.0613 0.006252
 68.2563 0.006207
 68.4458 0.006224
 68.6306 0.006058
 68.8099 0.006076
 68.9832 0.006037
 69.1535 0.005975
 69.3177 0.005961
 69.4800 0.005924
 69.6394 0.005877
 69.7957 0.005827
 69.9501 0.005737
 70.1007 0.005681
 70.2480 0.005595
 70.3945 0.005529
 70.5384 0.005590
 70.6783 0.005540
 70.8182 0.005476
 70.9557 0.005478
 71.0920 0.005392
 71.2254 0.005397
 71.3567 0.005411
 71.4875 0.005341
 71.6178 0.005383
 71.7449 0.005328
 71.8701 0.005177
 71.9955 0.005183
 72.1199 0.005153
 72.2428 0.005092
 72.3646 0.005141
 72.4857 0.005193
 72.6050 0.005163
 72.7235 0.005175
 72.8405 0.005174
 72.9570 0.005194
 73.0724 0.005202
 73.1870 0.005106
 73.3018 0.005099
 73.4162 0.005126
 73.5310 0.005069
 73.6429 0.005108
 73.7547 0.005129
 73.8667 0.005195
 73.9776 0.005176
 74.0874 0.005187
 74.1970 0.005260
 74.3065 0.005199
 74.4154 0.005235
 74.5246 0.005221
 74.6346 0.005207
 74.7412 0.005213
 74.8471 0.005236
 74.9537 0.005279
 75.0587 0.005312
 75.1657 0.005328
 75.2710 0.005298
 75.3771 0.005320
 75.4813 0.005340
 75.5876 0.005416
 75.6922 0.005465
 75.7973 0.005427
 75.9041 0.005418
 76.0077 0.005497
 76.1133 0.005454
 76.2182 0.005431
 76.3232 0.005399
 76.4279 0.005456
 76.5321 0.005462
 76.6370 0.005441
 76.7424 0.005429
 76.8476 0.005402
 76.9530 0.005373
 77.0581 0.005363
 77.1638 0.005368
 77.2684 0.005297
 77.3734 0.005314
 77.4784 0.005314
 77.5839 0.005295
 77.6890 0.005286
 77.7949 0.005258
 77.9004 0.005320
 78.0069 0.005327
 78.1126 0.005314
 78.2163 0.005333
 78.3224 0.005369
 78.4286 0.005377
 78.5351 0.005428
 78.6424 0.005427
 78.7507 0.005542
 78.8568 0.005565
 78.9657 0.005580
 79.0763 0.005567
 79.1849 0.005640
 79.2945 0.005583
 79.4043 0.005575
 79.5147 0.005598
 79.6246 0.005666
 79.7356 0.005640
 79.8474 0.005629
 79.9599 0.005607
 80.0735 0.005615
 80.1864 0.005580
 80.3014 0.005587
 80.4163 0.005637
 80.5315 0.005641
 80.6477 0.005624
 80.7648 0.005659
 80.8827 0.005687
 81.0021 0.005723
 81.1214 0.005692
 81.2417 0.005691
 81.3616 0.005744
 81.4839 0.005846
 81.6074 0.005860
 81.7310 0.005907
 81.8568 0.005833
 81.9828 0.005890
 82.1109 0.005892
 82.2384 0.005963
 82.3670 0.006017
 82.4968 0.006145
 82.6300 0.006255
 82.7632 0.006349
 82.8985 0.006445
 83.0350 0.006525
 83.1732 0.006545
 83.3130 0.006555
 83.4545 0.006592
 83.5973 0.006607
 83.7430 0.006585
 83.8894 0.006670
 84.0366 0.006664
 84.1865 0.006635
 84.3392 0.006710
 84.4938 0.006755
 84.6513 0.006748
 84.8121 0.006775
 84.9757 0.006833
 85.1416 0.006929
 85.3093 0.006916
 85.4783 0.007070
 85.6528 0.007126
 85.8284 0.007122
 86.0075 0.007154
 86.1919 0.007218
 86.3803 0.007330
 86.5714 0.007459
 86.7663 0.007496
 86.9635 0.007483
 87.1709 0.007475
 87.3792 0.007573
 87.5938 0.007746
 87.8129 0.007896
 88.0375 0.008118
 88.2706 0.008161
 88.5114 0.008238
 88.7585 0.008432
 89.0184 0.008538
 89.2848 0.008667
 89.5606 0.008737
 89.8493 0.009099
 90.1489 0.009305
 90.4621 0.009457
 90.7866 0.009524
 91.1301 0.009907
 91.4901 0.010015
 91.8727 0.010363
 92.2781 0.010894
 92.7117 0.010946
 93.1796 0.011355
 93.6859 0.011310
 94.2371 0.011715
 94.8444 0.012563
 95.5211 0.013411
 96.2889 0.014154
 97.1834 0.015347
 98.2750 0.016860
 99.6186 0.018873
101.4583 0.023761
101.9223 0.024218
102.4480 0.025554
103.0355 0.026364
103.7050 0.028901
104.4757 0.031071
105.4258 0.033163
106.5942 0.038938
108.2519 0.047217
110.9836 0.061347
113.6348 0.085526
117.2138 0.134372
119.5966 0.172670
lm2s-11-6 3 1
 54.4525 0.063435
 55.3519 0.048907
 56.5907 0.035286
 57.6382 0.026311
 58.8021 0.020739
 59.5584 0.017327
 60.1148 0.015751
 60.5577 0.014304
 60.9324 0.013368
 61.2515 0.012983
 61.5484 0.012258
 61.8096 0.011781
 62.0443 0.011269
 62.9905 0.010357
 63.7200 0.009236
 64.3008 0.008283
 64.8122 0.008007
 65.2558 0.007832
 65.6507 0.007664
 66.0125 0.007406
 66.3442 0.007084
 66.6567 0.006999
 66.9446 0.006846
 67.2188 0.006801
 67.4792 0.006642
 67.7261 0.006380
 67.9594 0.006521
 68.1847 0.006433
 68.4024 0.006412
 68.6113 0.006398
 68.8137 0.006258
 69.0075 0.006167
 69.1977 0.006184
 69.3835 0.006131
 69.5635 0.006096
 69.7364 0.006019
 69.9073 0.006042
 70.0755 0.006067
 70.2382 0.005942
 70.3962 0.005844
 70.5505 0.005847
 70.7028 0.005765
 70.8551 0.005711
 71.0041 0.005604
 71.1503 0.005528
 71.2926 0.005521
 71.4347 0.005511
 71.5722 0.005497
 71.7114 0.005391
 71.8453 0.005391
 71.9793 0.005365
 72.1118 0.005383
 72.2422 0.005363
 72.3727 0.005277
 72.5000 0.005309
 72.6260 0.005269
 72.7507 0.005265
 72.8752 0.005266
 72.9971 0.005210
 73.1184 0.005301
 73.2405 0.005263
 73.3591 0.005309
 73.4767 0.005305
 73.5938 0.005280
 73.7111 0.005272
 73.8271 0.005282
 73.9424 0.005266
 74.0572 0.005193
 74.1708 0.005247
 74.2840 0.005260
 74.3962 0.005262
 74.5090 0.005235
 74.6199 0.005253
 74.7295 0.005297
 74.8391 0.005336
 74.9490 0.005302
 75.0571 0.005265
 75.1667 0.005304
 75.2749 0.005305
 75.3824 0.005259
 75.4910 0.005279
 75.5969 0.005270
 75.7035 0.005253
 75.8099 0.005287
 75.9170 0.005323
 76.0237 0.005346
 76.1299 0.005345
 76.2358 0.005363
 76.3421 0.005319
 76.4460 0.005319
 76.5508 0.005369
 76.6577 0.005341
 76.7622 0.005365
 76.8676 0.005434
 76.9718 0.005382
 77.0771 0.005322
 77.1826 0.005387
 77.2886 0.005408
 77.3936 0.005385
 77.4986 0.005336
 77.6039 0.005235
 77.7092 0.005271
 77.8142 0.005286
 77.9196 0.005291
 78.0239 0.005276
 78.1268 0.005264
 78.2311 0.005260
 78.3363 0.005303
 78.4416 0.005259
 78.5484 0.005311
 78.6533 0.005343
 78.7597 0.005399
 78.8650 0.005353
 78.9719 0.005420
 79.0784 0.005418
 79.1835 0.005467
 79.2906 0.005450
 79.3975 0.005457
 79.5052 0.005518
 79.6124 0.005478
 79.7200 0.005464
 79.8278 0.005511
 79.9370 0.005447
 80.0469 0.005425
 80.1567 0.005465
 80.2680 0.005475
 80.3795 0.005570
 80.4902 0.005556
 80.6032 0.005554
 80.7138 0.005574
 80.8262 0.005592
 80.9411 0.005582
 81.0546 0.005570
 81.1688 0.005583
 81.2852 0.005604
 81.4020 0.005594
 81.5184 0.005616
 81.6362 0.005673
 81.7555 0.005627
 81.8747 0.005648
 81.9937 0.005633
 82.1159 0.005719
 82.2369 0.005695
 82.3595 0.005804
 82.4838 0.005828
 82.6096 0.005933
 82.7345 0.006087
 82.8628 0.006204
 82.9924 0.006282
 83.1225 0.006286
 83.2528 0.006388
 83.3857 0.006433
 83.5181 0.006451
 83.6529 0.006395
 83.7896 0.006433
 83.9289 0.006450
 84.0675 0.006532
 84.2102 0.006549
 84.3527 0.006632
 84.4966 0.006590
 84.6434 0.006627
 84.7910 0.006647
 84.9417 0.006648
 85.0939 0.006715
 85.2497 0.006688
 85.4065 0.006705
 85.5664 0.006746
 85.7283 0.006741
 85.8937 0.006852
 86.0629 0.006884
 86.2328 0.006948
 86.4043 0.007022
 86.5798 0.007106
 86.7607 0.007108
 86.9432 0.007152
 87.1294 0.007234
 87.3200 0.007266
 87.5130 0.007364
 87.7127 0.007516
 87.9168 0.007558
 88.1273 0.007706
 88.3426 0.007879
 88.5625 0.007971
 88.7880 0.007943
 89.0200 0.008054
 89.2612 0.008119
 89.5087 0.008075
 89.7663 0.008240
 90.0376 0.008542
 90.3136 0.008674
 90.5992 0.008784
 90.8994 0.008993
 91.2117 0.009083
 91.5400 0.009410
 91.8813 0.009657
 92.2427 0.010284
 92.6265 0.010530
 93.0315 0.010664
 93.4725 0.010979
 93.9368 0.011094
 94.4330 0.011620
 94.9890 0.011943
 95.5939 0.012524
 96.2640 0.013571
 97.0310 0.014530
 97.9370 0.015403
 99.0196 0.016845
100.3618 0.019364
102.2098 0.023333
102.6746 0.024731
103.1929 0.025548
103.7827 0.027630
104.4519 0.029781
105.2412 0.030712
106.1908 0.034091
107.3836 0.038472
109.0254 0.046622
111.7427 0.063180
114.3386 0.086223
117.8454 0.134782
120.3252 0.176410
 tr0-11-6 3 1
277.8369 0.257872
281.3112 0.189857
286.4976 0.124671
290.8919 0.098196
295.3829 0.073201
298.1555 0.064543
300.2538 0.057540
301.9246 0.051130
303.3396 0.048641
304.5476 0.046236
305.6275 0.044814
306.5799 0.042299
307.4462 0.040498
310.9043 0.036186
313.5080 0.033963
315.6180 0.031941
317.4213 0.029052
319.0015 0.027415
320.3800 0.026473
321.6485 0.025538
322.8227 0.024941
323.9039 0.024101
324.9135 0.022881
325.8582 0.022011
326.7557 0.021961
327.5960 0.021719
328.3922 0.021325
329.1675 0.021306
329.8954 0.021386
330.6018 0.020917
331.2783 0.020872
331.9346 0.020504
332.5727 0.020391
333.1873 0.020736
333.7888 0.020842
334.3665 0.020783
334.9326 0.020390
335.4802 0.020119
336.0176 0.019845
336.5431 0.019645
337.0616 0.019396
337.5580 0.019297
338.0467 0.019080
338.5286 0.018850
339.0107 0.018742
339.4838 0.018574
339.9454 0.018410
340.3996 0.018622
340.8513 0.018382
341.2947 0.018201
341.7262 0.018083
342.1507 0.017959
342.5658 0.018045
342.9775 0.017900
343.3883 0.017724
343.7923 0.017870
344.1963 0.017843
344.5963 0.017848
344.9913 0.017888
345.3770 0.017671
345.7592 0.017813
346.1413 0.017814
346.5150 0.017689
346.8802 0.017616
347.2436 0.017435
347.6150 0.017472
347.9811 0.017572
348.3424 0.017304
348.6955 0.017468
349.0521 0.017533
349.4013 0.017766
349.7493 0.017649
350.0956 0.017414
350.4419 0.017421
350.7896 0.017497
351.1308 0.017648
351.4709 0.017487
351.8028 0.017305
352.1388 0.017155
352.4768 0.017111
352.8084 0.017086
353.1351 0.017094
353.4702 0.017007
353.7977 0.016920
354.1251 0.016842
354.4509 0.016741
354.7774 0.016673
355.1015 0.016720
355.4196 0.016666
355.7433 0.016561
356.0617 0.016529
356.3856 0.016573
356.7066 0.016573
357.0245 0.016533
357.3361 0.016584
357.6537 0.016815
357.9721 0.016771
358.2868 0.016810
358.6060 0.016721
358.9223 0.016623
359.2366 0.016530
359.5476 0.016613
359.8600 0.016615
360.1725 0.016460
360.4866 0.016479
360.8014 0.016393
361.1155 0.016334
361.4311 0.016287
361.7479 0.016206
362.0593 0.016171
362.3699 0.016197
362.6882 0.016333
363.0022 0.016461
363.3177 0.016347
363.6334 0.016135
363.9516 0.016118
364.2618 0.016154
364.5799 0.016068
364.8941 0.016002
365.2124 0.015936
365.5268 0.015920
365.8485 0.015890
366.1666 0.015912
366.4860 0.016020
366.8086 0.016148
367.1298 0.016348
367.4507 0.016348
367.7772 0.016226
368.0998 0.016314
368.4267 0.016462
368.7540 0.016589
369.0852 0.016696
369.4169 0.016839
369.7522 0.016841
370.0824 0.016750
370.4152 0.016781
370.7550 0.016969
371.0958 0.016929
371.4358 0.016977
371.7822 0.016857
372.1282 0.016780
372.4723 0.016878
372.8195 0.016844
373.1678 0.017013
373.5194 0.017331
373.8788 0.017599
374.2302 0.017582
374.5907 0.017675
374.9562 0.017813
375.3244 0.017624
375.6950 0.017542
376.0685 0.017717
376.4413 0.017808
376.8204 0.017888
377.2059 0.018015
377.5919 0.018307
377.9855 0.018173
378.3770 0.018261
378.7703 0.018352
379.1765 0.018410
379.5775 0.018542
379.9884 0.018546
380.4053 0.018524
380.8273 0.018950
381.2541 0.018998
381.6887 0.019280
382.1214 0.019398
382.5647 0.019405
383.0182 0.019578
383.4743 0.019783
383.9359 0.019524
384.4079 0.019617
384.8887 0.019862
385.3732 0.019791
385.8703 0.019990
386.3786 0.020138
386.8952 0.020384
387.4180 0.020163
387.9607 0.020640
388.5040 0.020827
389.0635 0.021344
389.6392 0.021453
390.2268 0.021955
390.8293 0.022152
391.4493 0.022564
392.0857 0.022991
392.7351 0.023398
393.4067 0.023543
394.1111 0.023763
394.8265 0.023731
395.5749 0.024192
396.3485 0.024657
397.1575 0.025050
398.0072 0.025644
398.8903 0.026089
399.8227 0.026397
400.8002 0.026713
401.8344 0.027420
402.9282 0.027507
404.1007 0.027721
405.3600 0.029278
406.7382 0.030370
408.2559 0.031247
409.9208 0.032550
411.8077 0.034133
413.9914 0.037717
416.5854 0.041567
419.8106 0.047995
424.2428 0.054962
425.3505 0.056677
426.5970 0.059423
427.9805 0.060105
429.5626 0.065200
431.3808 0.070964
433.5523 0.079879
436.3077 0.088430
439.9942 0.104002
446.2836 0.140375
452.1550 0.192898
459.4257 0.286567
464.9195 0.390539
 tr1-11-6 3 1
297.1396 0.267200
301.0927 0.199344
306.5662 0.140308
310.8692 0.101462
315.5989 0.081372
318.3880 0.071154
320.5559 0.064613
322.2574 0.060340
323.6686 0.056213
324.9152 0.052578
326.0259 0.050204
327.0236 0.047526
327.9006 0.045293
331.4924 0.038821
334.1704 0.034552
336.3620 0.031838
338.2015 0.029467
339.8161 0.027912
341.2617 0.027052
342.5609 0.025711
343.7501 0.024982
344.8450 0.024673
345.8718 0.024660
346.8345 0.024228
347.7618 0.023387
348.6268 0.023149
349.4774 0.022883
350.2662 0.022634
351.0226 0.022092
351.7398 0.021875
352.4456 0.021481
353.1133 0.021289
353.7626 0.020773
354.3908 0.020628
354.9950 0.020510
355.5931 0.020219
356.1800 0.020347
356.7529 0.020393
357.3029 0.020113
357.8472 0.020094
358.3725 0.019758
358.8863 0.019395
359.3922 0.019389
359.8917 0.019366
360.3761 0.019219
360.8543 0.018963
361.3243 0.018938
361.7914 0.018932
362.2473 0.018814
362.6950 0.018831
363.1342 0.018711
363.5748 0.018449
364.0104 0.018244
364.4329 0.018317
364.8507 0.018374
365.2691 0.018168
365.6807 0.018164
366.0910 0.018141
366.4960 0.017850
366.9001 0.017563
367.2909 0.017509
367.6830 0.017547
368.0709 0.017532
368.4467 0.017606
368.8236 0.017734
369.2037 0.017736
369.5749 0.017612
369.9474 0.017670
370.3168 0.017539
370.6855 0.017765
371.0483 0.017626
371.4095 0.017463
371.7624 0.017486
372.1171 0.017423
372.4675 0.017373
372.8152 0.017140
373.1641 0.016853
373.5129 0.016849
373.8548 0.016914
374.1966 0.016775
374.5366 0.016769
374.8722 0.016570
375.2082 0.016700
375.5490 0.016601
375.8817 0.016811
376.2144 0.016790
376.5520 0.016535
376.8789 0.016442
377.2126 0.016283
377.5439 0.016302
377.8702 0.016388
378.1954 0.016328
378.5245 0.016413
378.8511 0.016349
379.1788 0.016322
379.5025 0.016143
379.8277 0.016389
380.1536 0.016417
380.4817 0.016329
380.8035 0.016257
381.1290 0.016242
381.4526 0.016124
381.7776 0.016121
382.0990 0.016233
382.4200 0.016209
382.7449 0.016181
383.0677 0.016112
383.3901 0.016149
383.7140 0.016169
384.0358 0.016012
384.3578 0.015989
384.6823 0.015846
385.0033 0.016021
385.3284 0.015937
385.6505 0.015797
385.9730 0.015842
386.2991 0.015918
386.6221 0.015843
386.9454 0.015871
387.2733 0.015851
387.5976 0.015988
387.9218 0.016197
388.2536 0.016324
388.5904 0.016227
388.9228 0.016438
389.2538 0.016481
389.5851 0.016627
389.9212 0.016463
390.2581 0.016384
390.5932 0.016343
390.9292 0.016441
391.2661 0.016469
391.6024 0.016627
391.9457 0.016642
392.2864 0.016607
392.6277 0.016583
392.9705 0.016490
393.3190 0.016585
393.6698 0.016721
394.0214 0.016824
394.3787 0.017009
394.7330 0.017218
395.0889 0.017223
395.4487 0.017274
395.8080 0.017356
396.1696 0.017549
396.5344 0.017714
396.9050 0.017613
397.2772 0.017704
397.6500 0.017774
398.0258 0.017897
398.4054 0.017960
398.7926 0.017995
399.1788 0.018038
399.5640 0.017979
399.9575 0.017991
400.3574 0.018224
400.7618 0.018292
401.1703 0.018434
401.5780 0.018431
401.9843 0.018653
402.4026 0.018632
402.8293 0.018687
403.2589 0.018535
403.6967 0.018447
404.1425 0.018306
404.5892 0.018564
405.0476 0.018635
405.5029 0.018779
405.9798 0.018795
406.4549 0.019014
406.9373 0.019227
407.4321 0.019432
407.9255 0.019540
408.4313 0.019609
408.9471 0.019853
409.4702 0.020297
410.0062 0.020383
410.5536 0.020671
411.1184 0.020664
411.6894 0.020905
412.2776 0.020933
412.8803 0.021329
413.4998 0.021990
414.1330 0.022349
414.7914 0.022465
415.4667 0.022733
416.1579 0.023413
416.8733 0.024078
417.6139 0.024065
418.3888 0.024776
419.1783 0.025117
420.0087 0.025316
420.8746 0.025864
421.7887 0.026045
422.7319 0.026821
423.7361 0.027013
424.7828 0.027481
425.9024 0.027411
427.1171 0.027729
428.4178 0.028751
429.8189 0.030546
431.3817 0.032114
433.0988 0.033640
435.0274 0.036491
437.2484 0.038784
439.8576 0.042358
443.1410 0.048767
447.6476 0.057037
448.7727 0.057270
450.0410 0.060286
451.4763 0.063649
453.0698 0.067264
454.8823 0.072708
457.1444 0.079704
460.0038 0.090563
463.7948 0.109025
470.1887 0.143028
476.5454 0.195556
484.1295 0.295069
489.6277 0.408723
tr1s-11-6 3 1
307.9258 0.277456
311.6875 0.200606
317.1639 0.135223
321.5062 0.107913
326.1587 0.079769
329.0617 0.071178
331.2098 0.063348
332.9329 0.058427
334.4246 0.055887
335.6796 0.051788
336.7892 0.048139
337.7852 0.047092
338.7045 0.045453
342.2650 0.039097
344.9470 0.033571
347.1267 0.030881
348.9854 0.029669
350.6220 0.028483
352.0662 0.026901
353.3768 0.026282
354.5768 0.025545
355.6850 0.025235
356.7234 0.024444
357.7126 0.024083
358.6241 0.023766
359.4953 0.023375
360.3220 0.022948
361.1133 0.022930
361.8779 0.022738
362.6149 0.022595
363.3197 0.022415
363.9932 0.022072
364.6504 0.021673
365.2851 0.021296
365.8901 0.021017
366.4926 0.021007
367.0797 0.021031
367.6446 0.021168
368.1908 0.020853
368.7392 0.020438
369.2692 0.020038
369.7853 0.019747
370.2924 0.019507
370.7911 0.019779
371.2784 0.019577
371.7645 0.019545
372.2405 0.019175
372.7027 0.019111
373.1697 0.018948
373.6220 0.018850
374.0700 0.018799
374.5067 0.018673
374.9406 0.018655
375.3642 0.018512
375.7827 0.018269
376.1945 0.018123
376.6043 0.018024
377.0102 0.017958
377.4151 0.017662
377.8185 0.017439
378.2138 0.017511
378.6075 0.017526
378.9948 0.017446
379.3757 0.017338
379.7610 0.017286
380.1438 0.017198
380.5209 0.017118
380.8951 0.017014
381.2650 0.017084
381.6354 0.017258
381.9957 0.017238
382.3516 0.016926
382.7089 0.016853
383.0658 0.016703
383.4219 0.016874
383.7719 0.016781
384.1245 0.016762
384.4716 0.016747
384.8164 0.016875
385.1635 0.016628
385.5053 0.016779
385.8447 0.016767
386.1840 0.016706
386.5237 0.016670
386.8619 0.016491
387.2009 0.016443
387.5341 0.016380
387.8690 0.016361
388.2009 0.016320
388.5341 0.016472
388.8621 0.016488
389.1959 0.016682
389.5232 0.016684
389.8532 0.016641
390.1801 0.016654
390.5086 0.016726
390.8313 0.016596
391.1535 0.016549
391.4779 0.016562
391.8032 0.016524
392.1258 0.016528
392.4478 0.016512
392.7684 0.016601
393.0909 0.016712
393.4172 0.016640
393.7424 0.016569
394.0691 0.016394
394.3881 0.016292
394.7140 0.016232
395.0365 0.016266
395.3610 0.015976
395.6855 0.015978
396.0122 0.016070
396.3366 0.015974
396.6620 0.015952
396.9879 0.015911
397.3153 0.015992
397.6398 0.016051
397.9651 0.016110
398.2936 0.015960
398.6213 0.016136
398.9504 0.015976
399.2836 0.015888
399.6122 0.015962
399.9409 0.016065
400.2731 0.016219
400.6039 0.016252
400.9375 0.016483
401.2719 0.016651
401.6105 0.016795
401.9414 0.016664
402.2840 0.016568
402.6229 0.016703
402.9629 0.016880
403.3064 0.017083
403.6591 0.017324
404.0089 0.017208
404.3548 0.017416
404.7018 0.017348
405.0501 0.017308
405.4045 0.017366
405.7599 0.017369
406.1136 0.017431
406.4738 0.017467
406.8458 0.017494
407.2145 0.017380
407.5815 0.017326
407.9501 0.017594
408.3249 0.017684
408.7012 0.017683
409.0785 0.017733
409.4564 0.017940
409.8447 0.018041
410.2302 0.017998
410.6169 0.018160
411.0177 0.018203
411.4201 0.018327
411.8285 0.018131
412.2381 0.018399
412.6549 0.018228
413.0753 0.018269
413.4973 0.018233
413.9211 0.018322
414.3591 0.018343
414.7934 0.018388
415.2379 0.018189
415.6909 0.018589
416.1445 0.018589
416.6006 0.018599
417.0679 0.018970
417.5474 0.019038
418.0323 0.019220
418.5230 0.019549
419.0201 0.019674
419.5334 0.019890
420.0558 0.019984
420.5799 0.020068
421.1214 0.020369
421.6741 0.020567
422.2414 0.020958
422.8158 0.021307
423.4126 0.021420
424.0190 0.021938
424.6373 0.022510
425.2768 0.022694
425.9334 0.022716
426.6059 0.022657
427.2955 0.022934
428.0068 0.023169
428.7468 0.023828
429.5198 0.024016
430.3213 0.024626
431.1578 0.025113
432.0264 0.025876
432.9316 0.025945
433.8936 0.026574
434.8795 0.027350
435.9381 0.027570
437.0588 0.027908
438.2602 0.028668
439.5827 0.029447
440.9800 0.030233
442.5393 0.031862
444.2496 0.032345
446.1639 0.035330
448.4296 0.038366
451.0647 0.043382
454.4317 0.048882
458.8833 0.057203
460.0382 0.059042
461.2980 0.060519
462.6932 0.061362
464.3009 0.065798
466.2273 0.070350
468.4764 0.077111
471.3360 0.087261
475.2358 0.105723
481.6184 0.145445
487.7001 0.197256
495.4823 0.301231
500.7693 0.392946
 tr2-11-6 3 1
317.7546 0.286425
321.4009 0.214752
326.8607 0.145710
331.3449 0.111757
336.1671 0.083057
339.1411 0.070768
341.3496 0.063411
343.1594 0.060023
344.6536 0.055946
345.9191 0.053765
347.0317 0.051344
348.0389 0.048961
348.9657 0.047145
352.6503 0.038461
355.4186 0.034576
357.6639 0.031516
359.5765 0.030352
361.2448 0.028782
362.7356 0.028144
364.0811 0.026943
365.3080 0.026474
366.4304 0.025765
367.4829 0.025039
368.4843 0.023632
369.4283 0.022916
370.3129 0.022735
371.1573 0.022543
371.9692 0.022072
372.7467 0.021581
373.4858 0.021122
374.2028 0.020765
374.8934 0.020747
375.5652 0.020408
376.2152 0.020543
376.8453 0.020535
377.4568 0.020686
378.0539 0.020227
378.6346 0.020116
379.2046 0.019901
379.7606 0.019691
380.3031 0.019579
380.8371 0.019545
381.3627 0.019437
381.8783 0.019171
382.3772 0.018886
382.8714 0.018843
383.3580 0.018799
383.8350 0.018852
384.3074 0.018669
384.7623 0.018991
385.2191 0.018872
385.6725 0.018938
386.1220 0.018933
386.5578 0.018955
386.9886 0.018805
387.4134 0.018786
387.8313 0.018693
388.2515 0.018671
388.6626 0.018756
389.0664 0.018560
389.4689 0.018487
389.8672 0.018358
390.2552 0.018427
390.6484 0.018517
391.0386 0.018788
391.4202 0.018813
391.8046 0.018678
392.1827 0.018561
392.5612 0.018442
392.9372 0.018309
393.3070 0.018261
393.6778 0.018124
394.0446 0.018068
394.4036 0.018103
394.7666 0.018043
395.1247 0.017977
395.4811 0.017940
395.8389 0.017965
396.1889 0.018036
396.5408 0.017946
396.8896 0.018031
397.2398 0.017978
397.5848 0.017885
397.9296 0.017838
398.2714 0.017720
398.6119 0.017492
398.9533 0.017483
399.2934 0.017461
399.6332 0.017395
399.9742 0.017291
400.3140 0.017267
400.6482 0.017321
400.9839 0.017066
401.3183 0.017073
401.6524 0.017008
401.9861 0.016828
402.3180 0.017003
402.6529 0.017043
402.9849 0.017013
403.3174 0.017079
403.6436 0.017078
403.9753 0.017098
404.3070 0.017117
404.6349 0.017100
404.9670 0.017241
405.2994 0.017383
405.6301 0.017379
405.9637 0.017114
406.2919 0.017014
406.6196 0.016983
406.9489 0.016959
407.2787 0.017029
407.6091 0.016976
407.9364 0.017141
408.2677 0.017086
408.5990 0.017014
408.9320 0.016992
409.2630 0.017035
409.5982 0.017101
409.9305 0.017081
410.2668 0.016894
410.6011 0.016899
410.9362 0.017090
411.2751 0.017144
411.6141 0.017146
411.9502 0.017388
412.2928 0.017432
412.6342 0.017329
412.9739 0.017199
413.3203 0.016992
413.6625 0.016869
414.0121 0.016968
414.3594 0.016820
414.7039 0.016983
415.0581 0.017014
415.4135 0.016971
415.7658 0.017135
416.1224 0.017350
416.4788 0.017433
416.8399 0.017362
417.2051 0.017313
417.5714 0.017275
417.9383 0.017239
418.3050 0.017468
418.6745 0.017420
419.0477 0.017533
419.4209 0.017641
419.7982 0.018076
420.1855 0.018132
420.5731 0.018321
420.9643 0.018189
421.3537 0.018386
421.7447 0.018557
422.1469 0.018769
422.5500 0.018848
422.9567 0.018633
423.3695 0.018617
423.7848 0.018701
424.1991 0.018581
424.6184 0.018699
425.0472 0.019088
425.4758 0.019416
425.9080 0.019304
426.3468 0.019411
426.7999 0.019888
427.2520 0.019784
427.7070 0.019756
428.1741 0.020010
428.6464 0.020107
429.1284 0.020305
429.6148 0.020716
430.1146 0.020840
430.6174 0.021141
431.1310 0.021213
431.6484 0.021302
432.1804 0.021218
432.7157 0.021874
433.2612 0.021964
433.8220 0.022186
434.3944 0.022316
434.9852 0.022632
435.5846 0.022699
436.2046 0.022816
436.8389 0.023089
437.4924 0.023149
438.1522 0.023150
438.8380 0.023297
439.5467 0.023339
440.2709 0.023049
441.0193 0.022926
441.8124 0.023479
442.6192 0.023986
443.4643 0.023764
444.3451 0.023833
445.2656 0.024487
446.2385 0.024852
447.2589 0.025243
448.3428 0.025740
449.4958 0.027625
450.7292 0.028441
452.0537 0.029084
453.4941 0.030603
455.0715 0.032168
456.8435 0.033840
458.7979 0.036043
461.0892 0.039696
463.8101 0.043966
467.2010 0.048698
471.8542 0.058277
473.0110 0.060872
474.3013 0.065526
475.7188 0.069872
477.3445 0.072193
479.2409 0.076436
481.5847 0.083199
484.4057 0.089845
488.4079 0.109027
494.9255 0.148990
500.9812 0.205334
509.0283 0.298964
514.4290 0.407040
tr2s-11-6 3 1
328.4981 0.285246
332.2546 0.214266
337.7302 0.147200
342.2417 0.111940
347.0212 0.087402
350.0214 0.073245
352.2304 0.065810
354.0114 0.060394
355.5041 0.056981
356.7526 0.054695
357.8876 0.051200
358.8980 0.048667
359.8331 0.046608
363.5206 0.038826
366.3164 0.034511
368.5632 0.032307
370.4832 0.031150
372.1593 0.030214
373.6319 0.028161
374.9785 0.026990
376.2038 0.025980
377.3422 0.025314
378.4071 0.024455
379.3992 0.023809
380.3476 0.023208
381.2418 0.023134
382.0872 0.023121
382.9002 0.022934
383.6720 0.022859
384.4185 0.022420
385.1403 0.022160
385.8285 0.021950
386.5079 0.021355
387.1595 0.021224
387.7895 0.020878
388.4080 0.020331
389.0106 0.020197
389.5941 0.019973
390.1690 0.019660
390.7241 0.019628
391.2680 0.019438
391.7978 0.019381
392.3146 0.019154
392.8257 0.018760
393.3283 0.018616
393.8216 0.018620
394.3030 0.018515
394.7866 0.018229
395.2604 0.018225
395.7238 0.018190
396.1813 0.017976
396.6312 0.018124
397.0722 0.018210
397.5130 0.018261
397.9433 0.018146
398.3725 0.017991
398.7938 0.018279
399.2092 0.018197
399.6217 0.018062
400.0292 0.018216
400.4301 0.018282
400.8317 0.018196
401.2322 0.018283
401.6245 0.018293
402.0097 0.018343
402.3944 0.018350
402.7760 0.018389
403.1580 0.018212
403.5356 0.018160
403.9069 0.018053
404.2778 0.018298
404.6421 0.018223
405.0108 0.018034
405.3761 0.017839
405.7384 0.017895
406.0990 0.017778
406.4541 0.017704
406.8079 0.017441
407.1641 0.017442
407.5187 0.017573
407.8707 0.017516
408.2167 0.017694
408.5631 0.017524
408.9098 0.017395
409.2531 0.017434
409.5959 0.017302
409.9372 0.017188
410.2780 0.017169
410.6163 0.017155
410.9549 0.016892
411.2938 0.016904
411.6323 0.016896
411.9672 0.016858
412.3025 0.016813
412.6421 0.016774
412.9763 0.016710
413.3121 0.016733
413.6429 0.016632
413.9759 0.016645
414.3101 0.016507
414.6418 0.016274
414.9748 0.016012
415.3042 0.016194
415.6371 0.016326
415.9725 0.016486
416.3037 0.016608
416.6322 0.016711
416.9646 0.016570
417.2914 0.016700
417.6232 0.016664
417.9586 0.016761
418.2909 0.016694
418.6194 0.016536
418.9459 0.016772
419.2776 0.017095
419.6096 0.017048
419.9429 0.017163
420.2771 0.016927
420.6097 0.016909
420.9450 0.016951
421.2792 0.016955
421.6167 0.016821
421.9540 0.016990
422.2927 0.016908
422.6278 0.016858
422.9643 0.016933
423.3048 0.016875
423.6518 0.017130
423.9888 0.017367
424.3350 0.017372
424.6781 0.017138
425.0280 0.017247
425.3776 0.017206
425.7244 0.017071
426.0782 0.017017
426.4322 0.016999
426.7906 0.017095
427.1459 0.017280
427.5031 0.017375
427.8616 0.017552
428.2282 0.017429
428.5958 0.017567
428.9652 0.017486
429.3314 0.017646
429.7086 0.017696
430.0834 0.017850
430.4596 0.017910
430.8428 0.017774
431.2210 0.017774
431.6040 0.017704
431.9888 0.017793
432.3815 0.017932
432.7758 0.017974
433.1733 0.018202
433.5753 0.018296
433.9805 0.018376
434.3906 0.018418
434.8036 0.018714
435.2237 0.019064
435.6457 0.019140
436.0715 0.019254
436.5031 0.019138
436.9421 0.019398
437.3809 0.019436
437.8273 0.019464
438.2822 0.019664
438.7448 0.019515
439.2092 0.019879
439.6866 0.019888
440.1657 0.019971
440.6536 0.020251
441.1473 0.020235
441.6533 0.020402
442.1608 0.020693
442.6815 0.020804
443.2110 0.021341
443.7510 0.021443
444.2997 0.021285
444.8555 0.021417
445.4354 0.021671
446.0223 0.021761
446.6231 0.021663
447.2406 0.021579
447.8841 0.021605
448.5396 0.021562
449.2049 0.021684
449.8966 0.021677
450.6028 0.021563
451.3386 0.021818
452.1050 0.021820
452.8943 0.021904
453.7086 0.022460
454.5493 0.022827
455.4303 0.023783
456.3585 0.025067
457.3382 0.025410
458.3579 0.026101
459.4451 0.026065
460.6020 0.026926
461.8353 0.027862
463.1659 0.028763
464.5936 0.030227
466.1520 0.032397
467.9200 0.033070
469.9099 0.036299
472.1897 0.039587
474.9193 0.044133
478.3414 0.049414
482.9207 0.056371
484.0918 0.059238
485.3584 0.063518
486.8141 0.067243
488.4473 0.071796
490.3406 0.077200
492.7114 0.083727
495.5190 0.094057
499.4899 0.108934
505.9312 0.144113
512.2216 0.201826
519.8272 0.296248
525.4478 0.406600
