Copyright (C) 1998 James G. MacKinnon, Alfred A. Haug, and Leo Michelis.
 tr0-01-7 2 1
  1.5119 0.011007
  1.7873 0.008977
  2.2556 0.007160
  2.6617 0.005950
  3.1537 0.005071
  3.4787 0.004471
  3.7289 0.004180
  3.9346 0.003865
  4.1103 0.003767
  4.2660 0.003753
  4.4044 0.003642
  4.5281 0.003537
  4.6469 0.003449
  5.1225 0.003073
  5.4939 0.002822
  5.8004 0.002777
  6.0687 0.002676
  6.3058 0.002637
  6.5205 0.002571
  6.7187 0.002536
  6.9021 0.002580
  7.0733 0.002494
  7.2341 0.002445
  7.3868 0.002383
  7.5326 0.002374
  7.6727 0.002346
  7.8059 0.002282
  7.9339 0.002251
  8.0581 0.002233
  8.1785 0.002225
  8.2946 0.002219
  8.4070 0.002184
  8.5169 0.002130
  8.6249 0.002129
  8.7294 0.002130
  8.8308 0.002104
  8.9311 0.002099
  9.0282 0.002104
  9.1249 0.002079
  9.2200 0.002073
  9.3130 0.002065
  9.4033 0.002061
  9.4929 0.002023
  9.5808 0.002038
  9.6674 0.002020
  9.7542 0.002025
  9.8393 0.002016
  9.9228 0.002014
 10.0055 0.002045
 10.0878 0.002032
 10.1686 0.002023
 10.2480 0.002030
 10.3276 0.002045
 10.4057 0.002066
 10.4832 0.002032
 10.5606 0.002019
 10.6369 0.002012
 10.7129 0.001999
 10.7880 0.001993
 10.8623 0.002008
 10.9363 0.002013
 11.0100 0.002023
 11.0833 0.002009
 11.1555 0.001972
 11.2274 0.001988
 11.2994 0.002002
 11.3709 0.001996
 11.4423 0.002019
 11.5137 0.002030
 11.5835 0.002017
 11.6535 0.002044
 11.7236 0.002049
 11.7928 0.002052
 11.8622 0.002039
 11.9311 0.002066
 12.0000 0.002041
 12.0689 0.002042
 12.1370 0.002020
 12.2055 0.002032
 12.2741 0.002010
 12.3427 0.002017
 12.4110 0.001994
 12.4785 0.001977
 12.5467 0.001980
 12.6148 0.001975
 12.6820 0.002002
 12.7496 0.001988
 12.8168 0.001992
 12.8836 0.002003
 12.9507 0.001980
 13.0182 0.001972
 13.0857 0.002000
 13.1530 0.002003
 13.2200 0.002027
 13.2875 0.002049
 13.3546 0.002034
 13.4217 0.002010
 13.4892 0.002024
 13.5567 0.002048
 13.6239 0.002081
 13.6916 0.002096
 13.7597 0.002110
 13.8274 0.002122
 13.8954 0.002128
 13.9636 0.002134
 14.0320 0.002141
 14.1002 0.002162
 14.1685 0.002178
 14.2371 0.002161
 14.3059 0.002163
 14.3747 0.002167
 14.4442 0.002168
 14.5133 0.002180
 14.5823 0.002174
 14.6524 0.002177
 14.7223 0.002195
 14.7924 0.002211
 14.8636 0.002207
 14.9345 0.002214
 15.0057 0.002243
 15.0769 0.002234
 15.1484 0.002207
 15.2205 0.002199
 15.2928 0.002211
 15.3654 0.002207
 15.4381 0.002219
 15.5116 0.002210
 15.5863 0.002208
 15.6605 0.002219
 15.7353 0.002233
 15.8104 0.002256
 15.8864 0.002256
 15.9630 0.002276
 16.0397 0.002286
 16.1173 0.002288
 16.1948 0.002303
 16.2730 0.002336
 16.3527 0.002347
 16.4319 0.002355
 16.5117 0.002342
 16.5922 0.002352
 16.6734 0.002340
 16.7558 0.002372
 16.8389 0.002381
 16.9224 0.002396
 17.0065 0.002399
 17.0923 0.002405
 17.1781 0.002423
 17.2650 0.002441
 17.3527 0.002453
 17.4419 0.002475
 17.5318 0.002524
 17.6225 0.002531
 17.7140 0.002527
 17.8066 0.002507
 17.8995 0.002542
 17.9952 0.002577
 18.0914 0.002598
 18.1890 0.002634
 18.2874 0.002690
 18.3865 0.002742
 18.4874 0.002788
 18.5905 0.002807
 18.6947 0.002816
 18.8001 0.002852
 18.9081 0.002825
 19.0177 0.002849
 19.1285 0.002840
 19.2417 0.002825
 19.3554 0.002841
 19.4730 0.002886
 19.5918 0.002907
 19.7129 0.002911
 19.8378 0.002936
 19.9649 0.002938
 20.0947 0.002999
 20.2278 0.003045
 20.3642 0.003045
 20.5028 0.003127
 20.6457 0.003194
 20.7928 0.003263
 20.9423 0.003323
 21.0970 0.003367
 21.2556 0.003395
 21.4182 0.003483
 21.5872 0.003505
 21.7607 0.003569
 21.9406 0.003637
 22.1280 0.003657
 22.3233 0.003706
 22.5257 0.003745
 22.7375 0.003794
 22.9576 0.003896
 23.1906 0.004108
 23.4338 0.004172
 23.6899 0.004274
 23.9612 0.004381
 24.2518 0.004473
 24.5634 0.004530
 24.8990 0.004773
 25.2583 0.004856
 25.6543 0.005045
 26.0916 0.005367
 26.5771 0.005792
 27.1304 0.005945
 27.7777 0.006536
 28.5586 0.007109
 29.5499 0.008272
 30.9074 0.010211
 31.2514 0.010790
 31.6373 0.011221
 32.0688 0.012113
 32.5670 0.012952
 33.1490 0.013738
 33.8593 0.015554
 34.7597 0.017680
 35.9922 0.020427
 38.0784 0.027994
 40.1499 0.041279
 42.7713 0.059171
 44.8280 0.086726
 tr1-01-7 2 1
  1.9677 0.014382
  2.3224 0.011932
  2.8871 0.009690
  3.3941 0.007313
  3.9826 0.005777
  4.3639 0.005057
  4.6611 0.004716
  4.9029 0.004466
  5.1065 0.004230
  5.2893 0.004139
  5.4505 0.003967
  5.5963 0.003902
  5.7307 0.003786
  6.2810 0.003385
  6.7023 0.003205
  7.0516 0.003161
  7.3547 0.003079
  7.6209 0.002929
  7.8638 0.002822
  8.0837 0.002804
  8.2872 0.002718
  8.4782 0.002667
  8.6575 0.002615
  8.8251 0.002521
  8.9870 0.002489
  9.1404 0.002475
  9.2871 0.002461
  9.4289 0.002441
  9.5651 0.002407
  9.6963 0.002347
  9.8248 0.002321
  9.9485 0.002307
 10.0688 0.002286
 10.1858 0.002285
 10.3003 0.002287
 10.4115 0.002257
 10.5209 0.002220
 10.6282 0.002210
 10.7326 0.002241
 10.8353 0.002260
 10.9368 0.002228
 11.0363 0.002202
 11.1337 0.002189
 11.2301 0.002202
 11.3247 0.002173
 11.4177 0.002169
 11.5095 0.002185
 11.6003 0.002179
 11.6898 0.002198
 11.7793 0.002181
 11.8671 0.002163
 11.9544 0.002150
 12.0407 0.002131
 12.1258 0.002137
 12.2095 0.002059
 12.2929 0.002076
 12.3748 0.002063
 12.4571 0.002053
 12.5388 0.002066
 12.6196 0.002089
 12.7001 0.002093
 12.7798 0.002066
 12.8582 0.002095
 12.9366 0.002102
 13.0146 0.002128
 13.0916 0.002130
 13.1685 0.002132
 13.2444 0.002156
 13.3207 0.002150
 13.3956 0.002158
 13.4713 0.002164
 13.5462 0.002149
 13.6204 0.002146
 13.6951 0.002139
 13.7693 0.002136
 13.8439 0.002136
 13.9180 0.002144
 13.9912 0.002138
 14.0651 0.002132
 14.1382 0.002140
 14.2111 0.002156
 14.2837 0.002150
 14.3557 0.002148
 14.4278 0.002172
 14.5001 0.002175
 14.5724 0.002142
 14.6446 0.002141
 14.7173 0.002122
 14.7898 0.002149
 14.8620 0.002142
 14.9341 0.002160
 15.0057 0.002144
 15.0777 0.002140
 15.1495 0.002143
 15.2215 0.002138
 15.2932 0.002132
 15.3653 0.002134
 15.4371 0.002151
 15.5096 0.002155
 15.5822 0.002158
 15.6551 0.002175
 15.7274 0.002180
 15.7998 0.002176
 15.8719 0.002196
 15.9446 0.002225
 16.0172 0.002226
 16.0899 0.002245
 16.1635 0.002263
 16.2366 0.002278
 16.3099 0.002289
 16.3832 0.002273
 16.4570 0.002247
 16.5309 0.002244
 16.6050 0.002219
 16.6793 0.002221
 16.7537 0.002203
 16.8290 0.002206
 16.9040 0.002225
 16.9792 0.002234
 17.0551 0.002272
 17.1312 0.002283
 17.2073 0.002263
 17.2839 0.002246
 17.3617 0.002248
 17.4388 0.002246
 17.5165 0.002271
 17.5950 0.002292
 17.6736 0.002338
 17.7531 0.002333
 17.8331 0.002334
 17.9133 0.002348
 17.9940 0.002357
 18.0750 0.002372
 18.1562 0.002392
 18.2381 0.002404
 18.3205 0.002421
 18.4035 0.002441
 18.4873 0.002463
 18.5711 0.002457
 18.6560 0.002466
 18.7413 0.002473
 18.8278 0.002509
 18.9147 0.002536
 19.0031 0.002547
 19.0912 0.002536
 19.1800 0.002541
 19.2693 0.002540
 19.3607 0.002575
 19.4522 0.002593
 19.5441 0.002590
 19.6375 0.002620
 19.7317 0.002668
 19.8277 0.002720
 19.9246 0.002736
 20.0224 0.002736
 20.1213 0.002744
 20.2222 0.002778
 20.3238 0.002777
 20.4263 0.002802
 20.5309 0.002783
 20.6363 0.002785
 20.7439 0.002803
 20.8526 0.002866
 20.9631 0.002902
 21.0752 0.002952
 21.1886 0.002989
 21.3040 0.002998
 21.4207 0.003006
 21.5406 0.003017
 21.6619 0.003025
 21.7854 0.003049
 21.9121 0.003086
 22.0397 0.003083
 22.1703 0.003114
 22.3042 0.003179
 22.4412 0.003262
 22.5806 0.003259
 22.7227 0.003286
 22.8682 0.003285
 23.0183 0.003329
 23.1725 0.003415
 23.3296 0.003421
 23.4912 0.003454
 23.6565 0.003524
 23.8278 0.003624
 24.0063 0.003703
 24.1888 0.003759
 24.3775 0.003729
 24.5745 0.003808
 24.7794 0.003913
 24.9933 0.004026
 25.2141 0.004035
 25.4466 0.004084
 25.6881 0.004152
 25.9434 0.004303
 26.2109 0.004422
 26.4966 0.004450
 26.7986 0.004505
 27.1204 0.004695
 27.4685 0.004955
 27.8452 0.005139
 28.2561 0.005305
 28.7114 0.005681
 29.2227 0.005858
 29.8057 0.006477
 30.4819 0.006923
 31.2950 0.007777
 32.3199 0.008652
 33.7349 0.010357
 34.0965 0.010602
 34.5012 0.011082
 34.9509 0.011736
 35.4515 0.012632
 36.0681 0.014162
 36.7976 0.015539
 37.7355 0.017671
 39.0107 0.021556
 41.1941 0.028731
 43.2548 0.041136
 45.9565 0.062549
 47.9875 0.085471
tr1s-01-7 2 1
  3.7617 0.013742
  4.1151 0.011411
  4.6318 0.008279
  5.0863 0.006871
  5.6183 0.005206
  5.9597 0.004737
  6.2227 0.004401
  6.4389 0.004198
  6.6193 0.004089
  6.7813 0.003885
  6.9268 0.003775
  7.0603 0.003623
  7.1801 0.003587
  7.6748 0.003291
  8.0603 0.003095
  8.3798 0.003044
  8.6586 0.002804
  8.9044 0.002698
  9.1272 0.002640
  9.3323 0.002560
  9.5230 0.002588
  9.7008 0.002538
  9.8693 0.002475
 10.0283 0.002429
 10.1803 0.002377
 10.3265 0.002384
 10.4663 0.002419
 10.6003 0.002378
 10.7302 0.002335
 10.8557 0.002300
 10.9777 0.002306
 11.0955 0.002277
 11.2096 0.002291
 11.3204 0.002282
 11.4301 0.002264
 11.5371 0.002240
 11.6422 0.002236
 11.7453 0.002220
 11.8458 0.002239
 11.9445 0.002229
 12.0416 0.002199
 12.1371 0.002183
 12.2311 0.002152
 12.3240 0.002170
 12.4157 0.002137
 12.5057 0.002156
 12.5951 0.002147
 12.6832 0.002137
 12.7697 0.002091
 12.8556 0.002087
 12.9407 0.002093
 13.0248 0.002087
 13.1084 0.002093
 13.1906 0.002072
 13.2716 0.002068
 13.3519 0.002072
 13.4315 0.002077
 13.5109 0.002052
 13.5892 0.002044
 13.6673 0.002054
 13.7452 0.002074
 13.8225 0.002078
 13.8999 0.002059
 13.9760 0.002054
 14.0517 0.002061
 14.1270 0.002084
 14.2021 0.002091
 14.2768 0.002091
 14.3506 0.002112
 14.4246 0.002109
 14.4981 0.002093
 14.5718 0.002092
 14.6454 0.002106
 14.7183 0.002100
 14.7909 0.002097
 14.8633 0.002091
 14.9352 0.002085
 15.0074 0.002072
 15.0794 0.002055
 15.1510 0.002062
 15.2219 0.002083
 15.2929 0.002091
 15.3636 0.002085
 15.4344 0.002074
 15.5054 0.002060
 15.5764 0.002053
 15.6474 0.002026
 15.7185 0.002067
 15.7896 0.002060
 15.8607 0.002079
 15.9311 0.002084
 16.0010 0.002088
 16.0716 0.002085
 16.1420 0.002097
 16.2128 0.002110
 16.2830 0.002093
 16.3533 0.002103
 16.4243 0.002151
 16.4950 0.002146
 16.5657 0.002135
 16.6362 0.002147
 16.7066 0.002157
 16.7777 0.002156
 16.8495 0.002138
 16.9208 0.002156
 16.9925 0.002161
 17.0638 0.002195
 17.1354 0.002207
 17.2074 0.002179
 17.2798 0.002185
 17.3520 0.002204
 17.4247 0.002185
 17.4978 0.002182
 17.5713 0.002190
 17.6449 0.002199
 17.7186 0.002211
 17.7925 0.002225
 17.8665 0.002236
 17.9411 0.002236
 18.0165 0.002244
 18.0910 0.002243
 18.1666 0.002254
 18.2421 0.002263
 18.3178 0.002253
 18.3938 0.002248
 18.4708 0.002261
 18.5475 0.002274
 18.6249 0.002302
 18.7025 0.002342
 18.7807 0.002343
 18.8597 0.002394
 18.9395 0.002409
 19.0187 0.002413
 19.0987 0.002422
 19.1798 0.002401
 19.2616 0.002385
 19.3445 0.002386
 19.4271 0.002402
 19.5099 0.002396
 19.5939 0.002409
 19.6773 0.002415
 19.7627 0.002432
 19.8484 0.002441
 19.9351 0.002426
 20.0224 0.002464
 20.1106 0.002503
 20.1993 0.002535
 20.2898 0.002562
 20.3806 0.002555
 20.4725 0.002560
 20.5655 0.002557
 20.6596 0.002601
 20.7542 0.002589
 20.8498 0.002590
 20.9470 0.002631
 21.0460 0.002665
 21.1451 0.002681
 21.2460 0.002715
 21.3473 0.002740
 21.4500 0.002742
 21.5547 0.002782
 21.6607 0.002830
 21.7686 0.002881
 21.8777 0.002899
 21.9887 0.002905
 22.1012 0.002898
 22.2151 0.002959
 22.3318 0.002940
 22.4500 0.002985
 22.5709 0.003049
 22.6933 0.003060
 22.8180 0.003051
 22.9456 0.003078
 23.0751 0.003062
 23.2069 0.003151
 23.3418 0.003194
 23.4790 0.003206
 23.6206 0.003172
 23.7652 0.003241
 23.9138 0.003364
 24.0653 0.003389
 24.2220 0.003491
 24.3824 0.003537
 24.5476 0.003590
 24.7188 0.003610
 24.8946 0.003630
 25.0780 0.003647
 25.2663 0.003699
 25.4626 0.003793
 25.6658 0.003797
 25.8783 0.003841
 26.0973 0.003870
 26.3272 0.003951
 26.5690 0.004099
 26.8230 0.004174
 27.0901 0.004230
 27.3735 0.004360
 27.6724 0.004528
 27.9921 0.004715
 28.3369 0.004906
 28.7135 0.005142
 29.1249 0.005366
 29.5786 0.005640
 30.0879 0.006052
 30.6660 0.006297
 31.3402 0.006765
 32.1470 0.007311
 33.1717 0.008433
 34.5843 0.010147
 34.9468 0.010618
 35.3414 0.011088
 35.7934 0.012138
 36.3058 0.013071
 36.9081 0.013768
 37.6402 0.015540
 38.5611 0.017025
 39.8486 0.020540
 42.0125 0.028727
 44.0889 0.041112
 46.8014 0.066068
 48.8808 0.086180
 tr2-01-7 2 1
  2.7433 0.017404
  3.1985 0.014877
  3.8718 0.010769
  4.4757 0.008472
  5.1499 0.006715
  5.5878 0.006017
  5.9231 0.005440
  6.1935 0.005405
  6.4195 0.004998
  6.6176 0.004863
  6.7944 0.004619
  6.9584 0.004399
  7.1075 0.004229
  7.7049 0.003849
  8.1641 0.003368
  8.5420 0.003267
  8.8681 0.003225
  9.1552 0.003059
  9.4138 0.002976
  9.6508 0.002898
  9.8709 0.002866
 10.0756 0.002841
 10.2694 0.002791
 10.4513 0.002762
 10.6240 0.002742
 10.7887 0.002746
 10.9474 0.002725
 11.1001 0.002667
 11.2456 0.002632
 11.3859 0.002620
 11.5222 0.002599
 11.6556 0.002580
 11.7842 0.002508
 11.9101 0.002456
 12.0321 0.002445
 12.1519 0.002431
 12.2685 0.002386
 12.3827 0.002378
 12.4946 0.002377
 12.6037 0.002316
 12.7112 0.002301
 12.8167 0.002301
 12.9206 0.002289
 13.0235 0.002283
 13.1239 0.002278
 13.2225 0.002296
 13.3208 0.002314
 13.4171 0.002289
 13.5127 0.002288
 13.6069 0.002285
 13.7004 0.002281
 13.7925 0.002283
 13.8839 0.002289
 13.9749 0.002263
 14.0639 0.002240
 14.1531 0.002256
 14.2405 0.002236
 14.3286 0.002239
 14.4153 0.002210
 14.5011 0.002213
 14.5855 0.002234
 14.6699 0.002265
 14.7535 0.002237
 14.8375 0.002228
 14.9201 0.002246
 15.0025 0.002240
 15.0848 0.002240
 15.1659 0.002284
 15.2469 0.002272
 15.3274 0.002308
 15.4075 0.002297
 15.4869 0.002286
 15.5669 0.002278
 15.6461 0.002278
 15.7248 0.002248
 15.8033 0.002236
 15.8818 0.002223
 15.9593 0.002225
 16.0371 0.002232
 16.1146 0.002201
 16.1922 0.002187
 16.2694 0.002188
 16.3463 0.002182
 16.4232 0.002179
 16.4994 0.002192
 16.5760 0.002167
 16.6522 0.002178
 16.7289 0.002188
 16.8058 0.002206
 16.8820 0.002220
 16.9584 0.002236
 17.0345 0.002253
 17.1111 0.002260
 17.1874 0.002252
 17.2634 0.002229
 17.3396 0.002235
 17.4155 0.002245
 17.4916 0.002239
 17.5674 0.002247
 17.6436 0.002268
 17.7200 0.002284
 17.7966 0.002264
 17.8730 0.002294
 17.9499 0.002292
 18.0266 0.002312
 18.1031 0.002304
 18.1794 0.002277
 18.2558 0.002279
 18.3333 0.002294
 18.4104 0.002302
 18.4883 0.002290
 18.5660 0.002303
 18.6438 0.002313
 18.7220 0.002324
 18.8007 0.002327
 18.8792 0.002335
 18.9583 0.002342
 19.0379 0.002357
 19.1175 0.002355
 19.1976 0.002392
 19.2769 0.002411
 19.3581 0.002441
 19.4390 0.002436
 19.5203 0.002447
 19.6014 0.002457
 19.6833 0.002450
 19.7658 0.002471
 19.8484 0.002477
 19.9317 0.002500
 20.0151 0.002485
 20.0991 0.002481
 20.1834 0.002466
 20.2683 0.002491
 20.3542 0.002496
 20.4404 0.002528
 20.5274 0.002561
 20.6151 0.002581
 20.7033 0.002564
 20.7921 0.002572
 20.8816 0.002580
 20.9712 0.002590
 21.0614 0.002595
 21.1531 0.002619
 21.2452 0.002624
 21.3380 0.002629
 21.4319 0.002690
 21.5261 0.002688
 21.6225 0.002697
 21.7187 0.002698
 21.8163 0.002716
 21.9141 0.002699
 22.0142 0.002711
 22.1147 0.002738
 22.2158 0.002740
 22.3187 0.002795
 22.4220 0.002840
 22.5272 0.002871
 22.6335 0.002887
 22.7410 0.002921
 22.8498 0.002928
 22.9606 0.002945
 23.0726 0.002927
 23.1858 0.002933
 23.3023 0.002963
 23.4197 0.002950
 23.5390 0.002978
 23.6606 0.002998
 23.7841 0.003074
 23.9091 0.003118
 24.0351 0.003141
 24.1637 0.003127
 24.2960 0.003124
 24.4299 0.003131
 24.5667 0.003143
 24.7073 0.003161
 24.8496 0.003165
 24.9948 0.003267
 25.1433 0.003317
 25.2954 0.003373
 25.4505 0.003388
 25.6111 0.003436
 25.7757 0.003439
 25.9453 0.003513
 26.1197 0.003613
 26.2995 0.003661
 26.4842 0.003678
 26.6756 0.003725
 26.8735 0.003804
 27.0781 0.003844
 27.2912 0.003930
 27.5126 0.004025
 27.7437 0.004111
 27.9844 0.004090
 28.2369 0.004194
 28.5024 0.004304
 28.7802 0.004523
 29.0757 0.004721
 29.3898 0.004850
 29.7281 0.005036
 30.0907 0.005305
 30.4842 0.005471
 30.9128 0.005546
 31.3886 0.005783
 31.9175 0.006347
 32.5223 0.006747
 33.2230 0.007462
 34.0679 0.008330
 35.1310 0.009244
 36.5828 0.010957
 36.9596 0.011370
 37.3741 0.011903
 37.8275 0.012829
 38.3544 0.013543
 38.9761 0.014715
 39.7277 0.015970
 40.6868 0.017340
 42.0110 0.021269
 44.2097 0.030714
 46.4061 0.042460
 49.1978 0.063471
 51.3282 0.088856
tr2s-01-7 2 1
  4.7890 0.015929
  5.1837 0.012181
  5.7635 0.009107
  6.2658 0.007136
  6.8553 0.006261
  7.2282 0.005605
  7.5211 0.005316
  7.7579 0.004919
  7.9609 0.004494
  8.1392 0.004264
  8.2957 0.004180
  8.4406 0.004108
  8.5712 0.004017
  9.1114 0.003525
  9.5297 0.003263
  9.8774 0.003152
 10.1770 0.003033
 10.4448 0.002961
 10.6858 0.002827
 10.9075 0.002857
 11.1140 0.002826
 11.3058 0.002733
 11.4868 0.002675
 11.6581 0.002614
 11.8217 0.002559
 11.9776 0.002540
 12.1278 0.002489
 12.2728 0.002432
 12.4125 0.002424
 12.5471 0.002394
 12.6779 0.002354
 12.8044 0.002325
 12.9277 0.002335
 13.0477 0.002338
 13.1646 0.002270
 13.2797 0.002262
 13.3920 0.002248
 13.5011 0.002222
 13.6088 0.002230
 13.7139 0.002256
 13.8180 0.002248
 13.9199 0.002257
 14.0202 0.002226
 14.1194 0.002270
 14.2168 0.002288
 14.3123 0.002302
 14.4071 0.002299
 14.5009 0.002279
 14.5926 0.002284
 14.6839 0.002299
 14.7739 0.002295
 14.8640 0.002281
 14.9530 0.002248
 15.0406 0.002258
 15.1275 0.002257
 15.2132 0.002233
 15.2985 0.002251
 15.3832 0.002241
 15.4671 0.002228
 15.5501 0.002228
 15.6332 0.002236
 15.7155 0.002209
 15.7973 0.002217
 15.8782 0.002165
 15.9585 0.002169
 16.0391 0.002203
 16.1180 0.002206
 16.1971 0.002204
 16.2760 0.002223
 16.3549 0.002206
 16.4332 0.002199
 16.5109 0.002233
 16.5880 0.002216
 16.6655 0.002218
 16.7421 0.002215
 16.8189 0.002198
 16.8957 0.002180
 16.9720 0.002149
 17.0483 0.002158
 17.1246 0.002151
 17.2004 0.002119
 17.2763 0.002124
 17.3514 0.002125
 17.4270 0.002146
 17.5024 0.002149
 17.5772 0.002159
 17.6519 0.002123
 17.7272 0.002119
 17.8022 0.002137
 17.8771 0.002158
 17.9522 0.002138
 18.0272 0.002119
 18.1020 0.002101
 18.1771 0.002105
 18.2522 0.002107
 18.3269 0.002148
 18.4009 0.002135
 18.4757 0.002164
 18.5501 0.002141
 18.6250 0.002159
 18.6995 0.002170
 18.7747 0.002173
 18.8501 0.002193
 18.9250 0.002191
 19.0008 0.002219
 19.0763 0.002232
 19.1520 0.002257
 19.2278 0.002224
 19.3040 0.002216
 19.3803 0.002237
 19.4570 0.002258
 19.5328 0.002274
 19.6094 0.002256
 19.6866 0.002277
 19.7635 0.002279
 19.8416 0.002307
 19.9190 0.002322
 19.9970 0.002318
 20.0759 0.002331
 20.1551 0.002326
 20.2341 0.002313
 20.3133 0.002302
 20.3931 0.002304
 20.4734 0.002300
 20.5531 0.002322
 20.6341 0.002335
 20.7152 0.002381
 20.7962 0.002385
 20.8785 0.002400
 20.9613 0.002389
 21.0448 0.002416
 21.1285 0.002437
 21.2117 0.002454
 21.2969 0.002447
 21.3818 0.002482
 21.4674 0.002505
 21.5541 0.002547
 21.6411 0.002591
 21.7289 0.002596
 21.8180 0.002613
 21.9069 0.002632
 21.9973 0.002655
 22.0883 0.002675
 22.1796 0.002652
 22.2715 0.002672
 22.3642 0.002664
 22.4574 0.002659
 22.5518 0.002700
 22.6477 0.002709
 22.7440 0.002736
 22.8411 0.002750
 22.9387 0.002758
 23.0385 0.002788
 23.1395 0.002767
 23.2411 0.002774
 23.3442 0.002766
 23.4486 0.002778
 23.5537 0.002807
 23.6609 0.002828
 23.7686 0.002882
 23.8790 0.002877
 23.9896 0.002881
 24.1025 0.002927
 24.2160 0.002934
 24.3325 0.002858
 24.4506 0.002845
 24.5695 0.002900
 24.6911 0.002877
 24.8148 0.002913
 24.9402 0.002875
 25.0686 0.002931
 25.1993 0.002998
 25.3317 0.003071
 25.4679 0.003105
 25.6061 0.003116
 25.7489 0.003127
 25.8934 0.003181
 26.0419 0.003257
 26.1926 0.003311
 26.3479 0.003380
 26.5063 0.003404
 26.6707 0.003413
 26.8388 0.003476
 27.0115 0.003529
 27.1897 0.003567
 27.3729 0.003627
 27.5628 0.003662
 27.7596 0.003748
 27.9619 0.003769
 28.1738 0.003747
 28.3945 0.003803
 28.6224 0.004014
 28.8612 0.004103
 29.1126 0.004211
 29.3778 0.004304
 29.6547 0.004427
 29.9483 0.004616
 30.2641 0.004825
 30.5998 0.004995
 30.9592 0.005062
 31.3499 0.005222
 31.7807 0.005631
 32.2540 0.005839
 32.7806 0.006346
 33.3820 0.006865
 34.0810 0.007580
 34.9205 0.008030
 35.9748 0.009198
 37.4334 0.010901
 37.8000 0.011091
 38.2118 0.011575
 38.6664 0.012416
 39.1879 0.013292
 39.8143 0.014538
 40.5638 0.015749
 41.5291 0.017691
 42.8353 0.020678
 45.0658 0.030262
 47.2153 0.041593
 49.9794 0.062026
 52.0922 0.090335
