Copyright (C) 1998 James G. MacKinnon, Alfred A. Haug, and Leo Michelis.
 tr0-01-6 2 1
  0.9871 0.008340
  1.1978 0.007126
  1.5435 0.006236
  1.8639 0.005318
  2.2664 0.004333
  2.5315 0.003960
  2.7417 0.003781
  2.9158 0.003376
  3.0682 0.003299
  3.2018 0.003211
  3.3211 0.003174
  3.4311 0.003078
  3.5314 0.003039
  3.9483 0.002684
  4.2743 0.002515
  4.5465 0.002427
  4.7840 0.002298
  4.9951 0.002143
  5.1870 0.002092
  5.3634 0.002028
  5.5276 0.001993
  5.6811 0.001980
  5.8261 0.002023
  5.9637 0.002005
  6.0945 0.002008
  6.2202 0.002020
  6.3407 0.002001
  6.4572 0.001982
  6.5696 0.001946
  6.6799 0.001925
  6.7853 0.001926
  6.8874 0.001941
  6.9870 0.001894
  7.0839 0.001890
  7.1788 0.001898
  7.2718 0.001903
  7.3630 0.001919
  7.4531 0.001871
  7.5398 0.001870
  7.6261 0.001856
  7.7106 0.001823
  7.7935 0.001809
  7.8750 0.001796
  7.9556 0.001790
  8.0358 0.001778
  8.1140 0.001791
  8.1915 0.001795
  8.2676 0.001809
  8.3433 0.001795
  8.4181 0.001794
  8.4920 0.001792
  8.5654 0.001790
  8.6377 0.001755
  8.7100 0.001783
  8.7815 0.001780
  8.8524 0.001767
  8.9225 0.001761
  8.9917 0.001747
  9.0607 0.001762
  9.1286 0.001780
  9.1967 0.001777
  9.2644 0.001774
  9.3312 0.001781
  9.3978 0.001780
  9.4641 0.001773
  9.5301 0.001772
  9.5960 0.001747
  9.6612 0.001759
  9.7263 0.001770
  9.7912 0.001773
  9.8554 0.001780
  9.9199 0.001767
  9.9842 0.001773
 10.0481 0.001767
 10.1115 0.001787
 10.1746 0.001769
 10.2388 0.001770
 10.3026 0.001785
 10.3657 0.001776
 10.4285 0.001776
 10.4918 0.001798
 10.5539 0.001790
 10.6164 0.001793
 10.6794 0.001797
 10.7416 0.001789
 10.8037 0.001795
 10.8656 0.001805
 10.9282 0.001815
 10.9906 0.001829
 11.0527 0.001834
 11.1151 0.001815
 11.1775 0.001831
 11.2398 0.001832
 11.3023 0.001850
 11.3649 0.001843
 11.4272 0.001854
 11.4895 0.001844
 11.5517 0.001842
 11.6145 0.001841
 11.6772 0.001810
 11.7401 0.001846
 11.8035 0.001853
 11.8664 0.001867
 11.9293 0.001854
 11.9924 0.001864
 12.0556 0.001862
 12.1189 0.001878
 12.1827 0.001878
 12.2465 0.001878
 12.3107 0.001881
 12.3750 0.001888
 12.4399 0.001888
 12.5047 0.001894
 12.5697 0.001914
 12.6347 0.001916
 12.7001 0.001934
 12.7655 0.001938
 12.8308 0.001953
 12.8971 0.001969
 12.9632 0.001960
 13.0302 0.001963
 13.0971 0.001974
 13.1644 0.001997
 13.2319 0.002014
 13.2999 0.002034
 13.3685 0.002063
 13.4369 0.002077
 13.5057 0.002078
 13.5747 0.002118
 13.6450 0.002116
 13.7158 0.002102
 13.7864 0.002116
 13.8574 0.002132
 13.9286 0.002173
 14.0006 0.002198
 14.0739 0.002191
 14.1466 0.002215
 14.2204 0.002224
 14.2952 0.002231
 14.3705 0.002238
 14.4456 0.002245
 14.5216 0.002276
 14.5987 0.002297
 14.6767 0.002342
 14.7551 0.002337
 14.8348 0.002370
 14.9151 0.002411
 14.9957 0.002430
 15.0772 0.002442
 15.1597 0.002432
 15.2424 0.002443
 15.3267 0.002451
 15.4116 0.002449
 15.4980 0.002472
 15.5847 0.002497
 15.6724 0.002547
 15.7615 0.002544
 15.8519 0.002556
 15.9433 0.002624
 16.0362 0.002628
 16.1297 0.002622
 16.2255 0.002653
 16.3222 0.002692
 16.4209 0.002706
 16.5209 0.002746
 16.6230 0.002801
 16.7256 0.002794
 16.8307 0.002761
 16.9364 0.002769
 17.0440 0.002775
 17.1552 0.002838
 17.2673 0.002836
 17.3817 0.002847
 17.4994 0.002871
 17.6193 0.002894
 17.7416 0.002911
 17.8662 0.002938
 17.9941 0.002928
 18.1248 0.002955
 18.2582 0.003000
 18.3954 0.003092
 18.5379 0.003152
 18.6835 0.003209
 18.8322 0.003302
 18.9868 0.003400
 19.1464 0.003386
 19.3111 0.003478
 19.4815 0.003562
 19.6589 0.003552
 19.8434 0.003608
 20.0343 0.003644
 20.2345 0.003694
 20.4435 0.003775
 20.6636 0.003916
 20.8954 0.004053
 21.1397 0.004132
 21.3974 0.004249
 21.6728 0.004340
 21.9665 0.004494
 22.2825 0.004711
 22.6279 0.004839
 23.0043 0.005082
 23.4209 0.005341
 23.8851 0.005482
 24.4145 0.005866
 25.0325 0.006156
 25.7787 0.006888
 26.7184 0.007928
 28.0216 0.009083
 28.3528 0.009621
 28.7186 0.010301
 29.1375 0.010992
 29.6117 0.011991
 30.1804 0.013353
 30.8470 0.015093
 31.7180 0.017066
 32.9014 0.021446
 34.9127 0.027768
 36.8646 0.037790
 39.4581 0.057270
 41.3704 0.081904
 tr1-01-6 2 1
  1.3517 0.010330
  1.6218 0.008966
  2.0744 0.007454
  2.4939 0.006580
  2.9939 0.005800
  3.3300 0.004715
  3.5903 0.004409
  3.8065 0.004170
  3.9873 0.003882
  4.1465 0.003794
  4.2891 0.003634
  4.4193 0.003545
  4.5398 0.003344
  5.0324 0.003186
  5.4155 0.002910
  5.7354 0.002781
  6.0087 0.002666
  6.2527 0.002610
  6.4738 0.002434
  6.6749 0.002334
  6.8615 0.002298
  7.0360 0.002270
  7.2006 0.002191
  7.3555 0.002152
  7.5038 0.002143
  7.6458 0.002168
  7.7819 0.002121
  7.9123 0.002127
  8.0385 0.002110
  8.1602 0.002125
  8.2781 0.002099
  8.3923 0.002065
  8.5036 0.002035
  8.6115 0.002019
  8.7175 0.002000
  8.8207 0.001989
  8.9217 0.001994
  9.0202 0.001971
  9.1172 0.001955
  9.2120 0.001972
  9.3049 0.001993
  9.3972 0.001953
  9.4874 0.001921
  9.5764 0.001914
  9.6646 0.001920
  9.7510 0.001920
  9.8364 0.001934
  9.9200 0.001974
 10.0031 0.001950
 10.0855 0.001944
 10.1670 0.001955
 10.2471 0.001942
 10.3266 0.001930
 10.4055 0.001934
 10.4843 0.001918
 10.5619 0.001916
 10.6383 0.001952
 10.7146 0.001974
 10.7898 0.001992
 10.8647 0.001994
 10.9391 0.001998
 11.0132 0.001994
 11.0866 0.002004
 11.1593 0.002001
 11.2318 0.002007
 11.3046 0.001998
 11.3765 0.001992
 11.4476 0.001983
 11.5187 0.001974
 11.5892 0.001970
 11.6596 0.001980
 11.7299 0.001982
 11.8004 0.001977
 11.8699 0.001984
 11.9394 0.001990
 12.0089 0.001983
 12.0778 0.001975
 12.1460 0.001970
 12.2144 0.001980
 12.2825 0.002007
 12.3508 0.001999
 12.4193 0.002001
 12.4873 0.002010
 12.5554 0.002019
 12.6231 0.002024
 12.6909 0.002018
 12.7585 0.002027
 12.8259 0.002037
 12.8936 0.002057
 12.9610 0.002070
 13.0282 0.002079
 13.0955 0.002088
 13.1630 0.002090
 13.2303 0.002058
 13.2975 0.002062
 13.3650 0.002076
 13.4327 0.002077
 13.5000 0.002096
 13.5677 0.002100
 13.6351 0.002100
 13.7032 0.002119
 13.7713 0.002139
 13.8400 0.002138
 13.9081 0.002151
 13.9760 0.002163
 14.0438 0.002152
 14.1121 0.002150
 14.1811 0.002160
 14.2500 0.002148
 14.3186 0.002109
 14.3873 0.002124
 14.4567 0.002118
 14.5262 0.002135
 14.5959 0.002123
 14.6661 0.002115
 14.7362 0.002130
 14.8066 0.002141
 14.8770 0.002123
 14.9478 0.002126
 15.0197 0.002130
 15.0911 0.002119
 15.1630 0.002100
 15.2357 0.002121
 15.3077 0.002133
 15.3803 0.002118
 15.4537 0.002128
 15.5270 0.002106
 15.6016 0.002110
 15.6758 0.002118
 15.7509 0.002124
 15.8263 0.002147
 15.9019 0.002187
 15.9782 0.002184
 16.0550 0.002212
 16.1325 0.002205
 16.2104 0.002230
 16.2889 0.002255
 16.3678 0.002274
 16.4473 0.002305
 16.5275 0.002316
 16.6073 0.002311
 16.6890 0.002327
 16.7714 0.002354
 16.8543 0.002356
 16.9379 0.002348
 17.0217 0.002364
 17.1074 0.002398
 17.1938 0.002430
 17.2812 0.002438
 17.3694 0.002456
 17.4576 0.002449
 17.5466 0.002464
 17.6374 0.002492
 17.7295 0.002468
 17.8222 0.002476
 17.9161 0.002486
 18.0105 0.002488
 18.1064 0.002487
 18.2034 0.002505
 18.3025 0.002530
 18.4022 0.002540
 18.5041 0.002594
 18.6070 0.002637
 18.7108 0.002634
 18.8164 0.002671
 18.9238 0.002675
 19.0325 0.002719
 19.1441 0.002695
 19.2578 0.002761
 19.3730 0.002827
 19.4900 0.002885
 19.6090 0.002930
 19.7304 0.002988
 19.8548 0.003028
 19.9815 0.003066
 20.1116 0.003081
 20.2432 0.003118
 20.3788 0.003112
 20.5167 0.003142
 20.6584 0.003170
 20.8049 0.003186
 20.9548 0.003231
 21.1090 0.003230
 21.2675 0.003329
 21.4308 0.003380
 21.5992 0.003457
 21.7747 0.003540
 21.9542 0.003562
 22.1429 0.003671
 22.3352 0.003720
 22.5380 0.003739
 22.7482 0.003887
 22.9689 0.003965
 23.1995 0.004006
 23.4429 0.004160
 23.6990 0.004277
 23.9709 0.004446
 24.2597 0.004590
 24.5704 0.004715
 24.9037 0.004887
 25.2667 0.005011
 25.6616 0.005258
 26.0954 0.005545
 26.5830 0.005891
 27.1366 0.006017
 27.7831 0.006461
 28.5598 0.007299
 29.5450 0.008014
 30.9031 0.010421
 31.2536 0.010856
 31.6394 0.011411
 32.0658 0.012082
 32.5703 0.012644
 33.1476 0.013708
 33.8598 0.014909
 34.7462 0.016742
 35.9974 0.019719
 38.1055 0.026958
 40.1437 0.037261
 42.8045 0.059802
 44.6349 0.085601
tr1s-01-6 2 1
  2.9860 0.011952
  3.2779 0.010135
  3.7499 0.007302
  4.1465 0.005837
  4.6003 0.004843
  4.9010 0.004273
  5.1354 0.003891
  5.3259 0.003768
  5.4879 0.003523
  5.6325 0.003421
  5.7596 0.003167
  5.8769 0.003200
  5.9843 0.003133
  6.4292 0.002887
  6.7781 0.002650
  7.0673 0.002541
  7.3180 0.002393
  7.5411 0.002329
  7.7437 0.002311
  7.9312 0.002331
  8.1060 0.002259
  8.2677 0.002187
  8.4215 0.002136
  8.5666 0.002107
  8.7051 0.002049
  8.8379 0.002021
  8.9664 0.001982
  9.0893 0.001996
  9.2074 0.001977
  9.3217 0.001993
  9.4319 0.001968
  9.5397 0.001996
  9.6454 0.001994
  9.7484 0.001999
  9.8492 0.001997
  9.9475 0.001982
 10.0433 0.001933
 10.1379 0.001928
 10.2309 0.001968
 10.3225 0.001946
 10.4117 0.001934
 10.4999 0.001932
 10.5866 0.001931
 10.6720 0.001912
 10.7562 0.001912
 10.8392 0.001908
 10.9215 0.001943
 11.0025 0.001958
 11.0822 0.001933
 11.1616 0.001938
 11.2395 0.001912
 11.3175 0.001933
 11.3944 0.001921
 11.4706 0.001915
 11.5460 0.001906
 11.6216 0.001917
 11.6959 0.001931
 11.7697 0.001916
 11.8431 0.001899
 11.9156 0.001899
 11.9884 0.001888
 12.0603 0.001881
 12.1313 0.001862
 12.2021 0.001891
 12.2728 0.001898
 12.3430 0.001915
 12.4129 0.001927
 12.4822 0.001926
 12.5511 0.001922
 12.6201 0.001936
 12.6889 0.001930
 12.7571 0.001901
 12.8251 0.001890
 12.8929 0.001936
 12.9608 0.001942
 13.0282 0.001935
 13.0951 0.001929
 13.1619 0.001916
 13.2285 0.001922
 13.2949 0.001915
 13.3620 0.001932
 13.4284 0.001915
 13.4947 0.001927
 13.5612 0.001934
 13.6274 0.001941
 13.6933 0.001950
 13.7599 0.001952
 13.8265 0.001963
 13.8929 0.001974
 13.9594 0.001986
 14.0250 0.001998
 14.0905 0.002007
 14.1564 0.002012
 14.2228 0.002042
 14.2894 0.002037
 14.3555 0.002040
 14.4213 0.002034
 14.4875 0.002025
 14.5537 0.002024
 14.6194 0.002037
 14.6855 0.002036
 14.7520 0.002031
 14.8189 0.002026
 14.8852 0.002039
 14.9523 0.002014
 15.0190 0.002007
 15.0860 0.002013
 15.1536 0.002024
 15.2209 0.002049
 15.2887 0.002051
 15.3562 0.002064
 15.4241 0.002064
 15.4928 0.002059
 15.5611 0.002057
 15.6297 0.002041
 15.6990 0.002060
 15.7683 0.002098
 15.8379 0.002109
 15.9076 0.002120
 15.9775 0.002120
 16.0484 0.002127
 16.1184 0.002138
 16.1898 0.002131
 16.2611 0.002141
 16.3328 0.002146
 16.4053 0.002152
 16.4780 0.002168
 16.5508 0.002179
 16.6239 0.002212
 16.6974 0.002216
 16.7723 0.002221
 16.8470 0.002212
 16.9222 0.002213
 16.9977 0.002263
 17.0740 0.002273
 17.1510 0.002258
 17.2284 0.002277
 17.3065 0.002260
 17.3854 0.002263
 17.4644 0.002280
 17.5443 0.002305
 17.6253 0.002355
 17.7063 0.002356
 17.7889 0.002371
 17.8715 0.002419
 17.9545 0.002393
 18.0388 0.002386
 18.1229 0.002376
 18.2092 0.002392
 18.2965 0.002389
 18.3837 0.002378
 18.4719 0.002402
 18.5616 0.002420
 18.6525 0.002432
 18.7446 0.002459
 18.8368 0.002451
 18.9303 0.002468
 19.0253 0.002469
 19.1222 0.002481
 19.2191 0.002475
 19.3185 0.002506
 19.4186 0.002518
 19.5197 0.002570
 19.6228 0.002565
 19.7275 0.002617
 19.8350 0.002670
 19.9424 0.002733
 20.0523 0.002753
 20.1644 0.002769
 20.2788 0.002808
 20.3950 0.002776
 20.5133 0.002831
 20.6333 0.002834
 20.7572 0.002868
 20.8830 0.002919
 21.0110 0.003008
 21.1429 0.003040
 21.2778 0.003080
 21.4144 0.003174
 21.5554 0.003180
 21.6992 0.003241
 21.8482 0.003261
 22.0014 0.003316
 22.1592 0.003354
 22.3217 0.003386
 22.4877 0.003471
 22.6621 0.003536
 22.8412 0.003589
 23.0254 0.003643
 23.2176 0.003712
 23.4186 0.003797
 23.6290 0.003842
 23.8489 0.003974
 24.0793 0.004072
 24.3205 0.004187
 24.5763 0.004281
 24.8464 0.004290
 25.1351 0.004400
 25.4449 0.004621
 25.7767 0.004752
 26.1354 0.004966
 26.5277 0.005150
 26.9625 0.005479
 27.4464 0.005679
 27.9959 0.006042
 28.6410 0.006486
 29.4156 0.006941
 30.3982 0.008106
 31.7527 0.010098
 32.0990 0.010511
 32.4774 0.010818
 32.9062 0.011634
 33.4005 0.012453
 33.9830 0.013598
 34.6859 0.014582
 35.5818 0.016810
 36.8321 0.020006
 38.9399 0.026387
 41.0046 0.038886
 43.5981 0.060225
 45.4720 0.083793
 tr2-01-6 2 1
  2.0102 0.014363
  2.3748 0.011822
  2.9521 0.009376
  3.4827 0.008105
  4.0917 0.006550
  4.4887 0.005602
  4.7906 0.004985
  5.0383 0.004721
  5.2472 0.004465
  5.4324 0.004315
  5.5936 0.004333
  5.7423 0.004164
  5.8764 0.004018
  6.4256 0.003561
  6.8491 0.003254
  7.2008 0.003065
  7.5028 0.002984
  7.7685 0.002803
  8.0070 0.002694
  8.2258 0.002605
  8.4295 0.002483
  8.6203 0.002437
  8.7986 0.002444
  8.9665 0.002400
  9.1281 0.002312
  9.2804 0.002322
  9.4284 0.002253
  9.5692 0.002221
  9.7051 0.002243
  9.8363 0.002243
  9.9637 0.002225
 10.0877 0.002264
 10.2082 0.002268
 10.3251 0.002287
 10.4392 0.002274
 10.5503 0.002249
 10.6588 0.002251
 10.7648 0.002223
 10.8698 0.002218
 10.9718 0.002267
 11.0721 0.002238
 11.1705 0.002239
 11.2686 0.002196
 11.3644 0.002193
 11.4581 0.002168
 11.5515 0.002133
 11.6437 0.002142
 11.7343 0.002110
 11.8232 0.002132
 11.9120 0.002115
 11.9992 0.002119
 12.0858 0.002142
 12.1713 0.002101
 12.2564 0.002105
 12.3400 0.002139
 12.4237 0.002145
 12.5059 0.002151
 12.5878 0.002134
 12.6690 0.002129
 12.7492 0.002114
 12.8286 0.002109
 12.9075 0.002105
 12.9855 0.002137
 13.0637 0.002159
 13.1413 0.002144
 13.2180 0.002163
 13.2954 0.002155
 13.3718 0.002179
 13.4478 0.002180
 13.5231 0.002173
 13.5986 0.002168
 13.6736 0.002171
 13.7489 0.002198
 13.8238 0.002198
 13.8984 0.002187
 13.9721 0.002172
 14.0456 0.002184
 14.1191 0.002173
 14.1921 0.002182
 14.2648 0.002167
 14.3377 0.002182
 14.4106 0.002185
 14.4830 0.002186
 14.5559 0.002191
 14.6281 0.002186
 14.7003 0.002208
 14.7721 0.002220
 14.8441 0.002245
 14.9160 0.002249
 14.9875 0.002247
 15.0598 0.002249
 15.1314 0.002275
 15.2038 0.002276
 15.2762 0.002272
 15.3474 0.002272
 15.4194 0.002240
 15.4914 0.002242
 15.5634 0.002237
 15.6352 0.002230
 15.7074 0.002248
 15.7793 0.002244
 15.8515 0.002237
 15.9230 0.002227
 15.9949 0.002234
 16.0678 0.002235
 16.1400 0.002240
 16.2124 0.002238
 16.2850 0.002260
 16.3581 0.002258
 16.4313 0.002244
 16.5052 0.002248
 16.5788 0.002239
 16.6522 0.002238
 16.7261 0.002227
 16.8006 0.002254
 16.8751 0.002253
 16.9504 0.002247
 17.0256 0.002257
 17.1007 0.002272
 17.1760 0.002270
 17.2518 0.002243
 17.3274 0.002245
 17.4041 0.002254
 17.4809 0.002269
 17.5581 0.002251
 17.6361 0.002228
 17.7142 0.002225
 17.7928 0.002248
 17.8711 0.002254
 17.9502 0.002269
 18.0299 0.002269
 18.1099 0.002250
 18.1910 0.002246
 18.2723 0.002232
 18.3544 0.002248
 18.4373 0.002264
 18.5206 0.002291
 18.6044 0.002299
 18.6891 0.002305
 18.7737 0.002344
 18.8589 0.002380
 18.9449 0.002347
 19.0317 0.002348
 19.1193 0.002383
 19.2068 0.002400
 19.2960 0.002424
 19.3858 0.002427
 19.4763 0.002425
 19.5679 0.002441
 19.6607 0.002491
 19.7547 0.002525
 19.8494 0.002561
 19.9455 0.002600
 20.0417 0.002596
 20.1384 0.002616
 20.2378 0.002669
 20.3376 0.002696
 20.4387 0.002705
 20.5410 0.002696
 20.6448 0.002699
 20.7497 0.002730
 20.8557 0.002755
 20.9639 0.002784
 21.0729 0.002823
 21.1846 0.002849
 21.2971 0.002857
 21.4126 0.002876
 21.5297 0.002877
 21.6484 0.002937
 21.7697 0.002957
 21.8932 0.003010
 22.0192 0.003079
 22.1482 0.003094
 22.2787 0.003149
 22.4122 0.003193
 22.5481 0.003218
 22.6877 0.003264
 22.8300 0.003284
 22.9766 0.003304
 23.1261 0.003353
 23.2795 0.003415
 23.4369 0.003450
 23.5986 0.003439
 23.7648 0.003457
 23.9360 0.003529
 24.1117 0.003590
 24.2946 0.003671
 24.4834 0.003737
 24.6780 0.003788
 24.8809 0.003902
 25.0927 0.003989
 25.3129 0.004027
 25.5417 0.004049
 25.7847 0.004204
 26.0398 0.004292
 26.3079 0.004455
 26.5907 0.004639
 26.8952 0.004777
 27.2193 0.004874
 27.5681 0.004871
 27.9446 0.004955
 28.3574 0.005326
 28.8113 0.005738
 29.3189 0.006135
 29.8999 0.006557
 30.5757 0.007077
 31.3873 0.008074
 32.4111 0.009071
 33.8214 0.010836
 34.1820 0.011029
 34.5756 0.011581
 35.0312 0.012102
 35.5400 0.012617
 36.1377 0.013033
 36.8688 0.014547
 37.7814 0.017089
 39.0699 0.020027
 41.2117 0.027726
 43.3602 0.040078
 46.0136 0.064185
 47.9480 0.088079
tr2s-01-6 2 1
  3.9554 0.013875
  4.2959 0.011386
  4.8328 0.008150
  5.2869 0.006690
  5.8028 0.005727
  6.1434 0.004961
  6.4025 0.004702
  6.6183 0.004436
  6.8016 0.004087
  6.9612 0.003943
  7.1044 0.003750
  7.2358 0.003621
  7.3546 0.003637
  7.8467 0.003078
  8.2271 0.002891
  8.5439 0.002809
  8.8184 0.002703
  9.0636 0.002529
  9.2853 0.002525
  9.4875 0.002431
  9.6767 0.002362
  9.8547 0.002360
 10.0225 0.002330
 10.1812 0.002344
 10.3332 0.002283
 10.4775 0.002329
 10.6167 0.002323
 10.7491 0.002269
 10.8770 0.002254
 11.0008 0.002234
 11.1219 0.002191
 11.2390 0.002193
 11.3527 0.002172
 11.4637 0.002154
 11.5726 0.002151
 11.6790 0.002130
 11.7829 0.002112
 11.8856 0.002108
 11.9861 0.002109
 12.0838 0.002084
 12.1808 0.002037
 12.2758 0.002039
 12.3698 0.002034
 12.4620 0.002016
 12.5523 0.002003
 12.6423 0.002033
 12.7307 0.002027
 12.8182 0.002042
 12.9044 0.002039
 12.9901 0.002050
 13.0744 0.002065
 13.1585 0.002070
 13.2406 0.002106
 13.3224 0.002119
 13.4030 0.002111
 13.4834 0.002122
 13.5634 0.002112
 13.6418 0.002109
 13.7204 0.002095
 13.7988 0.002091
 13.8766 0.002117
 13.9533 0.002106
 14.0296 0.002075
 14.1057 0.002080
 14.1814 0.002071
 14.2567 0.002066
 14.3312 0.002068
 14.4053 0.002072
 14.4798 0.002064
 14.5536 0.002100
 14.6268 0.002103
 14.6996 0.002070
 14.7725 0.002083
 14.8452 0.002072
 14.9169 0.002074
 14.9896 0.002089
 15.0613 0.002066
 15.1329 0.002076
 15.2044 0.002089
 15.2756 0.002081
 15.3468 0.002060
 15.4177 0.002061
 15.4886 0.002093
 15.5599 0.002110
 15.6302 0.002125
 15.7009 0.002134
 15.7713 0.002149
 15.8419 0.002152
 15.9119 0.002158
 15.9822 0.002170
 16.0524 0.002166
 16.1228 0.002171
 16.1923 0.002202
 16.2627 0.002204
 16.3333 0.002204
 16.4039 0.002203
 16.4746 0.002186
 16.5451 0.002190
 16.6158 0.002194
 16.6862 0.002205
 16.7571 0.002180
 16.8277 0.002184
 16.8987 0.002193
 16.9700 0.002168
 17.0418 0.002171
 17.1130 0.002155
 17.1847 0.002164
 17.2558 0.002172
 17.3276 0.002198
 17.3993 0.002205
 17.4720 0.002197
 17.5441 0.002204
 17.6162 0.002198
 17.6891 0.002208
 17.7621 0.002167
 17.8359 0.002169
 17.9098 0.002183
 17.9838 0.002189
 18.0582 0.002169
 18.1327 0.002188
 18.2072 0.002193
 18.2824 0.002168
 18.3578 0.002156
 18.4336 0.002145
 18.5100 0.002155
 18.5864 0.002171
 18.6639 0.002145
 18.7413 0.002126
 18.8186 0.002121
 18.8969 0.002145
 18.9749 0.002159
 19.0537 0.002168
 19.1332 0.002198
 19.2137 0.002221
 19.2950 0.002230
 19.3763 0.002265
 19.4586 0.002273
 19.5415 0.002280
 19.6249 0.002274
 19.7084 0.002285
 19.7926 0.002325
 19.8778 0.002349
 19.9632 0.002378
 20.0498 0.002401
 20.1373 0.002391
 20.2248 0.002452
 20.3133 0.002479
 20.4025 0.002512
 20.4929 0.002495
 20.5845 0.002490
 20.6769 0.002490
 20.7699 0.002496
 20.8643 0.002533
 20.9600 0.002590
 21.0568 0.002611
 21.1549 0.002634
 21.2540 0.002648
 21.3542 0.002688
 21.4557 0.002692
 21.5585 0.002707
 21.6623 0.002750
 21.7680 0.002762
 21.8751 0.002789
 21.9837 0.002813
 22.0953 0.002823
 22.2073 0.002867
 22.3220 0.002920
 22.4373 0.002942
 22.5554 0.002960
 22.6756 0.003017
 22.7986 0.003083
 22.9233 0.003081
 23.0502 0.003077
 23.1792 0.003088
 23.3114 0.003142
 23.4477 0.003131
 23.5851 0.003166
 23.7264 0.003182
 23.8706 0.003156
 24.0189 0.003194
 24.1717 0.003195
 24.3287 0.003275
 24.4886 0.003371
 24.6533 0.003465
 24.8225 0.003532
 24.9988 0.003544
 25.1786 0.003605
 25.3671 0.003703
 25.5611 0.003799
 25.7635 0.003876
 25.9754 0.003889
 26.1951 0.003946
 26.4236 0.004111
 26.6634 0.004235
 26.9157 0.004380
 27.1837 0.004456
 27.4661 0.004509
 27.7693 0.004626
 28.0891 0.004643
 28.4341 0.004879
 28.8093 0.005132
 29.2178 0.005216
 29.6714 0.005549
 30.1795 0.005907
 30.7538 0.006611
 31.4298 0.007332
 32.2412 0.008045
 33.2576 0.009179
 34.6609 0.010710
 35.0238 0.011198
 35.4153 0.011586
 35.8656 0.012098
 36.3731 0.012404
 36.9756 0.013485
 37.6951 0.015276
 38.6287 0.017003
 39.9110 0.019989
 42.0589 0.027297
 44.1381 0.039090
 46.8193 0.063000
 48.6983 0.085809
