Copyright (C) 1998 James G. MacKinnon, Alfred A. Haug, and Leo Michelis.
 lm0-08-4 3 1
 29.2675 0.050889
 29.9233 0.039176
 30.9669 0.027729
 31.8130 0.021303
 32.7609 0.015989
 33.3392 0.013918
 33.7824 0.012769
 34.1397 0.011888
 34.4442 0.011521
 34.6971 0.011004
 34.9289 0.010486
 35.1345 0.009825
 35.3278 0.009743
 36.0920 0.008825
 36.6711 0.008015
 37.1487 0.007451
 37.5548 0.007142
 37.9126 0.006580
 38.2366 0.006297
 38.5324 0.005962
 38.8045 0.005888
 39.0599 0.005913
 39.2959 0.005682
 39.5176 0.005557
 39.7295 0.005398
 39.9278 0.005367
 40.1184 0.005244
 40.3033 0.005167
 40.4809 0.005122
 40.6518 0.005066
 40.8177 0.004996
 40.9763 0.004930
 41.1319 0.004813
 41.2845 0.004835
 41.4334 0.004851
 41.5758 0.004704
 41.7163 0.004703
 41.8520 0.004714
 41.9862 0.004718
 42.1159 0.004676
 42.2453 0.004606
 42.3717 0.004635
 42.4950 0.004614
 42.6181 0.004624
 42.7367 0.004502
 42.8562 0.004499
 42.9724 0.004470
 43.0875 0.004452
 43.2016 0.004391
 43.3121 0.004350
 43.4237 0.004352
 43.5326 0.004308
 43.6398 0.004302
 43.7459 0.004282
 43.8523 0.004234
 43.9561 0.004252
 44.0597 0.004239
 44.1633 0.004155
 44.2647 0.004191
 44.3654 0.004177
 44.4658 0.004226
 44.5642 0.004213
 44.6627 0.004259
 44.7604 0.004272
 44.8569 0.004269
 44.9546 0.004298
 45.0496 0.004286
 45.1449 0.004292
 45.2393 0.004322
 45.3344 0.004336
 45.4280 0.004342
 45.5209 0.004298
 45.6141 0.004369
 45.7067 0.004352
 45.7995 0.004323
 45.8898 0.004314
 45.9806 0.004319
 46.0714 0.004283
 46.1614 0.004266
 46.2510 0.004257
 46.3402 0.004237
 46.4297 0.004301
 46.5197 0.004314
 46.6097 0.004295
 46.6987 0.004313
 46.7873 0.004316
 46.8758 0.004358
 46.9642 0.004384
 47.0521 0.004436
 47.1405 0.004375
 47.2289 0.004392
 47.3166 0.004404
 47.4050 0.004355
 47.4928 0.004323
 47.5806 0.004345
 47.6680 0.004358
 47.7565 0.004376
 47.8444 0.004349
 47.9331 0.004383
 48.0214 0.004373
 48.1095 0.004401
 48.1973 0.004407
 48.2841 0.004480
 48.3723 0.004490
 48.4601 0.004529
 48.5473 0.004489
 48.6352 0.004542
 48.7251 0.004541
 48.8136 0.004560
 48.9022 0.004562
 48.9911 0.004552
 49.0798 0.004561
 49.1688 0.004620
 49.2586 0.004660
 49.3489 0.004643
 49.4407 0.004661
 49.5304 0.004694
 49.6215 0.004743
 49.7128 0.004762
 49.8041 0.004747
 49.8955 0.004725
 49.9882 0.004729
 50.0801 0.004741
 50.1727 0.004767
 50.2648 0.004773
 50.3580 0.004751
 50.4514 0.004735
 50.5444 0.004748
 50.6396 0.004780
 50.7346 0.004799
 50.8321 0.004821
 50.9276 0.004832
 51.0232 0.004876
 51.1200 0.004959
 51.2172 0.004920
 51.3155 0.004980
 51.4158 0.004980
 51.5166 0.005008
 51.6164 0.005048
 51.7186 0.005083
 51.8200 0.005105
 51.9240 0.005126
 52.0274 0.005193
 52.1308 0.005245
 52.2372 0.005248
 52.3437 0.005290
 52.4515 0.005321
 52.5592 0.005378
 52.6666 0.005385
 52.7783 0.005484
 52.8903 0.005472
 53.0039 0.005494
 53.1168 0.005565
 53.2327 0.005567
 53.3486 0.005570
 53.4675 0.005530
 53.5867 0.005599
 53.7068 0.005679
 53.8295 0.005690
 53.9510 0.005730
 54.0769 0.005730
 54.2023 0.005744
 54.3302 0.005777
 54.4615 0.005896
 54.5932 0.005887
 54.7261 0.005918
 54.8623 0.005932
 55.0007 0.005972
 55.1427 0.006086
 55.2845 0.006135
 55.4291 0.006208
 55.5753 0.006228
 55.7254 0.006362
 55.8794 0.006408
 56.0368 0.006381
 56.1956 0.006466
 56.3583 0.006581
 56.5271 0.006680
 56.6986 0.006824
 56.8750 0.006975
 57.0577 0.007104
 57.2408 0.007098
 57.4323 0.007282
 57.6296 0.007440
 57.8306 0.007493
 58.0350 0.007552
 58.2494 0.007558
 58.4719 0.007536
 58.7041 0.007687
 58.9426 0.007944
 59.1899 0.008193
 59.4504 0.008359
 59.7159 0.008503
 59.9965 0.008551
 60.2907 0.008652
 60.6033 0.008733
 60.9340 0.009168
 61.2875 0.009295
 61.6623 0.009637
 62.0680 0.010158
 62.4979 0.010312
 62.9743 0.011047
 63.4978 0.011660
 64.0904 0.012169
 64.7644 0.013018
 65.5329 0.013552
 66.4688 0.014488
 67.6396 0.016524
 69.2445 0.020022
 69.6493 0.020564
 70.1022 0.022186
 70.6170 0.024105
 71.1925 0.026149
 71.8877 0.028128
 72.7305 0.030730
 73.7796 0.033229
 75.2219 0.041161
 77.6020 0.056038
 80.0600 0.074380
 83.1526 0.113049
 85.4244 0.163297
 lm1-08-4 3 1
 31.6815 0.051875
 32.3705 0.041262
 33.4448 0.029240
 34.3263 0.022146
 35.2847 0.017333
 35.9000 0.014182
 36.3486 0.013095
 36.7104 0.011914
 37.0145 0.011561
 37.2860 0.010936
 37.5214 0.010207
 37.7345 0.010079
 37.9289 0.009846
 38.7117 0.008382
 39.3134 0.007720
 39.7986 0.006998
 40.2208 0.006897
 40.5906 0.006506
 40.9216 0.006464
 41.2220 0.006288
 41.5023 0.006115
 41.7609 0.005853
 42.0044 0.005736
 42.2341 0.005631
 42.4495 0.005645
 42.6561 0.005529
 42.8504 0.005518
 43.0413 0.005405
 43.2240 0.005299
 43.3994 0.005291
 43.5706 0.005104
 43.7349 0.005058
 43.8956 0.005119
 44.0488 0.005102
 44.2025 0.005139
 44.3494 0.005157
 44.4913 0.005036
 44.6323 0.004979
 44.7700 0.004961
 44.9045 0.004938
 45.0336 0.004955
 45.1624 0.005010
 45.2907 0.004996
 45.4172 0.004902
 45.5416 0.004895
 45.6641 0.004883
 45.7859 0.004793
 45.9043 0.004818
 46.0213 0.004848
 46.1374 0.004870
 46.2523 0.004881
 46.3659 0.004833
 46.4756 0.004811
 46.5842 0.004818
 46.6927 0.004780
 46.7996 0.004732
 46.9061 0.004754
 47.0117 0.004704
 47.1165 0.004693
 47.2200 0.004710
 47.3231 0.004762
 47.4246 0.004728
 47.5243 0.004646
 47.6249 0.004631
 47.7239 0.004590
 47.8225 0.004562
 47.9218 0.004646
 48.0201 0.004631
 48.1170 0.004601
 48.2125 0.004640
 48.3080 0.004615
 48.4025 0.004580
 48.4974 0.004579
 48.5922 0.004536
 48.6860 0.004539
 48.7800 0.004515
 48.8737 0.004472
 48.9676 0.004492
 49.0599 0.004521
 49.1520 0.004540
 49.2437 0.004490
 49.3346 0.004449
 49.4268 0.004452
 49.5185 0.004411
 49.6093 0.004415
 49.7001 0.004398
 49.7907 0.004427
 49.8808 0.004377
 49.9722 0.004412
 50.0623 0.004418
 50.1537 0.004431
 50.2425 0.004446
 50.3315 0.004438
 50.4228 0.004506
 50.5125 0.004474
 50.6026 0.004487
 50.6912 0.004518
 50.7810 0.004506
 50.8707 0.004532
 50.9604 0.004487
 51.0491 0.004466
 51.1390 0.004521
 51.2303 0.004548
 51.3192 0.004560
 51.4086 0.004538
 51.4985 0.004525
 51.5887 0.004551
 51.6794 0.004552
 51.7707 0.004588
 51.8620 0.004576
 51.9529 0.004572
 52.0448 0.004558
 52.1355 0.004521
 52.2279 0.004510
 52.3196 0.004527
 52.4107 0.004553
 52.5029 0.004572
 52.5961 0.004568
 52.6907 0.004565
 52.7831 0.004586
 52.8762 0.004609
 52.9701 0.004622
 53.0660 0.004662
 53.1614 0.004660
 53.2575 0.004673
 53.3532 0.004717
 53.4488 0.004760
 53.5467 0.004804
 53.6418 0.004816
 53.7388 0.004828
 53.8370 0.004861
 53.9360 0.004886
 54.0358 0.004912
 54.1341 0.004963
 54.2341 0.004971
 54.3351 0.005031
 54.4371 0.005056
 54.5393 0.005076
 54.6418 0.005105
 54.7455 0.005124
 54.8504 0.005135
 54.9565 0.005157
 55.0633 0.005179
 55.1705 0.005249
 55.2791 0.005270
 55.3878 0.005358
 55.4966 0.005394
 55.6068 0.005372
 55.7185 0.005346
 55.8301 0.005361
 55.9430 0.005404
 56.0574 0.005414
 56.1748 0.005523
 56.2927 0.005565
 56.4118 0.005554
 56.5322 0.005588
 56.6525 0.005636
 56.7744 0.005696
 56.8979 0.005748
 57.0233 0.005820
 57.1511 0.005900
 57.2807 0.005935
 57.4125 0.005979
 57.5457 0.006042
 57.6800 0.006066
 57.8167 0.006283
 57.9550 0.006282
 58.0962 0.006336
 58.2404 0.006268
 58.3870 0.006371
 58.5345 0.006361
 58.6864 0.006486
 58.8430 0.006519
 59.0016 0.006624
 59.1621 0.006712
 59.3271 0.006788
 59.4941 0.006832
 59.6658 0.006880
 59.8416 0.006976
 60.0196 0.007030
 60.2004 0.007055
 60.3905 0.007195
 60.5838 0.007213
 60.7830 0.007336
 60.9863 0.007401
 61.1973 0.007567
 61.4147 0.007628
 61.6418 0.007740
 61.8737 0.007841
 62.1151 0.008103
 62.3656 0.008108
 62.6293 0.008218
 62.9055 0.008400
 63.1945 0.008455
 63.4996 0.008820
 63.8189 0.008832
 64.1564 0.009041
 64.5148 0.009254
 64.9001 0.009677
 65.3142 0.010079
 65.7557 0.010727
 66.2397 0.010970
 66.7702 0.011421
 67.3767 0.012320
 68.0552 0.012765
 68.8520 0.013381
 69.7995 0.015087
 70.9918 0.016448
 72.6217 0.019927
 73.0399 0.020661
 73.5100 0.022435
 74.0300 0.023751
 74.6314 0.025339
 75.3149 0.027876
 76.1723 0.030361
 77.2408 0.034568
 78.7346 0.042211
 81.1903 0.057679
 83.7109 0.079246
 86.8132 0.119412
 89.0729 0.165987
lm1s-08-4 3 1
 32.3959 0.053003
 33.1541 0.043419
 34.1800 0.030238
 35.0623 0.023283
 36.0257 0.017089
 36.6225 0.014640
 37.0724 0.013238
 37.4453 0.012314
 37.7499 0.011530
 38.0157 0.011330
 38.2543 0.010720
 38.4676 0.010003
 38.6661 0.009571
 39.4534 0.008581
 40.0562 0.007764
 40.5457 0.007143
 40.9602 0.006912
 41.3298 0.006862
 41.6612 0.006638
 41.9644 0.006329
 42.2441 0.006036
 42.5021 0.005942
 42.7459 0.005782
 42.9746 0.005791
 43.1938 0.005621
 43.4019 0.005568
 43.5979 0.005387
 43.7874 0.005395
 43.9694 0.005432
 44.1451 0.005400
 44.3171 0.005305
 44.4823 0.005238
 44.6425 0.005149
 44.7989 0.005085
 44.9474 0.005057
 45.0932 0.005117
 45.2353 0.005101
 45.3771 0.005025
 45.5145 0.004956
 45.6499 0.004972
 45.7833 0.004867
 45.9140 0.004840
 46.0419 0.004888
 46.1690 0.004867
 46.2935 0.004844
 46.4156 0.004837
 46.5346 0.004841
 46.6537 0.004827
 46.7710 0.004812
 46.8852 0.004811
 46.9985 0.004767
 47.1105 0.004747
 47.2224 0.004773
 47.3317 0.004736
 47.4423 0.004768
 47.5495 0.004769
 47.6552 0.004792
 47.7603 0.004700
 47.8645 0.004722
 47.9682 0.004752
 48.0697 0.004741
 48.1708 0.004685
 48.2728 0.004697
 48.3731 0.004689
 48.4721 0.004665
 48.5713 0.004644
 48.6695 0.004599
 48.7660 0.004628
 48.8639 0.004574
 48.9593 0.004572
 49.0549 0.004588
 49.1509 0.004541
 49.2452 0.004545
 49.3402 0.004547
 49.4347 0.004545
 49.5290 0.004501
 49.6228 0.004493
 49.7168 0.004458
 49.8097 0.004509
 49.9021 0.004536
 49.9948 0.004460
 50.0872 0.004405
 50.1795 0.004409
 50.2704 0.004421
 50.3621 0.004481
 50.4521 0.004486
 50.5426 0.004449
 50.6325 0.004440
 50.7222 0.004456
 50.8115 0.004491
 50.9018 0.004495
 50.9919 0.004450
 51.0820 0.004452
 51.1716 0.004461
 51.2622 0.004506
 51.3516 0.004520
 51.4411 0.004526
 51.5301 0.004513
 51.6209 0.004515
 51.7101 0.004527
 51.8002 0.004526
 51.8907 0.004529
 51.9801 0.004512
 52.0703 0.004534
 52.1598 0.004539
 52.2515 0.004607
 52.3414 0.004569
 52.4313 0.004593
 52.5228 0.004642
 52.6141 0.004640
 52.7060 0.004658
 52.7972 0.004663
 52.8891 0.004672
 52.9824 0.004684
 53.0737 0.004714
 53.1653 0.004784
 53.2581 0.004777
 53.3507 0.004785
 53.4440 0.004836
 53.5376 0.004803
 53.6319 0.004817
 53.7256 0.004843
 53.8193 0.004872
 53.9135 0.004904
 54.0101 0.004914
 54.1062 0.004958
 54.2026 0.004941
 54.2987 0.004923
 54.3959 0.004911
 54.4935 0.004915
 54.5912 0.004998
 54.6904 0.004963
 54.7881 0.005029
 54.8869 0.005045
 54.9873 0.005008
 55.0892 0.005071
 55.1900 0.005131
 55.2930 0.005099
 55.3979 0.005119
 55.5012 0.005139
 55.6059 0.005213
 55.7100 0.005206
 55.8169 0.005185
 55.9238 0.005218
 56.0308 0.005212
 56.1387 0.005280
 56.2479 0.005262
 56.3587 0.005314
 56.4692 0.005401
 56.5827 0.005384
 56.6978 0.005379
 56.8135 0.005406
 56.9296 0.005449
 57.0483 0.005488
 57.1674 0.005566
 57.2870 0.005616
 57.4088 0.005628
 57.5319 0.005664
 57.6546 0.005709
 57.7814 0.005802
 57.9090 0.005906
 58.0388 0.005939
 58.1692 0.005975
 58.3030 0.005938
 58.4360 0.005983
 58.5716 0.006036
 58.7106 0.006106
 58.8525 0.006199
 58.9968 0.006273
 59.1443 0.006280
 59.2914 0.006338
 59.4433 0.006369
 59.5998 0.006426
 59.7571 0.006526
 59.9167 0.006650
 60.0802 0.006624
 60.2476 0.006709
 60.4183 0.006787
 60.5948 0.006908
 60.7739 0.007007
 60.9577 0.007011
 61.1470 0.007067
 61.3393 0.007156
 61.5378 0.007224
 61.7413 0.007398
 61.9540 0.007476
 62.1701 0.007633
 62.3951 0.007678
 62.6290 0.007801
 62.8696 0.008045
 63.1241 0.008204
 63.3878 0.008338
 63.6634 0.008501
 63.9532 0.008622
 64.2535 0.008757
 64.5709 0.009075
 64.9112 0.009178
 65.2724 0.009246
 65.6545 0.009680
 66.0641 0.010107
 66.5085 0.010097
 66.9950 0.010422
 67.5326 0.011446
 68.1279 0.011752
 68.8128 0.012241
 69.6074 0.013455
 70.5493 0.015009
 71.7456 0.016737
 73.3801 0.019977
 73.8022 0.021021
 74.2556 0.022188
 74.7750 0.023155
 75.3635 0.025256
 76.0710 0.026865
 76.9254 0.030286
 78.0034 0.034901
 79.4823 0.041701
 81.9678 0.057663
 84.4545 0.076504
 87.5477 0.120090
 89.9735 0.171988
 lm2-08-4 3 1
 34.0749 0.051539
 34.7890 0.038036
 35.8950 0.027769
 36.8212 0.021939
 37.8127 0.017150
 38.4317 0.014659
 38.9028 0.012466
 39.2712 0.011851
 39.5874 0.011225
 39.8667 0.010754
 40.1108 0.010165
 40.3342 0.010051
 40.5322 0.009787
 41.3326 0.008551
 41.9454 0.007547
 42.4500 0.006780
 42.8750 0.006524
 43.2509 0.006285
 43.5908 0.006085
 43.9049 0.005973
 44.1943 0.005983
 44.4650 0.005956
 44.7185 0.005940
 44.9546 0.005777
 45.1753 0.005610
 45.3876 0.005465
 45.5912 0.005375
 45.7835 0.005300
 45.9692 0.005362
 46.1513 0.005205
 46.3287 0.005131
 46.4986 0.004997
 46.6639 0.004970
 46.8220 0.004960
 46.9774 0.004970
 47.1303 0.004931
 47.2776 0.004874
 47.4219 0.004852
 47.5633 0.004863
 47.7037 0.004895
 47.8372 0.004939
 47.9707 0.004918
 48.1013 0.004913
 48.2283 0.004940
 48.3540 0.004860
 48.4787 0.004818
 48.6015 0.004787
 48.7219 0.004803
 48.8401 0.004796
 48.9597 0.004771
 49.0750 0.004675
 49.1887 0.004661
 49.3011 0.004684
 49.4136 0.004628
 49.5237 0.004607
 49.6341 0.004608
 49.7431 0.004531
 49.8501 0.004509
 49.9555 0.004545
 50.0620 0.004556
 50.1678 0.004571
 50.2715 0.004561
 50.3749 0.004568
 50.4770 0.004526
 50.5791 0.004482
 50.6805 0.004449
 50.7826 0.004459
 50.8821 0.004507
 50.9814 0.004540
 51.0801 0.004522
 51.1788 0.004517
 51.2784 0.004523
 51.3755 0.004516
 51.4717 0.004535
 51.5690 0.004570
 51.6645 0.004537
 51.7594 0.004513
 51.8532 0.004477
 51.9479 0.004501
 52.0426 0.004515
 52.1385 0.004544
 52.2326 0.004531
 52.3276 0.004493
 52.4200 0.004477
 52.5129 0.004498
 52.6061 0.004513
 52.6983 0.004506
 52.7902 0.004461
 52.8824 0.004390
 52.9745 0.004413
 53.0663 0.004432
 53.1589 0.004424
 53.2515 0.004439
 53.3440 0.004471
 53.4359 0.004477
 53.5273 0.004477
 53.6194 0.004516
 53.7109 0.004524
 53.8030 0.004531
 53.8946 0.004531
 53.9858 0.004573
 54.0780 0.004616
 54.1707 0.004640
 54.2624 0.004665
 54.3540 0.004727
 54.4466 0.004761
 54.5383 0.004758
 54.6309 0.004777
 54.7238 0.004772
 54.8176 0.004751
 54.9113 0.004783
 55.0054 0.004776
 55.0988 0.004799
 55.1932 0.004804
 55.2882 0.004821
 55.3825 0.004813
 55.4768 0.004844
 55.5703 0.004816
 55.6661 0.004828
 55.7615 0.004869
 55.8574 0.004869
 55.9550 0.004872
 56.0526 0.004899
 56.1505 0.004860
 56.2488 0.004812
 56.3460 0.004863
 56.4442 0.004913
 56.5421 0.004914
 56.6410 0.004938
 56.7402 0.004959
 56.8402 0.004987
 56.9409 0.005033
 57.0432 0.005068
 57.1449 0.005171
 57.2469 0.005195
 57.3502 0.005175
 57.4552 0.005190
 57.5604 0.005169
 57.6650 0.005238
 57.7719 0.005265
 57.8788 0.005242
 57.9868 0.005255
 58.0947 0.005326
 58.2041 0.005345
 58.3139 0.005396
 58.4254 0.005436
 58.5389 0.005464
 58.6512 0.005516
 58.7649 0.005560
 58.8811 0.005609
 58.9979 0.005605
 59.1158 0.005624
 59.2350 0.005615
 59.3530 0.005641
 59.4744 0.005688
 59.5960 0.005701
 59.7212 0.005796
 59.8470 0.005859
 59.9739 0.005989
 60.1031 0.006003
 60.2336 0.006046
 60.3668 0.006041
 60.5012 0.006130
 60.6375 0.006184
 60.7739 0.006169
 60.9125 0.006298
 61.0559 0.006376
 61.1998 0.006470
 61.3477 0.006555
 61.4972 0.006619
 61.6474 0.006731
 61.8000 0.006839
 61.9561 0.006996
 62.1138 0.007135
 62.2793 0.007234
 62.4467 0.007213
 62.6151 0.007243
 62.7897 0.007254
 62.9673 0.007267
 63.1527 0.007326
 63.3409 0.007370
 63.5343 0.007334
 63.7329 0.007440
 63.9366 0.007547
 64.1448 0.007577
 64.3609 0.007586
 64.5852 0.007570
 64.8152 0.007660
 65.0565 0.007765
 65.3064 0.007905
 65.5645 0.008066
 65.8343 0.008112
 66.1144 0.008277
 66.4068 0.008496
 66.7103 0.008657
 67.0363 0.008970
 67.3784 0.009183
 67.7457 0.009223
 68.1307 0.009466
 68.5482 0.009802
 68.9982 0.010186
 69.4946 0.010856
 70.0353 0.011768
 70.6405 0.012491
 71.3382 0.013367
 72.1412 0.014326
 73.0910 0.015926
 74.3073 0.017667
 75.9896 0.021327
 76.4154 0.022577
 76.8916 0.023109
 77.4134 0.024536
 78.0129 0.025738
 78.7401 0.027382
 79.6237 0.030406
 80.7141 0.034746
 82.2533 0.042096
 84.7649 0.056358
 87.2540 0.079005
 90.3202 0.124345
 92.7619 0.175637
lm2s-08-4 3 1
 34.8132 0.050308
 35.5224 0.039006
 36.6535 0.029189
 37.5744 0.022758
 38.5541 0.017922
 39.1829 0.014469
 39.6481 0.013204
 40.0260 0.012121
 40.3401 0.011383
 40.6207 0.010838
 40.8618 0.010293
 41.0761 0.009676
 41.2783 0.009436
 42.0894 0.008066
 42.7031 0.007003
 43.2058 0.006508
 43.6335 0.006429
 44.0116 0.006090
 44.3551 0.006104
 44.6673 0.006260
 44.9541 0.006272
 45.2243 0.006156
 45.4745 0.006009
 45.7109 0.005807
 45.9325 0.005712
 46.1445 0.005493
 46.3507 0.005300
 46.5470 0.005306
 46.7341 0.005144
 46.9145 0.005075
 47.0885 0.005098
 47.2579 0.005067
 47.4225 0.005063
 47.5829 0.005065
 47.7367 0.004928
 47.8901 0.004899
 48.0361 0.004872
 48.1818 0.004985
 48.3213 0.005012
 48.4609 0.004979
 48.5967 0.004967
 48.7284 0.004968
 48.8587 0.004947
 48.9877 0.004920
 49.1139 0.004845
 49.2384 0.004860
 49.3605 0.004894
 49.4812 0.004854
 49.6013 0.004822
 49.7188 0.004728
 49.8360 0.004688
 49.9500 0.004677
 50.0635 0.004696
 50.1758 0.004684
 50.2870 0.004648
 50.3957 0.004675
 50.5051 0.004658
 50.6134 0.004661
 50.7213 0.004636
 50.8277 0.004586
 50.9318 0.004567
 51.0361 0.004581
 51.1391 0.004605
 51.2419 0.004629
 51.3442 0.004679
 51.4454 0.004654
 51.5454 0.004659
 51.6455 0.004657
 51.7435 0.004615
 51.8419 0.004610
 51.9390 0.004669
 52.0368 0.004659
 52.1341 0.004605
 52.2319 0.004617
 52.3293 0.004617
 52.4249 0.004569
 52.5202 0.004578
 52.6152 0.004554
 52.7083 0.004548
 52.8028 0.004553
 52.8959 0.004469
 52.9888 0.004487
 53.0838 0.004416
 53.1775 0.004399
 53.2694 0.004417
 53.3619 0.004387
 53.4534 0.004385
 53.5460 0.004373
 53.6385 0.004415
 53.7316 0.004378
 53.8243 0.004383
 53.9166 0.004399
 54.0092 0.004392
 54.1031 0.004485
 54.1950 0.004524
 54.2848 0.004577
 54.3768 0.004668
 54.4696 0.004673
 54.5617 0.004694
 54.6535 0.004734
 54.7453 0.004780
 54.8385 0.004747
 54.9304 0.004848
 55.0224 0.004825
 55.1146 0.004812
 55.2073 0.004845
 55.2992 0.004844
 55.3922 0.004854
 55.4851 0.004898
 55.5787 0.004849
 55.6724 0.004874
 55.7656 0.004898
 55.8599 0.004906
 55.9543 0.004948
 56.0483 0.004926
 56.1428 0.004906
 56.2376 0.004848
 56.3331 0.004869
 56.4280 0.004887
 56.5235 0.004919
 56.6187 0.004881
 56.7155 0.004915
 56.8123 0.004962
 56.9082 0.005002
 57.0053 0.005002
 57.1022 0.005041
 57.2002 0.005059
 57.2997 0.005092
 57.3985 0.005145
 57.4980 0.005121
 57.5981 0.005146
 57.6981 0.005142
 57.8006 0.005213
 57.9033 0.005202
 58.0071 0.005187
 58.1095 0.005232
 58.2122 0.005272
 58.3171 0.005380
 58.4227 0.005416
 58.5288 0.005429
 58.6347 0.005467
 58.7440 0.005478
 58.8533 0.005485
 58.9634 0.005461
 59.0730 0.005498
 59.1847 0.005527
 59.2958 0.005560
 59.4090 0.005627
 59.5235 0.005621
 59.6387 0.005684
 59.7543 0.005725
 59.8728 0.005771
 59.9918 0.005795
 60.1123 0.005758
 60.2349 0.005804
 60.3583 0.005792
 60.4828 0.005845
 60.6096 0.005899
 60.7363 0.005964
 60.8649 0.006020
 60.9951 0.006105
 61.1261 0.006146
 61.2588 0.006191
 61.3936 0.006231
 61.5321 0.006309
 61.6740 0.006383
 61.8147 0.006435
 61.9569 0.006544
 62.1031 0.006656
 62.2526 0.006819
 62.4053 0.006867
 62.5585 0.006876
 62.7159 0.006911
 62.8755 0.006838
 63.0392 0.006890
 63.2054 0.007004
 63.3756 0.006943
 63.5518 0.006984
 63.7304 0.007056
 63.9135 0.007095
 64.1011 0.007137
 64.2939 0.007165
 64.4915 0.007153
 64.6954 0.007380
 64.9061 0.007417
 65.1218 0.007577
 65.3452 0.007691
 65.5762 0.007917
 65.8134 0.007950
 66.0648 0.008064
 66.3218 0.008172
 66.5900 0.008349
 66.8661 0.008413
 67.1617 0.008654
 67.4706 0.008852
 67.7944 0.009056
 68.1367 0.009432
 68.4975 0.009760
 68.8846 0.009759
 69.3022 0.010122
 69.7592 0.010612
 70.2536 0.010998
 70.7940 0.011581
 71.4067 0.012563
 72.0934 0.013190
 72.8910 0.013818
 73.8480 0.015574
 75.0617 0.017413
 76.7424 0.021183
 77.1679 0.021664
 77.6484 0.022989
 78.1800 0.024466
 78.7911 0.025700
 79.5158 0.027787
 80.3695 0.031174
 81.4662 0.034263
 83.0121 0.041760
 85.5346 0.058375
 87.9404 0.077149
 91.1894 0.123851
 93.5966 0.172524
 tr0-08-4 3 1
125.0608 0.171694
127.7040 0.127641
131.0596 0.092396
133.9214 0.073159
136.9935 0.052492
138.8624 0.044819
140.2642 0.041122
141.3727 0.037657
142.3214 0.034714
143.1241 0.031944
143.8632 0.030754
144.5162 0.028761
145.1237 0.028182
147.4816 0.023304
149.2738 0.021855
150.7001 0.021228
151.9294 0.019773
152.9944 0.018843
153.9634 0.018273
154.8351 0.018388
155.6323 0.017893
156.3743 0.017285
157.0735 0.016678
157.7205 0.016707
158.3282 0.015953
158.9083 0.015693
159.4611 0.015226
159.9884 0.015142
160.4942 0.014843
160.9913 0.014939
161.4667 0.014726
161.9271 0.014779
162.3689 0.014764
162.7960 0.014573
163.2110 0.014292
163.6190 0.014175
164.0118 0.014026
164.3950 0.013927
164.7695 0.013787
165.1362 0.013777
165.4959 0.013709
165.8490 0.013408
166.1962 0.013274
166.5352 0.013199
166.8711 0.013081
167.1949 0.013171
167.5163 0.013102
167.8291 0.013188
168.1444 0.013016
168.4534 0.012994
168.7545 0.012923
169.0509 0.012782
169.3412 0.012741
169.6343 0.012695
169.9210 0.012550
170.2063 0.012501
170.4873 0.012341
170.7642 0.012508
171.0399 0.012479
171.3131 0.012479
171.5831 0.012452
171.8528 0.012304
172.1173 0.012304
172.3790 0.012199
172.6407 0.012079
172.8972 0.011962
173.1515 0.011986
173.4050 0.012115
173.6592 0.012176
173.9093 0.012172
174.1547 0.012082
174.3988 0.011904
174.6445 0.011811
174.8884 0.011798
175.1296 0.011821
175.3705 0.011667
175.6095 0.011662
175.8489 0.011497
176.0893 0.011516
176.3285 0.011548
176.5635 0.011444
176.7971 0.011478
177.0274 0.011315
177.2589 0.011252
177.4903 0.011299
177.7191 0.011227
177.9518 0.011097
178.1813 0.011118
178.4106 0.010945
178.6386 0.010921
178.8639 0.010862
179.0925 0.010912
179.3205 0.010902
179.5463 0.010706
179.7690 0.010721
179.9929 0.010777
180.2152 0.010864
180.4390 0.010980
180.6638 0.011067
180.8884 0.010962
181.1144 0.010942
181.3394 0.010846
181.5699 0.010971
181.7936 0.011163
182.0156 0.011183
182.2395 0.011159
182.4619 0.011158
182.6888 0.011331
182.9129 0.011389
183.1357 0.011397
183.3648 0.011362
183.5887 0.011371
183.8118 0.011455
184.0339 0.011475
184.2599 0.011456
184.4854 0.011409
184.7091 0.011417
184.9345 0.011433
185.1618 0.011544
185.3870 0.011465
185.6143 0.011591
185.8411 0.011550
186.0718 0.011606
186.3021 0.011589
186.5324 0.011555
186.7617 0.011716
186.9923 0.011812
187.2283 0.011834
187.4609 0.011789
187.6945 0.011901
187.9312 0.011885
188.1644 0.011879
188.4068 0.011863
188.6435 0.011823
188.8824 0.011716
189.1245 0.011659
189.3641 0.011777
189.6080 0.011888
189.8566 0.011753
190.1002 0.011920
190.3468 0.011965
190.5964 0.011939
190.8472 0.012078
191.0989 0.012114
191.3508 0.012105
191.6071 0.012232
191.8632 0.012276
192.1250 0.012476
192.3831 0.012545
192.6462 0.012611
192.9125 0.012661
193.1830 0.012814
193.4526 0.012857
193.7262 0.012983
194.0025 0.012982
194.2849 0.013034
194.5639 0.013173
194.8494 0.013396
195.1387 0.013500
195.4305 0.013420
195.7277 0.013570
196.0245 0.013616
196.3241 0.013528
196.6295 0.013768
196.9403 0.013813
197.2506 0.013941
197.5679 0.014202
197.8874 0.014354
198.2191 0.014319
198.5493 0.014460
198.8815 0.014494
199.2217 0.014498
199.5715 0.014567
199.9261 0.014537
200.2906 0.014741
200.6579 0.014626
201.0317 0.014861
201.4172 0.015043
201.8101 0.015169
202.2086 0.015359
202.6166 0.015611
203.0301 0.015729
203.4628 0.015856
203.9035 0.016142
204.3544 0.016431
204.8215 0.016626
205.3007 0.017130
205.7922 0.017560
206.3013 0.017756
206.8316 0.018127
207.3816 0.018506
207.9496 0.018567
208.5514 0.019035
209.1663 0.019441
209.8189 0.019616
210.5007 0.020153
211.2194 0.020549
211.9753 0.020681
212.7793 0.021172
213.6455 0.022468
214.5727 0.023281
215.5934 0.023872
216.7109 0.024792
217.9554 0.026548
219.3552 0.027747
220.9600 0.029988
222.9012 0.032589
225.3200 0.037439
228.5876 0.045463
229.4013 0.047163
230.2917 0.047630
231.3107 0.050187
232.4851 0.054480
233.8522 0.059787
235.4955 0.065130
237.5935 0.073010
240.4080 0.082575
244.9546 0.108706
249.2660 0.145935
254.9833 0.216085
258.9897 0.291566
 tr1-08-4 3 1
138.7703 0.175053
141.3692 0.131222
145.0302 0.092774
147.9349 0.070257
151.0525 0.055184
153.0269 0.046452
154.4994 0.040998
155.6944 0.037608
156.6820 0.035032
157.5135 0.032617
158.2924 0.031290
158.9724 0.029854
159.5997 0.028625
162.0303 0.025297
163.8910 0.022814
165.4169 0.021450
166.6877 0.020111
167.7847 0.020255
168.7797 0.019403
169.6894 0.018644
170.5239 0.017797
171.2950 0.017530
172.0091 0.017374
172.6911 0.016702
173.3370 0.016343
173.9478 0.016006
174.5324 0.015595
175.0839 0.015530
175.6233 0.015353
176.1299 0.015089
176.6195 0.014947
177.0952 0.014718
177.5541 0.014581
178.0000 0.014262
178.4334 0.014320
178.8568 0.014277
179.2663 0.014191
179.6680 0.013937
180.0607 0.013641
180.4510 0.013583
180.8195 0.013598
181.1838 0.013605
181.5444 0.013322
181.8979 0.013339
182.2462 0.013187
182.5836 0.013206
182.9175 0.013024
183.2466 0.012924
183.5734 0.012875
183.8929 0.012846
184.2022 0.012796
184.5120 0.012718
184.8247 0.012504
185.1244 0.012550
185.4237 0.012384
185.7189 0.012395
186.0110 0.012302
186.2997 0.012110
186.5835 0.012053
186.8662 0.011960
187.1484 0.012018
187.4251 0.012179
187.6981 0.012298
187.9687 0.012303
188.2359 0.012191
188.5026 0.011991
188.7652 0.011929
189.0254 0.011885
189.2866 0.011962
189.5500 0.011890
189.8076 0.011854
190.0663 0.011857
190.3228 0.011853
190.5738 0.011918
190.8251 0.012040
191.0730 0.011863
191.3209 0.011946
191.5699 0.012074
191.8198 0.012145
192.0626 0.012045
192.3047 0.012144
192.5471 0.012164
192.7895 0.012127
193.0295 0.012222
193.2699 0.012193
193.5089 0.012183
193.7469 0.012088
193.9882 0.012082
194.2269 0.012117
194.4650 0.012105
194.6999 0.012095
194.9324 0.012069
195.1696 0.012233
195.4021 0.012222
195.6374 0.012129
195.8711 0.012055
196.1014 0.011902
196.3356 0.012003
196.5690 0.011985
196.8026 0.011934
197.0348 0.011944
197.2653 0.011904
197.4985 0.011931
197.7313 0.011874
197.9656 0.011966
198.1943 0.011976
198.4240 0.012107
198.6542 0.012167
198.8858 0.012087
199.1184 0.012128
199.3508 0.012122
199.5848 0.012129
199.8174 0.012140
200.0504 0.012262
200.2864 0.012343
200.5205 0.012371
200.7524 0.012388
200.9888 0.012335
201.2218 0.012329
201.4558 0.012314
201.6912 0.012305
201.9311 0.012307
202.1711 0.012214
202.4109 0.012182
202.6537 0.012136
202.8941 0.012202
203.1352 0.012274
203.3761 0.012383
203.6187 0.012414
203.8603 0.012425
204.1054 0.012303
204.3500 0.012304
204.5946 0.012293
204.8424 0.012155
205.0903 0.012169
205.3371 0.012235
205.5928 0.012219
205.8449 0.012226
206.1029 0.012250
206.3593 0.012351
206.6178 0.012342
206.8759 0.012393
207.1356 0.012575
207.3982 0.012484
207.6614 0.012554
207.9255 0.012687
208.1943 0.012791
208.4605 0.012931
208.7315 0.013015
209.0037 0.012878
209.2793 0.012936
209.5568 0.012879
209.8424 0.012770
210.1272 0.012950
210.4112 0.012943
210.6991 0.012970
210.9858 0.013066
211.2814 0.013101
211.5787 0.013309
211.8795 0.013274
212.1861 0.013420
212.4934 0.013486
212.8029 0.013634
213.1183 0.013845
213.4371 0.013989
213.7607 0.014146
214.0893 0.014131
214.4222 0.014416
214.7610 0.014505
215.1029 0.014739
215.4522 0.014849
215.8017 0.014858
216.1586 0.015073
216.5254 0.015235
216.8988 0.015372
217.2860 0.015375
217.6762 0.015474
218.0722 0.015768
218.4780 0.016059
218.8914 0.016289
219.3171 0.016529
219.7521 0.016875
220.1965 0.017033
220.6495 0.017186
221.1185 0.017551
221.6026 0.017804
222.0968 0.017815
222.6095 0.018010
223.1365 0.018283
223.6847 0.018581
224.2521 0.018932
224.8337 0.019018
225.4382 0.019497
226.0772 0.019833
226.7474 0.020315
227.4508 0.021237
228.1991 0.021857
228.9812 0.021929
229.8238 0.022527
230.7267 0.023021
231.6960 0.023915
232.7571 0.024963
233.9020 0.025916
235.1909 0.027742
236.6333 0.028946
238.2990 0.031307
240.2819 0.034587
242.7398 0.037915
246.1690 0.043425
247.0258 0.045515
247.9547 0.048882
249.0107 0.052276
250.2387 0.054669
251.6535 0.058079
253.3105 0.063344
255.4063 0.070583
258.1913 0.085675
262.9152 0.112581
267.4601 0.147234
273.1562 0.223746
277.8410 0.316151
tr1s-08-4 3 1
146.2853 0.195817
148.9030 0.141118
152.5635 0.093245
155.5622 0.072665
158.7084 0.056545
160.6798 0.047803
162.1763 0.043121
163.3763 0.037517
164.3690 0.035002
165.1989 0.032579
165.9501 0.030994
166.6263 0.030328
167.2516 0.028573
169.7612 0.026718
171.6148 0.024543
173.1337 0.022834
174.4325 0.021234
175.5649 0.020114
176.5757 0.019468
177.4884 0.018656
178.3237 0.017834
179.1036 0.017308
179.8399 0.016904
180.5237 0.016599
181.1575 0.016474
181.7746 0.016010
182.3633 0.015669
182.9192 0.015496
183.4519 0.015260
183.9738 0.014920
184.4736 0.014878
184.9530 0.014658
185.4177 0.014573
185.8680 0.014458
186.2998 0.014144
186.7222 0.014118
187.1376 0.014421
187.5375 0.014198
187.9407 0.014133
188.3214 0.014141
188.6966 0.014099
189.0682 0.014062
189.4296 0.013836
189.7857 0.013739
190.1348 0.013599
190.4755 0.013452
190.8129 0.013432
191.1403 0.013416
191.4703 0.013486
191.7942 0.013300
192.1131 0.013119
192.4177 0.013141
192.7239 0.012997
193.0260 0.012931
193.3291 0.012883
193.6303 0.012676
193.9216 0.012572
194.2140 0.012447
194.5033 0.012462
194.7867 0.012262
195.0686 0.012403
195.3431 0.012380
195.6155 0.012353
195.8909 0.012238
196.1593 0.012288
196.4275 0.012265
196.6979 0.012321
196.9622 0.012372
197.2297 0.012324
197.4943 0.012343
197.7549 0.012301
198.0119 0.012324
198.2698 0.012391
198.5243 0.012286
198.7772 0.012309
199.0302 0.012397
199.2800 0.012392
199.5302 0.012276
199.7764 0.012209
200.0239 0.012045
200.2712 0.012046
200.5134 0.012022
200.7575 0.012012
201.0009 0.012079
201.2426 0.012158
201.4801 0.012175
201.7193 0.012135
201.9558 0.012171
202.1939 0.012265
202.4335 0.012124
202.6706 0.012057
202.9076 0.012019
203.1429 0.012071
203.3775 0.012079
203.6143 0.012034
203.8474 0.011886
204.0790 0.011967
204.3141 0.012031
204.5474 0.011833
204.7813 0.011883
205.0137 0.011839
205.2475 0.011826
205.4870 0.012045
205.7227 0.011952
205.9566 0.011964
206.1906 0.011914
206.4264 0.011864
206.6580 0.011833
206.8882 0.011825
207.1228 0.011773
207.3601 0.011700
207.5945 0.011609
207.8271 0.011524
208.0629 0.011547
208.2959 0.011553
208.5317 0.011733
208.7682 0.011882
209.0063 0.011798
209.2446 0.011716
209.4828 0.011772
209.7236 0.011793
209.9646 0.011725
210.2031 0.011739
210.4393 0.011854
210.6772 0.011862
210.9208 0.012019
211.1633 0.011957
211.4039 0.012008
211.6493 0.012155
211.8952 0.012112
212.1421 0.012119
212.3901 0.012158
212.6370 0.012205
212.8845 0.012042
213.1358 0.011966
213.3814 0.012131
213.6338 0.012204
213.8911 0.012206
214.1446 0.012194
214.4012 0.012307
214.6612 0.012368
214.9205 0.012327
215.1858 0.012335
215.4508 0.012392
215.7146 0.012456
215.9808 0.012575
216.2488 0.012660
216.5176 0.012689
216.7899 0.012784
217.0659 0.012962
217.3444 0.012957
217.6255 0.012866
217.9103 0.012909
218.1962 0.012796
218.4855 0.012727
218.7743 0.012646
219.0664 0.012866
219.3668 0.013010
219.6664 0.013171
219.9686 0.013239
220.2731 0.013157
220.5797 0.013200
220.8927 0.013485
221.2074 0.013702
221.5301 0.013815
221.8570 0.013821
222.1851 0.014113
222.5172 0.014435
222.8545 0.014587
223.1994 0.014900
223.5467 0.015079
223.9046 0.015405
224.2669 0.015511
224.6399 0.015612
225.0178 0.015818
225.4001 0.015959
225.7841 0.015956
226.1857 0.016375
226.5909 0.016513
227.0063 0.016451
227.4324 0.016369
227.8658 0.016725
228.3089 0.016834
228.7667 0.016850
229.2394 0.016948
229.7170 0.017326
230.2183 0.017520
230.7292 0.017643
231.2563 0.017912
231.8144 0.018160
232.3749 0.018512
232.9665 0.018908
233.5854 0.019156
234.2392 0.019933
234.9135 0.020661
235.6254 0.020821
236.3697 0.021375
237.1553 0.021940
238.0026 0.022624
238.9057 0.023599
239.8670 0.023978
240.9241 0.025059
242.0790 0.025875
243.3698 0.027864
244.8194 0.028786
246.4776 0.030757
248.4708 0.034651
250.9555 0.038388
254.3704 0.044782
255.2262 0.046252
256.1860 0.049981
257.2671 0.053412
258.4724 0.055631
259.9074 0.059179
261.5978 0.063356
263.6758 0.072329
266.4656 0.086550
271.3654 0.112962
275.7145 0.147193
281.5297 0.224772
286.1313 0.302610
 tr2-08-4 3 1
152.9606 0.187000
155.4934 0.133697
159.2702 0.091631
162.3519 0.074068
165.6910 0.055979
167.7806 0.048421
169.3332 0.042963
170.5778 0.038907
171.5912 0.035570
172.4459 0.033737
173.2431 0.031979
173.9573 0.030442
174.6137 0.029645
177.1893 0.026261
179.1360 0.023627
180.7076 0.022097
182.0293 0.021163
183.1881 0.020866
184.2345 0.019325
185.1870 0.018345
186.0596 0.018031
186.8641 0.017783
187.6002 0.017195
188.3083 0.017000
188.9744 0.016604
189.6077 0.016280
190.2100 0.015913
190.7800 0.015817
191.3262 0.015512
191.8554 0.015245
192.3646 0.015390
192.8570 0.015267
193.3310 0.015134
193.8012 0.015101
194.2545 0.015034
194.6968 0.014945
195.1228 0.014649
195.5342 0.014497
195.9487 0.014626
196.3481 0.014190
196.7323 0.014188
197.1172 0.014183
197.4881 0.014076
197.8528 0.013825
198.2104 0.014071
198.5651 0.013791
198.9130 0.013641
199.2541 0.013857
199.5891 0.013701
199.9209 0.013492
200.2461 0.013354
200.5679 0.013439
200.8838 0.013460
201.2022 0.013530
201.5109 0.013403
201.8154 0.013554
202.1206 0.013389
202.4188 0.013476
202.7159 0.013429
203.0083 0.013269
203.2994 0.013175
203.5905 0.013026
203.8746 0.012936
204.1583 0.012993
204.4352 0.012872
204.7152 0.012766
204.9938 0.012667
205.2673 0.012588
205.5393 0.012498
205.8082 0.012464
206.0755 0.012431
206.3398 0.012351
206.6037 0.012418
206.8681 0.012254
207.1317 0.012149
207.3892 0.012120
207.6465 0.012112
207.9026 0.012142
208.1589 0.012080
208.4176 0.012177
208.6719 0.012102
208.9268 0.012127
209.1750 0.012065
209.4274 0.012127
209.6776 0.012102
209.9226 0.012093
210.1721 0.012149
210.4189 0.012082
210.6639 0.012159
210.9075 0.011924
211.1520 0.011849
211.3989 0.011934
211.6444 0.011830
211.8861 0.011771
212.1283 0.011929
212.3733 0.011987
212.6133 0.011918
212.8552 0.012081
213.0954 0.012107
213.3381 0.012119
213.5754 0.012075
213.8151 0.012120
214.0555 0.012087
214.2955 0.012067
214.5358 0.012111
214.7723 0.012159
215.0132 0.012175
215.2535 0.012112
215.4979 0.011971
215.7364 0.011978
215.9793 0.011923
216.2218 0.011779
216.4626 0.011733
216.7069 0.011725
216.9500 0.011856
217.1903 0.011865
217.4323 0.011839
217.6763 0.011912
217.9184 0.011960
218.1636 0.011987
218.4098 0.012033
218.6558 0.012119
218.9061 0.012116
219.1529 0.012345
219.3991 0.012356
219.6478 0.012341
219.8971 0.012287
220.1477 0.012392
220.3989 0.012426
220.6480 0.012561
220.9016 0.012698
221.1566 0.012764
221.4120 0.012792
221.6692 0.012923
221.9286 0.012996
222.1854 0.012959
222.4462 0.012960
222.7064 0.012972
222.9702 0.013035
223.2317 0.013026
223.4992 0.013055
223.7648 0.013212
224.0336 0.013271
224.3003 0.013233
224.5710 0.013185
224.8455 0.013328
225.1192 0.013334
225.3980 0.013505
225.6791 0.013476
225.9601 0.013506
226.2461 0.013646
226.5370 0.013761
226.8261 0.013869
227.1149 0.013883
227.4092 0.013886
227.7054 0.013899
228.0066 0.013940
228.3169 0.013907
228.6259 0.013883
228.9431 0.013995
229.2516 0.014074
229.5719 0.014165
229.8928 0.014250
230.2153 0.014219
230.5472 0.014416
230.8821 0.014444
231.2242 0.014432
231.5642 0.014416
231.9160 0.014565
232.2733 0.014643
232.6356 0.014873
233.0040 0.015073
233.3754 0.015301
233.7527 0.015526
234.1353 0.015574
234.5302 0.015550
234.9313 0.015830
235.3433 0.016146
235.7626 0.016138
236.1919 0.016199
236.6271 0.016247
237.0706 0.016392
237.5275 0.016578
237.9953 0.016683
238.4802 0.016966
238.9749 0.017146
239.4902 0.017755
240.0213 0.018239
240.5585 0.018690
241.1222 0.018814
241.7076 0.019130
242.3138 0.019556
242.9415 0.019819
243.6062 0.019919
244.3032 0.020190
245.0285 0.020324
245.7903 0.020527
246.6021 0.021525
247.4531 0.022079
248.3737 0.022387
249.3729 0.023169
250.4522 0.024378
251.6450 0.025649
252.9624 0.026102
254.4621 0.027744
256.1991 0.029525
258.2572 0.032285
260.8325 0.037023
264.2877 0.045477
265.1737 0.047631
266.1196 0.049124
267.1954 0.052518
268.4779 0.053855
269.8922 0.058227
271.5998 0.063205
273.7666 0.070056
276.7761 0.085215
281.7005 0.108694
286.3978 0.153876
292.2348 0.229764
296.5031 0.315890
tr2s-08-4 3 1
160.6588 0.180046
163.1533 0.136610
167.0332 0.099648
170.1879 0.077479
173.5452 0.056061
175.6108 0.046353
177.1746 0.043145
178.4274 0.039896
179.4609 0.036603
180.3444 0.033568
181.1470 0.032125
181.8513 0.031058
182.4940 0.030067
185.1041 0.027181
187.0471 0.024729
188.6246 0.022352
189.9548 0.020573
191.1337 0.020169
192.1611 0.019924
193.1171 0.018896
193.9823 0.018358
194.7972 0.017865
195.5420 0.017378
196.2416 0.016902
196.9125 0.016830
197.5401 0.016351
198.1433 0.016044
198.7165 0.015848
199.2637 0.016034
199.8057 0.015892
200.3222 0.015569
200.8145 0.015377
201.2971 0.015107
201.7610 0.015120
202.2121 0.014942
202.6488 0.015000
203.0805 0.014791
203.4976 0.014778
203.9081 0.014640
204.3059 0.014626
204.6935 0.014193
205.0721 0.014101
205.4452 0.013981
205.8092 0.013822
206.1696 0.013676
206.5239 0.013553
206.8765 0.013619
207.2178 0.013317
207.5536 0.013189
207.8878 0.013251
208.2138 0.013204
208.5392 0.013293
208.8577 0.013289
209.1736 0.013201
209.4808 0.013171
209.7899 0.013322
210.0948 0.013402
210.3957 0.013387
210.6941 0.013166
210.9910 0.013078
211.2827 0.013000
211.5676 0.012886
211.8547 0.012815
212.1360 0.012946
212.4157 0.012714
212.6948 0.012684
212.9679 0.012598
213.2430 0.012515
213.5157 0.012507
213.7855 0.012487
214.0531 0.012381
214.3212 0.012422
214.5862 0.012343
214.8506 0.012305
215.1110 0.012282
215.3704 0.012234
215.6306 0.012198
215.8894 0.012091
216.1481 0.012079
216.4028 0.012081
216.6600 0.012042
216.9116 0.011942
217.1657 0.012039
217.4178 0.012161
217.6675 0.012133
217.9138 0.012050
218.1598 0.011906
218.4054 0.011961
218.6524 0.011908
218.8968 0.012007
219.1427 0.012020
219.3864 0.011941
219.6323 0.011943
219.8740 0.011810
220.1182 0.011768
220.3603 0.011669
220.6032 0.011540
220.8449 0.011493
221.0868 0.011456
221.3238 0.011461
221.5631 0.011538
221.8037 0.011491
222.0471 0.011441
222.2858 0.011500
222.5288 0.011644
222.7711 0.011593
223.0137 0.011701
223.2530 0.011742
223.4953 0.011791
223.7346 0.011842
223.9745 0.011961
224.2160 0.011924
224.4578 0.012012
224.7001 0.011993
224.9425 0.011979
225.1887 0.011998
225.4311 0.012068
225.6754 0.012182
225.9188 0.012151
226.1625 0.012108
226.4083 0.012014
226.6541 0.011912
226.9012 0.011960
227.1492 0.012120
227.3976 0.012257
227.6495 0.012403
227.8983 0.012511
228.1497 0.012528
228.4023 0.012597
228.6549 0.012569
228.9082 0.012667
229.1644 0.012724
229.4162 0.012819
229.6714 0.012862
229.9327 0.012727
230.1927 0.012819
230.4538 0.012938
230.7164 0.012883
230.9826 0.012972
231.2448 0.013022
231.5112 0.012923
231.7813 0.012880
232.0514 0.012989
232.3243 0.013071
232.5940 0.013146
232.8696 0.013262
233.1477 0.013396
233.4254 0.013467
233.7058 0.013373
233.9872 0.013311
234.2710 0.013479
234.5579 0.013455
234.8473 0.013416
235.1394 0.013264
235.4339 0.013205
235.7319 0.013296
236.0301 0.013413
236.3350 0.013429
236.6439 0.013607
236.9582 0.013584
237.2695 0.013884
237.5924 0.014053
237.9113 0.014080
238.2407 0.014275
238.5721 0.014354
238.9058 0.014348
239.2443 0.014585
239.5882 0.014895
239.9403 0.014973
240.2990 0.015066
240.6611 0.015236
241.0262 0.015401
241.4013 0.015351
241.7826 0.015787
242.1728 0.015952
242.5670 0.016021
242.9649 0.016190
243.3733 0.016502
243.7971 0.016540
244.2270 0.016468
244.6644 0.016641
245.1092 0.016700
245.5610 0.016852
246.0339 0.017080
246.5129 0.017346
247.0088 0.017726
247.5175 0.017864
248.0483 0.017973
248.5962 0.018165
249.1594 0.018425
249.7484 0.018749
250.3548 0.018907
250.9813 0.019767
251.6365 0.019925
252.3272 0.020339
253.0583 0.020256
253.8301 0.021015
254.6445 0.021724
255.5076 0.022078
256.4318 0.023088
257.4264 0.023806
258.5180 0.025224
259.7130 0.025768
261.0330 0.026246
262.5472 0.027353
264.2776 0.029025
266.3245 0.032344
268.8904 0.037778
272.3680 0.046436
273.2557 0.047452
274.2377 0.049882
275.3016 0.052055
276.5493 0.054801
277.9756 0.059974
279.7267 0.064162
281.8683 0.071462
284.9132 0.082870
289.9377 0.110227
294.4613 0.155074
300.2526 0.229845
304.5418 0.306614
