Copyright (C) 1998 James G. MacKinnon, Alfred A. Haug, and Leo Michelis.
 lm0-04-3 2 1
  9.6361 0.019150
 10.0860 0.014781
 10.7633 0.010150
 11.3038 0.008316
 11.9127 0.006568
 12.3002 0.005467
 12.5897 0.005007
 12.8244 0.004490
 13.0246 0.004273
 13.2014 0.004198
 13.3605 0.004022
 13.5031 0.003916
 13.6320 0.003725
 14.1556 0.003447
 14.5619 0.003118
 14.8960 0.003047
 15.1832 0.002840
 15.4354 0.002731
 15.6639 0.002668
 15.8715 0.002563
 16.0632 0.002531
 16.2426 0.002464
 16.4110 0.002353
 16.5697 0.002279
 16.7219 0.002294
 16.8665 0.002279
 17.0043 0.002222
 17.1380 0.002176
 17.2663 0.002177
 17.3906 0.002125
 17.5110 0.002108
 17.6283 0.002093
 17.7413 0.002075
 17.8522 0.002096
 17.9598 0.002052
 18.0655 0.002066
 18.1687 0.002051
 18.2698 0.002017
 18.3681 0.002035
 18.4652 0.001996
 18.5599 0.001973
 18.6530 0.001967
 18.7445 0.001971
 18.8348 0.001923
 18.9245 0.001900
 19.0123 0.001863
 19.0990 0.001853
 19.1843 0.001863
 19.2685 0.001854
 19.3517 0.001843
 19.4335 0.001863
 19.5150 0.001857
 19.5958 0.001886
 19.6752 0.001898
 19.7539 0.001906
 19.8323 0.001916
 19.9096 0.001894
 19.9859 0.001898
 20.0621 0.001907
 20.1371 0.001921
 20.2125 0.001930
 20.2873 0.001940
 20.3615 0.001917
 20.4350 0.001915
 20.5076 0.001932
 20.5796 0.001956
 20.6518 0.001946
 20.7237 0.001969
 20.7960 0.001999
 20.8668 0.001999
 20.9373 0.002000
 21.0078 0.002008
 21.0775 0.002050
 21.1476 0.002062
 21.2176 0.002038
 21.2872 0.002046
 21.3562 0.002057
 21.4248 0.002063
 21.4935 0.002081
 21.5608 0.002072
 21.6294 0.002096
 21.6978 0.002080
 21.7658 0.002085
 21.8334 0.002094
 21.9004 0.002080
 21.9680 0.002081
 22.0358 0.002108
 22.1034 0.002119
 22.1713 0.002096
 22.2390 0.002078
 22.3061 0.002091
 22.3733 0.002079
 22.4409 0.002082
 22.5079 0.002072
 22.5752 0.002078
 22.6429 0.002083
 22.7102 0.002068
 22.7772 0.002058
 22.8449 0.002072
 22.9126 0.002067
 22.9801 0.002054
 23.0475 0.002040
 23.1152 0.002045
 23.1831 0.002027
 23.2508 0.002002
 23.3191 0.002020
 23.3870 0.002032
 23.4552 0.002033
 23.5238 0.002031
 23.5925 0.002036
 23.6615 0.002045
 23.7307 0.002053
 23.8002 0.002067
 23.8699 0.002074
 23.9396 0.002062
 24.0095 0.002076
 24.0801 0.002091
 24.1502 0.002109
 24.2213 0.002125
 24.2922 0.002137
 24.3634 0.002134
 24.4352 0.002133
 24.5070 0.002168
 24.5786 0.002162
 24.6505 0.002173
 24.7240 0.002183
 24.7967 0.002196
 24.8708 0.002225
 24.9449 0.002222
 25.0195 0.002251
 25.0942 0.002265
 25.1699 0.002242
 25.2453 0.002263
 25.3207 0.002275
 25.3974 0.002295
 25.4752 0.002300
 25.5533 0.002331
 25.6317 0.002339
 25.7108 0.002331
 25.7908 0.002347
 25.8710 0.002348
 25.9519 0.002341
 26.0335 0.002361
 26.1160 0.002354
 26.1992 0.002346
 26.2832 0.002363
 26.3674 0.002344
 26.4529 0.002357
 26.5387 0.002390
 26.6259 0.002419
 26.7136 0.002452
 26.8027 0.002434
 26.8921 0.002459
 26.9830 0.002459
 27.0755 0.002513
 27.1683 0.002531
 27.2626 0.002556
 27.3581 0.002560
 27.4552 0.002593
 27.5526 0.002674
 27.6515 0.002651
 27.7525 0.002675
 27.8544 0.002674
 27.9587 0.002645
 28.0648 0.002667
 28.1707 0.002639
 28.2790 0.002667
 28.3886 0.002702
 28.5004 0.002762
 28.6143 0.002781
 28.7301 0.002810
 28.8482 0.002844
 28.9691 0.002909
 29.0929 0.002897
 29.2192 0.002865
 29.3468 0.002910
 29.4780 0.002938
 29.6130 0.002946
 29.7504 0.002972
 29.8918 0.002974
 30.0355 0.002998
 30.1834 0.003088
 30.3360 0.003142
 30.4932 0.003175
 30.6558 0.003171
 30.8232 0.003232
 30.9956 0.003265
 31.1736 0.003373
 31.3605 0.003444
 31.5542 0.003516
 31.7540 0.003642
 31.9630 0.003757
 32.1822 0.003781
 32.4106 0.003838
 32.6508 0.003920
 32.9053 0.004107
 33.1754 0.004153
 33.4642 0.004290
 33.7730 0.004432
 34.1050 0.004626
 34.4625 0.004927
 34.8516 0.005198
 35.2805 0.005499
 35.7670 0.005918
 36.3222 0.006350
 36.9636 0.006798
 37.7367 0.007327
 38.7166 0.008423
 40.0669 0.009866
 40.4178 0.010138
 40.8013 0.010805
 41.2311 0.011394
 41.7252 0.012310
 42.3065 0.013210
 43.0205 0.014595
 43.9219 0.016132
 45.1584 0.019998
 47.2096 0.027634
 49.2088 0.038485
 51.8163 0.059689
 53.6982 0.085294
 lm1-04-3 2 1
 11.5594 0.020526
 12.0397 0.014949
 12.7319 0.011333
 13.3251 0.009268
 13.9790 0.007369
 14.3988 0.006372
 14.7144 0.005616
 14.9674 0.005180
 15.1806 0.004875
 15.3698 0.004563
 15.5370 0.004347
 15.6881 0.004255
 15.8252 0.004061
 16.3878 0.003711
 16.8215 0.003303
 17.1756 0.003165
 17.4806 0.003016
 17.7471 0.002859
 17.9890 0.002799
 18.2103 0.002675
 18.4144 0.002651
 18.6051 0.002610
 18.7852 0.002576
 18.9553 0.002517
 19.1185 0.002533
 19.2721 0.002486
 19.4182 0.002437
 19.5592 0.002388
 19.6956 0.002323
 19.8284 0.002290
 19.9558 0.002304
 20.0807 0.002322
 20.2014 0.002294
 20.3184 0.002330
 20.4325 0.002295
 20.5436 0.002340
 20.6521 0.002358
 20.7584 0.002351
 20.8629 0.002362
 20.9651 0.002307
 21.0653 0.002302
 21.1643 0.002298
 21.2612 0.002283
 21.3568 0.002272
 21.4507 0.002264
 21.5434 0.002234
 21.6344 0.002225
 21.7249 0.002215
 21.8133 0.002211
 21.9010 0.002195
 21.9871 0.002193
 22.0722 0.002184
 22.1570 0.002179
 22.2410 0.002192
 22.3237 0.002192
 22.4060 0.002172
 22.4878 0.002148
 22.5683 0.002170
 22.6488 0.002185
 22.7285 0.002174
 22.8073 0.002181
 22.8862 0.002211
 22.9636 0.002196
 23.0412 0.002186
 23.1183 0.002191
 23.1943 0.002176
 23.2701 0.002175
 23.3454 0.002184
 23.4205 0.002172
 23.4949 0.002195
 23.5689 0.002192
 23.6433 0.002195
 23.7170 0.002219
 23.7898 0.002204
 23.8630 0.002202
 23.9355 0.002191
 24.0089 0.002185
 24.0812 0.002179
 24.1536 0.002192
 24.2260 0.002194
 24.2974 0.002168
 24.3688 0.002168
 24.4408 0.002159
 24.5121 0.002150
 24.5834 0.002152
 24.6541 0.002161
 24.7248 0.002176
 24.7954 0.002187
 24.8664 0.002206
 24.9370 0.002214
 25.0077 0.002204
 25.0786 0.002194
 25.1496 0.002221
 25.2202 0.002254
 25.2907 0.002250
 25.3612 0.002252
 25.4318 0.002249
 25.5026 0.002256
 25.5730 0.002252
 25.6438 0.002257
 25.7150 0.002251
 25.7855 0.002252
 25.8568 0.002261
 25.9278 0.002268
 25.9992 0.002263
 26.0699 0.002261
 26.1414 0.002265
 26.2125 0.002270
 26.2844 0.002271
 26.3560 0.002257
 26.4281 0.002254
 26.5000 0.002280
 26.5720 0.002307
 26.6449 0.002294
 26.7177 0.002306
 26.7909 0.002335
 26.8642 0.002351
 26.9382 0.002377
 27.0116 0.002373
 27.0858 0.002387
 27.1602 0.002398
 27.2351 0.002411
 27.3103 0.002420
 27.3857 0.002397
 27.4612 0.002423
 27.5374 0.002416
 27.6139 0.002401
 27.6905 0.002386
 27.7678 0.002378
 27.8454 0.002403
 27.9237 0.002403
 28.0023 0.002448
 28.0817 0.002425
 28.1615 0.002465
 28.2422 0.002466
 28.3233 0.002447
 28.4042 0.002472
 28.4861 0.002464
 28.5691 0.002461
 28.6517 0.002453
 28.7356 0.002473
 28.8201 0.002462
 28.9054 0.002498
 28.9911 0.002510
 29.0781 0.002517
 29.1655 0.002520
 29.2541 0.002528
 29.3440 0.002513
 29.4342 0.002505
 29.5251 0.002503
 29.6166 0.002507
 29.7099 0.002510
 29.8034 0.002527
 29.8981 0.002532
 29.9946 0.002559
 30.0918 0.002582
 30.1902 0.002604
 30.2898 0.002632
 30.3901 0.002638
 30.4916 0.002665
 30.5946 0.002720
 30.6993 0.002780
 30.8055 0.002770
 30.9132 0.002760
 31.0225 0.002810
 31.1343 0.002798
 31.2480 0.002810
 31.3631 0.002873
 31.4801 0.002870
 31.5989 0.002920
 31.7197 0.002937
 31.8435 0.002958
 31.9696 0.002970
 32.0973 0.003005
 32.2281 0.003021
 32.3622 0.003033
 32.4988 0.003054
 32.6386 0.003080
 32.7815 0.003120
 32.9283 0.003125
 33.0787 0.003207
 33.2338 0.003318
 33.3935 0.003320
 33.5567 0.003404
 33.7251 0.003405
 33.8984 0.003487
 34.0773 0.003560
 34.2628 0.003626
 34.4554 0.003732
 34.6563 0.003740
 34.8656 0.003858
 35.0823 0.003939
 35.3087 0.003982
 35.5454 0.004115
 35.7966 0.004326
 36.0590 0.004422
 36.3374 0.004438
 36.6338 0.004599
 36.9538 0.004896
 37.2960 0.005006
 37.6689 0.005257
 38.0770 0.005604
 38.5261 0.005941
 39.0291 0.006352
 39.5992 0.006868
 40.2689 0.007145
 41.0760 0.007827
 42.0940 0.008587
 43.4953 0.010454
 43.8449 0.010945
 44.2421 0.011268
 44.6898 0.011945
 45.2079 0.012585
 45.8011 0.014011
 46.5238 0.015374
 47.4292 0.017838
 48.7063 0.020963
 50.8045 0.029394
 52.9043 0.040381
 55.5329 0.065472
 57.4681 0.089401
lm1s-04-3 2 1
 12.3059 0.020275
 12.7841 0.015652
 13.4774 0.011115
 14.0802 0.008889
 14.7377 0.006885
 15.1512 0.005868
 15.4656 0.005382
 15.7212 0.004977
 15.9356 0.004660
 16.1255 0.004451
 16.2953 0.004188
 16.4470 0.003995
 16.5862 0.003961
 17.1557 0.003514
 17.5868 0.003270
 17.9405 0.003009
 18.2450 0.002897
 18.5145 0.002817
 18.7583 0.002732
 18.9807 0.002690
 19.1867 0.002671
 19.3791 0.002639
 19.5573 0.002600
 19.7279 0.002530
 19.8902 0.002481
 20.0453 0.002396
 20.1927 0.002396
 20.3356 0.002351
 20.4727 0.002343
 20.6042 0.002326
 20.7319 0.002326
 20.8567 0.002297
 20.9764 0.002325
 21.0931 0.002303
 21.2070 0.002347
 21.3181 0.002360
 21.4268 0.002322
 21.5334 0.002301
 21.6381 0.002248
 21.7403 0.002230
 21.8416 0.002222
 21.9403 0.002203
 22.0372 0.002219
 22.1326 0.002210
 22.2270 0.002212
 22.3194 0.002189
 22.4107 0.002164
 22.5002 0.002143
 22.5890 0.002141
 22.6777 0.002177
 22.7652 0.002172
 22.8508 0.002180
 22.9356 0.002163
 23.0203 0.002160
 23.1029 0.002149
 23.1849 0.002142
 23.2666 0.002141
 23.3479 0.002151
 23.4285 0.002155
 23.5082 0.002136
 23.5872 0.002146
 23.6663 0.002143
 23.7443 0.002173
 23.8212 0.002184
 23.8982 0.002169
 23.9745 0.002149
 24.0507 0.002167
 24.1262 0.002191
 24.2015 0.002182
 24.2759 0.002146
 24.3503 0.002144
 24.4252 0.002146
 24.4992 0.002130
 24.5729 0.002124
 24.6464 0.002156
 24.7195 0.002140
 24.7924 0.002126
 24.8643 0.002130
 24.9371 0.002140
 25.0087 0.002121
 25.0808 0.002139
 25.1529 0.002148
 25.2243 0.002188
 25.2953 0.002224
 25.3664 0.002202
 25.4372 0.002189
 25.5080 0.002191
 25.5788 0.002182
 25.6495 0.002177
 25.7205 0.002167
 25.7919 0.002189
 25.8628 0.002195
 25.9337 0.002212
 26.0045 0.002201
 26.0746 0.002198
 26.1451 0.002211
 26.2155 0.002219
 26.2864 0.002219
 26.3569 0.002230
 26.4271 0.002214
 26.4975 0.002202
 26.5686 0.002203
 26.6396 0.002188
 26.7104 0.002211
 26.7820 0.002225
 26.8526 0.002235
 26.9239 0.002277
 26.9958 0.002278
 27.0675 0.002299
 27.1391 0.002305
 27.2111 0.002307
 27.2832 0.002323
 27.3557 0.002348
 27.4284 0.002358
 27.5013 0.002349
 27.5742 0.002344
 27.6480 0.002350
 27.7213 0.002341
 27.7948 0.002350
 27.8694 0.002334
 27.9440 0.002361
 28.0185 0.002340
 28.0941 0.002335
 28.1697 0.002359
 28.2460 0.002344
 28.3219 0.002390
 28.3983 0.002397
 28.4755 0.002384
 28.5531 0.002410
 28.6314 0.002418
 28.7097 0.002463
 28.7888 0.002441
 28.8676 0.002434
 28.9472 0.002402
 29.0274 0.002390
 29.1081 0.002427
 29.1900 0.002447
 29.2726 0.002450
 29.3553 0.002446
 29.4386 0.002454
 29.5221 0.002450
 29.6065 0.002450
 29.6920 0.002443
 29.7783 0.002443
 29.8652 0.002467
 29.9530 0.002489
 30.0410 0.002511
 30.1301 0.002540
 30.2199 0.002548
 30.3108 0.002578
 30.4032 0.002581
 30.4966 0.002563
 30.5904 0.002589
 30.6846 0.002632
 30.7806 0.002630
 30.8770 0.002644
 30.9750 0.002664
 31.0746 0.002675
 31.1755 0.002714
 31.2781 0.002737
 31.3811 0.002721
 31.4865 0.002752
 31.5932 0.002809
 31.6999 0.002816
 31.8093 0.002817
 31.9211 0.002835
 32.0340 0.002869
 32.1486 0.002910
 32.2658 0.002922
 32.3850 0.002933
 32.5072 0.002987
 32.6304 0.002980
 32.7556 0.003011
 32.8844 0.003022
 33.0155 0.003116
 33.1493 0.003104
 33.2863 0.003147
 33.4269 0.003112
 33.5697 0.003143
 33.7160 0.003190
 33.8660 0.003217
 34.0207 0.003240
 34.1790 0.003279
 34.3429 0.003314
 34.5110 0.003359
 34.6850 0.003411
 34.8653 0.003500
 35.0523 0.003594
 35.2453 0.003554
 35.4459 0.003702
 35.6537 0.003859
 35.8707 0.003944
 36.0977 0.004031
 36.3361 0.004158
 36.5848 0.004262
 36.8486 0.004380
 37.1293 0.004600
 37.4242 0.004789
 37.7402 0.005030
 38.0824 0.005199
 38.4573 0.005363
 38.8644 0.005654
 39.3105 0.006016
 39.8126 0.006327
 40.3827 0.006665
 41.0519 0.007129
 41.8636 0.007739
 42.8822 0.008600
 44.2784 0.010289
 44.6337 0.010487
 45.0389 0.010960
 45.4789 0.011572
 45.9870 0.012703
 46.5825 0.013256
 47.2965 0.015075
 48.2157 0.017371
 49.5016 0.021228
 51.5940 0.029330
 53.7192 0.041931
 56.3438 0.065816
 58.3070 0.092048
 lm2-04-3 3 1
 13.4889 0.035395
 14.0402 0.026051
 14.7744 0.019213
 15.4076 0.015534
 16.1109 0.012509
 16.5549 0.010794
 16.8883 0.009923
 17.1529 0.009179
 17.3819 0.008692
 17.5831 0.008418
 17.7568 0.008244
 17.9166 0.007898
 18.0666 0.007452
 18.6673 0.006567
 19.1237 0.006144
 19.4964 0.005882
 19.8219 0.005573
 20.1049 0.005320
 20.3633 0.005068
 20.5979 0.005010
 20.8149 0.004915
 21.0176 0.004787
 21.2049 0.004736
 21.3828 0.004635
 21.5518 0.004520
 21.7153 0.004439
 21.8682 0.004413
 22.0183 0.004424
 22.1605 0.004417
 22.3000 0.004359
 22.4343 0.004317
 22.5635 0.004252
 22.6909 0.004198
 22.8139 0.004169
 22.9330 0.004109
 23.0494 0.004047
 23.1642 0.003990
 23.2759 0.003997
 23.3844 0.003936
 23.4923 0.003895
 23.5964 0.003923
 23.6999 0.003920
 23.8003 0.003924
 23.9002 0.003900
 24.0001 0.003930
 24.0962 0.003923
 24.1912 0.003898
 24.2866 0.003918
 24.3789 0.003976
 24.4717 0.003933
 24.5625 0.003944
 24.6523 0.003964
 24.7417 0.003943
 24.8292 0.003851
 24.9162 0.003804
 25.0020 0.003787
 25.0873 0.003772
 25.1718 0.003742
 25.2569 0.003767
 25.3407 0.003748
 25.4232 0.003739
 25.5056 0.003751
 25.5879 0.003721
 25.6691 0.003695
 25.7504 0.003692
 25.8310 0.003743
 25.9100 0.003739
 25.9891 0.003743
 26.0679 0.003754
 26.1458 0.003726
 26.2232 0.003684
 26.3010 0.003687
 26.3776 0.003721
 26.4543 0.003747
 26.5314 0.003767
 26.6088 0.003722
 26.6848 0.003733
 26.7603 0.003713
 26.8356 0.003646
 26.9110 0.003696
 26.9863 0.003698
 27.0613 0.003704
 27.1366 0.003749
 27.2098 0.003807
 27.2845 0.003795
 27.3599 0.003782
 27.4342 0.003777
 27.5084 0.003784
 27.5820 0.003766
 27.6559 0.003761
 27.7302 0.003796
 27.8039 0.003805
 27.8779 0.003802
 27.9523 0.003846
 28.0257 0.003866
 28.0992 0.003899
 28.1726 0.003949
 28.2464 0.003950
 28.3204 0.003901
 28.3941 0.003896
 28.4675 0.003879
 28.5416 0.003912
 28.6153 0.003876
 28.6898 0.003874
 28.7635 0.003888
 28.8380 0.003899
 28.9127 0.003889
 28.9870 0.003847
 29.0612 0.003845
 29.1354 0.003870
 29.2113 0.003824
 29.2850 0.003839
 29.3611 0.003856
 29.4363 0.003862
 29.5123 0.003849
 29.5884 0.003898
 29.6655 0.003891
 29.7423 0.003893
 29.8194 0.003888
 29.8966 0.003920
 29.9755 0.003963
 30.0533 0.003984
 30.1312 0.004044
 30.2095 0.004033
 30.2883 0.004024
 30.3674 0.004012
 30.4479 0.004062
 30.5279 0.004037
 30.6075 0.004113
 30.6886 0.004134
 30.7707 0.004178
 30.8508 0.004189
 30.9325 0.004239
 31.0160 0.004249
 31.1006 0.004252
 31.1851 0.004294
 31.2700 0.004296
 31.3560 0.004276
 31.4423 0.004299
 31.5297 0.004294
 31.6163 0.004289
 31.7040 0.004371
 31.7927 0.004401
 31.8824 0.004377
 31.9717 0.004396
 32.0634 0.004400
 32.1539 0.004427
 32.2461 0.004446
 32.3403 0.004489
 32.4346 0.004474
 32.5295 0.004476
 32.6259 0.004496
 32.7235 0.004539
 32.8230 0.004596
 32.9238 0.004578
 33.0248 0.004661
 33.1283 0.004640
 33.2313 0.004663
 33.3361 0.004700
 33.4417 0.004780
 33.5491 0.004792
 33.6577 0.004807
 33.7683 0.004845
 33.8814 0.004882
 33.9948 0.004912
 34.1082 0.004992
 34.2254 0.004995
 34.3427 0.005050
 34.4629 0.005114
 34.5867 0.005137
 34.7125 0.005209
 34.8389 0.005303
 34.9691 0.005309
 35.1029 0.005343
 35.2389 0.005419
 35.3777 0.005417
 35.5195 0.005481
 35.6635 0.005585
 35.8120 0.005593
 35.9636 0.005692
 36.1219 0.005742
 36.2834 0.005906
 36.4482 0.005991
 36.6167 0.006174
 36.7916 0.006312
 36.9703 0.006444
 37.1541 0.006498
 37.3461 0.006588
 37.5448 0.006649
 37.7539 0.006706
 37.9659 0.006818
 38.1937 0.006953
 38.4278 0.007095
 38.6734 0.007386
 38.9307 0.007553
 39.2022 0.007791
 39.4895 0.007967
 39.8002 0.008291
 40.1284 0.008373
 40.4869 0.008583
 40.8753 0.008796
 41.2951 0.009178
 41.7608 0.009807
 42.2787 0.010323
 42.8774 0.010841
 43.5696 0.011398
 44.4034 0.013215
 45.4434 0.015556
 46.8888 0.018642
 47.2574 0.019479
 47.6586 0.020336
 48.1250 0.022047
 48.6589 0.023867
 49.2850 0.026072
 50.0355 0.028365
 51.0188 0.031658
 52.3624 0.037421
 54.5594 0.051754
 56.7047 0.071188
 59.4715 0.114611
 61.4450 0.143669
lm2s-04-3 3 1
 14.4058 0.035876
 14.8846 0.028593
 15.6030 0.019970
 16.2038 0.016513
 16.9112 0.012045
 17.3458 0.010783
 17.6807 0.009967
 17.9475 0.009193
 18.1783 0.008721
 18.3783 0.008096
 18.5554 0.007731
 18.7166 0.007380
 18.8650 0.007209
 19.4575 0.006433
 19.9156 0.006030
 20.2941 0.005659
 20.6167 0.005582
 20.9016 0.005355
 21.1558 0.005177
 21.3888 0.005044
 21.6075 0.004926
 21.8078 0.004776
 21.9967 0.004641
 22.1771 0.004664
 22.3472 0.004758
 22.5103 0.004710
 22.6648 0.004570
 22.8127 0.004527
 22.9555 0.004445
 23.0929 0.004392
 23.2264 0.004360
 23.3565 0.004327
 23.4827 0.004253
 23.6037 0.004198
 23.7207 0.004159
 23.8376 0.004185
 23.9523 0.004203
 24.0650 0.004176
 24.1742 0.004218
 24.2817 0.004212
 24.3862 0.004155
 24.4894 0.004156
 24.5924 0.004088
 24.6921 0.004046
 24.7895 0.004025
 24.8865 0.003956
 24.9831 0.003913
 25.0783 0.003900
 25.1714 0.003902
 25.2643 0.003914
 25.3561 0.003849
 25.4464 0.003842
 25.5353 0.003810
 25.6232 0.003809
 25.7105 0.003769
 25.7978 0.003788
 25.8830 0.003816
 25.9686 0.003765
 26.0529 0.003768
 26.1361 0.003730
 26.2184 0.003725
 26.3007 0.003709
 26.3812 0.003731
 26.4621 0.003704
 26.5440 0.003697
 26.6239 0.003763
 26.7038 0.003765
 26.7821 0.003785
 26.8617 0.003796
 26.9403 0.003746
 27.0183 0.003747
 27.0967 0.003769
 27.1740 0.003740
 27.2505 0.003782
 27.3269 0.003763
 27.4029 0.003733
 27.4790 0.003737
 27.5541 0.003739
 27.6294 0.003735
 27.7052 0.003763
 27.7801 0.003758
 27.8551 0.003773
 27.9294 0.003786
 28.0033 0.003774
 28.0770 0.003813
 28.1517 0.003822
 28.2247 0.003832
 28.2997 0.003829
 28.3741 0.003823
 28.4493 0.003798
 28.5224 0.003816
 28.5972 0.003824
 28.6698 0.003835
 28.7436 0.003825
 28.8170 0.003800
 28.8908 0.003822
 28.9645 0.003854
 29.0383 0.003879
 29.1114 0.003866
 29.1850 0.003892
 29.2588 0.003859
 29.3319 0.003866
 29.4053 0.003830
 29.4791 0.003796
 29.5532 0.003809
 29.6268 0.003826
 29.7021 0.003816
 29.7765 0.003826
 29.8507 0.003884
 29.9258 0.003919
 30.0013 0.003935
 30.0761 0.003941
 30.1512 0.003967
 30.2260 0.003936
 30.3016 0.003992
 30.3781 0.003986
 30.4551 0.003987
 30.5332 0.003991
 30.6091 0.004003
 30.6859 0.003998
 30.7632 0.004032
 30.8408 0.004009
 30.9190 0.004096
 30.9976 0.004091
 31.0768 0.004112
 31.1563 0.004122
 31.2360 0.004112
 31.3166 0.004100
 31.3976 0.004105
 31.4796 0.004125
 31.5604 0.004140
 31.6434 0.004151
 31.7258 0.004153
 31.8085 0.004195
 31.8916 0.004222
 31.9750 0.004237
 32.0599 0.004261
 32.1449 0.004311
 32.2314 0.004321
 32.3184 0.004335
 32.4056 0.004381
 32.4923 0.004389
 32.5802 0.004347
 32.6697 0.004340
 32.7607 0.004339
 32.8518 0.004342
 32.9441 0.004363
 33.0366 0.004359
 33.1303 0.004391
 33.2244 0.004424
 33.3210 0.004455
 33.4167 0.004463
 33.5151 0.004472
 33.6141 0.004543
 33.7142 0.004542
 33.8151 0.004562
 33.9174 0.004599
 34.0212 0.004661
 34.1255 0.004718
 34.2311 0.004749
 34.3359 0.004776
 34.4450 0.004823
 34.5561 0.004855
 34.6684 0.004949
 34.7824 0.005007
 34.8972 0.005029
 35.0141 0.005147
 35.1338 0.005145
 35.2534 0.005215
 35.3769 0.005302
 35.5010 0.005283
 35.6295 0.005327
 35.7591 0.005444
 35.8927 0.005484
 36.0301 0.005553
 36.1694 0.005560
 36.3112 0.005663
 36.4559 0.005711
 36.6031 0.005815
 36.7568 0.005901
 36.9128 0.005951
 37.0727 0.006035
 37.2360 0.006064
 37.4021 0.006197
 37.5765 0.006215
 37.7588 0.006230
 37.9455 0.006280
 38.1378 0.006281
 38.3355 0.006491
 38.5414 0.006566
 38.7555 0.006813
 38.9783 0.007121
 39.2163 0.007268
 39.4637 0.007354
 39.7219 0.007671
 39.9969 0.007896
 40.2845 0.008081
 40.5915 0.008213
 40.9218 0.008253
 41.2807 0.008531
 41.6629 0.008753
 42.0833 0.009145
 42.5429 0.009728
 43.0659 0.010186
 43.6639 0.010651
 44.3635 0.012185
 45.1856 0.013487
 46.2281 0.015624
 47.6715 0.018360
 48.0397 0.019113
 48.4465 0.020413
 48.9073 0.021578
 49.4418 0.022772
 50.0618 0.025008
 50.8140 0.027844
 51.7878 0.032479
 53.1593 0.040195
 55.3374 0.052830
 57.4533 0.073319
 60.1174 0.112916
 62.1932 0.145077
 tr0-04-3 2 1
 23.3803 0.041787
 24.3375 0.031810
 25.8020 0.022544
 26.9895 0.017482
 28.3178 0.013498
 29.1504 0.012031
 29.7806 0.010720
 30.2891 0.010109
 30.7219 0.009587
 31.0880 0.008866
 31.4222 0.008362
 31.7229 0.008278
 31.9934 0.007888
 33.0904 0.007002
 33.9235 0.006190
 34.6142 0.005729
 35.2014 0.005612
 35.7179 0.005442
 36.1833 0.005223
 36.6071 0.005160
 36.9950 0.004903
 37.3576 0.004881
 37.6963 0.004718
 38.0190 0.004570
 38.3237 0.004467
 38.6138 0.004430
 38.8892 0.004394
 39.1521 0.004434
 39.4070 0.004358
 39.6514 0.004299
 39.8890 0.004233
 40.1191 0.004173
 40.3418 0.004113
 40.5583 0.003990
 40.7681 0.003956
 40.9725 0.003901
 41.1713 0.003849
 41.3647 0.003920
 41.5565 0.003968
 41.7428 0.004021
 41.9262 0.004001
 42.1060 0.004031
 42.2808 0.003999
 42.4552 0.003957
 42.6272 0.003959
 42.7950 0.003904
 42.9618 0.003861
 43.1253 0.003882
 43.2858 0.003903
 43.4453 0.003855
 43.6009 0.003880
 43.7554 0.003907
 43.9085 0.003880
 44.0603 0.003882
 44.2095 0.003862
 44.3570 0.003790
 44.5027 0.003741
 44.6479 0.003738
 44.7905 0.003728
 44.9325 0.003721
 45.0732 0.003709
 45.2125 0.003675
 45.3513 0.003680
 45.4879 0.003677
 45.6239 0.003676
 45.7593 0.003698
 45.8948 0.003705
 46.0282 0.003705
 46.1599 0.003706
 46.2922 0.003710
 46.4227 0.003686
 46.5542 0.003708
 46.6837 0.003719
 46.8137 0.003684
 46.9418 0.003667
 47.0692 0.003674
 47.1968 0.003684
 47.3228 0.003716
 47.4487 0.003679
 47.5738 0.003684
 47.6997 0.003732
 47.8247 0.003710
 47.9493 0.003700
 48.0733 0.003727
 48.1967 0.003721
 48.3211 0.003742
 48.4432 0.003737
 48.5660 0.003780
 48.6897 0.003747
 48.8128 0.003776
 48.9345 0.003780
 49.0569 0.003748
 49.1787 0.003764
 49.3007 0.003743
 49.4225 0.003685
 49.5446 0.003721
 49.6666 0.003718
 49.7876 0.003738
 49.9090 0.003727
 50.0304 0.003736
 50.1522 0.003751
 50.2733 0.003740
 50.3944 0.003752
 50.5157 0.003745
 50.6375 0.003727
 50.7588 0.003756
 50.8800 0.003761
 51.0017 0.003801
 51.1242 0.003762
 51.2460 0.003763
 51.3684 0.003765
 51.4915 0.003773
 51.6137 0.003758
 51.7361 0.003745
 51.8602 0.003706
 51.9835 0.003715
 52.1081 0.003781
 52.2324 0.003790
 52.3563 0.003811
 52.4810 0.003775
 52.6068 0.003759
 52.7325 0.003797
 52.8585 0.003835
 52.9854 0.003865
 53.1129 0.003834
 53.2411 0.003887
 53.3687 0.003856
 53.4968 0.003833
 53.6263 0.003824
 53.7548 0.003789
 53.8860 0.003772
 54.0169 0.003783
 54.1481 0.003809
 54.2809 0.003823
 54.4132 0.003843
 54.5472 0.003842
 54.6827 0.003902
 54.8202 0.003915
 54.9560 0.003939
 55.0941 0.003989
 55.2322 0.004044
 55.3714 0.004050
 55.5114 0.004063
 55.6527 0.004049
 55.7957 0.004053
 55.9386 0.004095
 56.0818 0.004122
 56.2275 0.004128
 56.3738 0.004133
 56.5215 0.004127
 56.6709 0.004163
 56.8212 0.004173
 56.9743 0.004267
 57.1272 0.004312
 57.2831 0.004317
 57.4412 0.004360
 57.6012 0.004405
 57.7628 0.004362
 57.9260 0.004367
 58.0902 0.004386
 58.2564 0.004339
 58.4258 0.004393
 58.5966 0.004434
 58.7703 0.004443
 58.9457 0.004434
 59.1236 0.004455
 59.3045 0.004499
 59.4899 0.004559
 59.6770 0.004538
 59.8654 0.004563
 60.0583 0.004549
 60.2548 0.004678
 60.4536 0.004715
 60.6559 0.004739
 60.8629 0.004814
 61.0733 0.004829
 61.2877 0.004923
 61.5068 0.004957
 61.7336 0.005015
 61.9638 0.004996
 62.1992 0.005039
 62.4412 0.005085
 62.6884 0.005136
 62.9436 0.005072
 63.2074 0.005136
 63.4789 0.005230
 63.7570 0.005381
 64.0453 0.005613
 64.3443 0.005729
 64.6516 0.005778
 64.9716 0.005929
 65.3052 0.006029
 65.6537 0.006277
 66.0160 0.006444
 66.3987 0.006630
 66.7998 0.006726
 67.2231 0.006905
 67.6737 0.006928
 68.1598 0.007271
 68.6753 0.007464
 69.2367 0.007725
 69.8428 0.007783
 70.5126 0.008172
 71.2536 0.008548
 72.0954 0.009224
 73.0782 0.009769
 74.2485 0.010763
 75.7093 0.012214
 77.7138 0.015152
 78.2251 0.015838
 78.7764 0.016488
 79.4091 0.017545
 80.1243 0.018616
 80.9616 0.019305
 81.9773 0.021058
 83.2562 0.023917
 85.0207 0.028019
 87.9609 0.039087
 90.7872 0.055351
 94.3807 0.085414
 96.9811 0.108546
 tr1-04-3 2 1
 28.8448 0.046931
 30.0076 0.035486
 31.5942 0.025091
 32.8998 0.020016
 34.3661 0.015542
 35.2859 0.013610
 35.9777 0.011573
 36.5331 0.010905
 37.0027 0.010386
 37.4125 0.009797
 37.7760 0.009349
 38.1035 0.008976
 38.4012 0.008764
 39.6004 0.007582
 40.5130 0.007278
 41.2683 0.006783
 41.9097 0.006419
 42.4771 0.006091
 42.9836 0.005747
 43.4420 0.005657
 43.8673 0.005568
 44.2643 0.005495
 44.6335 0.005344
 44.9796 0.005290
 45.3110 0.005230
 45.6243 0.005143
 45.9225 0.004992
 46.2098 0.004823
 46.4838 0.004883
 46.7511 0.004804
 47.0061 0.004773
 47.2529 0.004725
 47.4925 0.004702
 47.7270 0.004753
 47.9535 0.004669
 48.1744 0.004628
 48.3899 0.004634
 48.6005 0.004610
 48.8072 0.004546
 49.0087 0.004551
 49.2081 0.004516
 49.4016 0.004493
 49.5925 0.004456
 49.7802 0.004477
 49.9649 0.004471
 50.1464 0.004487
 50.3237 0.004422
 50.5000 0.004295
 50.6736 0.004350
 50.8450 0.004285
 51.0142 0.004294
 51.1812 0.004318
 51.3453 0.004255
 51.5099 0.004237
 51.6710 0.004216
 51.8300 0.004243
 51.9873 0.004283
 52.1434 0.004295
 52.2979 0.004301
 52.4504 0.004296
 52.6016 0.004272
 52.7523 0.004321
 52.9018 0.004269
 53.0498 0.004225
 53.1970 0.004230
 53.3440 0.004264
 53.4882 0.004256
 53.6329 0.004258
 53.7757 0.004276
 53.9177 0.004298
 54.0597 0.004294
 54.1995 0.004312
 54.3393 0.004290
 54.4797 0.004257
 54.6182 0.004271
 54.7554 0.004295
 54.8915 0.004231
 55.0273 0.004252
 55.1634 0.004283
 55.2992 0.004294
 55.4338 0.004284
 55.5671 0.004232
 55.7019 0.004211
 55.8354 0.004243
 55.9683 0.004214
 56.1004 0.004173
 56.2335 0.004122
 56.3648 0.004133
 56.4969 0.004172
 56.6291 0.004146
 56.7604 0.004109
 56.8917 0.004109
 57.0222 0.004090
 57.1523 0.004085
 57.2830 0.004132
 57.4137 0.004139
 57.5449 0.004111
 57.6752 0.004117
 57.8057 0.004080
 57.9357 0.004065
 58.0662 0.003980
 58.1960 0.003960
 58.3263 0.003961
 58.4570 0.003926
 58.5859 0.003930
 58.7164 0.003947
 58.8465 0.003967
 58.9773 0.003990
 59.1082 0.003985
 59.2392 0.003992
 59.3707 0.004011
 59.5017 0.003991
 59.6331 0.003990
 59.7651 0.003978
 59.8961 0.004014
 60.0276 0.004051
 60.1608 0.004053
 60.2942 0.004086
 60.4267 0.004064
 60.5608 0.004054
 60.6943 0.004073
 60.8292 0.004066
 60.9638 0.004098
 61.0987 0.004085
 61.2348 0.004145
 61.3710 0.004122
 61.5081 0.004120
 61.6453 0.004113
 61.7834 0.004169
 61.9227 0.004190
 62.0616 0.004173
 62.2014 0.004178
 62.3411 0.004152
 62.4827 0.004148
 62.6250 0.004210
 62.7683 0.004298
 62.9119 0.004304
 63.0569 0.004325
 63.2026 0.004378
 63.3497 0.004402
 63.4979 0.004409
 63.6458 0.004413
 63.7950 0.004413
 63.9459 0.004401
 64.0981 0.004425
 64.2518 0.004452
 64.4054 0.004470
 64.5612 0.004493
 64.7187 0.004524
 64.8770 0.004568
 65.0371 0.004578
 65.1981 0.004567
 65.3604 0.004572
 65.5253 0.004612
 65.6905 0.004696
 65.8571 0.004704
 66.0268 0.004741
 66.1997 0.004771
 66.3723 0.004806
 66.5482 0.004839
 66.7253 0.004887
 66.9048 0.004941
 67.0858 0.005001
 67.2692 0.005050
 67.4537 0.005046
 67.6427 0.005071
 67.8350 0.005055
 68.0313 0.005250
 68.2304 0.005258
 68.4311 0.005281
 68.6358 0.005320
 68.8436 0.005318
 69.0560 0.005319
 69.2717 0.005365
 69.4913 0.005478
 69.7163 0.005553
 69.9444 0.005489
 70.1774 0.005529
 70.4168 0.005567
 70.6602 0.005639
 70.9085 0.005709
 71.1634 0.005898
 71.4250 0.005848
 71.6950 0.005858
 71.9740 0.005969
 72.2601 0.006164
 72.5567 0.006172
 72.8587 0.006211
 73.1719 0.006364
 73.4991 0.006437
 73.8391 0.006455
 74.1941 0.006519
 74.5599 0.006482
 74.9488 0.006595
 75.3523 0.006726
 75.7793 0.006835
 76.2248 0.007030
 76.7012 0.007101
 77.2124 0.007386
 77.7566 0.007540
 78.3470 0.007713
 78.9886 0.008006
 79.6889 0.008272
 80.4783 0.008795
 81.3725 0.008958
 82.4073 0.009877
 83.6433 0.010915
 85.1753 0.012132
 87.2792 0.015020
 87.8171 0.015839
 88.4129 0.015863
 89.0686 0.016948
 89.8253 0.018000
 90.7002 0.019876
 91.7619 0.022561
 93.1072 0.025022
 94.9734 0.030477
 98.0163 0.041373
101.0045 0.055624
104.8623 0.085489
107.5166 0.117328
tr1s-04-3 2 1
 32.6466 0.049429
 33.7939 0.038833
 35.4028 0.026161
 36.7481 0.019271
 38.2222 0.015328
 39.1618 0.013228
 39.8567 0.011758
 40.4086 0.010957
 40.8825 0.010158
 41.2948 0.009506
 41.6621 0.009194
 41.9940 0.008807
 42.2993 0.008661
 43.5202 0.007821
 44.4423 0.007137
 45.2032 0.006697
 45.8505 0.006240
 46.4209 0.006020
 46.9298 0.005628
 47.3911 0.005399
 47.8195 0.005254
 48.2145 0.005237
 48.5851 0.005236
 48.9351 0.005196
 49.2646 0.005078
 49.5794 0.005108
 49.8809 0.004969
 50.1672 0.004894
 50.4442 0.004829
 50.7100 0.004745
 50.9686 0.004767
 51.2178 0.004735
 51.4582 0.004752
 51.6920 0.004725
 51.9215 0.004603
 52.1448 0.004697
 52.3613 0.004689
 52.5732 0.004655
 52.7816 0.004671
 52.9839 0.004656
 53.1835 0.004697
 53.3796 0.004680
 53.5710 0.004633
 53.7601 0.004622
 53.9451 0.004631
 54.1271 0.004644
 54.3049 0.004599
 54.4824 0.004569
 54.6558 0.004504
 54.8257 0.004456
 54.9956 0.004455
 55.1632 0.004386
 55.3286 0.004310
 55.4928 0.004305
 55.6539 0.004298
 55.8138 0.004303
 55.9717 0.004372
 56.1283 0.004348
 56.2835 0.004365
 56.4370 0.004380
 56.5886 0.004347
 56.7396 0.004308
 56.8890 0.004304
 57.0377 0.004296
 57.1850 0.004256
 57.3314 0.004251
 57.4758 0.004239
 57.6198 0.004217
 57.7621 0.004196
 57.9050 0.004129
 58.0462 0.004115
 58.1876 0.004138
 58.3276 0.004196
 58.4672 0.004169
 58.6064 0.004157
 58.7448 0.004115
 58.8828 0.004099
 59.0195 0.004061
 59.1548 0.004070
 59.2916 0.004054
 59.4270 0.004073
 59.5602 0.004098
 59.6949 0.004054
 59.8289 0.004029
 59.9629 0.003974
 60.0960 0.003980
 60.2280 0.003936
 60.3611 0.003994
 60.4927 0.003974
 60.6246 0.003985
 60.7557 0.003975
 60.8881 0.003967
 61.0199 0.003942
 61.1502 0.003926
 61.2814 0.003930
 61.4127 0.003980
 61.5429 0.003964
 61.6743 0.003959
 61.8047 0.003966
 61.9341 0.003971
 62.0637 0.004008
 62.1947 0.003972
 62.3238 0.003991
 62.4547 0.004019
 62.5840 0.004010
 62.7142 0.003994
 62.8454 0.004011
 62.9767 0.004001
 63.1078 0.003989
 63.2386 0.003981
 63.3702 0.003968
 63.5026 0.004000
 63.6344 0.004013
 63.7662 0.004015
 63.8983 0.003992
 64.0310 0.004024
 64.1637 0.003983
 64.2973 0.004002
 64.4308 0.003999
 64.5648 0.004026
 64.6992 0.004000
 64.8335 0.004025
 64.9692 0.004021
 65.1053 0.004028
 65.2412 0.004061
 65.3772 0.004088
 65.5142 0.004093
 65.6525 0.004109
 65.7912 0.004131
 65.9299 0.004145
 66.0696 0.004153
 66.2086 0.004183
 66.3500 0.004167
 66.4916 0.004181
 66.6341 0.004219
 66.7773 0.004268
 66.9210 0.004292
 67.0661 0.004304
 67.2124 0.004364
 67.3592 0.004380
 67.5067 0.004440
 67.6555 0.004450
 67.8041 0.004432
 67.9553 0.004499
 68.1076 0.004522
 68.2611 0.004537
 68.4152 0.004589
 68.5718 0.004545
 68.7290 0.004566
 68.8873 0.004567
 69.0464 0.004593
 69.2081 0.004553
 69.3714 0.004548
 69.5361 0.004599
 69.7021 0.004552
 69.8711 0.004582
 70.0411 0.004609
 70.2127 0.004571
 70.3859 0.004612
 70.5626 0.004587
 70.7409 0.004614
 70.9216 0.004675
 71.1033 0.004683
 71.2880 0.004698
 71.4747 0.004699
 71.6638 0.004708
 71.8566 0.004791
 72.0535 0.004885
 72.2518 0.004966
 72.4544 0.005037
 72.6600 0.005150
 72.8682 0.005246
 73.0806 0.005358
 73.2961 0.005439
 73.5145 0.005512
 73.7390 0.005595
 73.9672 0.005507
 74.1997 0.005516
 74.4389 0.005531
 74.6831 0.005551
 74.9333 0.005655
 75.1907 0.005754
 75.4537 0.005837
 75.7238 0.005899
 76.0012 0.005940
 76.2849 0.006022
 76.5813 0.006175
 76.8852 0.006319
 77.2000 0.006292
 77.5263 0.006346
 77.8667 0.006419
 78.2198 0.006641
 78.5929 0.006751
 78.9806 0.006774
 79.3839 0.006808
 79.8108 0.006979
 80.2613 0.007154
 80.7374 0.007409
 81.2485 0.007641
 81.7915 0.007887
 82.3773 0.008022
 83.0238 0.008272
 83.7308 0.008374
 84.5198 0.009020
 85.4113 0.009484
 86.4446 0.010020
 87.6754 0.010856
 89.2189 0.012473
 91.3271 0.015132
 91.8568 0.016030
 92.4478 0.016728
 93.1066 0.018093
 93.8661 0.018453
 94.7504 0.019831
 95.8151 0.021421
 97.1595 0.024452
 99.0340 0.028709
102.1122 0.040875
105.0575 0.058010
108.8255 0.088001
111.4940 0.115325
 tr2-04-3 2 1
 34.8761 0.052761
 36.1368 0.038314
 37.8932 0.026726
 39.3405 0.019994
 40.9361 0.015722
 41.9384 0.013606
 42.6884 0.011969
 43.2974 0.011377
 43.8021 0.010924
 44.2488 0.010441
 44.6484 0.009922
 45.0055 0.009808
 45.3329 0.009693
 46.6448 0.008727
 47.6381 0.007902
 48.4531 0.007311
 49.1504 0.006743
 49.7593 0.006576
 50.3057 0.006283
 50.8031 0.006277
 51.2588 0.006138
 51.6836 0.005933
 52.0820 0.005786
 52.4566 0.005688
 52.8119 0.005544
 53.1484 0.005502
 53.4707 0.005419
 53.7821 0.005466
 54.0779 0.005453
 54.3627 0.005476
 54.6381 0.005399
 54.9042 0.005315
 55.1636 0.005257
 55.4155 0.005171
 55.6602 0.005126
 55.8970 0.004998
 56.1297 0.004954
 56.3579 0.004888
 56.5804 0.004917
 56.7994 0.004949
 57.0131 0.004882
 57.2220 0.004855
 57.4269 0.004839
 57.6280 0.004814
 57.8258 0.004821
 58.0198 0.004731
 58.2117 0.004646
 58.3995 0.004653
 58.5869 0.004567
 58.7718 0.004574
 58.9528 0.004634
 59.1313 0.004610
 59.3075 0.004574
 59.4816 0.004502
 59.6531 0.004486
 59.8228 0.004510
 59.9921 0.004501
 60.1588 0.004494
 60.3236 0.004496
 60.4869 0.004453
 60.6493 0.004475
 60.8095 0.004431
 60.9696 0.004375
 61.1277 0.004323
 61.2840 0.004296
 61.4405 0.004285
 61.5958 0.004274
 61.7486 0.004247
 61.9003 0.004249
 62.0518 0.004238
 62.2010 0.004166
 62.3517 0.004180
 62.5015 0.004185
 62.6496 0.004154
 62.7972 0.004150
 62.9436 0.004156
 63.0894 0.004203
 63.2345 0.004153
 63.3787 0.004121
 63.5229 0.004085
 63.6664 0.004114
 63.8096 0.004143
 63.9517 0.004140
 64.0931 0.004156
 64.2358 0.004190
 64.3775 0.004239
 64.5193 0.004245
 64.6597 0.004268
 64.8000 0.004243
 64.9401 0.004273
 65.0796 0.004234
 65.2186 0.004261
 65.3581 0.004273
 65.4981 0.004316
 65.6378 0.004298
 65.7758 0.004316
 65.9142 0.004319
 66.0523 0.004298
 66.1901 0.004266
 66.3279 0.004280
 66.4667 0.004306
 66.6048 0.004224
 66.7438 0.004207
 66.8828 0.004197
 67.0212 0.004227
 67.1589 0.004238
 67.2973 0.004228
 67.4358 0.004213
 67.5744 0.004266
 67.7129 0.004274
 67.8516 0.004249
 67.9906 0.004178
 68.1299 0.004161
 68.2701 0.004192
 68.4103 0.004250
 68.5510 0.004261
 68.6914 0.004244
 68.8325 0.004267
 68.9744 0.004275
 69.1164 0.004294
 69.2585 0.004322
 69.4007 0.004318
 69.5428 0.004306
 69.6864 0.004335
 69.8319 0.004394
 69.9760 0.004419
 70.1206 0.004455
 70.2675 0.004433
 70.4143 0.004461
 70.5600 0.004541
 70.7073 0.004548
 70.8555 0.004554
 71.0041 0.004587
 71.1532 0.004629
 71.3041 0.004608
 71.4556 0.004594
 71.6079 0.004609
 71.7622 0.004591
 71.9162 0.004568
 72.0697 0.004588
 72.2260 0.004583
 72.3822 0.004604
 72.5401 0.004592
 72.6989 0.004589
 72.8604 0.004596
 73.0210 0.004614
 73.1836 0.004669
 73.3489 0.004637
 73.5130 0.004662
 73.6809 0.004684
 73.8504 0.004683
 74.0203 0.004712
 74.1937 0.004714
 74.3687 0.004766
 74.5434 0.004735
 74.7204 0.004721
 74.8996 0.004753
 75.0802 0.004730
 75.2629 0.004718
 75.4475 0.004767
 75.6351 0.004747
 75.8243 0.004804
 76.0163 0.004813
 76.2119 0.004884
 76.4083 0.004913
 76.6083 0.004853
 76.8120 0.004843
 77.0184 0.004957
 77.2295 0.004995
 77.4423 0.005058
 77.6566 0.005207
 77.8765 0.005275
 78.0997 0.005275
 78.3292 0.005284
 78.5621 0.005325
 78.7991 0.005391
 79.0415 0.005474
 79.2900 0.005556
 79.5407 0.005702
 79.7983 0.005792
 80.0615 0.005818
 80.3326 0.005939
 80.6097 0.005960
 80.8953 0.005988
 81.1881 0.006091
 81.4903 0.006193
 81.8050 0.006203
 82.1274 0.006239
 82.4584 0.006322
 82.8030 0.006368
 83.1610 0.006421
 83.5340 0.006358
 83.9214 0.006543
 84.3290 0.006555
 84.7520 0.006582
 85.2007 0.006681
 85.6746 0.006986
 86.1782 0.007118
 86.7098 0.007230
 87.2795 0.007397
 87.8945 0.007769
 88.5705 0.008595
 89.3163 0.008924
 90.1413 0.009240
 91.0716 0.009732
 92.1527 0.010703
 93.4415 0.011412
 95.0596 0.013088
 97.2544 0.016840
 97.8038 0.016834
 98.4295 0.017698
 99.1202 0.018200
 99.9162 0.019898
100.8459 0.020506
101.9672 0.022580
103.3744 0.025372
105.2989 0.029922
108.5072 0.038710
111.6278 0.056735
115.6381 0.086478
118.4238 0.114516
tr2s-04-3 2 1
 39.0605 0.050936
 40.2757 0.036784
 42.0565 0.026073
 43.5156 0.019631
 45.0984 0.015482
 46.1082 0.013381
 46.8529 0.012111
 47.4585 0.011530
 47.9657 0.011094
 48.4043 0.010708
 48.7915 0.010396
 49.1514 0.010066
 49.4718 0.009806
 50.7846 0.007970
 51.7659 0.007194
 52.5733 0.006837
 53.2599 0.006597
 53.8676 0.006412
 54.4118 0.006188
 54.9053 0.006254
 55.3559 0.006039
 55.7755 0.006033
 56.1718 0.006000
 56.5448 0.005914
 56.8980 0.005813
 57.2344 0.005689
 57.5544 0.005572
 57.8603 0.005521
 58.1545 0.005492
 58.4387 0.005534
 58.7134 0.005413
 58.9785 0.005376
 59.2368 0.005329
 59.4863 0.005218
 59.7278 0.005083
 59.9648 0.005032
 60.1960 0.005072
 60.4211 0.004974
 60.6434 0.005031
 60.8589 0.004939
 61.0688 0.004919
 61.2773 0.004901
 61.4803 0.004924
 61.6804 0.004898
 61.8764 0.004855
 62.0693 0.004871
 62.2594 0.004850
 62.4490 0.004841
 62.6335 0.004777
 62.8143 0.004737
 62.9930 0.004721
 63.1704 0.004646
 63.3452 0.004647
 63.5184 0.004684
 63.6902 0.004748
 63.8595 0.004716
 64.0276 0.004655
 64.1937 0.004632
 64.3599 0.004619
 64.5230 0.004589
 64.6846 0.004544
 64.8442 0.004489
 65.0025 0.004462
 65.1603 0.004488
 65.3151 0.004459
 65.4692 0.004508
 65.6233 0.004510
 65.7761 0.004493
 65.9286 0.004517
 66.0789 0.004506
 66.2289 0.004478
 66.3777 0.004502
 66.5261 0.004479
 66.6726 0.004477
 66.8182 0.004448
 66.9634 0.004437
 67.1088 0.004391
 67.2526 0.004385
 67.3964 0.004398
 67.5405 0.004372
 67.6836 0.004419
 67.8252 0.004451
 67.9668 0.004462
 68.1079 0.004502
 68.2497 0.004502
 68.3897 0.004447
 68.5308 0.004433
 68.6704 0.004494
 68.8103 0.004475
 68.9489 0.004467
 69.0879 0.004446
 69.2259 0.004428
 69.3631 0.004412
 69.5021 0.004405
 69.6403 0.004406
 69.7771 0.004399
 69.9151 0.004447
 70.0537 0.004375
 70.1924 0.004368
 70.3298 0.004359
 70.4678 0.004370
 70.6049 0.004343
 70.7423 0.004332
 70.8794 0.004298
 71.0173 0.004349
 71.1553 0.004324
 71.2938 0.004329
 71.4321 0.004359
 71.5707 0.004351
 71.7081 0.004384
 71.8468 0.004344
 71.9851 0.004376
 72.1235 0.004388
 72.2625 0.004407
 72.4022 0.004422
 72.5416 0.004477
 72.6806 0.004492
 72.8196 0.004466
 72.9608 0.004498
 73.1015 0.004491
 73.2420 0.004546
 73.3839 0.004589
 73.5263 0.004644
 73.6684 0.004613
 73.8124 0.004620
 73.9559 0.004651
 74.1003 0.004657
 74.2459 0.004644
 74.3911 0.004646
 74.5380 0.004694
 74.6861 0.004691
 74.8337 0.004680
 74.9825 0.004614
 75.1328 0.004633
 75.2836 0.004623
 75.4345 0.004673
 75.5857 0.004635
 75.7385 0.004625
 75.8909 0.004707
 76.0443 0.004740
 76.1997 0.004731
 76.3560 0.004715
 76.5124 0.004737
 76.6702 0.004710
 76.8301 0.004772
 76.9919 0.004758
 77.1558 0.004741
 77.3194 0.004726
 77.4835 0.004746
 77.6496 0.004717
 77.8171 0.004689
 77.9867 0.004703
 78.1579 0.004678
 78.3307 0.004649
 78.5041 0.004697
 78.6805 0.004733
 78.8581 0.004712
 79.0381 0.004716
 79.2191 0.004650
 79.4046 0.004671
 79.5905 0.004723
 79.7798 0.004700
 79.9719 0.004763
 80.1675 0.004849
 80.3634 0.004860
 80.5636 0.004918
 80.7658 0.004944
 80.9728 0.004934
 81.1816 0.004998
 81.3939 0.005052
 81.6079 0.005103
 81.8260 0.005229
 82.0487 0.005324
 82.2762 0.005399
 82.5084 0.005379
 82.7464 0.005470
 82.9875 0.005485
 83.2344 0.005481
 83.4852 0.005550
 83.7413 0.005648
 84.0026 0.005710
 84.2730 0.005735
 84.5496 0.005728
 84.8363 0.005762
 85.1305 0.005774
 85.4297 0.005887
 85.7401 0.006043
 86.0591 0.006210
 86.3899 0.006359
 86.7359 0.006439
 87.0920 0.006573
 87.4624 0.006554
 87.8489 0.006751
 88.2513 0.006752
 88.6760 0.006880
 89.1210 0.007155
 89.5928 0.007534
 90.0951 0.007636
 90.6266 0.007693
 91.1955 0.007662
 91.8102 0.007920
 92.4765 0.008428
 93.2190 0.008648
 94.0448 0.009410
 94.9708 0.009955
 96.0530 0.010362
 97.3398 0.011356
 98.9628 0.013409
101.1611 0.016280
101.7203 0.016893
102.3297 0.017628
103.0101 0.018483
103.8067 0.019630
104.7116 0.021298
105.8376 0.023111
107.2529 0.025750
109.1819 0.029643
112.4317 0.041759
115.4945 0.057551
119.4390 0.083040
122.2766 0.108816
