Copyright (C) 1998 James G. MacKinnon, Alfred A. Haug, and Leo Michelis.
 lm0-02-6 2 1
  5.6061 0.017782
  6.0203 0.013413
  6.6348 0.010235
  7.1543 0.008084
  7.7347 0.006226
  8.1088 0.005578
  8.3906 0.005069
  8.6241 0.004706
  8.8203 0.004501
  8.9905 0.004315
  9.1407 0.004059
  9.2780 0.003851
  9.4037 0.003652
  9.9190 0.003166
 10.3159 0.003011
 10.6441 0.002747
 10.9271 0.002650
 11.1774 0.002609
 11.4044 0.002580
 11.6115 0.002584
 11.8038 0.002559
 11.9842 0.002540
 12.1523 0.002498
 12.3119 0.002387
 12.4644 0.002340
 12.6084 0.002337
 12.7462 0.002299
 12.8796 0.002286
 13.0085 0.002299
 13.1321 0.002289
 13.2525 0.002289
 13.3691 0.002248
 13.4823 0.002234
 13.5920 0.002216
 13.7001 0.002200
 13.8059 0.002200
 13.9085 0.002171
 14.0096 0.002179
 14.1088 0.002147
 14.2056 0.002105
 14.3011 0.002082
 14.3943 0.002078
 14.4860 0.002065
 14.5766 0.002075
 14.6662 0.002050
 14.7542 0.002046
 14.8413 0.002063
 14.9267 0.002052
 15.0123 0.002053
 15.0957 0.002059
 15.1778 0.002093
 15.2588 0.002091
 15.3400 0.002094
 15.4201 0.002100
 15.4991 0.002093
 15.5773 0.002087
 15.6555 0.002100
 15.7330 0.002093
 15.8097 0.002094
 15.8853 0.002080
 15.9603 0.002067
 16.0348 0.002056
 16.1094 0.002060
 16.1830 0.002086
 16.2562 0.002083
 16.3291 0.002058
 16.4007 0.002080
 16.4725 0.002093
 16.5441 0.002079
 16.6150 0.002058
 16.6860 0.002078
 16.7567 0.002102
 16.8267 0.002132
 16.8968 0.002137
 16.9668 0.002145
 17.0365 0.002147
 17.1061 0.002136
 17.1751 0.002139
 17.2444 0.002155
 17.3135 0.002178
 17.3822 0.002179
 17.4509 0.002175
 17.5201 0.002183
 17.5887 0.002167
 17.6569 0.002196
 17.7248 0.002200
 17.7933 0.002217
 17.8619 0.002213
 17.9298 0.002214
 17.9983 0.002190
 18.0663 0.002187
 18.1343 0.002154
 18.2021 0.002182
 18.2703 0.002186
 18.3380 0.002189
 18.4050 0.002215
 18.4729 0.002228
 18.5409 0.002219
 18.6088 0.002226
 18.6768 0.002232
 18.7453 0.002217
 18.8135 0.002221
 18.8821 0.002233
 18.9505 0.002224
 19.0187 0.002234
 19.0873 0.002260
 19.1559 0.002256
 19.2248 0.002261
 19.2935 0.002261
 19.3633 0.002248
 19.4323 0.002243
 19.5024 0.002241
 19.5724 0.002252
 19.6428 0.002240
 19.7133 0.002280
 19.7840 0.002286
 19.8549 0.002275
 19.9263 0.002279
 19.9976 0.002283
 20.0691 0.002307
 20.1412 0.002287
 20.2137 0.002298
 20.2858 0.002298
 20.3586 0.002290
 20.4322 0.002297
 20.5055 0.002317
 20.5790 0.002339
 20.6533 0.002349
 20.7280 0.002368
 20.8034 0.002378
 20.8794 0.002368
 20.9558 0.002367
 21.0324 0.002358
 21.1093 0.002369
 21.1871 0.002361
 21.2653 0.002394
 21.3441 0.002385
 21.4230 0.002381
 21.5025 0.002378
 21.5830 0.002392
 21.6647 0.002392
 21.7461 0.002408
 21.8287 0.002434
 21.9121 0.002432
 21.9957 0.002434
 22.0800 0.002473
 22.1651 0.002504
 22.2514 0.002522
 22.3388 0.002507
 22.4266 0.002518
 22.5156 0.002498
 22.6057 0.002494
 22.6966 0.002549
 22.7887 0.002549
 22.8812 0.002555
 22.9758 0.002567
 23.0709 0.002588
 23.1674 0.002648
 23.2645 0.002623
 23.3640 0.002644
 23.4643 0.002660
 23.5658 0.002665
 23.6697 0.002694
 23.7750 0.002683
 23.8808 0.002698
 23.9884 0.002750
 24.0987 0.002765
 24.2101 0.002782
 24.3236 0.002809
 24.4393 0.002830
 24.5567 0.002861
 24.6764 0.002913
 24.7993 0.002958
 24.9246 0.002952
 25.0515 0.002981
 25.1809 0.003017
 25.3137 0.003009
 25.4503 0.003087
 25.5893 0.003091
 25.7322 0.003107
 25.8782 0.003113
 26.0274 0.003148
 26.1814 0.003219
 26.3395 0.003248
 26.5029 0.003297
 26.6727 0.003321
 26.8491 0.003407
 27.0289 0.003472
 27.2155 0.003615
 27.4097 0.003634
 27.6136 0.003732
 27.8251 0.003750
 28.0463 0.003857
 28.2787 0.003971
 28.5229 0.004096
 28.7789 0.004223
 29.0519 0.004322
 29.3424 0.004498
 29.6521 0.004655
 29.9842 0.004873
 30.3453 0.005086
 30.7447 0.005369
 31.1847 0.005576
 31.6734 0.005853
 32.2317 0.006136
 32.8807 0.006747
 33.6629 0.007664
 34.6443 0.008949
 36.0065 0.010206
 36.3519 0.010501
 36.7406 0.011144
 37.1751 0.012012
 37.6778 0.013146
 38.2580 0.014491
 38.9704 0.015619
 39.8698 0.018069
 41.1234 0.020755
 43.2075 0.028267
 45.2624 0.039076
 47.7648 0.060898
 49.6788 0.086704
 lm1-02-6 2 1
  6.9256 0.019461
  7.3601 0.015248
  8.0276 0.010238
  8.6043 0.008199
  9.2521 0.006503
  9.6579 0.005746
  9.9694 0.005232
 10.2222 0.004957
 10.4337 0.004626
 10.6209 0.004311
 10.7866 0.004138
 10.9382 0.004013
 11.0771 0.003951
 11.6328 0.003484
 12.0641 0.003245
 12.4199 0.003020
 12.7234 0.002960
 12.9926 0.002848
 13.2358 0.002738
 13.4576 0.002719
 13.6634 0.002728
 13.8562 0.002688
 14.0368 0.002647
 14.2073 0.002589
 14.3710 0.002511
 14.5253 0.002437
 14.6727 0.002378
 14.8154 0.002336
 14.9522 0.002296
 15.0851 0.002298
 15.2139 0.002313
 15.3402 0.002256
 15.4615 0.002251
 15.5798 0.002264
 15.6954 0.002209
 15.8080 0.002229
 15.9180 0.002223
 16.0256 0.002273
 16.1310 0.002265
 16.2340 0.002245
 16.3353 0.002244
 16.4342 0.002241
 16.5317 0.002240
 16.6281 0.002256
 16.7228 0.002231
 16.8171 0.002259
 16.9086 0.002217
 16.9995 0.002225
 17.0891 0.002243
 17.1771 0.002248
 17.2649 0.002225
 17.3518 0.002223
 17.4382 0.002207
 17.5229 0.002193
 17.6065 0.002159
 17.6897 0.002177
 17.7725 0.002171
 17.8539 0.002159
 17.9349 0.002142
 18.0156 0.002125
 18.0951 0.002116
 18.1743 0.002111
 18.2541 0.002108
 18.3325 0.002101
 18.4104 0.002091
 18.4875 0.002079
 18.5641 0.002072
 18.6405 0.002067
 18.7161 0.002095
 18.7914 0.002115
 18.8669 0.002105
 18.9423 0.002098
 19.0170 0.002121
 19.0912 0.002147
 19.1658 0.002144
 19.2405 0.002128
 19.3138 0.002146
 19.3865 0.002153
 19.4593 0.002137
 19.5320 0.002139
 19.6045 0.002135
 19.6771 0.002159
 19.7495 0.002158
 19.8222 0.002158
 19.8942 0.002162
 19.9662 0.002169
 20.0382 0.002169
 20.1104 0.002154
 20.1821 0.002163
 20.2536 0.002151
 20.3246 0.002166
 20.3961 0.002167
 20.4674 0.002162
 20.5393 0.002180
 20.6111 0.002175
 20.6825 0.002202
 20.7550 0.002189
 20.8267 0.002194
 20.8986 0.002186
 20.9705 0.002201
 21.0426 0.002226
 21.1140 0.002245
 21.1869 0.002236
 21.2592 0.002257
 21.3315 0.002261
 21.4042 0.002281
 21.4766 0.002292
 21.5497 0.002326
 21.6224 0.002331
 21.6946 0.002318
 21.7677 0.002319
 21.8404 0.002316
 21.9136 0.002336
 21.9873 0.002344
 22.0613 0.002365
 22.1353 0.002365
 22.2098 0.002359
 22.2840 0.002362
 22.3591 0.002380
 22.4337 0.002385
 22.5092 0.002400
 22.5852 0.002427
 22.6619 0.002421
 22.7387 0.002426
 22.8156 0.002445
 22.8932 0.002435
 22.9712 0.002459
 23.0496 0.002478
 23.1284 0.002499
 23.2070 0.002530
 23.2868 0.002554
 23.3667 0.002566
 23.4471 0.002548
 23.5282 0.002560
 23.6095 0.002549
 23.6918 0.002555
 23.7742 0.002530
 23.8579 0.002543
 23.9420 0.002549
 24.0262 0.002557
 24.1113 0.002579
 24.1974 0.002596
 24.2839 0.002607
 24.3709 0.002612
 24.4593 0.002594
 24.5478 0.002589
 24.6373 0.002606
 24.7282 0.002620
 24.8198 0.002643
 24.9123 0.002650
 25.0055 0.002671
 25.0998 0.002717
 25.1943 0.002743
 25.2904 0.002726
 25.3873 0.002721
 25.4856 0.002736
 25.5855 0.002746
 25.6861 0.002746
 25.7877 0.002763
 25.8909 0.002796
 25.9953 0.002803
 26.1018 0.002825
 26.2099 0.002831
 26.3187 0.002843
 26.4296 0.002856
 26.5425 0.002900
 26.6570 0.002928
 26.7741 0.002934
 26.8920 0.002981
 27.0122 0.002991
 27.1347 0.003053
 27.2604 0.003047
 27.3878 0.003155
 27.5190 0.003226
 27.6521 0.003236
 27.7878 0.003242
 27.9267 0.003281
 28.0683 0.003301
 28.2139 0.003310
 28.3629 0.003374
 28.5154 0.003407
 28.6734 0.003432
 28.8348 0.003519
 29.0003 0.003545
 29.1704 0.003590
 29.3470 0.003606
 29.5280 0.003742
 29.7158 0.003846
 29.9110 0.003922
 30.1135 0.003968
 30.3247 0.003997
 30.5427 0.004084
 30.7729 0.004160
 31.0150 0.004327
 31.2703 0.004461
 31.5398 0.004583
 31.8233 0.004799
 32.1276 0.004887
 32.4514 0.004964
 32.7942 0.005075
 33.1703 0.005311
 33.5816 0.005550
 34.0364 0.005923
 34.5448 0.006484
 35.1225 0.006775
 35.7980 0.007071
 36.6055 0.007670
 37.6218 0.008758
 39.0403 0.010234
 39.3982 0.010893
 39.7942 0.011570
 40.2490 0.012064
 40.7650 0.012925
 41.3525 0.013404
 42.0884 0.014877
 43.0015 0.017663
 44.2828 0.021458
 46.4279 0.029250
 48.4732 0.041179
 51.1394 0.067413
 53.0380 0.089470
lm1s-02-6 2 1
  7.9456 0.018488
  8.3971 0.014285
  9.0622 0.010443
  9.6213 0.008366
 10.2414 0.006522
 10.6454 0.005769
 10.9529 0.005080
 11.2033 0.004838
 11.4103 0.004734
 11.5946 0.004406
 11.7573 0.004108
 11.9049 0.004003
 12.0401 0.003880
 12.5925 0.003493
 13.0163 0.003151
 13.3667 0.003031
 13.6675 0.002940
 13.9330 0.002856
 14.1732 0.002838
 14.3931 0.002816
 14.5956 0.002698
 14.7852 0.002539
 14.9651 0.002439
 15.1339 0.002416
 15.2948 0.002392
 15.4489 0.002361
 15.5958 0.002367
 15.7371 0.002316
 15.8741 0.002314
 16.0051 0.002308
 16.1327 0.002302
 16.2561 0.002280
 16.3749 0.002274
 16.4914 0.002309
 16.6052 0.002308
 16.7160 0.002293
 16.8256 0.002280
 16.9318 0.002283
 17.0357 0.002231
 17.1380 0.002212
 17.2384 0.002196
 17.3366 0.002172
 17.4334 0.002209
 17.5289 0.002157
 17.6223 0.002149
 17.7149 0.002146
 17.8059 0.002172
 17.8963 0.002153
 17.9854 0.002147
 18.0730 0.002143
 18.1605 0.002127
 18.2468 0.002109
 18.3323 0.002094
 18.4169 0.002095
 18.5001 0.002114
 18.5826 0.002108
 18.6646 0.002091
 18.7461 0.002075
 18.8262 0.002092
 18.9063 0.002084
 18.9851 0.002082
 19.0638 0.002066
 19.1420 0.002063
 19.2201 0.002075
 19.2974 0.002067
 19.3741 0.002051
 19.4502 0.002049
 19.5255 0.002063
 19.6010 0.002066
 19.6764 0.002086
 19.7517 0.002093
 19.8260 0.002080
 19.9000 0.002071
 19.9739 0.002089
 20.0475 0.002120
 20.1210 0.002103
 20.1940 0.002108
 20.2672 0.002110
 20.3401 0.002118
 20.4125 0.002123
 20.4853 0.002107
 20.5573 0.002118
 20.6294 0.002127
 20.7014 0.002111
 20.7728 0.002117
 20.8444 0.002096
 20.9161 0.002088
 20.9875 0.002103
 21.0585 0.002121
 21.1298 0.002141
 21.2013 0.002141
 21.2733 0.002153
 21.3446 0.002175
 21.4161 0.002196
 21.4880 0.002215
 21.5589 0.002194
 21.6301 0.002221
 21.7018 0.002237
 21.7726 0.002234
 21.8438 0.002241
 21.9157 0.002240
 21.9872 0.002239
 22.0585 0.002251
 22.1302 0.002241
 22.2015 0.002258
 22.2727 0.002278
 22.3445 0.002289
 22.4167 0.002246
 22.4886 0.002262
 22.5612 0.002273
 22.6347 0.002289
 22.7076 0.002301
 22.7808 0.002310
 22.8541 0.002336
 22.9277 0.002349
 23.0018 0.002351
 23.0758 0.002345
 23.1508 0.002357
 23.2253 0.002382
 23.3003 0.002383
 23.3755 0.002386
 23.4508 0.002387
 23.5263 0.002372
 23.6025 0.002391
 23.6791 0.002403
 23.7565 0.002394
 23.8334 0.002433
 23.9116 0.002414
 23.9900 0.002403
 24.0691 0.002413
 24.1479 0.002405
 24.2279 0.002445
 24.3081 0.002465
 24.3888 0.002447
 24.4705 0.002462
 24.5529 0.002449
 24.6356 0.002477
 24.7179 0.002474
 24.8020 0.002457
 24.8864 0.002457
 24.9710 0.002467
 25.0572 0.002501
 25.1427 0.002515
 25.2297 0.002532
 25.3177 0.002575
 25.4058 0.002586
 25.4954 0.002592
 25.5856 0.002614
 25.6762 0.002636
 25.7684 0.002676
 25.8605 0.002683
 25.9538 0.002665
 26.0488 0.002671
 26.1443 0.002687
 26.2408 0.002668
 26.3380 0.002688
 26.4371 0.002656
 26.5373 0.002654
 26.6383 0.002696
 26.7413 0.002706
 26.8466 0.002713
 26.9514 0.002740
 27.0591 0.002776
 27.1689 0.002797
 27.2799 0.002885
 27.3920 0.002951
 27.5070 0.002988
 27.6232 0.002992
 27.7412 0.003049
 27.8611 0.003060
 27.9842 0.003071
 28.1096 0.003081
 28.2365 0.003084
 28.3654 0.003061
 28.4979 0.003114
 28.6341 0.003159
 28.7723 0.003185
 28.9143 0.003248
 29.0599 0.003290
 29.2084 0.003294
 29.3610 0.003351
 29.5166 0.003402
 29.6780 0.003442
 29.8422 0.003516
 30.0114 0.003593
 30.1864 0.003721
 30.3682 0.003729
 30.5563 0.003798
 30.7512 0.003912
 30.9528 0.003904
 31.1628 0.003940
 31.3831 0.004071
 31.6124 0.004156
 31.8545 0.004307
 32.1087 0.004356
 32.3765 0.004346
 32.6587 0.004472
 32.9585 0.004630
 33.2779 0.004873
 33.6244 0.005190
 33.9984 0.005367
 34.4072 0.005672
 34.8592 0.006075
 35.3641 0.006218
 35.9467 0.006649
 36.6166 0.007261
 37.4195 0.007568
 38.4427 0.008585
 39.8557 0.010180
 40.2172 0.010729
 40.6140 0.011256
 41.0635 0.011801
 41.5773 0.012436
 42.1734 0.013249
 42.8954 0.015424
 43.8118 0.018324
 45.1030 0.022494
 47.2306 0.029979
 49.2904 0.040841
 51.9437 0.066773
 53.8437 0.087068
 lm2-02-6 2 1
  8.3163 0.020824
  8.8358 0.016159
  9.5928 0.011721
 10.2071 0.008928
 10.8993 0.006890
 11.3387 0.006033
 11.6695 0.005659
 11.9390 0.005548
 12.1687 0.005191
 12.3693 0.005051
 12.5483 0.004859
 12.7085 0.004612
 12.8550 0.004442
 13.4557 0.003816
 13.9128 0.003466
 14.2887 0.003317
 14.6146 0.003184
 14.9017 0.003035
 15.1628 0.002972
 15.4002 0.002919
 15.6195 0.002834
 15.8225 0.002831
 16.0163 0.002776
 16.1978 0.002738
 16.3703 0.002695
 16.5351 0.002639
 16.6921 0.002612
 16.8433 0.002574
 16.9887 0.002490
 17.1286 0.002467
 17.2645 0.002427
 17.3962 0.002373
 17.5238 0.002329
 17.6483 0.002321
 17.7702 0.002293
 17.8891 0.002266
 18.0043 0.002250
 18.1170 0.002210
 18.2277 0.002218
 18.3360 0.002192
 18.4435 0.002215
 18.5486 0.002196
 18.6514 0.002160
 18.7536 0.002187
 18.8542 0.002206
 18.9530 0.002179
 19.0499 0.002191
 19.1458 0.002182
 19.2403 0.002169
 19.3333 0.002172
 19.4262 0.002155
 19.5170 0.002150
 19.6071 0.002158
 19.6970 0.002171
 19.7848 0.002189
 19.8718 0.002189
 19.9589 0.002207
 20.0451 0.002231
 20.1306 0.002234
 20.2154 0.002280
 20.2999 0.002265
 20.3834 0.002258
 20.4664 0.002233
 20.5489 0.002240
 20.6308 0.002249
 20.7129 0.002236
 20.7942 0.002259
 20.8746 0.002280
 20.9540 0.002296
 21.0335 0.002249
 21.1126 0.002232
 21.1913 0.002215
 21.2699 0.002220
 21.3480 0.002241
 21.4268 0.002227
 21.5043 0.002211
 21.5817 0.002196
 21.6583 0.002175
 21.7356 0.002188
 21.8118 0.002174
 21.8887 0.002169
 21.9648 0.002186
 22.0410 0.002168
 22.1171 0.002181
 22.1931 0.002176
 22.2690 0.002181
 22.3447 0.002188
 22.4199 0.002170
 22.4948 0.002191
 22.5698 0.002173
 22.6446 0.002180
 22.7199 0.002232
 22.7951 0.002260
 22.8707 0.002246
 22.9453 0.002275
 23.0202 0.002300
 23.0959 0.002317
 23.1712 0.002295
 23.2464 0.002283
 23.3215 0.002295
 23.3969 0.002334
 23.4717 0.002347
 23.5468 0.002363
 23.6224 0.002360
 23.6981 0.002368
 23.7738 0.002373
 23.8498 0.002381
 23.9256 0.002364
 24.0015 0.002365
 24.0777 0.002423
 24.1542 0.002441
 24.2307 0.002446
 24.3075 0.002445
 24.3847 0.002455
 24.4619 0.002496
 24.5397 0.002507
 24.6175 0.002513
 24.6964 0.002500
 24.7747 0.002529
 24.8531 0.002526
 24.9325 0.002534
 25.0119 0.002541
 25.0917 0.002555
 25.1722 0.002583
 25.2528 0.002573
 25.3336 0.002627
 25.4151 0.002613
 25.4971 0.002607
 25.5794 0.002613
 25.6618 0.002581
 25.7446 0.002595
 25.8277 0.002573
 25.9118 0.002571
 25.9959 0.002604
 26.0806 0.002608
 26.1660 0.002641
 26.2521 0.002626
 26.3396 0.002643
 26.4270 0.002633
 26.5150 0.002663
 26.6032 0.002675
 26.6928 0.002670
 26.7823 0.002685
 26.8735 0.002674
 26.9655 0.002686
 27.0581 0.002672
 27.1517 0.002704
 27.2457 0.002692
 27.3409 0.002715
 27.4370 0.002733
 27.5340 0.002729
 27.6318 0.002720
 27.7318 0.002755
 27.8325 0.002770
 27.9336 0.002816
 28.0366 0.002806
 28.1404 0.002805
 28.2456 0.002798
 28.3514 0.002792
 28.4598 0.002814
 28.5694 0.002888
 28.6799 0.002919
 28.7925 0.002945
 28.9071 0.002961
 29.0217 0.002983
 29.1397 0.003008
 29.2585 0.003033
 29.3794 0.003073
 29.5027 0.003097
 29.6288 0.003150
 29.7570 0.003164
 29.8865 0.003169
 30.0194 0.003177
 30.1540 0.003096
 30.2930 0.003129
 30.4339 0.003132
 30.5789 0.003164
 30.7264 0.003193
 30.8785 0.003220
 31.0324 0.003247
 31.1903 0.003300
 31.3527 0.003392
 31.5191 0.003416
 31.6920 0.003465
 31.8703 0.003558
 32.0539 0.003557
 32.2428 0.003649
 32.4387 0.003742
 32.6403 0.003772
 32.8506 0.003877
 33.0699 0.003980
 33.2981 0.004090
 33.5372 0.004294
 33.7865 0.004361
 34.0515 0.004437
 34.3287 0.004545
 34.6219 0.004623
 34.9338 0.004870
 35.2673 0.005007
 35.6251 0.005213
 36.0112 0.005378
 36.4369 0.005663
 36.9080 0.005946
 37.4327 0.006158
 38.0313 0.006532
 38.7262 0.007183
 39.5649 0.007893
 40.6206 0.009165
 42.0591 0.010796
 42.4358 0.011223
 42.8389 0.012071
 43.2993 0.012498
 43.8325 0.013799
 44.4446 0.014944
 45.1997 0.016849
 46.1430 0.019072
 47.4734 0.023190
 49.6738 0.029098
 51.7827 0.042231
 54.5915 0.064484
 56.6028 0.091172
lm2s-02-6 2 1
  9.4200 0.020532
  9.9248 0.015949
 10.6412 0.011424
 11.2487 0.008476
 11.9214 0.006896
 12.3587 0.006202
 12.6889 0.005626
 12.9514 0.005114
 13.1768 0.005002
 13.3736 0.004789
 13.5496 0.004532
 13.7056 0.004228
 13.8478 0.004125
 14.4351 0.003884
 14.8853 0.003513
 15.2566 0.003281
 15.5773 0.003151
 15.8620 0.003060
 16.1185 0.002914
 16.3524 0.002881
 16.5687 0.002793
 16.7707 0.002734
 16.9602 0.002785
 17.1401 0.002745
 17.3095 0.002706
 17.4726 0.002701
 17.6279 0.002656
 17.7765 0.002584
 17.9199 0.002488
 18.0585 0.002458
 18.1935 0.002405
 18.3241 0.002386
 18.4503 0.002394
 18.5734 0.002366
 18.6938 0.002357
 18.8115 0.002355
 18.9261 0.002334
 19.0374 0.002311
 19.1471 0.002271
 19.2544 0.002254
 19.3597 0.002282
 19.4640 0.002273
 19.5669 0.002266
 19.6672 0.002263
 19.7662 0.002258
 19.8633 0.002285
 19.9585 0.002281
 20.0529 0.002270
 20.1466 0.002232
 20.2391 0.002259
 20.3302 0.002236
 20.4205 0.002210
 20.5101 0.002198
 20.5992 0.002192
 20.6873 0.002173
 20.7747 0.002173
 20.8608 0.002166
 20.9464 0.002151
 21.0311 0.002168
 21.1153 0.002160
 21.1984 0.002172
 21.2815 0.002196
 21.3634 0.002177
 21.4456 0.002165
 21.5276 0.002167
 21.6083 0.002162
 21.6884 0.002165
 21.7682 0.002169
 21.8479 0.002178
 21.9270 0.002201
 22.0064 0.002201
 22.0850 0.002212
 22.1630 0.002218
 22.2408 0.002186
 22.3181 0.002176
 22.3955 0.002164
 22.4724 0.002153
 22.5487 0.002136
 22.6245 0.002155
 22.7007 0.002140
 22.7764 0.002152
 22.8525 0.002152
 22.9282 0.002132
 23.0032 0.002162
 23.0783 0.002198
 23.1537 0.002214
 23.2283 0.002203
 23.3034 0.002223
 23.3780 0.002223
 23.4527 0.002235
 23.5268 0.002235
 23.6008 0.002252
 23.6757 0.002263
 23.7502 0.002261
 23.8246 0.002243
 23.8992 0.002254
 23.9731 0.002249
 24.0478 0.002269
 24.1223 0.002287
 24.1971 0.002327
 24.2720 0.002348
 24.3464 0.002357
 24.4210 0.002373
 24.4963 0.002372
 24.5707 0.002371
 24.6465 0.002382
 24.7223 0.002388
 24.7975 0.002397
 24.8736 0.002392
 24.9495 0.002424
 25.0257 0.002410
 25.1021 0.002417
 25.1788 0.002435
 25.2561 0.002434
 25.3330 0.002457
 25.4100 0.002479
 25.4879 0.002487
 25.5655 0.002490
 25.6436 0.002484
 25.7219 0.002476
 25.8008 0.002486
 25.8802 0.002494
 25.9594 0.002508
 26.0388 0.002525
 26.1189 0.002543
 26.1997 0.002569
 26.2807 0.002564
 26.3622 0.002578
 26.4443 0.002567
 26.5264 0.002541
 26.6092 0.002559
 26.6920 0.002562
 26.7761 0.002556
 26.8603 0.002550
 26.9447 0.002578
 27.0292 0.002577
 27.1143 0.002580
 27.2012 0.002598
 27.2883 0.002622
 27.3760 0.002636
 27.4646 0.002613
 27.5537 0.002650
 27.6431 0.002699
 27.7337 0.002720
 27.8252 0.002688
 27.9180 0.002699
 28.0112 0.002716
 28.1050 0.002737
 28.2002 0.002721
 28.2957 0.002733
 28.3920 0.002742
 28.4893 0.002730
 28.5879 0.002723
 28.6874 0.002747
 28.7885 0.002799
 28.8907 0.002805
 28.9945 0.002803
 29.0992 0.002795
 29.2053 0.002819
 29.3125 0.002862
 29.4214 0.002929
 29.5317 0.002921
 29.6441 0.002970
 29.7577 0.002934
 29.8727 0.002960
 29.9898 0.002984
 30.1083 0.002967
 30.2294 0.002969
 30.3536 0.003002
 30.4785 0.003063
 30.6053 0.003075
 30.7349 0.003026
 30.8678 0.003025
 31.0028 0.003067
 31.1403 0.003103
 31.2807 0.003149
 31.4245 0.003150
 31.5698 0.003228
 31.7200 0.003246
 31.8744 0.003280
 32.0335 0.003323
 32.1951 0.003405
 32.3622 0.003427
 32.5328 0.003459
 32.7093 0.003519
 32.8912 0.003525
 33.0792 0.003619
 33.2753 0.003703
 33.4786 0.003866
 33.6884 0.003999
 33.9060 0.004088
 34.1343 0.004178
 34.3721 0.004283
 34.6222 0.004375
 34.8837 0.004592
 35.1600 0.004617
 35.4532 0.004643
 35.7628 0.004754
 36.0954 0.004920
 36.4549 0.005116
 36.8416 0.005313
 37.2658 0.005573
 37.7337 0.005797
 38.2584 0.006129
 38.8556 0.006595
 39.5502 0.006834
 40.3845 0.007758
 41.4347 0.009119
 42.8780 0.010794
 43.2425 0.011228
 43.6538 0.011996
 44.1114 0.013119
 44.6431 0.013970
 45.2644 0.015005
 46.0185 0.016396
 46.9713 0.019286
 48.3008 0.022797
 50.4898 0.029982
 52.5779 0.043060
 55.3675 0.063255
 57.3509 0.092154
 tr0-02-6 2 1
  8.6620 0.026283
  9.2944 0.020335
 10.2547 0.015508
 11.0809 0.012505
 12.0029 0.009915
 12.5762 0.008295
 13.0207 0.007866
 13.3822 0.007321
 13.6874 0.006972
 13.9509 0.006727
 14.1913 0.006404
 14.4072 0.005969
 14.6052 0.005686
 15.3995 0.005024
 16.0149 0.004719
 16.5144 0.004400
 16.9452 0.004297
 17.3253 0.004111
 17.6678 0.004006
 17.9824 0.003785
 18.2736 0.003632
 18.5450 0.003600
 18.8003 0.003589
 19.0393 0.003505
 19.2693 0.003365
 19.4871 0.003340
 19.6941 0.003234
 19.8957 0.003158
 20.0877 0.003046
 20.2729 0.003045
 20.4513 0.002992
 20.6240 0.002979
 20.7934 0.003004
 20.9580 0.002969
 21.1174 0.002944
 21.2732 0.002941
 21.4254 0.003008
 21.5752 0.002981
 21.7208 0.002956
 21.8643 0.002936
 22.0036 0.002896
 22.1417 0.002916
 22.2770 0.002940
 22.4101 0.002930
 22.5407 0.002963
 22.6694 0.002974
 22.7969 0.002954
 22.9226 0.002964
 23.0458 0.002971
 23.1674 0.002956
 23.2877 0.002917
 23.4078 0.002921
 23.5251 0.002889
 23.6421 0.002860
 23.7580 0.002847
 23.8726 0.002837
 23.9854 0.002863
 24.0980 0.002852
 24.2094 0.002804
 24.3194 0.002811
 24.4288 0.002854
 24.5368 0.002866
 24.6443 0.002896
 24.7511 0.002884
 24.8573 0.002912
 24.9624 0.002931
 25.0675 0.002938
 25.1715 0.002970
 25.2748 0.002940
 25.3776 0.002955
 25.4804 0.002932
 25.5818 0.002916
 25.6839 0.002910
 25.7856 0.002903
 25.8857 0.002925
 25.9852 0.002923
 26.0851 0.002917
 26.1841 0.002957
 26.2822 0.002989
 26.3807 0.003013
 26.4788 0.003016
 26.5763 0.003015
 26.6737 0.003013
 26.7711 0.002982
 26.8682 0.003001
 26.9656 0.003019
 27.0624 0.002956
 27.1586 0.002975
 27.2548 0.002997
 27.3515 0.002990
 27.4474 0.002972
 27.5440 0.002943
 27.6398 0.002904
 27.7359 0.002902
 27.8320 0.002893
 27.9281 0.002920
 28.0232 0.002922
 28.1185 0.002952
 28.2148 0.002919
 28.3101 0.002929
 28.4057 0.002959
 28.5017 0.002958
 28.5980 0.002937
 28.6943 0.002943
 28.7905 0.002929
 28.8869 0.002951
 28.9833 0.002980
 29.0802 0.002960
 29.1762 0.002949
 29.2731 0.002948
 29.3701 0.002941
 29.4674 0.002905
 29.5650 0.002912
 29.6631 0.002916
 29.7613 0.002947
 29.8590 0.002972
 29.9577 0.002971
 30.0557 0.003010
 30.1543 0.002996
 30.2538 0.003034
 30.3536 0.003057
 30.4539 0.003070
 30.5544 0.003069
 30.6561 0.003066
 30.7582 0.003089
 30.8600 0.003091
 30.9624 0.003133
 31.0656 0.003156
 31.1687 0.003169
 31.2721 0.003179
 31.3763 0.003218
 31.4811 0.003229
 31.5866 0.003278
 31.6930 0.003304
 31.7993 0.003320
 31.9065 0.003348
 32.0142 0.003361
 32.1232 0.003362
 32.2328 0.003362
 32.3426 0.003399
 32.4541 0.003385
 32.5649 0.003365
 32.6784 0.003330
 32.7918 0.003327
 32.9060 0.003389
 33.0221 0.003409
 33.1383 0.003439
 33.2545 0.003427
 33.3724 0.003440
 33.4912 0.003458
 33.6119 0.003452
 33.7341 0.003476
 33.8567 0.003460
 33.9808 0.003456
 34.1060 0.003513
 34.2326 0.003544
 34.3613 0.003550
 34.4914 0.003564
 34.6232 0.003532
 34.7567 0.003545
 34.8921 0.003568
 35.0288 0.003584
 35.1675 0.003649
 35.3081 0.003665
 35.4503 0.003635
 35.5950 0.003719
 35.7434 0.003730
 35.8930 0.003781
 36.0454 0.003814
 36.2006 0.003829
 36.3584 0.003887
 36.5180 0.003898
 36.6813 0.003898
 36.8464 0.003951
 37.0158 0.004065
 37.1901 0.004142
 37.3676 0.004140
 37.5466 0.004228
 37.7312 0.004246
 37.9194 0.004247
 38.1120 0.004265
 38.3115 0.004237
 38.5145 0.004293
 38.7232 0.004417
 38.9402 0.004469
 39.1602 0.004541
 39.3891 0.004598
 39.6231 0.004689
 39.8676 0.004765
 40.1219 0.004790
 40.3866 0.004891
 40.6607 0.004932
 40.9482 0.004995
 41.2475 0.005224
 41.5635 0.005323
 41.8992 0.005390
 42.2520 0.005548
 42.6275 0.005784
 43.0240 0.006042
 43.4509 0.006259
 43.9141 0.006371
 44.4168 0.006621
 44.9717 0.006995
 45.5943 0.007255
 46.2998 0.007879
 47.1226 0.008418
 48.1068 0.009460
 49.3483 0.010837
 51.0517 0.012504
 51.4814 0.013048
 51.9632 0.013449
 52.5007 0.014125
 53.1203 0.015391
 53.8355 0.016968
 54.6948 0.018978
 55.7794 0.021415
 57.2925 0.024951
 59.8189 0.033991
 62.2590 0.046041
 65.3562 0.070303
 67.4635 0.100500
 tr1-02-6 2 1
 10.7533 0.029641
 11.5040 0.023016
 12.5751 0.017121
 13.4931 0.013469
 14.5158 0.010919
 15.1740 0.009664
 15.6624 0.008697
 16.0629 0.007862
 16.4046 0.007674
 16.7014 0.007239
 16.9640 0.006964
 17.2006 0.006667
 17.4169 0.006469
 18.2986 0.005477
 18.9706 0.004975
 19.5209 0.004628
 19.9943 0.004314
 20.4114 0.004236
 20.7887 0.004085
 21.1322 0.004026
 21.4467 0.003952
 21.7419 0.003907
 22.0187 0.003761
 22.2792 0.003715
 22.5267 0.003582
 22.7637 0.003608
 22.9888 0.003496
 23.2048 0.003352
 23.4129 0.003363
 23.6118 0.003343
 23.8075 0.003329
 23.9949 0.003261
 24.1777 0.003225
 24.3551 0.003168
 24.5295 0.003215
 24.6988 0.003203
 24.8641 0.003245
 25.0256 0.003229
 25.1841 0.003257
 25.3377 0.003263
 25.4891 0.003284
 25.6371 0.003249
 25.7822 0.003202
 25.9262 0.003179
 26.0669 0.003151
 26.2055 0.003165
 26.3419 0.003128
 26.4760 0.003127
 26.6094 0.003122
 26.7402 0.003077
 26.8699 0.003025
 26.9990 0.003017
 27.1257 0.003007
 27.2510 0.003026
 27.3748 0.003047
 27.4977 0.003007
 27.6198 0.003027
 27.7393 0.003056
 27.8585 0.003043
 27.9773 0.003045
 28.0942 0.003038
 28.2102 0.003027
 28.3256 0.003037
 28.4404 0.003038
 28.5545 0.003072
 28.6671 0.003058
 28.7788 0.003061
 28.8904 0.003033
 29.0010 0.002986
 29.1108 0.002992
 29.2204 0.003038
 29.3286 0.003053
 29.4372 0.003027
 29.5445 0.003009
 29.6520 0.003023
 29.7590 0.003051
 29.8658 0.003034
 29.9724 0.003043
 30.0781 0.003046
 30.1835 0.003058
 30.2886 0.003078
 30.3935 0.003062
 30.4983 0.003082
 30.6022 0.003072
 30.7067 0.003049
 30.8099 0.003034
 30.9125 0.003054
 31.0150 0.003098
 31.1184 0.003107
 31.2212 0.003085
 31.3236 0.003103
 31.4256 0.003102
 31.5282 0.003133
 31.6305 0.003132
 31.7330 0.003127
 31.8353 0.003145
 31.9377 0.003179
 32.0397 0.003182
 32.1424 0.003206
 32.2439 0.003194
 32.3457 0.003206
 32.4480 0.003227
 32.5510 0.003244
 32.6532 0.003278
 32.7558 0.003280
 32.8582 0.003286
 32.9613 0.003277
 33.0637 0.003283
 33.1669 0.003332
 33.2695 0.003362
 33.3734 0.003358
 33.4771 0.003361
 33.5810 0.003361
 33.6851 0.003346
 33.7895 0.003308
 33.8946 0.003336
 33.9994 0.003372
 34.1039 0.003380
 34.2098 0.003364
 34.3153 0.003376
 34.4209 0.003389
 34.5278 0.003424
 34.6342 0.003395
 34.7411 0.003404
 34.8485 0.003381
 34.9564 0.003348
 35.0648 0.003340
 35.1741 0.003336
 35.2840 0.003369
 35.3941 0.003363
 35.5054 0.003400
 35.6169 0.003442
 35.7292 0.003435
 35.8416 0.003441
 35.9545 0.003479
 36.0685 0.003484
 36.1832 0.003476
 36.2978 0.003496
 36.4147 0.003484
 36.5312 0.003498
 36.6487 0.003500
 36.7672 0.003491
 36.8862 0.003516
 37.0063 0.003531
 37.1274 0.003565
 37.2489 0.003563
 37.3725 0.003547
 37.4962 0.003541
 37.6212 0.003559
 37.7482 0.003620
 37.8757 0.003659
 38.0033 0.003700
 38.1342 0.003742
 38.2650 0.003775
 38.3985 0.003774
 38.5334 0.003802
 38.6693 0.003834
 38.8067 0.003829
 38.9452 0.003852
 39.0859 0.003951
 39.2293 0.003967
 39.3742 0.004010
 39.5207 0.004009
 39.6699 0.004048
 39.8206 0.004092
 39.9744 0.004161
 40.1299 0.004130
 40.2872 0.004146
 40.4480 0.004201
 40.6102 0.004226
 40.7746 0.004258
 40.9427 0.004267
 41.1122 0.004253
 41.2876 0.004251
 41.4650 0.004313
 41.6465 0.004319
 41.8319 0.004365
 42.0215 0.004406
 42.2149 0.004460
 42.4143 0.004553
 42.6169 0.004606
 42.8265 0.004714
 43.0413 0.004814
 43.2609 0.004862
 43.4890 0.004942
 43.7227 0.004972
 43.9646 0.004981
 44.2142 0.005150
 44.4706 0.005204
 44.7368 0.005275
 45.0150 0.005434
 45.3047 0.005498
 45.6058 0.005682
 45.9225 0.005893
 46.2546 0.006054
 46.6022 0.006114
 46.9694 0.006240
 47.3639 0.006424
 47.7813 0.006478
 48.2335 0.006678
 48.7190 0.007059
 49.2479 0.007390
 49.8309 0.007673
 50.4844 0.008010
 51.2266 0.008764
 52.0908 0.009199
 53.1162 0.010083
 54.4076 0.011675
 56.1701 0.013687
 56.6175 0.014356
 57.1108 0.014729
 57.6670 0.014806
 58.3121 0.015997
 59.0638 0.016851
 59.9644 0.019311
 61.0879 0.021097
 62.6551 0.025837
 65.2680 0.035680
 67.8091 0.047169
 71.0507 0.076959
 73.4064 0.108277
tr1s-02-6 2 1
 13.2390 0.031284
 13.9858 0.025157
 15.0484 0.016907
 15.9347 0.012650
 16.9190 0.010024
 17.5524 0.009361
 18.0349 0.008620
 18.4244 0.007962
 18.7514 0.007538
 19.0397 0.007044
 19.2931 0.006648
 19.5251 0.006309
 19.7362 0.006102
 20.5888 0.005432
 21.2430 0.004797
 21.7820 0.004596
 22.2424 0.004288
 22.6486 0.004190
 23.0154 0.004027
 23.3486 0.004001
 23.6552 0.003932
 23.9422 0.003832
 24.2107 0.003763
 24.4643 0.003721
 24.7064 0.003599
 24.9378 0.003639
 25.1584 0.003542
 25.3704 0.003462
 25.5729 0.003430
 25.7690 0.003407
 25.9585 0.003396
 26.1410 0.003409
 26.3186 0.003367
 26.4916 0.003304
 26.6624 0.003269
 26.8269 0.003256
 26.9881 0.003267
 27.1460 0.003209
 27.2999 0.003184
 27.4506 0.003211
 27.5996 0.003199
 27.7448 0.003139
 27.8864 0.003137
 28.0267 0.003130
 28.1648 0.003144
 28.3014 0.003100
 28.4358 0.003089
 28.5691 0.003071
 28.7001 0.003094
 28.8286 0.003046
 28.9563 0.003004
 29.0817 0.002989
 29.2057 0.002992
 29.3279 0.002980
 29.4494 0.002996
 29.5692 0.002984
 29.6880 0.003003
 29.8065 0.003053
 29.9233 0.003035
 30.0395 0.003060
 30.1548 0.003015
 30.2690 0.003025
 30.3822 0.003024
 30.4945 0.002981
 30.6059 0.002984
 30.7168 0.003028
 30.8273 0.003059
 30.9368 0.003095
 31.0459 0.003081
 31.1541 0.003047
 31.2621 0.003062
 31.3698 0.003050
 31.4766 0.003089
 31.5824 0.003094
 31.6871 0.003116
 31.7918 0.003150
 31.8961 0.003138
 32.0002 0.003109
 32.1045 0.003096
 32.2078 0.003094
 32.3119 0.003094
 32.4152 0.003097
 32.5183 0.003082
 32.6207 0.003065
 32.7230 0.003052
 32.8246 0.003058
 32.9263 0.003082
 33.0276 0.003090
 33.1291 0.003100
 33.2315 0.003089
 33.3328 0.003077
 33.4342 0.003092
 33.5356 0.003121
 33.6364 0.003118
 33.7376 0.003124
 33.8387 0.003111
 33.9394 0.003114
 34.0399 0.003133
 34.1406 0.003172
 34.2414 0.003185
 34.3419 0.003220
 34.4430 0.003218
 34.5442 0.003214
 34.6460 0.003208
 34.7476 0.003215
 34.8486 0.003216
 34.9502 0.003215
 35.0513 0.003245
 35.1529 0.003229
 35.2544 0.003198
 35.3566 0.003219
 35.4593 0.003210
 35.5615 0.003239
 35.6636 0.003209
 35.7665 0.003208
 35.8695 0.003219
 35.9731 0.003209
 36.0774 0.003255
 36.1822 0.003248
 36.2861 0.003267
 36.3908 0.003280
 36.4960 0.003285
 36.6006 0.003264
 36.7060 0.003272
 36.8127 0.003263
 36.9189 0.003290
 37.0264 0.003276
 37.1343 0.003293
 37.2429 0.003334
 37.3524 0.003369
 37.4613 0.003350
 37.5714 0.003372
 37.6826 0.003408
 37.7940 0.003401
 37.9066 0.003391
 38.0195 0.003377
 38.1336 0.003377
 38.2480 0.003345
 38.3618 0.003324
 38.4772 0.003364
 38.5930 0.003388
 38.7107 0.003416
 38.8286 0.003446
 38.9472 0.003407
 39.0675 0.003446
 39.1889 0.003475
 39.3105 0.003555
 39.4332 0.003562
 39.5569 0.003586
 39.6829 0.003618
 39.8093 0.003622
 39.9372 0.003611
 40.0656 0.003644
 40.1948 0.003675
 40.3272 0.003714
 40.4603 0.003747
 40.5959 0.003775
 40.7320 0.003761
 40.8704 0.003759
 41.0099 0.003787
 41.1515 0.003816
 41.2944 0.003812
 41.4406 0.003790
 41.5882 0.003841
 41.7364 0.003922
 41.8871 0.003863
 42.0410 0.003874
 42.1975 0.003898
 42.3553 0.003909
 42.5169 0.003887
 42.6820 0.003883
 42.8489 0.003950
 43.0178 0.004007
 43.1922 0.004105
 43.3689 0.004179
 43.5489 0.004227
 43.7323 0.004304
 43.9201 0.004383
 44.1121 0.004384
 44.3107 0.004463
 44.5130 0.004576
 44.7202 0.004608
 44.9314 0.004633
 45.1495 0.004770
 45.3754 0.004751
 45.6075 0.004807
 45.8455 0.004875
 46.0932 0.005067
 46.3503 0.005185
 46.6166 0.005254
 46.8920 0.005434
 47.1791 0.005499
 47.4761 0.005585
 47.7895 0.005642
 48.1208 0.005833
 48.4686 0.006022
 48.8341 0.006151
 49.2255 0.006349
 49.6432 0.006443
 50.0894 0.006815
 50.5706 0.007105
 51.0983 0.007420
 51.6812 0.007596
 52.3330 0.007925
 53.0701 0.008520
 53.9264 0.009073
 54.9456 0.010073
 56.2311 0.011850
 57.9807 0.013302
 58.4282 0.013651
 58.9277 0.014375
 59.4879 0.015197
 60.1194 0.016578
 60.8751 0.018062
 61.7733 0.019235
 62.9027 0.021533
 64.4570 0.025812
 67.0403 0.037590
 69.5614 0.049135
 72.8079 0.075639
 75.2240 0.108671
 tr2-02-6 2 1
 13.2579 0.033874
 14.0954 0.025262
 15.3158 0.019370
 16.3315 0.015568
 17.4451 0.011847
 18.1653 0.010326
 18.6980 0.009411
 19.1274 0.008591
 19.4961 0.008307
 19.8099 0.008058
 20.0970 0.007763
 20.3556 0.007377
 20.5919 0.007001
 21.5454 0.005844
 22.2680 0.005706
 22.8606 0.005281
 23.3712 0.004962
 23.8192 0.004837
 24.2204 0.004581
 24.5877 0.004475
 24.9261 0.004299
 25.2406 0.004251
 25.5373 0.004172
 25.8170 0.004065
 26.0821 0.003976
 26.3332 0.003864
 26.5739 0.003904
 26.8053 0.003868
 27.0265 0.003765
 27.2416 0.003703
 27.4486 0.003652
 27.6491 0.003623
 27.8448 0.003602
 28.0339 0.003539
 28.2177 0.003587
 28.3977 0.003611
 28.5733 0.003586
 28.7453 0.003526
 28.9130 0.003459
 29.0764 0.003406
 29.2370 0.003392
 29.3947 0.003346
 29.5494 0.003393
 29.7028 0.003371
 29.8528 0.003350
 30.0009 0.003349
 30.1469 0.003310
 30.2901 0.003300
 30.4322 0.003378
 30.5716 0.003309
 30.7093 0.003300
 30.8449 0.003289
 30.9797 0.003285
 31.1130 0.003263
 31.2442 0.003247
 31.3749 0.003208
 31.5038 0.003145
 31.6316 0.003175
 31.7596 0.003180
 31.8852 0.003133
 32.0102 0.003128
 32.1336 0.003164
 32.2557 0.003122
 32.3778 0.003104
 32.4986 0.003094
 32.6182 0.003071
 32.7373 0.003041
 32.8556 0.003062
 32.9717 0.003081
 33.0882 0.003104
 33.2033 0.003098
 33.3187 0.003107
 33.4334 0.003136
 33.5479 0.003169
 33.6615 0.003134
 33.7753 0.003160
 33.8881 0.003173
 34.0007 0.003193
 34.1127 0.003245
 34.2240 0.003254
 34.3348 0.003261
 34.4456 0.003259
 34.5559 0.003241
 34.6654 0.003259
 34.7752 0.003263
 34.8842 0.003221
 34.9932 0.003182
 35.1026 0.003206
 35.2107 0.003209
 35.3190 0.003230
 35.4270 0.003211
 35.5357 0.003180
 35.6434 0.003176
 35.7519 0.003197
 35.8599 0.003201
 35.9680 0.003231
 36.0770 0.003240
 36.1850 0.003282
 36.2925 0.003252
 36.3995 0.003277
 36.5067 0.003255
 36.6148 0.003247
 36.7231 0.003249
 36.8303 0.003234
 36.9385 0.003263
 37.0463 0.003306
 37.1542 0.003314
 37.2624 0.003318
 37.3709 0.003362
 37.4797 0.003379
 37.5886 0.003372
 37.6979 0.003387
 37.8068 0.003404
 37.9165 0.003405
 38.0262 0.003377
 38.1358 0.003388
 38.2463 0.003384
 38.3573 0.003478
 38.4683 0.003465
 38.5797 0.003472
 38.6911 0.003503
 38.8037 0.003495
 38.9162 0.003458
 39.0294 0.003453
 39.1429 0.003477
 39.2569 0.003465
 39.3714 0.003445
 39.4862 0.003489
 39.6009 0.003534
 39.7165 0.003535
 39.8333 0.003543
 39.9493 0.003583
 40.0672 0.003554
 40.1851 0.003546
 40.3050 0.003576
 40.4239 0.003573
 40.5438 0.003622
 40.6649 0.003658
 40.7858 0.003642
 40.9092 0.003631
 41.0322 0.003637
 41.1570 0.003632
 41.2823 0.003623
 41.4084 0.003629
 41.5353 0.003658
 41.6635 0.003644
 41.7929 0.003686
 41.9226 0.003751
 42.0547 0.003766
 42.1877 0.003755
 42.3222 0.003743
 42.4580 0.003773
 42.5942 0.003782
 42.7315 0.003824
 42.8706 0.003839
 43.0110 0.003859
 43.1532 0.003875
 43.2968 0.003896
 43.4420 0.003933
 43.5895 0.003980
 43.7400 0.004006
 43.8919 0.004020
 44.0459 0.004058
 44.2015 0.004073
 44.3584 0.004088
 44.5189 0.004118
 44.6819 0.004143
 44.8482 0.004180
 45.0158 0.004234
 45.1861 0.004220
 45.3599 0.004209
 45.5359 0.004222
 45.7147 0.004250
 45.8979 0.004342
 46.0845 0.004375
 46.2740 0.004444
 46.4682 0.004445
 46.6660 0.004473
 46.8685 0.004524
 47.0754 0.004540
 47.2879 0.004634
 47.5082 0.004618
 47.7322 0.004679
 47.9626 0.004823
 48.2010 0.004883
 48.4453 0.004918
 48.6983 0.005025
 48.9588 0.005100
 49.2278 0.005156
 49.5069 0.005302
 49.7970 0.005430
 50.1000 0.005432
 50.4148 0.005453
 50.7443 0.005437
 51.0890 0.005628
 51.4551 0.005773
 51.8424 0.006145
 52.2515 0.006246
 52.6873 0.006524
 53.1548 0.006643
 53.6639 0.006717
 54.2183 0.006953
 54.8278 0.007417
 55.5036 0.008011
 56.2704 0.008521
 57.1591 0.009146
 58.2255 0.009827
 59.5656 0.011287
 61.3975 0.014281
 61.8613 0.014356
 62.3825 0.014964
 62.9649 0.015866
 63.6151 0.016689
 64.3954 0.018820
 65.3342 0.021048
 66.5180 0.023192
 68.1380 0.028539
 70.8433 0.038180
 73.4492 0.049954
 76.7932 0.075310
 79.1253 0.105898
tr2s-02-6 2 1
 15.9842 0.032544
 16.7551 0.025743
 17.9367 0.018369
 18.8929 0.014258
 19.9574 0.010992
 20.6412 0.009755
 21.1641 0.008884
 21.5770 0.008178
 21.9309 0.007634
 22.2431 0.007329
 22.5155 0.007151
 22.7618 0.006769
 22.9860 0.006701
 23.8985 0.005706
 24.5954 0.005399
 25.1690 0.005157
 25.6614 0.004946
 26.0946 0.004585
 26.4858 0.004331
 26.8444 0.004198
 27.1714 0.004096
 27.4757 0.004011
 27.7639 0.003940
 28.0356 0.003982
 28.2914 0.003949
 28.5368 0.003924
 28.7713 0.003884
 28.9952 0.003863
 29.2094 0.003769
 29.4207 0.003725
 29.6226 0.003713
 29.8164 0.003675
 30.0071 0.003569
 30.1910 0.003544
 30.3703 0.003510
 30.5435 0.003510
 30.7160 0.003479
 30.8838 0.003475
 31.0473 0.003335
 31.2081 0.003287
 31.3652 0.003287
 31.5194 0.003348
 31.6711 0.003381
 31.8200 0.003347
 31.9666 0.003311
 32.1114 0.003282
 32.2524 0.003281
 32.3939 0.003243
 32.5325 0.003246
 32.6690 0.003255
 32.8043 0.003179
 32.9363 0.003176
 33.0686 0.003198
 33.1995 0.003169
 33.3284 0.003152
 33.4561 0.003163
 33.5825 0.003111
 33.7081 0.003112
 33.8317 0.003115
 33.9552 0.003124
 34.0779 0.003186
 34.1988 0.003187
 34.3184 0.003223
 34.4379 0.003229
 34.5555 0.003249
 34.6732 0.003230
 34.7890 0.003223
 34.9048 0.003217
 35.0209 0.003221
 35.1349 0.003222
 35.2494 0.003208
 35.3623 0.003251
 35.4749 0.003217
 35.5866 0.003213
 35.6983 0.003183
 35.8093 0.003203
 35.9202 0.003232
 36.0310 0.003197
 36.1405 0.003201
 36.2505 0.003248
 36.3597 0.003229
 36.4683 0.003205
 36.5768 0.003202
 36.6848 0.003182
 36.7927 0.003162
 36.9001 0.003146
 37.0080 0.003168
 37.1147 0.003170
 37.2211 0.003203
 37.3291 0.003199
 37.4361 0.003224
 37.5426 0.003225
 37.6489 0.003222
 37.7555 0.003217
 37.8617 0.003202
 37.9681 0.003223
 38.0743 0.003211
 38.1797 0.003204
 38.2855 0.003236
 38.3921 0.003240
 38.4982 0.003237
 38.6055 0.003241
 38.7116 0.003255
 38.8184 0.003249
 38.9251 0.003255
 39.0315 0.003268
 39.1379 0.003255
 39.2444 0.003252
 39.3515 0.003270
 39.4586 0.003337
 39.5659 0.003358
 39.6740 0.003369
 39.7819 0.003341
 39.8905 0.003370
 39.9999 0.003399
 40.1089 0.003402
 40.2172 0.003435
 40.3263 0.003444
 40.4362 0.003446
 40.5459 0.003436
 40.6562 0.003433
 40.7655 0.003455
 40.8767 0.003458
 40.9881 0.003455
 41.0996 0.003465
 41.2122 0.003468
 41.3256 0.003496
 41.4384 0.003528
 41.5528 0.003532
 41.6669 0.003612
 41.7815 0.003631
 41.8975 0.003635
 42.0138 0.003677
 42.1302 0.003670
 42.2485 0.003691
 42.3660 0.003694
 42.4853 0.003696
 42.6048 0.003686
 42.7250 0.003668
 42.8463 0.003672
 42.9679 0.003669
 43.0902 0.003684
 43.2141 0.003730
 43.3389 0.003705
 43.4642 0.003665
 43.5911 0.003690
 43.7193 0.003681
 43.8486 0.003715
 43.9790 0.003723
 44.1097 0.003704
 44.2432 0.003722
 44.3764 0.003767
 44.5121 0.003776
 44.6479 0.003754
 44.7862 0.003762
 44.9264 0.003786
 45.0667 0.003813
 45.2112 0.003842
 45.3559 0.003810
 45.5024 0.003818
 45.6509 0.003820
 45.8022 0.003855
 45.9550 0.003925
 46.1084 0.003990
 46.2634 0.003957
 46.4228 0.004005
 46.5826 0.004033
 46.7455 0.004049
 46.9104 0.004084
 47.0793 0.004133
 47.2527 0.004146
 47.4280 0.004188
 47.6059 0.004282
 47.7875 0.004335
 47.9721 0.004395
 48.1608 0.004414
 48.3538 0.004470
 48.5500 0.004530
 48.7508 0.004548
 48.9580 0.004603
 49.1703 0.004655
 49.3867 0.004706
 49.6082 0.004780
 49.8379 0.004841
 50.0734 0.004924
 50.3147 0.004998
 50.5641 0.005075
 50.8231 0.004996
 51.0909 0.005172
 51.3677 0.005222
 51.6559 0.005251
 51.9565 0.005280
 52.2708 0.005383
 52.5990 0.005479
 52.9397 0.005576
 53.3021 0.005776
 53.6867 0.005828
 54.0949 0.005938
 54.5284 0.006154
 54.9970 0.006382
 55.4984 0.006625
 56.0491 0.006928
 56.6513 0.007294
 57.3239 0.007856
 58.0897 0.008468
 58.9755 0.009440
 60.0357 0.010096
 61.3698 0.011431
 63.1913 0.013645
 63.6618 0.014345
 64.1819 0.015277
 64.7636 0.016382
 65.4236 0.017265
 66.1951 0.019420
 67.1245 0.021112
 68.2982 0.023907
 69.9172 0.027986
 72.6105 0.038043
 75.2241 0.051044
 78.5658 0.076043
 81.0041 0.103094
