Copyright (C) 1998 James G. MacKinnon, Alfred A. Haug, and Leo Michelis.
 lm0-02-8 2 1
  8.0976 0.019399
  8.5951 0.015487
  9.3555 0.011454
  9.9855 0.009349
 10.6778 0.007222
 11.1245 0.006333
 11.4625 0.005562
 11.7325 0.005183
 11.9601 0.004887
 12.1600 0.004777
 12.3436 0.004694
 12.5044 0.004445
 12.6542 0.004279
 13.2583 0.003725
 13.7209 0.003384
 14.1021 0.003351
 14.4279 0.003214
 14.7167 0.003081
 14.9776 0.002952
 15.2176 0.002867
 15.4385 0.002900
 15.6443 0.002807
 15.8388 0.002792
 16.0207 0.002674
 16.1940 0.002641
 16.3592 0.002590
 16.5167 0.002576
 16.6689 0.002550
 16.8153 0.002532
 16.9552 0.002508
 17.0925 0.002524
 17.2241 0.002514
 17.3540 0.002491
 17.4800 0.002494
 17.6013 0.002482
 17.7205 0.002499
 17.8369 0.002492
 17.9516 0.002519
 18.0630 0.002474
 18.1725 0.002550
 18.2797 0.002554
 18.3862 0.002543
 18.4898 0.002520
 18.5922 0.002548
 18.6938 0.002516
 18.7931 0.002509
 18.8908 0.002507
 18.9875 0.002477
 19.0833 0.002496
 19.1773 0.002486
 19.2700 0.002476
 19.3622 0.002463
 19.4527 0.002483
 19.5428 0.002480
 19.6319 0.002447
 19.7202 0.002411
 19.8073 0.002391
 19.8938 0.002383
 19.9799 0.002402
 20.0654 0.002399
 20.1499 0.002403
 20.2341 0.002392
 20.3173 0.002426
 20.3999 0.002384
 20.4818 0.002369
 20.5639 0.002363
 20.6456 0.002353
 20.7264 0.002349
 20.8067 0.002356
 20.8866 0.002351
 20.9660 0.002377
 21.0456 0.002384
 21.1244 0.002363
 21.2032 0.002352
 21.2815 0.002361
 21.3591 0.002364
 21.4368 0.002380
 21.5140 0.002381
 21.5917 0.002368
 21.6682 0.002363
 21.7453 0.002373
 21.8219 0.002359
 21.8984 0.002364
 21.9748 0.002375
 22.0506 0.002363
 22.1255 0.002346
 22.2013 0.002339
 22.2765 0.002331
 22.3524 0.002336
 22.4279 0.002325
 22.5035 0.002344
 22.5790 0.002364
 22.6545 0.002349
 22.7301 0.002345
 22.8057 0.002360
 22.8810 0.002362
 22.9561 0.002359
 23.0315 0.002362
 23.1078 0.002372
 23.1832 0.002388
 23.2591 0.002423
 23.3344 0.002430
 23.4106 0.002433
 23.4868 0.002444
 23.5632 0.002444
 23.6393 0.002457
 23.7161 0.002477
 23.7926 0.002500
 23.8692 0.002517
 23.9460 0.002534
 24.0230 0.002555
 24.0999 0.002540
 24.1774 0.002539
 24.2549 0.002559
 24.3321 0.002569
 24.4102 0.002566
 24.4885 0.002565
 24.5676 0.002584
 24.6464 0.002594
 24.7253 0.002599
 24.8046 0.002590
 24.8847 0.002601
 24.9653 0.002630
 25.0458 0.002637
 25.1264 0.002673
 25.2074 0.002675
 25.2887 0.002674
 25.3712 0.002679
 25.4538 0.002648
 25.5365 0.002649
 25.6201 0.002629
 25.7038 0.002621
 25.7884 0.002651
 25.8735 0.002648
 25.9591 0.002638
 26.0453 0.002648
 26.1321 0.002663
 26.2193 0.002663
 26.3075 0.002698
 26.3963 0.002695
 26.4862 0.002721
 26.5763 0.002723
 26.6667 0.002720
 26.7583 0.002717
 26.8496 0.002735
 26.9420 0.002720
 27.0357 0.002746
 27.1296 0.002729
 27.2256 0.002731
 27.3223 0.002721
 27.4201 0.002734
 27.5184 0.002767
 27.6187 0.002773
 27.7197 0.002826
 27.8214 0.002845
 27.9239 0.002869
 28.0281 0.002897
 28.1339 0.002920
 28.2401 0.002970
 28.3485 0.002987
 28.4582 0.003012
 28.5696 0.003044
 28.6821 0.003030
 28.7960 0.003047
 28.9115 0.003092
 29.0284 0.003099
 29.1476 0.003087
 29.2700 0.003126
 29.3933 0.003150
 29.5187 0.003131
 29.6468 0.003179
 29.7771 0.003191
 29.9101 0.003186
 30.0465 0.003258
 30.1840 0.003283
 30.3258 0.003320
 30.4703 0.003381
 30.6177 0.003401
 30.7697 0.003378
 30.9253 0.003440
 31.0846 0.003438
 31.2467 0.003488
 31.4145 0.003522
 31.5871 0.003590
 31.7641 0.003684
 31.9480 0.003739
 32.1372 0.003754
 32.3330 0.003742
 32.5358 0.003815
 32.7451 0.003819
 32.9644 0.003942
 33.1927 0.004108
 33.4326 0.004108
 33.6835 0.004214
 33.9449 0.004344
 34.2226 0.004422
 34.5172 0.004665
 34.8291 0.004758
 35.1654 0.004959
 35.5282 0.005059
 35.9197 0.005249
 36.3444 0.005470
 36.8172 0.005808
 37.3447 0.006146
 37.9454 0.006681
 38.6446 0.007086
 39.4802 0.008084
 40.5397 0.009603
 41.9907 0.011580
 42.3617 0.012164
 42.7761 0.012373
 43.2345 0.013077
 43.7631 0.013853
 44.3830 0.014997
 45.1445 0.016795
 46.1080 0.018187
 47.4215 0.021903
 49.6264 0.029644
 51.7579 0.042779
 54.5402 0.066335
 56.5885 0.086650
 lm1-02-8 2 1
  9.4576 0.023765
  9.9936 0.018376
 10.8231 0.012550
 11.4959 0.009474
 12.2392 0.007497
 12.7192 0.006241
 13.0808 0.005537
 13.3718 0.005041
 13.6201 0.004845
 13.8337 0.004658
 14.0238 0.004563
 14.1945 0.004553
 14.3528 0.004288
 14.9998 0.004116
 15.4904 0.003857
 15.8950 0.003639
 16.2439 0.003455
 16.5479 0.003384
 16.8227 0.003168
 17.0755 0.003042
 17.3091 0.002967
 17.5263 0.002901
 17.7313 0.002773
 17.9228 0.002734
 18.1054 0.002767
 18.2792 0.002736
 18.4459 0.002714
 18.6065 0.002715
 18.7617 0.002729
 18.9102 0.002677
 19.0550 0.002640
 19.1947 0.002651
 19.3307 0.002566
 19.4637 0.002536
 19.5929 0.002490
 19.7173 0.002513
 19.8401 0.002518
 19.9599 0.002478
 20.0780 0.002484
 20.1940 0.002508
 20.3069 0.002531
 20.4173 0.002491
 20.5268 0.002447
 20.6333 0.002473
 20.7394 0.002454
 20.8436 0.002453
 20.9457 0.002424
 21.0462 0.002428
 21.1462 0.002451
 21.2447 0.002439
 21.3428 0.002428
 21.4390 0.002409
 21.5339 0.002423
 21.6282 0.002379
 21.7216 0.002396
 21.8145 0.002417
 21.9062 0.002463
 21.9971 0.002445
 22.0872 0.002441
 22.1762 0.002406
 22.2641 0.002396
 22.3519 0.002416
 22.4391 0.002447
 22.5257 0.002441
 22.6123 0.002449
 22.6979 0.002455
 22.7829 0.002440
 22.8672 0.002464
 22.9521 0.002481
 23.0355 0.002469
 23.1197 0.002479
 23.2027 0.002451
 23.2858 0.002459
 23.3681 0.002436
 23.4496 0.002443
 23.5310 0.002455
 23.6119 0.002434
 23.6935 0.002454
 23.7745 0.002446
 23.8549 0.002446
 23.9350 0.002465
 24.0156 0.002462
 24.0954 0.002489
 24.1753 0.002532
 24.2554 0.002566
 24.3349 0.002563
 24.4143 0.002549
 24.4938 0.002537
 24.5728 0.002566
 24.6520 0.002584
 24.7311 0.002594
 24.8098 0.002607
 24.8886 0.002612
 24.9676 0.002583
 25.0466 0.002576
 25.1253 0.002558
 25.2037 0.002570
 25.2826 0.002566
 25.3614 0.002550
 25.4407 0.002533
 25.5200 0.002537
 25.5991 0.002571
 25.6778 0.002586
 25.7577 0.002593
 25.8373 0.002588
 25.9172 0.002582
 25.9961 0.002607
 26.0759 0.002577
 26.1559 0.002588
 26.2358 0.002590
 26.3157 0.002592
 26.3963 0.002585
 26.4764 0.002597
 26.5575 0.002577
 26.6392 0.002581
 26.7202 0.002565
 26.8017 0.002576
 26.8838 0.002562
 26.9660 0.002556
 27.0479 0.002590
 27.1307 0.002605
 27.2138 0.002608
 27.2969 0.002643
 27.3809 0.002638
 27.4647 0.002627
 27.5497 0.002633
 27.6342 0.002639
 27.7199 0.002646
 27.8055 0.002626
 27.8919 0.002639
 27.9783 0.002643
 28.0651 0.002675
 28.1533 0.002707
 28.2413 0.002705
 28.3301 0.002711
 28.4189 0.002717
 28.5090 0.002759
 28.5995 0.002798
 28.6907 0.002812
 28.7829 0.002849
 28.8754 0.002869
 28.9690 0.002881
 29.0635 0.002892
 29.1586 0.002920
 29.2545 0.002899
 29.3510 0.002939
 29.4479 0.002920
 29.5465 0.002932
 29.6463 0.002920
 29.7469 0.002934
 29.8489 0.002923
 29.9506 0.002938
 30.0538 0.002957
 30.1583 0.002948
 30.2641 0.002985
 30.3709 0.002968
 30.4796 0.002958
 30.5890 0.003022
 30.6994 0.003017
 30.8119 0.003049
 30.9249 0.003050
 31.0405 0.003044
 31.1577 0.003038
 31.2770 0.003053
 31.3980 0.003119
 31.5195 0.003116
 31.6429 0.003137
 31.7695 0.003123
 31.8967 0.003189
 32.0267 0.003198
 32.1595 0.003231
 32.2954 0.003269
 32.4331 0.003309
 32.5738 0.003335
 32.7170 0.003408
 32.8640 0.003436
 33.0136 0.003477
 33.1669 0.003488
 33.3246 0.003449
 33.4850 0.003502
 33.6491 0.003544
 33.8179 0.003615
 33.9921 0.003648
 34.1714 0.003736
 34.3549 0.003794
 34.5446 0.003881
 34.7411 0.003971
 34.9439 0.003953
 35.1522 0.004091
 35.3694 0.004133
 35.5962 0.004196
 35.8308 0.004267
 36.0773 0.004395
 36.3361 0.004531
 36.6090 0.004793
 36.8977 0.004874
 37.2063 0.004950
 37.5308 0.005032
 37.8749 0.005146
 38.2454 0.005407
 38.6488 0.005675
 39.0869 0.005885
 39.5723 0.006148
 40.1168 0.006532
 40.7361 0.007089
 41.4536 0.007700
 42.3154 0.008421
 43.3967 0.009202
 44.8855 0.010848
 45.2728 0.011800
 45.6962 0.012566
 46.1731 0.013670
 46.7227 0.014697
 47.3719 0.015968
 48.1378 0.017989
 49.1133 0.020396
 50.4714 0.023510
 52.7246 0.031994
 54.9096 0.043750
 57.7799 0.064629
 59.8937 0.092647
lm1s-02-8 2 1
 10.5395 0.022850
 11.0917 0.018207
 11.8590 0.012662
 12.5290 0.009459
 13.2648 0.007197
 13.7381 0.006314
 14.0950 0.005539
 14.3778 0.005274
 14.6220 0.004883
 14.8317 0.004658
 15.0205 0.004598
 15.1912 0.004448
 15.3481 0.004248
 15.9812 0.003834
 16.4670 0.003731
 16.8663 0.003441
 17.2095 0.003304
 17.5117 0.003132
 17.7829 0.002915
 18.0310 0.002890
 18.2592 0.002891
 18.4733 0.002830
 18.6752 0.002793
 18.8652 0.002756
 19.0474 0.002735
 19.2209 0.002690
 19.3864 0.002665
 19.5469 0.002529
 19.6986 0.002472
 19.8455 0.002480
 19.9868 0.002463
 20.1255 0.002477
 20.2604 0.002524
 20.3914 0.002537
 20.5188 0.002495
 20.6424 0.002471
 20.7643 0.002471
 20.8835 0.002466
 20.9994 0.002443
 21.1134 0.002438
 21.2251 0.002450
 21.3357 0.002460
 21.4435 0.002414
 21.5502 0.002414
 21.6546 0.002392
 21.7575 0.002406
 21.8590 0.002429
 21.9597 0.002412
 22.0586 0.002435
 22.1565 0.002429
 22.2533 0.002434
 22.3483 0.002440
 22.4416 0.002409
 22.5351 0.002391
 22.6283 0.002375
 22.7196 0.002416
 22.8110 0.002404
 22.9010 0.002419
 22.9903 0.002455
 23.0788 0.002465
 23.1670 0.002458
 23.2541 0.002461
 23.3404 0.002452
 23.4259 0.002425
 23.5114 0.002430
 23.5967 0.002414
 23.6818 0.002416
 23.7658 0.002440
 23.8497 0.002466
 23.9331 0.002480
 24.0161 0.002505
 24.0985 0.002499
 24.1805 0.002480
 24.2620 0.002526
 24.3442 0.002548
 24.4250 0.002535
 24.5052 0.002539
 24.5856 0.002547
 24.6665 0.002559
 24.7467 0.002590
 24.8274 0.002559
 24.9072 0.002559
 24.9865 0.002540
 25.0656 0.002559
 25.1446 0.002554
 25.2238 0.002551
 25.3023 0.002588
 25.3811 0.002574
 25.4597 0.002554
 25.5386 0.002521
 25.6176 0.002554
 25.6961 0.002561
 25.7749 0.002566
 25.8533 0.002565
 25.9315 0.002529
 26.0096 0.002547
 26.0882 0.002543
 26.1670 0.002525
 26.2454 0.002552
 26.3238 0.002561
 26.4025 0.002560
 26.4810 0.002585
 26.5599 0.002598
 26.6389 0.002604
 26.7183 0.002575
 26.7973 0.002582
 26.8760 0.002589
 26.9551 0.002580
 27.0349 0.002554
 27.1141 0.002565
 27.1939 0.002558
 27.2737 0.002556
 27.3539 0.002558
 27.4343 0.002534
 27.5149 0.002557
 27.5953 0.002540
 27.6760 0.002570
 27.7574 0.002560
 27.8393 0.002549
 27.9203 0.002567
 28.0028 0.002579
 28.0855 0.002585
 28.1691 0.002582
 28.2519 0.002607
 28.3349 0.002618
 28.4185 0.002618
 28.5029 0.002628
 28.5880 0.002636
 28.6739 0.002655
 28.7596 0.002662
 28.8455 0.002660
 28.9331 0.002704
 29.0206 0.002727
 29.1084 0.002763
 29.1973 0.002785
 29.2869 0.002783
 29.3763 0.002789
 29.4673 0.002809
 29.5575 0.002807
 29.6489 0.002816
 29.7417 0.002839
 29.8347 0.002824
 29.9286 0.002834
 30.0236 0.002833
 30.1191 0.002870
 30.2150 0.002867
 30.3121 0.002854
 30.4104 0.002838
 30.5100 0.002852
 30.6097 0.002894
 30.7098 0.002922
 30.8114 0.002918
 30.9150 0.002926
 31.0190 0.002933
 31.1246 0.002954
 31.2305 0.002982
 31.3394 0.002971
 31.4489 0.002965
 31.5592 0.002962
 31.6710 0.002954
 31.7839 0.002955
 31.8991 0.003004
 32.0156 0.003059
 32.1331 0.003062
 32.2525 0.003082
 32.3741 0.003086
 32.4968 0.003114
 32.6229 0.003153
 32.7502 0.003148
 32.8799 0.003227
 33.0121 0.003244
 33.1474 0.003229
 33.2843 0.003269
 33.4261 0.003250
 33.5685 0.003280
 33.7130 0.003305
 33.8644 0.003320
 34.0158 0.003326
 34.1715 0.003426
 34.3320 0.003509
 34.4965 0.003521
 34.6659 0.003601
 34.8382 0.003604
 35.0147 0.003681
 35.1972 0.003731
 35.3876 0.003831
 35.5813 0.003936
 35.7831 0.004028
 35.9924 0.004156
 36.2100 0.004203
 36.4370 0.004248
 36.6732 0.004360
 36.9203 0.004470
 37.1774 0.004561
 37.4508 0.004608
 37.7356 0.004801
 38.0392 0.004905
 38.3603 0.005101
 38.7060 0.005199
 39.0766 0.005430
 39.4767 0.005572
 39.9152 0.005878
 40.4028 0.006342
 40.9440 0.006567
 41.5651 0.007113
 42.2817 0.007628
 43.1373 0.008284
 44.2190 0.009347
 45.7144 0.011552
 46.0961 0.012295
 46.5226 0.012810
 47.0028 0.013552
 47.5469 0.014437
 48.1878 0.015772
 48.9529 0.017110
 49.9191 0.019314
 51.2832 0.023654
 53.5489 0.032476
 55.7505 0.045014
 58.5978 0.065432
 60.7061 0.090608
 lm2-02-8 2 1
 11.0004 0.022113
 11.5744 0.018033
 12.4108 0.012957
 13.1212 0.010302
 13.9207 0.008270
 14.4233 0.007028
 14.8021 0.006286
 15.1109 0.005852
 15.3713 0.005606
 15.6001 0.005328
 15.8017 0.005110
 15.9836 0.004888
 16.1534 0.004731
 16.8330 0.004316
 17.3505 0.003864
 17.7734 0.003612
 18.1390 0.003354
 18.4618 0.003257
 18.7504 0.003211
 19.0161 0.003046
 19.2588 0.002820
 19.4893 0.002825
 19.7030 0.002794
 19.9063 0.002674
 20.0974 0.002653
 20.2783 0.002630
 20.4533 0.002608
 20.6205 0.002650
 20.7819 0.002670
 20.9387 0.002651
 21.0891 0.002632
 21.2358 0.002588
 21.3782 0.002559
 21.5158 0.002549
 21.6505 0.002511
 21.7806 0.002471
 21.9097 0.002469
 22.0354 0.002421
 22.1582 0.002450
 22.2789 0.002456
 22.3970 0.002484
 22.5131 0.002484
 22.6274 0.002464
 22.7393 0.002480
 22.8501 0.002461
 22.9587 0.002487
 23.0658 0.002487
 23.1723 0.002483
 23.2767 0.002474
 23.3800 0.002468
 23.4825 0.002466
 23.5823 0.002473
 23.6810 0.002462
 23.7797 0.002421
 23.8771 0.002438
 23.9739 0.002435
 24.0701 0.002416
 24.1645 0.002425
 24.2580 0.002430
 24.3514 0.002417
 24.4438 0.002403
 24.5355 0.002398
 24.6264 0.002410
 24.7169 0.002411
 24.8073 0.002423
 24.8971 0.002439
 24.9858 0.002450
 25.0743 0.002426
 25.1621 0.002434
 25.2499 0.002435
 25.3364 0.002418
 25.4230 0.002430
 25.5090 0.002454
 25.5947 0.002467
 25.6801 0.002470
 25.7650 0.002452
 25.8496 0.002450
 25.9333 0.002457
 26.0176 0.002454
 26.1020 0.002467
 26.1852 0.002450
 26.2687 0.002448
 26.3518 0.002459
 26.4350 0.002472
 26.5177 0.002486
 26.6007 0.002498
 26.6832 0.002513
 26.7653 0.002503
 26.8481 0.002505
 26.9300 0.002509
 27.0112 0.002527
 27.0935 0.002519
 27.1755 0.002530
 27.2576 0.002544
 27.3390 0.002548
 27.4210 0.002545
 27.5029 0.002554
 27.5847 0.002551
 27.6667 0.002545
 27.7496 0.002563
 27.8312 0.002568
 27.9138 0.002607
 27.9953 0.002594
 28.0772 0.002580
 28.1591 0.002608
 28.2415 0.002615
 28.3239 0.002641
 28.4067 0.002629
 28.4892 0.002637
 28.5718 0.002662
 28.6545 0.002640
 28.7379 0.002609
 28.8219 0.002585
 28.9062 0.002581
 28.9899 0.002599
 29.0741 0.002588
 29.1592 0.002612
 29.2439 0.002623
 29.3289 0.002617
 29.4142 0.002635
 29.5000 0.002661
 29.5865 0.002654
 29.6730 0.002674
 29.7599 0.002698
 29.8468 0.002714
 29.9344 0.002763
 30.0221 0.002763
 30.1106 0.002773
 30.2001 0.002760
 30.2893 0.002782
 30.3796 0.002785
 30.4702 0.002759
 30.5615 0.002793
 30.6531 0.002788
 30.7448 0.002796
 30.8376 0.002792
 30.9316 0.002799
 31.0259 0.002820
 31.1200 0.002810
 31.2156 0.002819
 31.3120 0.002832
 31.4085 0.002869
 31.5065 0.002894
 31.6054 0.002926
 31.7038 0.002971
 31.8042 0.002955
 31.9046 0.002990
 32.0061 0.003001
 32.1101 0.003037
 32.2141 0.003020
 32.3189 0.003002
 32.4247 0.003021
 32.5316 0.002993
 32.6402 0.003045
 32.7495 0.003057
 32.8603 0.003115
 32.9722 0.003192
 33.0851 0.003251
 33.2008 0.003291
 33.3172 0.003292
 33.4351 0.003262
 33.5530 0.003249
 33.6735 0.003294
 33.7967 0.003363
 33.9206 0.003367
 34.0478 0.003398
 34.1767 0.003398
 34.3071 0.003434
 34.4392 0.003467
 34.5737 0.003463
 34.7111 0.003508
 34.8515 0.003484
 34.9941 0.003563
 35.1396 0.003622
 35.2884 0.003644
 35.4400 0.003672
 35.5958 0.003731
 35.7526 0.003742
 35.9148 0.003800
 36.0799 0.003802
 36.2501 0.003871
 36.4242 0.003913
 36.6053 0.003994
 36.7896 0.004081
 36.9801 0.004096
 37.1744 0.004153
 37.3765 0.004170
 37.5849 0.004207
 37.8014 0.004278
 38.0265 0.004338
 38.2619 0.004435
 38.5071 0.004417
 38.7629 0.004432
 39.0304 0.004572
 39.3122 0.004656
 39.6070 0.004800
 39.9218 0.004791
 40.2542 0.004988
 40.6114 0.005150
 40.9920 0.005447
 41.4052 0.005771
 41.8550 0.006140
 42.3545 0.006435
 42.9124 0.006831
 43.5431 0.007036
 44.2786 0.007115
 45.1665 0.008037
 46.2935 0.009279
 47.8246 0.011299
 48.2159 0.011811
 48.6504 0.012550
 49.1419 0.013340
 49.7009 0.014156
 50.3547 0.015598
 51.1511 0.016738
 52.1503 0.018917
 53.5346 0.023369
 55.8642 0.030604
 58.0787 0.044418
 61.0061 0.065828
 63.2283 0.095476
lm2s-02-8 2 1
 12.1198 0.022940
 12.6724 0.017370
 13.4946 0.012823
 14.1936 0.010039
 14.9712 0.007991
 15.4679 0.006671
 15.8380 0.006153
 16.1428 0.005900
 16.3988 0.005537
 16.6239 0.005334
 16.8206 0.005060
 17.0022 0.004841
 17.1652 0.004560
 17.8297 0.003945
 18.3374 0.003707
 18.7558 0.003525
 19.1156 0.003342
 19.4331 0.003197
 19.7191 0.003091
 19.9817 0.003004
 20.2234 0.002943
 20.4473 0.002873
 20.6588 0.002840
 20.8579 0.002753
 21.0480 0.002740
 21.2278 0.002685
 21.4007 0.002663
 21.5664 0.002655
 21.7258 0.002622
 21.8796 0.002578
 22.0294 0.002511
 22.1743 0.002505
 22.3152 0.002498
 22.4527 0.002499
 22.5865 0.002502
 22.7165 0.002484
 22.8438 0.002508
 22.9679 0.002506
 23.0895 0.002536
 23.2088 0.002543
 23.3253 0.002588
 23.4406 0.002539
 23.5531 0.002542
 23.6644 0.002569
 23.7737 0.002560
 23.8815 0.002543
 23.9877 0.002516
 24.0927 0.002515
 24.1960 0.002513
 24.2980 0.002527
 24.3992 0.002532
 24.4987 0.002501
 24.5968 0.002495
 24.6940 0.002471
 24.7912 0.002462
 24.8873 0.002488
 24.9818 0.002476
 25.0753 0.002490
 25.1691 0.002467
 25.2614 0.002496
 25.3531 0.002485
 25.4441 0.002514
 25.5347 0.002527
 25.6250 0.002510
 25.7142 0.002485
 25.8031 0.002491
 25.8910 0.002455
 25.9782 0.002445
 26.0651 0.002475
 26.1511 0.002461
 26.2377 0.002441
 26.3232 0.002442
 26.4082 0.002447
 26.4936 0.002452
 26.5780 0.002439
 26.6632 0.002444
 26.7474 0.002448
 26.8313 0.002429
 26.9147 0.002441
 26.9979 0.002425
 27.0809 0.002406
 27.1634 0.002402
 27.2458 0.002408
 27.3285 0.002435
 27.4108 0.002441
 27.4929 0.002463
 27.5750 0.002470
 27.6569 0.002479
 27.7389 0.002487
 27.8205 0.002483
 27.9025 0.002520
 27.9841 0.002538
 28.0652 0.002510
 28.1464 0.002535
 28.2279 0.002542
 28.3097 0.002566
 28.3909 0.002571
 28.4725 0.002561
 28.5532 0.002558
 28.6344 0.002596
 28.7157 0.002595
 28.7975 0.002580
 28.8797 0.002582
 28.9609 0.002559
 29.0426 0.002563
 29.1250 0.002564
 29.2069 0.002572
 29.2897 0.002579
 29.3721 0.002556
 29.4543 0.002586
 29.5364 0.002597
 29.6192 0.002586
 29.7029 0.002620
 29.7863 0.002667
 29.8702 0.002659
 29.9544 0.002663
 30.0391 0.002674
 30.1237 0.002649
 30.2080 0.002676
 30.2930 0.002689
 30.3785 0.002715
 30.4641 0.002715
 30.5505 0.002696
 30.6377 0.002692
 30.7250 0.002746
 30.8115 0.002758
 30.8992 0.002751
 30.9878 0.002743
 31.0767 0.002751
 31.1657 0.002731
 31.2549 0.002741
 31.3444 0.002737
 31.4352 0.002759
 31.5264 0.002779
 31.6184 0.002804
 31.7103 0.002801
 31.8029 0.002840
 31.8963 0.002866
 31.9904 0.002852
 32.0851 0.002839
 32.1808 0.002848
 32.2766 0.002888
 32.3732 0.002904
 32.4711 0.002904
 32.5699 0.002953
 32.6697 0.002945
 32.7706 0.002943
 32.8726 0.002987
 32.9749 0.003009
 33.0778 0.003015
 33.1824 0.003029
 33.2883 0.003059
 33.3952 0.003039
 33.5028 0.003043
 33.6123 0.003099
 33.7225 0.003120
 33.8340 0.003156
 33.9463 0.003157
 34.0609 0.003165
 34.1763 0.003182
 34.2934 0.003196
 34.4120 0.003208
 34.5319 0.003239
 34.6537 0.003273
 34.7788 0.003328
 34.9047 0.003358
 35.0325 0.003402
 35.1626 0.003417
 35.2951 0.003436
 35.4289 0.003442
 35.5649 0.003498
 35.7046 0.003556
 35.8471 0.003593
 35.9920 0.003622
 36.1399 0.003631
 36.2905 0.003709
 36.4443 0.003758
 36.6010 0.003804
 36.7630 0.003783
 36.9291 0.003854
 37.0982 0.003924
 37.2723 0.003917
 37.4516 0.003895
 37.6355 0.003961
 37.8253 0.003955
 38.0212 0.003998
 38.2221 0.004016
 38.4300 0.004091
 38.6450 0.004081
 38.8703 0.004206
 39.1038 0.004215
 39.3470 0.004357
 39.6013 0.004433
 39.8678 0.004516
 40.1487 0.004612
 40.4430 0.004725
 40.7539 0.004816
 41.0847 0.004999
 41.4396 0.005301
 41.8207 0.005446
 42.2361 0.005667
 42.6885 0.005804
 43.1871 0.006295
 43.7394 0.006479
 44.3673 0.006685
 45.1051 0.007325
 45.9941 0.007949
 47.1098 0.009155
 48.6427 0.011356
 49.0415 0.012349
 49.4758 0.012856
 49.9572 0.013064
 50.5157 0.013858
 51.1687 0.015179
 51.9608 0.017068
 52.9555 0.019229
 54.3649 0.022690
 56.6595 0.031127
 58.8530 0.041690
 61.8075 0.061549
 64.0857 0.093731
 tr0-02-8 2 1
 12.9613 0.032331
 13.7806 0.025450
 15.0126 0.018321
 16.0148 0.014674
 17.1374 0.011640
 17.8486 0.010318
 18.3884 0.009266
 18.8254 0.008426
 19.1929 0.007745
 19.5154 0.007563
 19.8044 0.007235
 20.0595 0.006799
 20.3006 0.006788
 21.2530 0.006191
 21.9786 0.005701
 22.5736 0.005395
 23.0845 0.004962
 23.5298 0.004810
 23.9347 0.004744
 24.3027 0.004530
 24.6438 0.004368
 24.9620 0.004278
 25.2569 0.004140
 25.5363 0.004163
 25.8009 0.004188
 26.0545 0.004107
 26.2980 0.003933
 26.5300 0.003934
 26.7526 0.003923
 26.9684 0.003942
 27.1771 0.003921
 27.3787 0.003848
 27.5742 0.003795
 27.7651 0.003824
 27.9510 0.003797
 28.1316 0.003788
 28.3083 0.003717
 28.4810 0.003639
 28.6484 0.003550
 28.8134 0.003481
 28.9732 0.003490
 29.1310 0.003463
 29.2862 0.003495
 29.4390 0.003480
 29.5890 0.003464
 29.7374 0.003498
 29.8843 0.003475
 30.0295 0.003471
 30.1719 0.003469
 30.3123 0.003439
 30.4517 0.003424
 30.5883 0.003407
 30.7239 0.003426
 30.8579 0.003450
 30.9908 0.003465
 31.1215 0.003434
 31.2503 0.003449
 31.3789 0.003400
 31.5060 0.003398
 31.6322 0.003410
 31.7565 0.003379
 31.8796 0.003344
 32.0022 0.003355
 32.1246 0.003348
 32.2456 0.003389
 32.3665 0.003322
 32.4857 0.003272
 32.6038 0.003262
 32.7212 0.003247
 32.8387 0.003204
 32.9557 0.003206
 33.0717 0.003233
 33.1876 0.003252
 33.3021 0.003224
 33.4160 0.003241
 33.5299 0.003196
 33.6436 0.003189
 33.7557 0.003198
 33.8681 0.003233
 33.9793 0.003254
 34.0915 0.003244
 34.2034 0.003235
 34.3143 0.003250
 34.4250 0.003270
 34.5361 0.003297
 34.6464 0.003337
 34.7559 0.003339
 34.8666 0.003294
 34.9768 0.003335
 35.0864 0.003344
 35.1951 0.003352
 35.3032 0.003372
 35.4125 0.003385
 35.5212 0.003446
 35.6300 0.003469
 35.7375 0.003442
 35.8456 0.003426
 35.9538 0.003450
 36.0628 0.003429
 36.1715 0.003424
 36.2800 0.003459
 36.3882 0.003459
 36.4967 0.003443
 36.6049 0.003476
 36.7137 0.003475
 36.8224 0.003527
 36.9312 0.003538
 37.0404 0.003550
 37.1487 0.003532
 37.2587 0.003522
 37.3673 0.003534
 37.4767 0.003564
 37.5870 0.003549
 37.6979 0.003584
 37.8086 0.003614
 37.9195 0.003630
 38.0308 0.003651
 38.1412 0.003654
 38.2527 0.003642
 38.3654 0.003658
 38.4776 0.003682
 38.5908 0.003693
 38.7041 0.003698
 38.8173 0.003708
 38.9310 0.003750
 39.0449 0.003727
 39.1591 0.003702
 39.2743 0.003722
 39.3902 0.003675
 39.5070 0.003639
 39.6239 0.003639
 39.7416 0.003633
 39.8596 0.003661
 39.9778 0.003666
 40.0973 0.003699
 40.2174 0.003720
 40.3384 0.003784
 40.4595 0.003822
 40.5822 0.003811
 40.7060 0.003850
 40.8305 0.003860
 40.9554 0.003864
 41.0817 0.003843
 41.2079 0.003878
 41.3359 0.003882
 41.4644 0.003857
 41.5953 0.003830
 41.7268 0.003849
 41.8590 0.003868
 41.9923 0.003810
 42.1278 0.003802
 42.2633 0.003781
 42.4004 0.003777
 42.5401 0.003799
 42.6810 0.003833
 42.8239 0.003867
 42.9673 0.003906
 43.1129 0.003944
 43.2589 0.004008
 43.4085 0.004026
 43.5601 0.004006
 43.7128 0.004101
 43.8682 0.004154
 44.0253 0.004231
 44.1836 0.004278
 44.3463 0.004339
 44.5092 0.004353
 44.6743 0.004411
 44.8421 0.004482
 45.0131 0.004474
 45.1877 0.004527
 45.3669 0.004602
 45.5479 0.004705
 45.7314 0.004699
 45.9185 0.004686
 46.1089 0.004740
 46.3051 0.004715
 46.5056 0.004756
 46.7108 0.004810
 46.9177 0.004894
 47.1307 0.004930
 47.3499 0.005015
 47.5758 0.005048
 47.8078 0.005099
 48.0453 0.005162
 48.2889 0.005192
 48.5411 0.005259
 48.8031 0.005393
 49.0736 0.005473
 49.3545 0.005437
 49.6428 0.005487
 49.9479 0.005736
 50.2655 0.005810
 50.5960 0.005845
 50.9422 0.006042
 51.3099 0.006245
 51.6995 0.006269
 52.1095 0.006358
 52.5475 0.006533
 53.0145 0.006730
 53.5265 0.006886
 54.0789 0.007283
 54.6935 0.007618
 55.3711 0.008033
 56.1467 0.008553
 57.0463 0.008878
 58.1254 0.009791
 59.4767 0.010715
 61.3102 0.012755
 61.7823 0.013523
 62.2973 0.014080
 62.8835 0.015126
 63.5449 0.016742
 64.3234 0.017750
 65.2699 0.019550
 66.4690 0.023005
 68.1098 0.027170
 70.8334 0.034448
 73.4972 0.048695
 76.8441 0.077921
 79.2068 0.104794
 tr1-02-8 2 1
 15.2000 0.036256
 16.1235 0.028471
 17.4935 0.020362
 18.6095 0.015928
 19.8392 0.012516
 20.6206 0.010928
 21.2016 0.009823
 21.6647 0.009108
 22.0608 0.008403
 22.4109 0.007905
 22.7119 0.007655
 22.9899 0.007525
 23.2411 0.007311
 24.2673 0.006539
 25.0505 0.005732
 25.6894 0.005450
 26.2357 0.005126
 26.7180 0.004916
 27.1502 0.004788
 27.5429 0.004676
 27.9069 0.004542
 28.2456 0.004372
 28.5616 0.004264
 28.8605 0.004171
 29.1430 0.004127
 29.4138 0.004094
 29.6715 0.004044
 29.9200 0.003976
 30.1587 0.003948
 30.3878 0.003936
 30.6091 0.003846
 30.8240 0.003786
 31.0304 0.003764
 31.2313 0.003812
 31.4295 0.003849
 31.6209 0.003784
 31.8079 0.003717
 31.9892 0.003716
 32.1678 0.003629
 32.3433 0.003592
 32.5137 0.003575
 32.6810 0.003560
 32.8457 0.003603
 33.0093 0.003632
 33.1692 0.003551
 33.3257 0.003559
 33.4805 0.003481
 33.6322 0.003485
 33.7836 0.003522
 33.9316 0.003508
 34.0782 0.003488
 34.2229 0.003531
 34.3658 0.003484
 34.5074 0.003470
 34.6465 0.003424
 34.7841 0.003385
 34.9208 0.003436
 35.0562 0.003413
 35.1905 0.003394
 35.3229 0.003384
 35.4551 0.003360
 35.5860 0.003363
 35.7156 0.003367
 35.8444 0.003370
 35.9722 0.003358
 36.0986 0.003398
 36.2241 0.003395
 36.3492 0.003382
 36.4740 0.003370
 36.5977 0.003384
 36.7207 0.003424
 36.8434 0.003463
 36.9659 0.003435
 37.0870 0.003433
 37.2071 0.003413
 37.3277 0.003442
 37.4469 0.003492
 37.5661 0.003470
 37.6853 0.003508
 37.8035 0.003502
 37.9200 0.003541
 38.0371 0.003586
 38.1543 0.003625
 38.2708 0.003652
 38.3869 0.003658
 38.5041 0.003656
 38.6191 0.003660
 38.7345 0.003656
 38.8500 0.003671
 38.9641 0.003689
 39.0795 0.003723
 39.1941 0.003689
 39.3095 0.003702
 39.4233 0.003714
 39.5370 0.003723
 39.6514 0.003738
 39.7667 0.003712
 39.8797 0.003678
 39.9936 0.003701
 40.1078 0.003668
 40.2213 0.003636
 40.3340 0.003634
 40.4476 0.003647
 40.5620 0.003658
 40.6755 0.003663
 40.7904 0.003671
 40.9048 0.003652
 41.0190 0.003619
 41.1340 0.003674
 41.2493 0.003694
 41.3642 0.003699
 41.4799 0.003686
 41.5952 0.003665
 41.7109 0.003690
 41.8274 0.003676
 41.9431 0.003662
 42.0600 0.003645
 42.1761 0.003646
 42.2943 0.003597
 42.4118 0.003630
 42.5301 0.003651
 42.6492 0.003666
 42.7676 0.003644
 42.8857 0.003664
 43.0048 0.003676
 43.1248 0.003707
 43.2456 0.003718
 43.3658 0.003681
 43.4875 0.003716
 43.6098 0.003784
 43.7324 0.003776
 43.8560 0.003763
 43.9807 0.003798
 44.1061 0.003819
 44.2320 0.003825
 44.3583 0.003823
 44.4854 0.003880
 44.6131 0.003890
 44.7420 0.003924
 44.8719 0.003936
 45.0024 0.003979
 45.1335 0.003989
 45.2653 0.003953
 45.3988 0.003917
 45.5330 0.003925
 45.6692 0.003910
 45.8063 0.003930
 45.9431 0.003923
 46.0809 0.004000
 46.2206 0.004061
 46.3614 0.004035
 46.5035 0.004096
 46.6469 0.004147
 46.7921 0.004159
 46.9384 0.004182
 47.0867 0.004218
 47.2374 0.004262
 47.3900 0.004269
 47.5431 0.004367
 47.6979 0.004376
 47.8552 0.004410
 48.0132 0.004488
 48.1744 0.004511
 48.3386 0.004558
 48.5049 0.004611
 48.6741 0.004660
 48.8452 0.004721
 49.0186 0.004799
 49.1952 0.004850
 49.3736 0.004922
 49.5556 0.005009
 49.7410 0.004972
 49.9291 0.005009
 50.1210 0.005009
 50.3176 0.005069
 50.5184 0.005048
 50.7213 0.005060
 50.9297 0.005164
 51.1430 0.005221
 51.3613 0.005261
 51.5836 0.005364
 51.8127 0.005416
 52.0482 0.005431
 52.2903 0.005490
 52.5373 0.005621
 52.7935 0.005686
 53.0550 0.005806
 53.3272 0.005937
 53.6101 0.006014
 53.9018 0.006029
 54.2058 0.006093
 54.5218 0.006165
 54.8507 0.006253
 55.1951 0.006471
 55.5554 0.006524
 55.9331 0.006630
 56.3362 0.006793
 56.7616 0.006964
 57.2216 0.007134
 57.7103 0.007290
 58.2406 0.007476
 58.8179 0.007564
 59.4503 0.007753
 60.1602 0.008108
 60.9685 0.008703
 61.8978 0.009523
 63.0166 0.010170
 64.4161 0.011783
 66.3308 0.013986
 66.8139 0.014208
 67.3522 0.015117
 67.9614 0.016213
 68.6576 0.017102
 69.4575 0.018489
 70.4374 0.020521
 71.6571 0.023173
 73.3655 0.028008
 76.1559 0.038879
 78.8709 0.052075
 82.3315 0.073303
 84.8523 0.104266
tr1s-02-8 2 1
 17.9104 0.034545
 18.7488 0.028153
 20.0478 0.020262
 21.1334 0.015360
 22.3180 0.012355
 23.0590 0.010467
 23.6144 0.009190
 24.0766 0.008814
 24.4568 0.008266
 24.7930 0.007895
 25.0935 0.007340
 25.3614 0.007036
 25.6070 0.006775
 26.5984 0.005968
 27.3505 0.005738
 27.9694 0.005484
 28.5031 0.005193
 28.9748 0.004842
 29.3950 0.004722
 29.7785 0.004570
 30.1338 0.004311
 30.4633 0.004267
 30.7730 0.004196
 31.0649 0.004086
 31.3415 0.004039
 31.6042 0.003966
 31.8537 0.003861
 32.0944 0.003773
 32.3260 0.003737
 32.5500 0.003742
 32.7658 0.003670
 32.9750 0.003641
 33.1800 0.003649
 33.3780 0.003692
 33.5687 0.003714
 33.7561 0.003705
 33.9387 0.003679
 34.1171 0.003595
 34.2919 0.003631
 34.4627 0.003655
 34.6312 0.003608
 34.7966 0.003631
 34.9585 0.003603
 35.1179 0.003557
 35.2748 0.003521
 35.4283 0.003537
 35.5806 0.003549
 35.7312 0.003509
 35.8788 0.003525
 36.0232 0.003503
 36.1668 0.003497
 36.3082 0.003448
 36.4480 0.003412
 36.5874 0.003441
 36.7239 0.003406
 36.8596 0.003402
 36.9943 0.003411
 37.1275 0.003431
 37.2585 0.003437
 37.3897 0.003403
 37.5189 0.003452
 37.6475 0.003475
 37.7752 0.003487
 37.9020 0.003464
 38.0280 0.003461
 38.1532 0.003447
 38.2777 0.003463
 38.4000 0.003516
 38.5232 0.003496
 38.6448 0.003538
 38.7657 0.003519
 38.8857 0.003528
 39.0057 0.003549
 39.1258 0.003582
 39.2450 0.003600
 39.3628 0.003621
 39.4793 0.003640
 39.5965 0.003620
 39.7135 0.003615
 39.8297 0.003584
 39.9448 0.003579
 40.0602 0.003562
 40.1751 0.003522
 40.2902 0.003548
 40.4053 0.003562
 40.5199 0.003589
 40.6330 0.003574
 40.7472 0.003610
 40.8605 0.003617
 40.9731 0.003646
 41.0861 0.003648
 41.1997 0.003649
 41.3132 0.003632
 41.4266 0.003621
 41.5399 0.003633
 41.6528 0.003649
 41.7649 0.003663
 41.8773 0.003662
 41.9897 0.003669
 42.1028 0.003631
 42.2150 0.003666
 42.3272 0.003660
 42.4408 0.003654
 42.5536 0.003646
 42.6661 0.003655
 42.7786 0.003650
 42.8924 0.003625
 43.0051 0.003623
 43.1184 0.003622
 43.2324 0.003599
 43.3458 0.003607
 43.4601 0.003613
 43.5742 0.003672
 43.6878 0.003648
 43.8020 0.003679
 43.9171 0.003707
 44.0327 0.003652
 44.1481 0.003626
 44.2640 0.003675
 44.3805 0.003648
 44.4971 0.003660
 44.6141 0.003661
 44.7314 0.003692
 44.8500 0.003696
 44.9686 0.003738
 45.0868 0.003734
 45.2064 0.003743
 45.3256 0.003740
 45.4463 0.003775
 45.5673 0.003757
 45.6889 0.003757
 45.8117 0.003819
 45.9343 0.003856
 46.0573 0.003843
 46.1820 0.003846
 46.3074 0.003815
 46.4332 0.003854
 46.5598 0.003884
 46.6876 0.003922
 46.8152 0.003953
 46.9441 0.003892
 47.0743 0.003944
 47.2047 0.003997
 47.3375 0.004017
 47.4701 0.004101
 47.6045 0.004149
 47.7394 0.004175
 47.8748 0.004188
 48.0113 0.004207
 48.1508 0.004234
 48.2905 0.004202
 48.4321 0.004219
 48.5737 0.004236
 48.7181 0.004292
 48.8636 0.004325
 49.0111 0.004344
 49.1591 0.004361
 49.3079 0.004395
 49.4602 0.004435
 49.6145 0.004509
 49.7701 0.004484
 49.9282 0.004497
 50.0886 0.004537
 50.2517 0.004592
 50.4158 0.004605
 50.5819 0.004658
 50.7509 0.004640
 50.9227 0.004704
 51.0984 0.004758
 51.2761 0.004794
 51.4575 0.004803
 51.6415 0.004812
 51.8281 0.004885
 52.0177 0.004895
 52.2118 0.004904
 52.4093 0.004962
 52.6123 0.005000
 52.8177 0.005088
 53.0305 0.005107
 53.2459 0.005202
 53.4670 0.005268
 53.6934 0.005300
 53.9293 0.005367
 54.1676 0.005513
 54.4139 0.005478
 54.6683 0.005593
 54.9286 0.005706
 55.1990 0.005818
 55.4822 0.005915
 55.7709 0.005979
 56.0706 0.006078
 56.3830 0.006093
 56.7075 0.006220
 57.0504 0.006359
 57.4100 0.006460
 57.7885 0.006622
 58.1908 0.006801
 58.6175 0.006838
 59.0716 0.006978
 59.5559 0.007175
 60.0854 0.007451
 60.6595 0.007581
 61.2905 0.007982
 61.9939 0.008445
 62.7926 0.008937
 63.7143 0.009451
 64.8276 0.010692
 66.2247 0.011770
 68.1318 0.014057
 68.6093 0.014571
 69.1492 0.014931
 69.7516 0.016198
 70.4473 0.017692
 71.2573 0.019512
 72.2303 0.020617
 73.4616 0.023624
 75.1599 0.027727
 77.9244 0.037235
 80.5969 0.048965
 84.0803 0.076146
 86.6007 0.109382
 tr2-02-8 2 1
 17.9723 0.039214
 18.9293 0.031416
 20.3666 0.022083
 21.5648 0.016521
 22.8683 0.012593
 23.6902 0.011214
 24.3073 0.009997
 24.7966 0.009142
 25.2208 0.008753
 25.5922 0.008047
 25.9189 0.007800
 26.2158 0.007545
 26.4884 0.007437
 27.5726 0.006551
 28.3967 0.005928
 29.0726 0.005551
 29.6537 0.005252
 30.1669 0.005002
 30.6254 0.004827
 31.0425 0.004689
 31.4251 0.004472
 31.7830 0.004266
 32.1173 0.004227
 32.4307 0.004188
 32.7292 0.004169
 33.0127 0.004129
 33.2842 0.004019
 33.5470 0.003981
 33.7961 0.003868
 34.0356 0.003794
 34.2688 0.003739
 34.4937 0.003797
 34.7119 0.003788
 34.9239 0.003747
 35.1299 0.003782
 35.3321 0.003781
 35.5284 0.003773
 35.7201 0.003801
 35.9066 0.003814
 36.0900 0.003775
 36.2707 0.003658
 36.4467 0.003639
 36.6192 0.003581
 36.7900 0.003603
 36.9568 0.003545
 37.1227 0.003575
 37.2864 0.003565
 37.4464 0.003648
 37.6029 0.003651
 37.7593 0.003661
 37.9122 0.003633
 38.0633 0.003621
 38.2128 0.003612
 38.3614 0.003543
 38.5086 0.003489
 38.6544 0.003473
 38.7979 0.003562
 38.9395 0.003543
 39.0808 0.003525
 39.2198 0.003558
 39.3585 0.003553
 39.4956 0.003577
 39.6314 0.003583
 39.7665 0.003575
 39.9016 0.003604
 40.0349 0.003607
 40.1666 0.003596
 40.2977 0.003623
 40.4283 0.003576
 40.5581 0.003638
 40.6862 0.003665
 40.8151 0.003650
 40.9428 0.003663
 41.0691 0.003656
 41.1957 0.003668
 41.3214 0.003625
 41.4465 0.003652
 41.5705 0.003645
 41.6951 0.003674
 41.8194 0.003650
 41.9412 0.003629
 42.0641 0.003606
 42.1863 0.003625
 42.3081 0.003618
 42.4296 0.003599
 42.5503 0.003593
 42.6710 0.003531
 42.7926 0.003545
 42.9140 0.003590
 43.0340 0.003612
 43.1532 0.003626
 43.2730 0.003625
 43.3926 0.003609
 43.5123 0.003615
 43.6315 0.003599
 43.7511 0.003556
 43.8706 0.003532
 43.9889 0.003527
 44.1079 0.003530
 44.2273 0.003590
 44.3465 0.003597
 44.4649 0.003566
 44.5837 0.003573
 44.7022 0.003554
 44.8213 0.003561
 44.9410 0.003528
 45.0602 0.003538
 45.1804 0.003550
 45.3003 0.003554
 45.4205 0.003531
 45.5410 0.003530
 45.6613 0.003522
 45.7817 0.003537
 45.9026 0.003598
 46.0232 0.003649
 46.1445 0.003680
 46.2664 0.003696
 46.3883 0.003704
 46.5108 0.003754
 46.6342 0.003789
 46.7586 0.003837
 46.8823 0.003842
 47.0050 0.003860
 47.1294 0.003885
 47.2534 0.003881
 47.3787 0.003862
 47.5042 0.003922
 47.6303 0.003971
 47.7581 0.003953
 47.8853 0.003951
 48.0141 0.003957
 48.1423 0.003985
 48.2715 0.004020
 48.4005 0.004019
 48.5321 0.004032
 48.6633 0.004039
 48.7954 0.004080
 48.9284 0.004097
 49.0625 0.004140
 49.1976 0.004171
 49.3328 0.004149
 49.4690 0.004141
 49.6056 0.004156
 49.7440 0.004173
 49.8829 0.004238
 50.0231 0.004254
 50.1649 0.004285
 50.3087 0.004294
 50.4531 0.004373
 50.5985 0.004375
 50.7454 0.004375
 50.8935 0.004426
 51.0443 0.004415
 51.1957 0.004433
 51.3494 0.004473
 51.5038 0.004528
 51.6598 0.004570
 51.8179 0.004583
 51.9774 0.004634
 52.1391 0.004656
 52.3026 0.004668
 52.4682 0.004688
 52.6375 0.004665
 52.8070 0.004710
 52.9775 0.004753
 53.1511 0.004793
 53.3295 0.004818
 53.5090 0.004793
 53.6925 0.004805
 53.8775 0.004806
 54.0674 0.004820
 54.2601 0.004806
 54.4557 0.004818
 54.6555 0.004867
 54.8592 0.004948
 55.0671 0.005019
 55.2784 0.005021
 55.4937 0.005041
 55.7137 0.005142
 55.9391 0.005120
 56.1703 0.005177
 56.4081 0.005216
 56.6506 0.005318
 56.9015 0.005361
 57.1589 0.005432
 57.4254 0.005453
 57.6989 0.005459
 57.9820 0.005654
 58.2737 0.005718
 58.5767 0.005653
 58.8918 0.005750
 59.2196 0.005893
 59.5643 0.006020
 59.9230 0.006201
 60.2977 0.006308
 60.6939 0.006405
 61.1112 0.006520
 61.5543 0.006575
 62.0249 0.006760
 62.5309 0.007002
 63.0765 0.007275
 63.6704 0.007523
 64.3273 0.007878
 65.0599 0.008408
 65.8930 0.009093
 66.8608 0.010009
 68.0112 0.011048
 69.4551 0.012709
 71.4304 0.014398
 71.9303 0.015135
 72.4835 0.015601
 73.1057 0.016650
 73.8092 0.017821
 74.6267 0.019309
 75.6316 0.022285
 76.9283 0.025253
 78.6774 0.029582
 81.5442 0.040476
 84.3372 0.054095
 87.8084 0.077829
 90.4607 0.112885
tr2s-02-8 2 1
 20.7071 0.037724
 21.6800 0.029775
 23.0287 0.021082
 24.1564 0.015493
 25.4166 0.012423
 26.2066 0.011170
 26.7957 0.010209
 27.2753 0.009088
 27.6731 0.008348
 28.0299 0.007930
 28.3370 0.007796
 28.6221 0.007564
 28.8856 0.007172
 29.9364 0.006345
 30.7278 0.005681
 31.3867 0.005313
 31.9518 0.004877
 32.4439 0.004495
 32.8913 0.004302
 33.2965 0.004199
 33.6682 0.004208
 34.0142 0.004199
 34.3405 0.004193
 34.6471 0.004027
 34.9388 0.004048
 35.2155 0.003955
 35.4810 0.003968
 35.7345 0.003964
 35.9766 0.003964
 36.2118 0.003904
 36.4404 0.003816
 36.6595 0.003808
 36.8727 0.003823
 37.0795 0.003754
 37.2806 0.003702
 37.4773 0.003738
 37.6702 0.003712
 37.8577 0.003714
 38.0415 0.003689
 38.2211 0.003676
 38.3974 0.003671
 38.5695 0.003662
 38.7399 0.003646
 38.9056 0.003676
 39.0701 0.003668
 39.2322 0.003614
 39.3916 0.003627
 39.5487 0.003611
 39.7030 0.003634
 39.8563 0.003664
 40.0071 0.003658
 40.1555 0.003653
 40.3027 0.003682
 40.4483 0.003688
 40.5926 0.003687
 40.7355 0.003697
 40.8770 0.003705
 41.0170 0.003700
 41.1548 0.003672
 41.2925 0.003676
 41.4290 0.003675
 41.5631 0.003669
 41.6960 0.003634
 41.8281 0.003609
 41.9598 0.003621
 42.0906 0.003644
 42.2208 0.003666
 42.3514 0.003628
 42.4803 0.003628
 42.6086 0.003640
 42.7348 0.003628
 42.8606 0.003626
 42.9858 0.003686
 43.1107 0.003727
 43.2344 0.003719
 43.3578 0.003711
 43.4814 0.003711
 43.6038 0.003716
 43.7255 0.003727
 43.8472 0.003756
 43.9683 0.003757
 44.0895 0.003765
 44.2099 0.003748
 44.3303 0.003740
 44.4504 0.003726
 44.5696 0.003748
 44.6885 0.003693
 44.8076 0.003680
 44.9261 0.003691
 45.0445 0.003669
 45.1631 0.003667
 45.2813 0.003691
 45.3995 0.003624
 45.5187 0.003597
 45.6366 0.003592
 45.7539 0.003567
 45.8716 0.003572
 45.9891 0.003575
 46.1067 0.003577
 46.2238 0.003557
 46.3411 0.003568
 46.4585 0.003588
 46.5764 0.003587
 46.6945 0.003591
 46.8117 0.003609
 46.9299 0.003630
 47.0474 0.003639
 47.1653 0.003694
 47.2837 0.003680
 47.4013 0.003711
 47.5194 0.003727
 47.6388 0.003688
 47.7573 0.003721
 47.8766 0.003738
 47.9959 0.003755
 48.1153 0.003727
 48.2359 0.003753
 48.3557 0.003754
 48.4774 0.003753
 48.5984 0.003775
 48.7204 0.003779
 48.8426 0.003786
 48.9646 0.003820
 49.0879 0.003812
 49.2115 0.003817
 49.3350 0.003859
 49.4594 0.003875
 49.5834 0.003864
 49.7087 0.003866
 49.8345 0.003896
 49.9606 0.003946
 50.0875 0.003974
 50.2162 0.004012
 50.3452 0.003989
 50.4746 0.004023
 50.6044 0.004022
 50.7350 0.004021
 50.8660 0.004070
 50.9980 0.004109
 51.1315 0.004084
 51.2666 0.004096
 51.4038 0.004093
 51.5394 0.004128
 51.6765 0.004151
 51.8155 0.004170
 51.9548 0.004240
 52.0953 0.004289
 52.2370 0.004267
 52.3786 0.004269
 52.5226 0.004316
 52.6693 0.004323
 52.8149 0.004315
 52.9628 0.004360
 53.1124 0.004370
 53.2634 0.004413
 53.4169 0.004435
 53.5718 0.004433
 53.7288 0.004435
 53.8870 0.004555
 54.0473 0.004517
 54.2089 0.004527
 54.3729 0.004552
 54.5399 0.004552
 54.7079 0.004555
 54.8802 0.004581
 55.0532 0.004605
 55.2291 0.004646
 55.4083 0.004735
 55.5901 0.004831
 55.7733 0.004910
 55.9603 0.004899
 56.1510 0.004914
 56.3447 0.004876
 56.5416 0.004932
 56.7430 0.004984
 56.9481 0.005003
 57.1589 0.005010
 57.3758 0.005014
 57.5941 0.005014
 57.8177 0.005109
 58.0480 0.005108
 58.2844 0.005083
 58.5251 0.005083
 58.7745 0.005140
 59.0316 0.005166
 59.2966 0.005232
 59.5672 0.005255
 59.8480 0.005365
 60.1402 0.005411
 60.4410 0.005572
 60.7503 0.005764
 61.0737 0.005859
 61.4142 0.005947
 61.7671 0.006112
 62.1423 0.006242
 62.5334 0.006334
 62.9482 0.006485
 63.3919 0.006789
 63.8586 0.006804
 64.3598 0.006950
 64.9026 0.007329
 65.5011 0.007635
 66.1548 0.008092
 66.8868 0.008512
 67.7104 0.009079
 68.6645 0.009751
 69.8195 0.011154
 71.2573 0.012316
 73.2329 0.014861
 73.7261 0.015255
 74.2685 0.015820
 74.8889 0.016859
 75.5940 0.017788
 76.4250 0.019394
 77.4249 0.021619
 78.7057 0.024575
 80.4330 0.028611
 83.3291 0.039835
 86.0571 0.052871
 89.5918 0.081000
 92.1660 0.106479
