Copyright (C) 1998 James G. MacKinnon, Alfred A. Haug, and Leo Michelis.
 lm0-03-6 2 1
 10.2660 0.022042
 10.7644 0.017355
 11.4905 0.011981
 12.0998 0.009145
 12.7761 0.007013
 13.2047 0.006218
 13.5337 0.005448
 13.7947 0.005065
 14.0173 0.004821
 14.2154 0.004592
 14.3896 0.004269
 14.5477 0.004072
 14.6929 0.003936
 15.2819 0.003510
 15.7289 0.003261
 16.0991 0.003069
 16.4146 0.002921
 16.6964 0.002768
 16.9483 0.002685
 17.1802 0.002634
 17.3936 0.002603
 17.5924 0.002617
 17.7799 0.002622
 17.9568 0.002634
 18.1255 0.002628
 18.2843 0.002549
 18.4375 0.002553
 18.5841 0.002512
 18.7253 0.002484
 18.8619 0.002436
 18.9932 0.002359
 19.1222 0.002357
 19.2460 0.002376
 19.3670 0.002331
 19.4853 0.002314
 19.6011 0.002260
 19.7136 0.002230
 19.8236 0.002199
 19.9315 0.002220
 20.0373 0.002218
 20.1408 0.002186
 20.2427 0.002204
 20.3431 0.002208
 20.4412 0.002224
 20.5390 0.002208
 20.6348 0.002229
 20.7293 0.002233
 20.8225 0.002248
 20.9145 0.002204
 21.0051 0.002209
 21.0950 0.002245
 21.1838 0.002258
 21.2719 0.002235
 21.3585 0.002234
 21.4444 0.002237
 21.5302 0.002236
 21.6146 0.002229
 21.6983 0.002198
 21.7811 0.002177
 21.8635 0.002153
 21.9444 0.002170
 22.0254 0.002176
 22.1060 0.002157
 22.1858 0.002153
 22.2651 0.002151
 22.3439 0.002178
 22.4228 0.002197
 22.5013 0.002200
 22.5791 0.002184
 22.6563 0.002150
 22.7334 0.002163
 22.8100 0.002166
 22.8864 0.002193
 22.9617 0.002178
 23.0377 0.002180
 23.1128 0.002167
 23.1881 0.002183
 23.2622 0.002191
 23.3368 0.002157
 23.4115 0.002159
 23.4858 0.002146
 23.5595 0.002132
 23.6328 0.002120
 23.7060 0.002150
 23.7793 0.002136
 23.8528 0.002172
 23.9261 0.002179
 23.9989 0.002191
 24.0720 0.002195
 24.1448 0.002192
 24.2178 0.002193
 24.2909 0.002192
 24.3635 0.002192
 24.4363 0.002205
 24.5089 0.002222
 24.5818 0.002235
 24.6546 0.002221
 24.7275 0.002237
 24.8008 0.002242
 24.8737 0.002238
 24.9469 0.002243
 25.0198 0.002264
 25.0932 0.002251
 25.1668 0.002270
 25.2405 0.002254
 25.3135 0.002271
 25.3868 0.002283
 25.4613 0.002303
 25.5349 0.002302
 25.6087 0.002338
 25.6831 0.002356
 25.7574 0.002373
 25.8328 0.002383
 25.9080 0.002390
 25.9833 0.002384
 26.0586 0.002397
 26.1341 0.002399
 26.2097 0.002396
 26.2857 0.002425
 26.3623 0.002424
 26.4389 0.002422
 26.5164 0.002453
 26.5938 0.002458
 26.6715 0.002480
 26.7502 0.002516
 26.8282 0.002552
 26.9073 0.002580
 26.9866 0.002556
 27.0661 0.002546
 27.1467 0.002545
 27.2278 0.002538
 27.3094 0.002560
 27.3908 0.002554
 27.4735 0.002535
 27.5564 0.002552
 27.6396 0.002576
 27.7236 0.002552
 27.8077 0.002553
 27.8929 0.002563
 27.9789 0.002584
 28.0652 0.002590
 28.1525 0.002609
 28.2404 0.002608
 28.3291 0.002627
 28.4184 0.002655
 28.5075 0.002644
 28.5984 0.002628
 28.6898 0.002635
 28.7833 0.002668
 28.8769 0.002689
 28.9705 0.002697
 29.0650 0.002732
 29.1617 0.002744
 29.2592 0.002748
 29.3576 0.002772
 29.4577 0.002780
 29.5584 0.002825
 29.6613 0.002823
 29.7650 0.002855
 29.8693 0.002877
 29.9755 0.002905
 30.0838 0.002913
 30.1932 0.002937
 30.3053 0.002964
 30.4174 0.002964
 30.5317 0.002984
 30.6484 0.002991
 30.7657 0.003007
 30.8853 0.003039
 31.0069 0.003011
 31.1306 0.003042
 31.2580 0.003038
 31.3875 0.003085
 31.5189 0.003114
 31.6528 0.003128
 31.7901 0.003206
 31.9300 0.003241
 32.0739 0.003285
 32.2216 0.003341
 32.3724 0.003358
 32.5264 0.003377
 32.6854 0.003440
 32.8496 0.003528
 33.0171 0.003595
 33.1889 0.003625
 33.3677 0.003713
 33.5520 0.003813
 33.7422 0.003937
 33.9396 0.004022
 34.1443 0.004203
 34.3587 0.004251
 34.5832 0.004333
 34.8153 0.004390
 35.0578 0.004417
 35.3149 0.004509
 35.5869 0.004658
 35.8718 0.004882
 36.1787 0.004947
 36.5045 0.005103
 36.8558 0.005337
 37.2360 0.005496
 37.6481 0.005609
 38.1084 0.005965
 38.6246 0.006245
 39.2135 0.006410
 39.8955 0.006860
 40.7129 0.007400
 41.7609 0.008246
 43.1925 0.009261
 43.5606 0.009794
 43.9646 0.010551
 44.4141 0.011453
 44.9295 0.012672
 45.5338 0.013839
 46.2808 0.015409
 47.2301 0.018408
 48.5361 0.022174
 50.7093 0.029280
 52.8112 0.041134
 55.4506 0.059309
 57.6259 0.085155
 lm1-03-6 2 1
 11.8878 0.021997
 12.4034 0.016944
 13.1995 0.012328
 13.8701 0.009458
 14.6037 0.007083
 15.0663 0.006259
 15.4161 0.005560
 15.7015 0.005092
 15.9400 0.004889
 16.1475 0.004788
 16.3311 0.004586
 16.4988 0.004463
 16.6516 0.004170
 17.2734 0.003651
 17.7490 0.003446
 18.1409 0.003333
 18.4746 0.003199
 18.7715 0.003112
 19.0374 0.002966
 19.2807 0.002874
 19.5068 0.002889
 19.7157 0.002845
 19.9117 0.002792
 20.0970 0.002740
 20.2742 0.002659
 20.4425 0.002613
 20.6031 0.002574
 20.7578 0.002520
 20.9057 0.002526
 21.0490 0.002514
 21.1884 0.002545
 21.3235 0.002513
 21.4552 0.002521
 21.5819 0.002582
 21.7056 0.002525
 21.8268 0.002478
 21.9445 0.002482
 22.0599 0.002451
 22.1729 0.002416
 22.2842 0.002382
 22.3936 0.002383
 22.5005 0.002408
 22.6059 0.002407
 22.7093 0.002420
 22.8106 0.002410
 22.9112 0.002380
 23.0109 0.002380
 23.1088 0.002370
 23.2051 0.002330
 23.3003 0.002313
 23.3947 0.002282
 23.4878 0.002275
 23.5797 0.002260
 23.6703 0.002252
 23.7605 0.002207
 23.8493 0.002213
 23.9378 0.002195
 24.0251 0.002204
 24.1121 0.002185
 24.1981 0.002227
 24.2840 0.002240
 24.3688 0.002245
 24.4529 0.002239
 24.5368 0.002240
 24.6200 0.002266
 24.7027 0.002244
 24.7844 0.002227
 24.8661 0.002246
 24.9476 0.002252
 25.0289 0.002262
 25.1095 0.002268
 25.1890 0.002298
 25.2692 0.002298
 25.3480 0.002282
 25.4273 0.002283
 25.5060 0.002302
 25.5844 0.002281
 25.6627 0.002282
 25.7408 0.002277
 25.8183 0.002250
 25.8958 0.002249
 25.9740 0.002233
 26.0512 0.002240
 26.1279 0.002232
 26.2054 0.002204
 26.2819 0.002194
 26.3580 0.002203
 26.4347 0.002230
 26.5107 0.002236
 26.5878 0.002257
 26.6641 0.002286
 26.7402 0.002272
 26.8162 0.002269
 26.8926 0.002290
 26.9682 0.002283
 27.0446 0.002300
 27.1204 0.002317
 27.1967 0.002331
 27.2725 0.002326
 27.3487 0.002313
 27.4252 0.002345
 27.5015 0.002360
 27.5774 0.002358
 27.6541 0.002375
 27.7310 0.002383
 27.8079 0.002387
 27.8846 0.002384
 27.9608 0.002422
 28.0386 0.002453
 28.1158 0.002474
 28.1932 0.002477
 28.2709 0.002487
 28.3486 0.002480
 28.4272 0.002471
 28.5055 0.002489
 28.5843 0.002509
 28.6636 0.002528
 28.7421 0.002537
 28.8218 0.002567
 28.9017 0.002544
 28.9818 0.002538
 29.0625 0.002529
 29.1430 0.002539
 29.2242 0.002528
 29.3057 0.002547
 29.3883 0.002549
 29.4701 0.002529
 29.5526 0.002539
 29.6355 0.002557
 29.7187 0.002587
 29.8026 0.002610
 29.8870 0.002589
 29.9719 0.002597
 30.0572 0.002591
 30.1433 0.002561
 30.2302 0.002573
 30.3169 0.002602
 30.4045 0.002615
 30.4924 0.002621
 30.5821 0.002627
 30.6725 0.002621
 30.7628 0.002663
 30.8543 0.002634
 30.9467 0.002632
 31.0392 0.002631
 31.1327 0.002682
 31.2270 0.002684
 31.3220 0.002707
 31.4182 0.002713
 31.5149 0.002746
 31.6133 0.002752
 31.7121 0.002802
 31.8119 0.002798
 31.9138 0.002808
 32.0166 0.002840
 32.1200 0.002877
 32.2254 0.002884
 32.3319 0.002895
 32.4390 0.002900
 32.5482 0.002929
 32.6588 0.002930
 32.7703 0.002948
 32.8836 0.002959
 32.9978 0.003008
 33.1144 0.003051
 33.2334 0.003073
 33.3542 0.003046
 33.4762 0.003096
 33.6005 0.003117
 33.7275 0.003154
 33.8570 0.003205
 33.9883 0.003233
 34.1223 0.003228
 34.2590 0.003196
 34.3981 0.003224
 34.5404 0.003266
 34.6871 0.003287
 34.8351 0.003358
 34.9874 0.003417
 35.1423 0.003480
 35.3034 0.003545
 35.4681 0.003583
 35.6373 0.003624
 35.8116 0.003632
 35.9911 0.003655
 36.1764 0.003735
 36.3675 0.003857
 36.5650 0.003944
 36.7704 0.004051
 36.9838 0.004215
 37.2056 0.004262
 37.4350 0.004411
 37.6753 0.004446
 37.9261 0.004540
 38.1889 0.004757
 38.4684 0.004857
 38.7650 0.004901
 39.0811 0.004992
 39.4178 0.005124
 39.7794 0.005386
 40.1722 0.005628
 40.6014 0.005859
 41.0773 0.006137
 41.6116 0.006238
 42.2204 0.006614
 42.9177 0.007331
 43.7651 0.007886
 44.8319 0.008645
 46.2885 0.010673
 46.6654 0.011403
 47.0850 0.011714
 47.5583 0.012422
 48.0999 0.013460
 48.7301 0.014643
 49.4808 0.016195
 50.4419 0.018350
 51.7801 0.021228
 53.9595 0.029967
 56.1311 0.042169
 58.9109 0.064279
 61.0206 0.087553
lm1s-03-6 2 1
 12.7727 0.022217
 13.2978 0.017329
 14.0971 0.012029
 14.7528 0.009311
 15.4783 0.007513
 15.9397 0.006434
 16.2869 0.005686
 16.5651 0.005383
 16.8039 0.004944
 17.0126 0.004687
 17.1994 0.004508
 17.3632 0.004311
 17.5150 0.004129
 18.1348 0.003713
 18.6097 0.003595
 19.0015 0.003357
 19.3343 0.003220
 19.6304 0.003143
 19.8950 0.003037
 20.1368 0.002942
 20.3602 0.002839
 20.5679 0.002852
 20.7639 0.002811
 20.9491 0.002755
 21.1250 0.002674
 21.2929 0.002637
 21.4525 0.002610
 21.6048 0.002625
 21.7531 0.002586
 21.8948 0.002606
 22.0335 0.002594
 22.1673 0.002575
 22.2978 0.002514
 22.4250 0.002501
 22.5493 0.002465
 22.6705 0.002467
 22.7884 0.002480
 22.9034 0.002462
 23.0167 0.002450
 23.1279 0.002415
 23.2368 0.002419
 23.3434 0.002419
 23.4486 0.002390
 23.5515 0.002366
 23.6528 0.002375
 23.7521 0.002381
 23.8510 0.002363
 23.9498 0.002351
 24.0454 0.002333
 24.1407 0.002307
 24.2340 0.002292
 24.3263 0.002265
 24.4186 0.002285
 24.5087 0.002280
 24.5988 0.002268
 24.6879 0.002273
 24.7761 0.002237
 24.8640 0.002206
 24.9510 0.002233
 25.0368 0.002246
 25.1222 0.002265
 25.2067 0.002294
 25.2908 0.002274
 25.3751 0.002293
 25.4574 0.002279
 25.5399 0.002286
 25.6223 0.002287
 25.7037 0.002276
 25.7851 0.002272
 25.8651 0.002260
 25.9448 0.002248
 26.0248 0.002256
 26.1038 0.002258
 26.1833 0.002258
 26.2622 0.002231
 26.3410 0.002197
 26.4193 0.002217
 26.4971 0.002221
 26.5755 0.002211
 26.6528 0.002212
 26.7300 0.002227
 26.8069 0.002210
 26.8838 0.002212
 26.9603 0.002229
 27.0371 0.002219
 27.1136 0.002219
 27.1901 0.002219
 27.2666 0.002229
 27.3430 0.002208
 27.4187 0.002210
 27.4949 0.002217
 27.5710 0.002232
 27.6470 0.002251
 27.7233 0.002245
 27.7989 0.002263
 27.8745 0.002250
 27.9501 0.002280
 28.0261 0.002303
 28.1026 0.002317
 28.1787 0.002297
 28.2545 0.002306
 28.3310 0.002274
 28.4073 0.002277
 28.4838 0.002312
 28.5601 0.002308
 28.6368 0.002330
 28.7132 0.002345
 28.7905 0.002395
 28.8673 0.002416
 28.9446 0.002411
 29.0226 0.002429
 29.0999 0.002455
 29.1779 0.002474
 29.2555 0.002482
 29.3339 0.002500
 29.4120 0.002503
 29.4908 0.002509
 29.5697 0.002473
 29.6496 0.002491
 29.7290 0.002495
 29.8089 0.002489
 29.8890 0.002494
 29.9694 0.002515
 30.0499 0.002515
 30.1318 0.002546
 30.2136 0.002546
 30.2953 0.002532
 30.3779 0.002535
 30.4604 0.002539
 30.5439 0.002523
 30.6275 0.002533
 30.7116 0.002519
 30.7959 0.002524
 30.8809 0.002538
 30.9667 0.002540
 31.0530 0.002529
 31.1406 0.002534
 31.2279 0.002535
 31.3163 0.002514
 31.4047 0.002527
 31.4952 0.002519
 31.5853 0.002545
 31.6770 0.002580
 31.7689 0.002619
 31.8610 0.002615
 31.9546 0.002634
 32.0484 0.002657
 32.1440 0.002641
 32.2405 0.002623
 32.3376 0.002666
 32.4357 0.002696
 32.5353 0.002707
 32.6358 0.002721
 32.7364 0.002767
 32.8375 0.002764
 32.9407 0.002789
 33.0455 0.002843
 33.1515 0.002899
 33.2592 0.002904
 33.3685 0.002932
 33.4781 0.003021
 33.5897 0.003023
 33.7031 0.003012
 33.8190 0.003029
 33.9358 0.003064
 34.0527 0.003120
 34.1739 0.003124
 34.2955 0.003154
 34.4185 0.003176
 34.5445 0.003160
 34.6747 0.003121
 34.8053 0.003172
 34.9387 0.003251
 35.0743 0.003290
 35.2143 0.003288
 35.3566 0.003362
 35.5016 0.003337
 35.6509 0.003383
 35.8024 0.003372
 35.9588 0.003416
 36.1189 0.003468
 36.2842 0.003482
 36.4528 0.003540
 36.6271 0.003597
 36.8049 0.003671
 36.9890 0.003793
 37.1801 0.003849
 37.3773 0.003990
 37.5814 0.004089
 37.7951 0.004153
 38.0158 0.004229
 38.2437 0.004324
 38.4846 0.004414
 38.7364 0.004504
 39.0028 0.004540
 39.2821 0.004675
 39.5761 0.004820
 39.8895 0.004948
 40.2275 0.005141
 40.5893 0.005265
 40.9827 0.005420
 41.4097 0.005627
 41.8839 0.005888
 42.4145 0.006319
 43.0191 0.006789
 43.7228 0.007200
 44.5620 0.007635
 45.6258 0.008816
 47.0916 0.010676
 47.4681 0.011071
 47.8840 0.011797
 48.3495 0.012658
 48.8953 0.013743
 49.5229 0.014684
 50.2748 0.016204
 51.2448 0.017948
 52.5651 0.021403
 54.7592 0.030753
 56.9195 0.042727
 59.6863 0.065661
 61.7805 0.087567
 lm2-03-6 3 1
 13.5727 0.039845
 14.1884 0.030260
 15.0365 0.022505
 15.7556 0.017438
 16.5228 0.013921
 17.0104 0.012369
 17.3681 0.011404
 17.6751 0.010415
 17.9326 0.009726
 18.1563 0.009415
 18.3522 0.009158
 18.5291 0.008779
 18.6903 0.008713
 19.3371 0.007797
 19.8339 0.007075
 20.2402 0.006580
 20.5919 0.006247
 20.9029 0.005975
 21.1859 0.005636
 21.4422 0.005465
 21.6759 0.005439
 21.8950 0.005318
 22.1001 0.005219
 22.2973 0.004999
 22.4818 0.004921
 22.6585 0.004778
 22.8281 0.004690
 22.9898 0.004597
 23.1465 0.004554
 23.2977 0.004620
 23.4448 0.004533
 23.5842 0.004520
 23.7196 0.004447
 23.8534 0.004443
 23.9823 0.004313
 24.1084 0.004276
 24.2318 0.004328
 24.3526 0.004278
 24.4718 0.004217
 24.5888 0.004134
 24.7017 0.004165
 24.8153 0.004154
 24.9246 0.004095
 25.0328 0.004106
 25.1392 0.004105
 25.2425 0.004103
 25.3451 0.004088
 25.4479 0.004079
 25.5483 0.004113
 25.6467 0.004135
 25.7449 0.004067
 25.8431 0.004104
 25.9381 0.004064
 26.0332 0.004058
 26.1269 0.004089
 26.2210 0.004109
 26.3127 0.004066
 26.4045 0.004043
 26.4950 0.004013
 26.5863 0.004047
 26.6759 0.004092
 26.7643 0.004062
 26.8523 0.003982
 26.9390 0.003995
 27.0259 0.003994
 27.1121 0.003976
 27.1966 0.003982
 27.2819 0.003968
 27.3667 0.003970
 27.4504 0.004002
 27.5348 0.004008
 27.6173 0.003961
 27.7003 0.003955
 27.7833 0.003986
 27.8655 0.004001
 27.9489 0.003986
 28.0303 0.003993
 28.1129 0.004002
 28.1938 0.004002
 28.2749 0.004010
 28.3553 0.003956
 28.4352 0.003969
 28.5145 0.003973
 28.5949 0.004005
 28.6751 0.003995
 28.7552 0.004013
 28.8339 0.004023
 28.9137 0.003990
 28.9929 0.004030
 29.0718 0.004050
 29.1519 0.004050
 29.2313 0.004069
 29.3102 0.004066
 29.3888 0.004058
 29.4685 0.004040
 29.5476 0.004001
 29.6272 0.004043
 29.7062 0.004031
 29.7870 0.004034
 29.8656 0.004030
 29.9459 0.004042
 30.0253 0.004057
 30.1040 0.004063
 30.1835 0.004076
 30.2635 0.004106
 30.3430 0.004112
 30.4235 0.004110
 30.5037 0.004117
 30.5845 0.004101
 30.6646 0.004117
 30.7448 0.004167
 30.8251 0.004197
 30.9074 0.004215
 30.9884 0.004207
 31.0699 0.004269
 31.1518 0.004229
 31.2330 0.004262
 31.3142 0.004283
 31.3960 0.004265
 31.4791 0.004285
 31.5616 0.004281
 31.6450 0.004384
 31.7287 0.004395
 31.8132 0.004371
 31.8971 0.004345
 31.9822 0.004382
 32.0672 0.004369
 32.1525 0.004408
 32.2401 0.004385
 32.3268 0.004442
 32.4148 0.004470
 32.5012 0.004538
 32.5905 0.004557
 32.6800 0.004617
 32.7690 0.004596
 32.8589 0.004571
 32.9494 0.004567
 33.0413 0.004624
 33.1325 0.004677
 33.2243 0.004711
 33.3165 0.004710
 33.4086 0.004751
 33.5032 0.004751
 33.5987 0.004760
 33.6938 0.004772
 33.7903 0.004708
 33.8889 0.004726
 33.9878 0.004703
 34.0883 0.004774
 34.1903 0.004801
 34.2913 0.004832
 34.3943 0.004886
 34.4972 0.004852
 34.6018 0.004909
 34.7078 0.004937
 34.8159 0.004922
 34.9244 0.004932
 35.0349 0.005072
 35.1466 0.005168
 35.2582 0.005212
 35.3710 0.005265
 35.4872 0.005345
 35.6046 0.005344
 35.7255 0.005347
 35.8451 0.005322
 35.9679 0.005308
 36.0941 0.005224
 36.2214 0.005269
 36.3495 0.005321
 36.4829 0.005340
 36.6162 0.005410
 36.7513 0.005386
 36.8928 0.005511
 37.0348 0.005597
 37.1781 0.005672
 37.3235 0.005672
 37.4727 0.005789
 37.6272 0.005797
 37.7840 0.005838
 37.9452 0.005934
 38.1101 0.005934
 38.2779 0.006039
 38.4535 0.006173
 38.6347 0.006318
 38.8200 0.006460
 39.0103 0.006514
 39.2048 0.006628
 39.4086 0.006743
 39.6211 0.007013
 39.8394 0.007155
 40.0677 0.007317
 40.3065 0.007552
 40.5544 0.007722
 40.8167 0.007858
 41.0926 0.008105
 41.3788 0.008389
 41.6872 0.008354
 42.0158 0.008469
 42.3608 0.008673
 42.7348 0.008878
 43.1391 0.009183
 43.5787 0.009436
 44.0644 0.009972
 44.6111 0.010223
 45.2223 0.011263
 45.9447 0.012396
 46.8248 0.013616
 47.9304 0.015045
 49.4338 0.019088
 49.8329 0.020146
 50.2468 0.021026
 50.7256 0.022394
 51.2703 0.023257
 51.9146 0.025366
 52.7017 0.028590
 53.6617 0.032711
 55.0274 0.039265
 57.3696 0.054837
 59.4870 0.075282
 62.2004 0.111350
 64.2184 0.157029
lm2s-03-6 3 1
 14.5444 0.041780
 15.1018 0.032343
 15.9683 0.021716
 16.6462 0.017246
 17.4153 0.013404
 17.9140 0.011851
 18.2766 0.010779
 18.5686 0.010423
 18.8233 0.009778
 19.0382 0.009599
 19.2361 0.009221
 19.4092 0.008976
 19.5651 0.008593
 20.2145 0.007623
 20.7067 0.006984
 21.1117 0.006509
 21.4631 0.006063
 21.7748 0.005918
 22.0543 0.005685
 22.3064 0.005575
 22.5438 0.005478
 22.7637 0.005372
 22.9677 0.005251
 23.1640 0.005017
 23.3507 0.004999
 23.5255 0.004953
 23.6913 0.004794
 23.8521 0.004707
 24.0094 0.004635
 24.1554 0.004456
 24.3009 0.004373
 24.4406 0.004361
 24.5763 0.004328
 24.7086 0.004337
 24.8380 0.004335
 24.9639 0.004233
 25.0869 0.004229
 25.2065 0.004180
 25.3252 0.004175
 25.4410 0.004186
 25.5549 0.004188
 25.6659 0.004131
 25.7763 0.004104
 25.8839 0.004047
 25.9900 0.004101
 26.0937 0.004115
 26.1970 0.004121
 26.2987 0.004079
 26.3991 0.004080
 26.4990 0.004115
 26.5977 0.004045
 26.6935 0.004145
 26.7893 0.004123
 26.8837 0.004065
 26.9765 0.003993
 27.0702 0.003990
 27.1621 0.003963
 27.2526 0.003905
 27.3436 0.003945
 27.4339 0.003968
 27.5224 0.004005
 27.6101 0.003994
 27.6984 0.003973
 27.7846 0.003964
 27.8697 0.003961
 27.9575 0.003991
 28.0426 0.004001
 28.1279 0.004031
 28.2129 0.004012
 28.2968 0.004026
 28.3804 0.004056
 28.4639 0.004109
 28.5474 0.004113
 28.6300 0.004142
 28.7114 0.004105
 28.7939 0.004085
 28.8760 0.004087
 28.9563 0.004104
 29.0361 0.004129
 29.1172 0.004100
 29.1984 0.004112
 29.2777 0.004127
 29.3578 0.004102
 29.4378 0.004120
 29.5183 0.004093
 29.5978 0.004069
 29.6763 0.004064
 29.7558 0.004071
 29.8341 0.004086
 29.9132 0.004061
 29.9921 0.004054
 30.0702 0.004068
 30.1492 0.004053
 30.2275 0.004103
 30.3062 0.004117
 30.3852 0.004134
 30.4645 0.004133
 30.5433 0.004139
 30.6229 0.004161
 30.7018 0.004165
 30.7801 0.004132
 30.8594 0.004137
 30.9383 0.004113
 31.0184 0.004133
 31.0982 0.004138
 31.1780 0.004126
 31.2573 0.004212
 31.3376 0.004242
 31.4169 0.004249
 31.4967 0.004219
 31.5771 0.004256
 31.6576 0.004294
 31.7375 0.004265
 31.8186 0.004265
 31.8986 0.004261
 31.9799 0.004255
 32.0606 0.004245
 32.1429 0.004180
 32.2252 0.004210
 32.3077 0.004280
 32.3912 0.004305
 32.4747 0.004336
 32.5576 0.004392
 32.6414 0.004414
 32.7263 0.004402
 32.8104 0.004397
 32.8957 0.004407
 32.9815 0.004426
 33.0670 0.004378
 33.1541 0.004382
 33.2402 0.004416
 33.3277 0.004449
 33.4166 0.004506
 33.5049 0.004523
 33.5938 0.004548
 33.6829 0.004526
 33.7728 0.004587
 33.8641 0.004552
 33.9559 0.004560
 34.0476 0.004568
 34.1419 0.004510
 34.2353 0.004579
 34.3307 0.004522
 34.4256 0.004519
 34.5214 0.004565
 34.6175 0.004590
 34.7152 0.004644
 34.8138 0.004674
 34.9136 0.004699
 35.0139 0.004723
 35.1140 0.004755
 35.2170 0.004781
 35.3194 0.004804
 35.4254 0.004853
 35.5311 0.004894
 35.6376 0.005014
 35.7468 0.005087
 35.8563 0.005103
 35.9669 0.005117
 36.0803 0.005090
 36.1943 0.005072
 36.3093 0.005094
 36.4269 0.005119
 36.5473 0.005141
 36.6687 0.005135
 36.7928 0.005196
 36.9195 0.005250
 37.0481 0.005363
 37.1782 0.005469
 37.3083 0.005489
 37.4408 0.005573
 37.5760 0.005604
 37.7127 0.005562
 37.8541 0.005697
 37.9997 0.005761
 38.1448 0.005756
 38.2957 0.005785
 38.4509 0.005854
 38.6062 0.005934
 38.7662 0.006016
 38.9303 0.006106
 39.1012 0.006127
 39.2734 0.006235
 39.4511 0.006376
 39.6387 0.006457
 39.8279 0.006538
 40.0258 0.006517
 40.2281 0.006658
 40.4385 0.006817
 40.6592 0.007035
 40.8868 0.007282
 41.1226 0.007494
 41.3719 0.007750
 41.6336 0.008058
 41.9072 0.008166
 42.1938 0.008200
 42.4969 0.008388
 42.8242 0.008620
 43.1693 0.008909
 43.5391 0.009161
 43.9416 0.009576
 44.3819 0.009675
 44.8697 0.010009
 45.4085 0.010500
 46.0298 0.011354
 46.7505 0.012392
 47.6393 0.013304
 48.7467 0.015521
 50.2561 0.018370
 50.6449 0.019550
 51.0624 0.020530
 51.5392 0.021598
 52.0948 0.023374
 52.7320 0.025509
 53.5090 0.028802
 54.4521 0.032286
 55.8433 0.039096
 58.1319 0.055178
 60.2841 0.076164
 62.9704 0.115073
 65.1320 0.156572
 tr0-03-6 2 1
 21.6095 0.042425
 22.5827 0.033331
 24.0933 0.023705
 25.3422 0.018523
 26.6881 0.013921
 27.5394 0.012070
 28.1782 0.010876
 28.7004 0.010329
 29.1416 0.009628
 29.5276 0.009081
 29.8776 0.008949
 30.1879 0.008452
 30.4698 0.008280
 31.6145 0.006819
 32.4741 0.006375
 33.1816 0.006184
 33.7849 0.005957
 34.3161 0.005585
 34.7914 0.005389
 35.2255 0.005217
 35.6253 0.005074
 35.9995 0.005016
 36.3503 0.004857
 36.6794 0.004857
 36.9908 0.004726
 37.2880 0.004635
 37.5726 0.004505
 37.8458 0.004575
 38.1059 0.004511
 38.3573 0.004488
 38.6008 0.004543
 38.8352 0.004459
 39.0642 0.004431
 39.2854 0.004424
 39.5005 0.004311
 39.7113 0.004247
 39.9169 0.004110
 40.1170 0.004092
 40.3140 0.004085
 40.5060 0.004029
 40.6942 0.004041
 40.8795 0.004029
 41.0597 0.004013
 41.2375 0.004022
 41.4125 0.003966
 41.5838 0.003891
 41.7514 0.003849
 41.9191 0.003838
 42.0836 0.003767
 42.2463 0.003775
 42.4076 0.003773
 42.5664 0.003696
 42.7224 0.003650
 42.8779 0.003684
 43.0309 0.003712
 43.1820 0.003675
 43.3317 0.003698
 43.4800 0.003710
 43.6272 0.003707
 43.7737 0.003646
 43.9183 0.003653
 44.0621 0.003649
 44.2033 0.003624
 44.3436 0.003617
 44.4844 0.003624
 44.6234 0.003608
 44.7621 0.003623
 44.8992 0.003625
 45.0339 0.003619
 45.1688 0.003592
 45.3043 0.003560
 45.4373 0.003537
 45.5697 0.003501
 45.7020 0.003490
 45.8345 0.003501
 45.9661 0.003557
 46.0956 0.003568
 46.2268 0.003582
 46.3565 0.003548
 46.4851 0.003559
 46.6137 0.003563
 46.7413 0.003533
 46.8693 0.003518
 46.9967 0.003492
 47.1233 0.003488
 47.2502 0.003531
 47.3768 0.003497
 47.5015 0.003486
 47.6269 0.003479
 47.7523 0.003550
 47.8774 0.003543
 48.0024 0.003524
 48.1274 0.003536
 48.2521 0.003535
 48.3766 0.003549
 48.5016 0.003538
 48.6261 0.003541
 48.7496 0.003524
 48.8745 0.003534
 48.9987 0.003525
 49.1231 0.003576
 49.2469 0.003587
 49.3717 0.003640
 49.4958 0.003593
 49.6193 0.003640
 49.7431 0.003650
 49.8687 0.003659
 49.9935 0.003668
 50.1182 0.003672
 50.2426 0.003672
 50.3683 0.003678
 50.4936 0.003715
 50.6181 0.003762
 50.7441 0.003801
 50.8696 0.003864
 50.9956 0.003896
 51.1219 0.003875
 51.2478 0.003928
 51.3754 0.003952
 51.5031 0.003959
 51.6307 0.003957
 51.7591 0.003897
 51.8870 0.003867
 52.0161 0.003837
 52.1461 0.003848
 52.2765 0.003895
 52.4066 0.003906
 52.5381 0.003911
 52.6699 0.003957
 52.8030 0.003931
 52.9365 0.003958
 53.0711 0.003967
 53.2059 0.003985
 53.3416 0.003951
 53.4783 0.003946
 53.6155 0.003940
 53.7514 0.003970
 53.8892 0.004030
 54.0282 0.004121
 54.1685 0.004145
 54.3090 0.004193
 54.4507 0.004202
 54.5942 0.004231
 54.7388 0.004197
 54.8828 0.004222
 55.0294 0.004259
 55.1755 0.004301
 55.3242 0.004318
 55.4730 0.004334
 55.6244 0.004362
 55.7764 0.004371
 55.9289 0.004425
 56.0852 0.004435
 56.2415 0.004483
 56.4007 0.004508
 56.5618 0.004608
 56.7244 0.004679
 56.8881 0.004770
 57.0533 0.004764
 57.2213 0.004764
 57.3911 0.004794
 57.5617 0.004878
 57.7359 0.004866
 57.9126 0.004860
 58.0912 0.004867
 58.2726 0.004888
 58.4575 0.004938
 58.6461 0.004933
 58.8362 0.004999
 59.0299 0.004990
 59.2269 0.004997
 59.4265 0.005039
 59.6292 0.005069
 59.8354 0.005079
 60.0455 0.005149
 60.2610 0.005237
 60.4798 0.005285
 60.7053 0.005345
 60.9339 0.005398
 61.1683 0.005458
 61.4084 0.005491
 61.6553 0.005497
 61.9067 0.005625
 62.1651 0.005574
 62.4327 0.005581
 62.7097 0.005721
 62.9931 0.005855
 63.2867 0.005766
 63.5889 0.005802
 63.9003 0.005927
 64.2261 0.006064
 64.5691 0.006085
 64.9265 0.006275
 65.2943 0.006258
 65.6820 0.006586
 66.0942 0.006608
 66.5293 0.006597
 66.9909 0.006756
 67.4791 0.007026
 67.9990 0.007218
 68.5654 0.007358
 69.1816 0.007612
 69.8590 0.008005
 70.6175 0.008675
 71.4753 0.009176
 72.4701 0.009639
 73.6643 0.010360
 75.1601 0.011583
 77.2048 0.013544
 77.7216 0.014433
 78.2902 0.015292
 78.9254 0.016258
 79.6568 0.017894
 80.5053 0.019358
 81.5361 0.020832
 82.8322 0.023786
 84.6260 0.028119
 87.6538 0.040742
 90.4381 0.052272
 94.0466 0.086366
 96.7376 0.117726
 tr1-03-6 2 1
 25.4029 0.047241
 26.5681 0.036436
 28.2487 0.026424
 29.5682 0.020117
 31.0617 0.015344
 32.0060 0.013352
 32.7161 0.011969
 33.2765 0.011409
 33.7513 0.010677
 34.1734 0.010181
 34.5381 0.009824
 34.8684 0.009428
 35.1743 0.008823
 36.3932 0.007459
 37.3207 0.006342
 38.0800 0.006067
 38.7262 0.005893
 39.2966 0.005556
 39.8078 0.005398
 40.2752 0.005292
 40.7063 0.005248
 41.1066 0.005119
 41.4805 0.005038
 41.8335 0.004908
 42.1686 0.004802
 42.4850 0.004731
 42.7882 0.004649
 43.0775 0.004632
 43.3557 0.004562
 43.6235 0.004556
 43.8845 0.004525
 44.1364 0.004452
 44.3802 0.004464
 44.6158 0.004411
 44.8460 0.004312
 45.0685 0.004284
 45.2862 0.004260
 45.4998 0.004289
 45.7075 0.004279
 45.9136 0.004212
 46.1141 0.004188
 46.3119 0.004203
 46.5050 0.004148
 46.6951 0.004106
 46.8828 0.004057
 47.0647 0.004037
 47.2455 0.003950
 47.4236 0.003938
 47.5969 0.003905
 47.7692 0.003901
 47.9397 0.003929
 48.1089 0.003889
 48.2751 0.003831
 48.4395 0.003846
 48.6012 0.003845
 48.7614 0.003794
 48.9206 0.003838
 49.0801 0.003834
 49.2378 0.003782
 49.3910 0.003787
 49.5446 0.003785
 49.6973 0.003801
 49.8485 0.003807
 49.9977 0.003769
 50.1465 0.003769
 50.2937 0.003792
 50.4403 0.003672
 50.5850 0.003674
 50.7295 0.003642
 50.8724 0.003658
 51.0157 0.003689
 51.1567 0.003659
 51.2972 0.003678
 51.4380 0.003694
 51.5773 0.003734
 51.7159 0.003746
 51.8533 0.003748
 51.9907 0.003756
 52.1281 0.003775
 52.2649 0.003843
 52.4005 0.003841
 52.5348 0.003829
 52.6689 0.003807
 52.8037 0.003820
 52.9384 0.003794
 53.0723 0.003780
 53.2055 0.003760
 53.3392 0.003777
 53.4720 0.003784
 53.6046 0.003796
 53.7369 0.003787
 53.8692 0.003796
 54.0015 0.003770
 54.1334 0.003756
 54.2645 0.003749
 54.3962 0.003803
 54.5270 0.003795
 54.6580 0.003822
 54.7884 0.003784
 54.9192 0.003832
 55.0495 0.003846
 55.1797 0.003847
 55.3106 0.003862
 55.4415 0.003816
 55.5732 0.003833
 55.7044 0.003852
 55.8362 0.003841
 55.9672 0.003861
 56.0992 0.003880
 56.2311 0.003917
 56.3629 0.003938
 56.4953 0.003959
 56.6281 0.004003
 56.7621 0.004031
 56.8955 0.004045
 57.0283 0.004092
 57.1620 0.004122
 57.2945 0.004135
 57.4290 0.004127
 57.5633 0.004174
 57.6990 0.004143
 57.8344 0.004158
 57.9696 0.004181
 58.1052 0.004191
 58.2408 0.004183
 58.3775 0.004209
 58.5143 0.004194
 58.6531 0.004273
 58.7926 0.004311
 58.9326 0.004295
 59.0729 0.004271
 59.2143 0.004269
 59.3566 0.004335
 59.4991 0.004335
 59.6416 0.004347
 59.7854 0.004375
 59.9312 0.004379
 60.0768 0.004308
 60.2234 0.004330
 60.3708 0.004364
 60.5193 0.004352
 60.6688 0.004346
 60.8185 0.004394
 60.9697 0.004437
 61.1226 0.004490
 61.2754 0.004552
 61.4303 0.004527
 61.5861 0.004558
 61.7444 0.004632
 61.9039 0.004607
 62.0644 0.004595
 62.2267 0.004627
 62.3895 0.004701
 62.5547 0.004693
 62.7219 0.004732
 62.8904 0.004703
 63.0610 0.004761
 63.2330 0.004779
 63.4068 0.004778
 63.5841 0.004794
 63.7640 0.004837
 63.9442 0.004945
 64.1263 0.004933
 64.3124 0.004949
 64.4999 0.005010
 64.6903 0.004999
 64.8832 0.005020
 65.0795 0.005028
 65.2805 0.005030
 65.4818 0.005085
 65.6881 0.005141
 65.8970 0.005228
 66.1102 0.005230
 66.3259 0.005203
 66.5479 0.005242
 66.7747 0.005296
 67.0049 0.005320
 67.2378 0.005314
 67.4783 0.005438
 67.7251 0.005467
 67.9762 0.005409
 68.2344 0.005451
 68.4965 0.005604
 68.7670 0.005640
 69.0493 0.005665
 69.3370 0.005711
 69.6336 0.005783
 69.9408 0.005813
 70.2585 0.005920
 70.5893 0.006075
 70.9331 0.006253
 71.2881 0.006194
 71.6575 0.006370
 72.0445 0.006496
 72.4502 0.006577
 72.8805 0.006898
 73.3327 0.007094
 73.8104 0.007328
 74.3223 0.007506
 74.8705 0.007880
 75.4649 0.008159
 76.1071 0.008329
 76.8144 0.008818
 77.6036 0.009109
 78.5074 0.009720
 79.5423 0.010315
 80.7822 0.011449
 82.3341 0.013349
 84.4571 0.015583
 84.9920 0.016099
 85.5817 0.016690
 86.2596 0.017545
 87.0116 0.018677
 87.8836 0.019606
 88.9339 0.021722
 90.2966 0.024371
 92.1348 0.031092
 95.2321 0.041189
 98.1975 0.056004
101.9215 0.083842
104.7546 0.116661
tr1s-03-6 2 1
 28.8151 0.044488
 29.9136 0.035706
 31.5587 0.025347
 32.8921 0.018696
 34.3606 0.014884
 35.2850 0.012818
 35.9829 0.011936
 36.5374 0.011125
 37.0036 0.010263
 37.4094 0.009740
 37.7695 0.009526
 38.0962 0.008932
 38.3932 0.008858
 39.6099 0.007673
 40.5186 0.007039
 41.2699 0.006575
 41.9138 0.006007
 42.4762 0.005557
 42.9822 0.005345
 43.4376 0.005092
 43.8597 0.005017
 44.2567 0.004971
 44.6269 0.005014
 44.9754 0.004740
 45.3051 0.004784
 45.6188 0.004769
 45.9179 0.004655
 46.2063 0.004674
 46.4798 0.004688
 46.7449 0.004583
 47.0015 0.004519
 47.2490 0.004416
 47.4905 0.004430
 47.7238 0.004398
 47.9519 0.004378
 48.1737 0.004353
 48.3900 0.004295
 48.6010 0.004214
 48.8060 0.004143
 49.0081 0.004150
 49.2049 0.004154
 49.3980 0.004129
 49.5884 0.004112
 49.7765 0.004078
 49.9595 0.003999
 50.1420 0.004020
 50.3203 0.004038
 50.4966 0.003992
 50.6711 0.004007
 50.8426 0.004002
 51.0128 0.003922
 51.1792 0.003992
 51.3435 0.003948
 51.5060 0.003890
 51.6685 0.003911
 51.8257 0.003922
 51.9844 0.003949
 52.1399 0.003914
 52.2941 0.003901
 52.4471 0.003961
 52.5985 0.003910
 52.7488 0.003873
 52.8987 0.003851
 53.0463 0.003875
 53.1931 0.003921
 53.3401 0.003892
 53.4843 0.003850
 53.6279 0.003784
 53.7704 0.003774
 53.9128 0.003807
 54.0527 0.003838
 54.1929 0.003798
 54.3343 0.003823
 54.4732 0.003812
 54.6108 0.003808
 54.7490 0.003852
 54.8857 0.003882
 55.0222 0.003885
 55.1572 0.003803
 55.2922 0.003840
 55.4273 0.003868
 55.5606 0.003836
 55.6941 0.003818
 55.8270 0.003802
 55.9596 0.003773
 56.0917 0.003807
 56.2237 0.003786
 56.3558 0.003851
 56.4876 0.003835
 56.6185 0.003838
 56.7502 0.003861
 56.8817 0.003838
 57.0126 0.003865
 57.1436 0.003851
 57.2738 0.003813
 57.4037 0.003821
 57.5335 0.003871
 57.6642 0.003879
 57.7948 0.003898
 57.9247 0.003878
 58.0544 0.003896
 58.1844 0.003919
 58.3146 0.003942
 58.4444 0.003943
 58.5742 0.003976
 58.7035 0.003941
 58.8345 0.003910
 58.9642 0.003941
 59.0931 0.003931
 59.2245 0.003944
 59.3552 0.003893
 59.4855 0.003940
 59.6167 0.003954
 59.7487 0.003990
 59.8810 0.004024
 60.0126 0.004029
 60.1448 0.004019
 60.2775 0.004065
 60.4105 0.004043
 60.5446 0.004031
 60.6791 0.004079
 60.8129 0.004103
 60.9474 0.004096
 61.0824 0.004087
 61.2186 0.004097
 61.3542 0.004151
 61.4910 0.004153
 61.6275 0.004146
 61.7650 0.004153
 61.9040 0.004188
 62.0432 0.004166
 62.1827 0.004171
 62.3225 0.004208
 62.4624 0.004222
 62.6037 0.004217
 62.7477 0.004242
 62.8915 0.004213
 63.0360 0.004232
 63.1816 0.004297
 63.3293 0.004329
 63.4767 0.004366
 63.6251 0.004379
 63.7745 0.004423
 63.9259 0.004355
 64.0758 0.004480
 64.2284 0.004481
 64.3825 0.004490
 64.5371 0.004479
 64.6942 0.004508
 64.8515 0.004527
 65.0111 0.004565
 65.1722 0.004544
 65.3337 0.004506
 65.4985 0.004524
 65.6645 0.004606
 65.8308 0.004662
 66.0000 0.004729
 66.1704 0.004772
 66.3435 0.004764
 66.5197 0.004791
 66.6967 0.004810
 66.8767 0.004813
 67.0602 0.004857
 67.2443 0.004823
 67.4315 0.004840
 67.6201 0.004877
 67.8128 0.004912
 68.0071 0.004943
 68.2049 0.005074
 68.4062 0.005117
 68.6115 0.005114
 68.8191 0.005190
 69.0307 0.005155
 69.2444 0.005201
 69.4644 0.005251
 69.6895 0.005309
 69.9178 0.005306
 70.1521 0.005350
 70.3908 0.005405
 70.6356 0.005342
 70.8853 0.005393
 71.1431 0.005448
 71.4067 0.005465
 71.6770 0.005544
 71.9569 0.005668
 72.2430 0.005755
 72.5383 0.005810
 72.8455 0.005866
 73.1638 0.005934
 73.4921 0.006101
 73.8344 0.006204
 74.1866 0.006172
 74.5541 0.006428
 74.9368 0.006499
 75.3417 0.006679
 75.7657 0.006704
 76.2150 0.006897
 76.6911 0.007235
 77.1965 0.007558
 77.7468 0.007899
 78.3331 0.008159
 78.9775 0.008459
 79.6808 0.008940
 80.4688 0.009301
 81.3609 0.009720
 82.3987 0.010742
 83.6310 0.011675
 85.1789 0.013093
 87.2953 0.015166
 87.8357 0.015687
 88.4178 0.016376
 89.0835 0.017334
 89.8372 0.018169
 90.7208 0.019374
 91.7818 0.022210
 93.1415 0.024383
 94.9932 0.031153
 98.0657 0.041331
101.0261 0.057896
104.7667 0.083630
107.4761 0.115049
 tr2-03-6 2 1
 29.8868 0.052956
 31.1428 0.041110
 32.8312 0.027414
 34.2972 0.020445
 35.8972 0.015569
 36.8906 0.013534
 37.6431 0.012060
 38.2490 0.011454
 38.7612 0.010826
 39.2053 0.010651
 39.5965 0.010077
 39.9520 0.009584
 40.2742 0.009269
 41.5764 0.007998
 42.5621 0.007043
 43.3696 0.006785
 44.0581 0.006518
 44.6637 0.006310
 45.2083 0.006020
 45.7041 0.005814
 46.1598 0.005523
 46.5859 0.005547
 46.9848 0.005467
 47.3568 0.005459
 47.7098 0.005443
 48.0458 0.005438
 48.3660 0.005308
 48.6758 0.005188
 48.9707 0.005169
 49.2553 0.005129
 49.5285 0.005068
 49.7948 0.005032
 50.0525 0.004985
 50.3009 0.004878
 50.5437 0.004852
 50.7800 0.004754
 51.0120 0.004692
 51.2386 0.004579
 51.4591 0.004548
 51.6726 0.004498
 51.8825 0.004492
 52.0883 0.004438
 52.2905 0.004523
 52.4918 0.004540
 52.6873 0.004550
 52.8806 0.004510
 53.0709 0.004465
 53.2588 0.004417
 53.4434 0.004338
 53.6262 0.004314
 53.8048 0.004250
 53.9816 0.004285
 54.1575 0.004264
 54.3303 0.004300
 54.5005 0.004284
 54.6692 0.004325
 54.8372 0.004307
 55.0029 0.004276
 55.1660 0.004282
 55.3278 0.004228
 55.4893 0.004177
 55.6474 0.004191
 55.8067 0.004136
 55.9630 0.004075
 56.1192 0.004072
 56.2739 0.004056
 56.4278 0.004008
 56.5815 0.004002
 56.7336 0.003980
 56.8844 0.003960
 57.0346 0.003889
 57.1833 0.003881
 57.3313 0.003888
 57.4790 0.003867
 57.6264 0.003889
 57.7721 0.003914
 57.9169 0.003956
 58.0606 0.003955
 58.2045 0.003940
 58.3471 0.003996
 58.4893 0.003994
 58.6310 0.003976
 58.7728 0.003992
 58.9136 0.003995
 59.0544 0.003923
 59.1946 0.004011
 59.3349 0.004004
 59.4737 0.004056
 59.6138 0.004031
 59.7530 0.004062
 59.8918 0.004049
 60.0311 0.004120
 60.1697 0.004092
 60.3082 0.004121
 60.4455 0.004131
 60.5844 0.004140
 60.7216 0.004166
 60.8588 0.004130
 60.9971 0.004130
 61.1356 0.004151
 61.2732 0.004124
 61.4112 0.004139
 61.5494 0.004090
 61.6876 0.004045
 61.8261 0.004045
 61.9634 0.004046
 62.1016 0.003978
 62.2395 0.004028
 62.3770 0.003994
 62.5150 0.003968
 62.6535 0.003947
 62.7917 0.003971
 62.9300 0.004011
 63.0690 0.004034
 63.2085 0.004072
 63.3486 0.004108
 63.4886 0.004080
 63.6290 0.004085
 63.7704 0.004027
 63.9118 0.004009
 64.0539 0.004027
 64.1961 0.004049
 64.3382 0.004053
 64.4811 0.004070
 64.6239 0.004072
 64.7672 0.004053
 64.9116 0.004038
 65.0567 0.004034
 65.2016 0.004089
 65.3468 0.004126
 65.4925 0.004154
 65.6408 0.004166
 65.7892 0.004214
 65.9382 0.004188
 66.0887 0.004205
 66.2387 0.004265
 66.3901 0.004275
 66.5423 0.004270
 66.6954 0.004288
 66.8494 0.004334
 67.0050 0.004326
 67.1608 0.004376
 67.3172 0.004395
 67.4762 0.004377
 67.6360 0.004337
 67.7963 0.004423
 67.9585 0.004405
 68.1206 0.004410
 68.2865 0.004438
 68.4528 0.004473
 68.6205 0.004504
 68.7903 0.004566
 68.9606 0.004598
 69.1333 0.004649
 69.3079 0.004718
 69.4830 0.004712
 69.6604 0.004707
 69.8400 0.004770
 70.0215 0.004717
 70.2059 0.004706
 70.3924 0.004727
 70.5816 0.004751
 70.7731 0.004825
 70.9666 0.004851
 71.1629 0.004868
 71.3597 0.004867
 71.5627 0.004842
 71.7673 0.004839
 71.9754 0.004829
 72.1872 0.004858
 72.4010 0.004957
 72.6199 0.005039
 72.8424 0.005047
 73.0685 0.005106
 73.2977 0.005196
 73.5330 0.005290
 73.7741 0.005366
 74.0176 0.005362
 74.2681 0.005447
 74.5236 0.005475
 74.7868 0.005451
 75.0571 0.005503
 75.3319 0.005560
 75.6146 0.005676
 75.9051 0.005715
 76.2053 0.005744
 76.5124 0.005817
 76.8312 0.005970
 77.1613 0.006031
 77.5048 0.006094
 77.8602 0.006113
 78.2312 0.006151
 78.6185 0.006174
 79.0202 0.006413
 79.4444 0.006643
 79.8892 0.006717
 80.3606 0.006978
 80.8596 0.007375
 81.3911 0.007528
 81.9641 0.008013
 82.5774 0.008072
 83.2460 0.008277
 83.9792 0.008757
 84.8056 0.009097
 85.7324 0.009575
 86.8139 0.010341
 88.1019 0.011284
 89.7092 0.013020
 91.8843 0.016017
 92.4465 0.016528
 93.0707 0.017008
 93.7605 0.017857
 94.5516 0.019274
 95.4728 0.021017
 96.5833 0.023965
 98.0114 0.027873
 99.9517 0.032343
103.1983 0.042267
106.2627 0.059917
110.2111 0.089949
113.0438 0.121408
tr2s-03-6 3 1
 33.5098 0.085099
 34.7296 0.065000
 36.3724 0.044784
 37.7395 0.035974
 39.2941 0.027532
 40.2735 0.024069
 41.0201 0.021221
 41.6126 0.020076
 42.0858 0.018945
 42.5223 0.017595
 42.9155 0.017341
 43.2619 0.016304
 43.5941 0.015649
 44.8753 0.013514
 45.8306 0.012131
 46.6324 0.011463
 47.2984 0.010907
 47.9034 0.010354
 48.4374 0.009836
 48.9172 0.009626
 49.3725 0.009362
 49.7950 0.009219
 50.1891 0.009013
 50.5630 0.008875
 50.9070 0.008591
 51.2347 0.008403
 51.5506 0.008311
 51.8551 0.008163
 52.1403 0.008145
 52.4174 0.008036
 52.6905 0.007958
 52.9524 0.007897
 53.2031 0.007599
 53.4482 0.007634
 53.6909 0.007668
 53.9236 0.007654
 54.1541 0.007635
 54.3762 0.007503
 54.5943 0.007508
 54.8072 0.007568
 55.0163 0.007447
 55.2201 0.007506
 55.4204 0.007379
 55.6183 0.007454
 55.8122 0.007417
 56.0025 0.007374
 56.1896 0.007413
 56.3698 0.007431
 56.5516 0.007383
 56.7293 0.007394
 56.9048 0.007196
 57.0801 0.007226
 57.2531 0.007312
 57.4210 0.007167
 57.5901 0.007207
 57.7553 0.007253
 57.9216 0.007239
 58.0853 0.007104
 58.2468 0.007031
 58.4051 0.006892
 58.5666 0.006843
 58.7242 0.006861
 58.8818 0.006864
 59.0373 0.006811
 59.1931 0.006834
 59.3454 0.006863
 59.4964 0.006877
 59.6470 0.006912
 59.7959 0.006964
 59.9447 0.006959
 60.0937 0.006998
 60.2401 0.006960
 60.3856 0.006888
 60.5315 0.006945
 60.6747 0.006997
 60.8197 0.007026
 60.9621 0.007037
 61.1064 0.007025
 61.2488 0.006995
 61.3908 0.007074
 61.5318 0.007062
 61.6727 0.007082
 61.8135 0.007106
 61.9525 0.007127
 62.0920 0.007101
 62.2301 0.007120
 62.3705 0.007169
 62.5068 0.007101
 62.6444 0.007058
 62.7822 0.007036
 62.9181 0.007011
 63.0548 0.007012
 63.1928 0.006947
 63.3294 0.006982
 63.4668 0.006980
 63.6029 0.006928
 63.7393 0.006907
 63.8753 0.006905
 64.0099 0.007017
 64.1477 0.007015
 64.2845 0.007027
 64.4215 0.007024
 64.5586 0.007074
 64.6943 0.007045
 64.8297 0.007063
 64.9662 0.006997
 65.1026 0.006987
 65.2382 0.006946
 65.3740 0.006915
 65.5117 0.006926
 65.6490 0.006942
 65.7863 0.006951
 65.9249 0.006945
 66.0625 0.006959
 66.2000 0.006957
 66.3381 0.006924
 66.4769 0.006939
 66.6161 0.007002
 66.7539 0.007057
 66.8947 0.007136
 67.0358 0.007031
 67.1773 0.006969
 67.3171 0.007067
 67.4585 0.007039
 67.5991 0.007019
 67.7412 0.007075
 67.8837 0.007049
 68.0271 0.007081
 68.1693 0.007094
 68.3135 0.007223
 68.4595 0.007314
 68.6043 0.007230
 68.7528 0.007192
 68.8993 0.007240
 69.0479 0.007275
 69.1981 0.007378
 69.3475 0.007461
 69.4974 0.007426
 69.6503 0.007440
 69.8026 0.007527
 69.9569 0.007474
 70.1125 0.007460
 70.2681 0.007442
 70.4269 0.007523
 70.5863 0.007520
 70.7443 0.007565
 70.9030 0.007632
 71.0647 0.007673
 71.2257 0.007650
 71.3889 0.007552
 71.5559 0.007641
 71.7239 0.007721
 71.8941 0.007833
 72.0649 0.007855
 72.2379 0.007834
 72.4126 0.007888
 72.5890 0.007901
 72.7681 0.007843
 72.9490 0.007890
 73.1311 0.007876
 73.3173 0.007998
 73.5053 0.007977
 73.6962 0.008040
 73.8859 0.008234
 74.0786 0.008298
 74.2772 0.008510
 74.4758 0.008545
 74.6830 0.008590
 74.8919 0.008744
 75.0995 0.008793
 75.3140 0.008877
 75.5309 0.008930
 75.7522 0.009046
 75.9773 0.009029
 76.2072 0.009005
 76.4406 0.009119
 76.6782 0.009243
 76.9217 0.009255
 77.1679 0.009394
 77.4249 0.009327
 77.6881 0.009519
 77.9541 0.009509
 78.2251 0.009539
 78.5059 0.009457
 78.8003 0.009553
 79.0987 0.009749
 79.4064 0.009905
 79.7238 0.010145
 80.0516 0.010366
 80.3877 0.010589
 80.7412 0.010671
 81.1117 0.010916
 81.4939 0.011124
 81.8963 0.011195
 82.3152 0.011774
 82.7650 0.012212
 83.2295 0.012372
 83.7302 0.012750
 84.2615 0.012746
 84.8285 0.012939
 85.4428 0.013508
 86.1117 0.014243
 86.8451 0.015370
 87.6627 0.015812
 88.5727 0.016510
 89.6562 0.017843
 90.9299 0.019729
 92.5265 0.022088
 94.7083 0.026500
 95.2609 0.027742
 95.8705 0.028843
 96.5584 0.031249
 97.3204 0.033183
 98.2399 0.036445
 99.3628 0.041431
100.7772 0.044720
102.7535 0.053385
105.9913 0.071789
109.1237 0.100548
113.1801 0.149521
115.9696 0.213517
