Copyright (C) 1998 James G. MacKinnon, Alfred A. Haug, and Leo Michelis.
 lm0-07-5 3 1
 26.6856 0.051236
 27.4665 0.039947
 28.4575 0.027755
 29.3100 0.020793
 30.2327 0.016226
 30.8222 0.014466
 31.2508 0.012932
 31.5976 0.011959
 31.8882 0.010949
 32.1438 0.010606
 32.3667 0.009940
 32.5710 0.009526
 32.7550 0.009136
 33.5130 0.007813
 34.0863 0.007051
 34.5588 0.006713
 34.9627 0.006163
 35.3182 0.005695
 35.6350 0.005553
 35.9226 0.005505
 36.1889 0.005366
 36.4339 0.005325
 36.6699 0.005267
 36.8877 0.005161
 37.0979 0.005180
 37.2975 0.005107
 37.4850 0.005121
 37.6647 0.005159
 37.8395 0.005221
 38.0079 0.005178
 38.1687 0.005143
 38.3278 0.005168
 38.4826 0.005182
 38.6336 0.005196
 38.7800 0.005181
 38.9219 0.005073
 39.0598 0.005029
 39.1943 0.005060
 39.3257 0.004967
 39.4547 0.004946
 39.5800 0.004912
 39.7061 0.004928
 39.8291 0.004855
 39.9502 0.004808
 40.0691 0.004842
 40.1875 0.004752
 40.3037 0.004771
 40.4183 0.004731
 40.5296 0.004684
 40.6385 0.004719
 40.7481 0.004742
 40.8558 0.004699
 40.9627 0.004707
 41.0680 0.004644
 41.1734 0.004610
 41.2778 0.004581
 41.3803 0.004573
 41.4814 0.004588
 41.5822 0.004618
 41.6813 0.004600
 41.7791 0.004581
 41.8778 0.004558
 41.9748 0.004545
 42.0708 0.004550
 42.1661 0.004566
 42.2607 0.004537
 42.3551 0.004489
 42.4482 0.004481
 42.5409 0.004496
 42.6333 0.004491
 42.7249 0.004520
 42.8167 0.004566
 42.9081 0.004630
 42.9986 0.004666
 43.0883 0.004636
 43.1797 0.004598
 43.2692 0.004582
 43.3580 0.004593
 43.4473 0.004586
 43.5360 0.004628
 43.6251 0.004643
 43.7137 0.004632
 43.8023 0.004647
 43.8896 0.004620
 43.9777 0.004603
 44.0658 0.004588
 44.1540 0.004600
 44.2410 0.004585
 44.3284 0.004570
 44.4157 0.004541
 44.5022 0.004575
 44.5890 0.004621
 44.6755 0.004644
 44.7614 0.004714
 44.8475 0.004706
 44.9339 0.004675
 45.0202 0.004676
 45.1064 0.004705
 45.1928 0.004727
 45.2786 0.004748
 45.3656 0.004708
 45.4518 0.004718
 45.5392 0.004754
 45.6257 0.004723
 45.7127 0.004748
 45.7993 0.004783
 45.8867 0.004770
 45.9736 0.004725
 46.0610 0.004749
 46.1485 0.004792
 46.2367 0.004775
 46.3247 0.004729
 46.4125 0.004782
 46.5019 0.004796
 46.5896 0.004782
 46.6789 0.004813
 46.7686 0.004865
 46.8582 0.004901
 46.9480 0.004973
 47.0392 0.004947
 47.1292 0.004999
 47.2199 0.004996
 47.3113 0.004979
 47.4021 0.005033
 47.4941 0.005013
 47.5864 0.005011
 47.6788 0.005053
 47.7736 0.005080
 47.8667 0.005121
 47.9605 0.005121
 48.0559 0.005163
 48.1504 0.005150
 48.2465 0.005155
 48.3408 0.005214
 48.4375 0.005217
 48.5350 0.005228
 48.6339 0.005230
 48.7317 0.005177
 48.8316 0.005164
 48.9328 0.005177
 49.0322 0.005201
 49.1343 0.005233
 49.2360 0.005271
 49.3380 0.005332
 49.4411 0.005409
 49.5458 0.005429
 49.6524 0.005427
 49.7591 0.005512
 49.8674 0.005546
 49.9774 0.005557
 50.0877 0.005550
 50.2000 0.005597
 50.3122 0.005629
 50.4262 0.005655
 50.5415 0.005668
 50.6584 0.005709
 50.7760 0.005798
 50.8947 0.005784
 51.0162 0.005736
 51.1389 0.005755
 51.2620 0.005765
 51.3868 0.005766
 51.5144 0.005823
 51.6429 0.005945
 51.7735 0.005933
 51.9065 0.005984
 52.0408 0.006096
 52.1783 0.006158
 52.3186 0.006248
 52.4579 0.006283
 52.6016 0.006340
 52.7491 0.006453
 52.8977 0.006562
 53.0474 0.006596
 53.2012 0.006587
 53.3582 0.006717
 53.5202 0.006765
 53.6873 0.006777
 53.8556 0.006787
 54.0309 0.006910
 54.2086 0.007055
 54.3931 0.007060
 54.5819 0.007224
 54.7763 0.007317
 54.9741 0.007428
 55.1809 0.007564
 55.3943 0.007631
 55.6136 0.007716
 55.8407 0.007858
 56.0758 0.007885
 56.3243 0.007995
 56.5778 0.008112
 56.8446 0.008340
 57.1256 0.008532
 57.4183 0.008686
 57.7236 0.008986
 58.0501 0.009161
 58.3962 0.009363
 58.7680 0.009543
 59.1695 0.009973
 59.5991 0.010547
 60.0720 0.010947
 60.5915 0.011793
 61.1716 0.012342
 61.8324 0.013030
 62.6100 0.014092
 63.5387 0.015816
 64.7053 0.017706
 66.3119 0.021053
 66.7163 0.021881
 67.1735 0.023051
 67.6846 0.024588
 68.2584 0.025934
 68.9333 0.028071
 69.7850 0.031040
 70.8469 0.033128
 72.3137 0.039294
 74.6952 0.056826
 77.0847 0.076126
 80.1183 0.116200
 82.3964 0.163498
 lm1-07-5 3 1
 29.0568 0.055649
 29.7735 0.040512
 30.8405 0.027632
 31.6866 0.021379
 32.6345 0.016652
 33.2487 0.013933
 33.6876 0.012499
 34.0432 0.011364
 34.3469 0.010860
 34.6124 0.010602
 34.8458 0.010278
 35.0600 0.009952
 35.2510 0.009492
 36.0270 0.008056
 36.6154 0.007139
 37.0942 0.006576
 37.5103 0.006368
 37.8821 0.006193
 38.2095 0.005915
 38.5088 0.005765
 38.7842 0.005619
 39.0363 0.005608
 39.2777 0.005621
 39.5056 0.005623
 39.7205 0.005480
 39.9264 0.005466
 40.1209 0.005424
 40.3089 0.005305
 40.4879 0.005208
 40.6629 0.005116
 40.8304 0.005033
 40.9935 0.004996
 41.1499 0.005054
 41.3046 0.004990
 41.4529 0.004944
 41.5987 0.004853
 41.7410 0.004867
 41.8802 0.004820
 42.0157 0.004752
 42.1501 0.004656
 42.2797 0.004619
 42.4085 0.004591
 42.5346 0.004554
 42.6585 0.004577
 42.7786 0.004563
 42.8983 0.004577
 43.0165 0.004606
 43.1313 0.004532
 43.2466 0.004473
 43.3595 0.004456
 43.4728 0.004554
 43.5839 0.004528
 43.6926 0.004595
 43.8004 0.004526
 43.9076 0.004486
 44.0139 0.004446
 44.1176 0.004426
 44.2215 0.004411
 44.3249 0.004361
 44.4283 0.004403
 44.5309 0.004456
 44.6323 0.004559
 44.7319 0.004588
 44.8306 0.004545
 44.9293 0.004548
 45.0267 0.004480
 45.1236 0.004473
 45.2196 0.004480
 45.3151 0.004428
 45.4109 0.004470
 45.5065 0.004494
 45.6012 0.004483
 45.6956 0.004478
 45.7884 0.004456
 45.8823 0.004519
 45.9750 0.004499
 46.0666 0.004424
 46.1583 0.004460
 46.2495 0.004470
 46.3408 0.004524
 46.4314 0.004588
 46.5226 0.004608
 46.6135 0.004583
 46.7033 0.004574
 46.7921 0.004603
 46.8812 0.004590
 46.9710 0.004606
 47.0599 0.004632
 47.1494 0.004630
 47.2391 0.004619
 47.3278 0.004620
 47.4175 0.004613
 47.5068 0.004629
 47.5947 0.004703
 47.6838 0.004699
 47.7725 0.004690
 47.8610 0.004682
 47.9496 0.004712
 48.0386 0.004774
 48.1286 0.004780
 48.2182 0.004789
 48.3062 0.004760
 48.3953 0.004801
 48.4836 0.004833
 48.5734 0.004831
 48.6624 0.004832
 48.7510 0.004874
 48.8408 0.004908
 48.9306 0.004900
 49.0214 0.004835
 49.1115 0.004877
 49.2012 0.004875
 49.2916 0.004874
 49.3822 0.004950
 49.4746 0.004944
 49.5661 0.004910
 49.6575 0.004949
 49.7497 0.004965
 49.8422 0.004942
 49.9340 0.005023
 50.0268 0.004973
 50.1199 0.004969
 50.2134 0.004989
 50.3069 0.004996
 50.4016 0.004982
 50.4964 0.004995
 50.5919 0.004980
 50.6868 0.005011
 50.7831 0.004994
 50.8789 0.004998
 50.9746 0.005026
 51.0729 0.005081
 51.1702 0.005149
 51.2683 0.005188
 51.3675 0.005231
 51.4686 0.005244
 51.5698 0.005239
 51.6704 0.005267
 51.7722 0.005283
 51.8737 0.005315
 51.9786 0.005360
 52.0820 0.005334
 52.1877 0.005385
 52.2935 0.005490
 52.4007 0.005502
 52.5087 0.005523
 52.6183 0.005528
 52.7282 0.005504
 52.8380 0.005573
 52.9494 0.005542
 53.0636 0.005616
 53.1765 0.005647
 53.2917 0.005660
 53.4064 0.005630
 53.5240 0.005648
 53.6439 0.005611
 53.7625 0.005672
 53.8845 0.005791
 54.0077 0.005837
 54.1310 0.005871
 54.2579 0.005866
 54.3861 0.005956
 54.5161 0.006145
 54.6465 0.006160
 54.7816 0.006193
 54.9185 0.006218
 55.0553 0.006296
 55.1961 0.006365
 55.3408 0.006390
 55.4857 0.006418
 55.6349 0.006489
 55.7845 0.006495
 55.9389 0.006577
 56.0937 0.006637
 56.2529 0.006649
 56.4123 0.006762
 56.5783 0.006800
 56.7469 0.006799
 56.9210 0.006851
 57.0967 0.006950
 57.2771 0.007048
 57.4634 0.007146
 57.6531 0.007324
 57.8528 0.007412
 58.0584 0.007486
 58.2661 0.007554
 58.4792 0.007631
 58.7008 0.007680
 58.9301 0.007814
 59.1707 0.007885
 59.4208 0.008013
 59.6793 0.008069
 59.9489 0.008274
 60.2346 0.008363
 60.5331 0.008508
 60.8453 0.008764
 61.1788 0.008793
 61.5346 0.009007
 61.9173 0.009460
 62.3258 0.009793
 62.7661 0.009984
 63.2470 0.010293
 63.7844 0.010565
 64.3799 0.011420
 65.0666 0.012492
 65.8517 0.013802
 66.7932 0.015236
 67.9734 0.016616
 69.6246 0.020245
 70.0520 0.020906
 70.5153 0.021921
 71.0402 0.023628
 71.6168 0.025713
 72.3005 0.027844
 73.1388 0.031313
 74.2223 0.035971
 75.7348 0.043246
 78.1897 0.054040
 80.6264 0.075916
 83.8365 0.115710
 85.9315 0.157675
lm1s-07-5 3 1
 29.8021 0.052185
 30.4871 0.040165
 31.5804 0.027072
 32.4349 0.021916
 33.3839 0.016089
 33.9840 0.013640
 34.4299 0.012856
 34.7907 0.011973
 35.1062 0.011036
 35.3667 0.010592
 35.5986 0.009835
 35.8099 0.009691
 36.0030 0.009087
 36.7721 0.007762
 37.3684 0.007233
 37.8546 0.006679
 38.2732 0.006329
 38.6388 0.006216
 38.9691 0.006072
 39.2696 0.005965
 39.5459 0.005838
 39.8017 0.005641
 40.0408 0.005520
 40.2671 0.005387
 40.4806 0.005317
 40.6875 0.005203
 40.8831 0.005212
 41.0698 0.005179
 41.2486 0.005185
 41.4251 0.005096
 41.5915 0.005143
 41.7537 0.005031
 41.9116 0.005022
 42.0666 0.004962
 42.2157 0.004904
 42.3612 0.004876
 42.5042 0.004833
 42.6425 0.004850
 42.7776 0.004801
 42.9110 0.004743
 43.0414 0.004780
 43.1689 0.004764
 43.2934 0.004673
 43.4153 0.004691
 43.5372 0.004698
 43.6583 0.004717
 43.7762 0.004721
 43.8933 0.004646
 44.0073 0.004656
 44.1221 0.004600
 44.2348 0.004611
 44.3452 0.004600
 44.4548 0.004616
 44.5634 0.004640
 44.6703 0.004673
 44.7759 0.004627
 44.8811 0.004639
 44.9857 0.004631
 45.0886 0.004660
 45.1920 0.004664
 45.2923 0.004670
 45.3932 0.004645
 45.4930 0.004619
 45.5928 0.004643
 45.6904 0.004639
 45.7874 0.004667
 45.8849 0.004668
 45.9816 0.004625
 46.0770 0.004643
 46.1717 0.004621
 46.2680 0.004632
 46.3621 0.004599
 46.4560 0.004605
 46.5492 0.004627
 46.6425 0.004551
 46.7356 0.004499
 46.8283 0.004519
 46.9196 0.004503
 47.0101 0.004499
 47.1020 0.004546
 47.1939 0.004548
 47.2831 0.004546
 47.3735 0.004557
 47.4632 0.004571
 47.5544 0.004634
 47.6441 0.004620
 47.7347 0.004629
 47.8243 0.004634
 47.9136 0.004660
 48.0035 0.004682
 48.0928 0.004726
 48.1827 0.004764
 48.2724 0.004709
 48.3609 0.004705
 48.4498 0.004808
 48.5386 0.004778
 48.6262 0.004775
 48.7153 0.004785
 48.8041 0.004784
 48.8934 0.004738
 48.9823 0.004766
 49.0724 0.004787
 49.1611 0.004768
 49.2500 0.004748
 49.3396 0.004771
 49.4286 0.004806
 49.5173 0.004815
 49.6062 0.004869
 49.6976 0.004847
 49.7877 0.004884
 49.8777 0.004878
 49.9689 0.004894
 50.0598 0.004890
 50.1503 0.004873
 50.2408 0.004876
 50.3317 0.004870
 50.4235 0.004856
 50.5152 0.004893
 50.6069 0.004945
 50.7000 0.004972
 50.7918 0.004920
 50.8838 0.004908
 50.9770 0.004911
 51.0701 0.004939
 51.1646 0.004902
 51.2600 0.005010
 51.3550 0.005035
 51.4499 0.005092
 51.5454 0.005119
 51.6431 0.005164
 51.7393 0.005209
 51.8376 0.005287
 51.9359 0.005309
 52.0341 0.005280
 52.1347 0.005286
 52.2337 0.005232
 52.3361 0.005311
 52.4379 0.005338
 52.5408 0.005326
 52.6423 0.005352
 52.7467 0.005324
 52.8514 0.005364
 52.9571 0.005416
 53.0642 0.005392
 53.1708 0.005395
 53.2776 0.005435
 53.3848 0.005468
 53.4937 0.005511
 53.6039 0.005464
 53.7148 0.005478
 53.8274 0.005464
 53.9414 0.005516
 54.0572 0.005507
 54.1734 0.005511
 54.2908 0.005569
 54.4077 0.005668
 54.5265 0.005742
 54.6484 0.005790
 54.7724 0.005793
 54.8981 0.005772
 55.0238 0.005847
 55.1523 0.005838
 55.2823 0.005910
 55.4154 0.005976
 55.5499 0.006115
 55.6851 0.006162
 55.8237 0.006179
 55.9636 0.006178
 56.1063 0.006143
 56.2522 0.006168
 56.3979 0.006225
 56.5466 0.006239
 56.6979 0.006334
 56.8525 0.006487
 57.0106 0.006555
 57.1732 0.006595
 57.3385 0.006640
 57.5077 0.006734
 57.6819 0.006896
 57.8578 0.007095
 58.0415 0.007221
 58.2280 0.007189
 58.4185 0.007306
 58.6159 0.007396
 58.8182 0.007482
 59.0282 0.007558
 59.2411 0.007496
 59.4629 0.007559
 59.6934 0.007631
 59.9350 0.007782
 60.1831 0.008033
 60.4428 0.008170
 60.7120 0.008264
 60.9966 0.008388
 61.2911 0.008506
 61.6061 0.008631
 61.9467 0.008958
 62.3003 0.009393
 62.6776 0.009724
 63.0905 0.010192
 63.5323 0.010338
 64.0161 0.010585
 64.5529 0.011148
 65.1538 0.011918
 65.8323 0.012522
 66.6092 0.013681
 67.5610 0.014807
 68.7430 0.016744
 70.3939 0.019914
 70.8137 0.021551
 71.2769 0.022576
 71.7913 0.023354
 72.3726 0.025232
 73.0562 0.027664
 73.8884 0.031672
 74.9652 0.035835
 76.5073 0.042640
 78.9433 0.054942
 81.4128 0.076040
 84.4436 0.117166
 86.6066 0.160655
 lm2-07-5 3 1
 31.3320 0.052154
 32.0891 0.038966
 33.1648 0.026715
 34.0706 0.020986
 35.0496 0.016603
 35.6827 0.014647
 36.1479 0.013612
 36.5200 0.012821
 36.8317 0.011765
 37.1008 0.011238
 37.3365 0.010638
 37.5597 0.010321
 37.7606 0.010190
 38.5603 0.008396
 39.1705 0.007724
 39.6642 0.007088
 40.0931 0.006821
 40.4675 0.006508
 40.8055 0.006400
 41.1124 0.006284
 41.3998 0.006115
 41.6639 0.006066
 41.9090 0.005864
 42.1418 0.005867
 42.3621 0.005799
 42.5700 0.005810
 42.7705 0.005803
 42.9617 0.005646
 43.1469 0.005452
 43.3249 0.005305
 43.4977 0.005168
 43.6623 0.005048
 43.8231 0.005073
 43.9797 0.004911
 44.1332 0.004855
 44.2817 0.004861
 44.4277 0.004885
 44.5709 0.004943
 44.7110 0.004897
 44.8471 0.004908
 44.9830 0.004896
 45.1148 0.004949
 45.2438 0.004925
 45.3721 0.004923
 45.4972 0.004902
 45.6205 0.004954
 45.7418 0.004976
 45.8622 0.004974
 45.9793 0.004934
 46.0946 0.004896
 46.2078 0.004888
 46.3226 0.004909
 46.4349 0.004873
 46.5465 0.004896
 46.6562 0.004962
 46.7657 0.004897
 46.8731 0.004894
 46.9806 0.004864
 47.0864 0.004837
 47.1917 0.004878
 47.2957 0.004862
 47.3985 0.004848
 47.5011 0.004858
 47.6035 0.004841
 47.7056 0.004828
 47.8052 0.004825
 47.9037 0.004810
 48.0017 0.004810
 48.0990 0.004823
 48.1972 0.004804
 48.2944 0.004796
 48.3915 0.004794
 48.4883 0.004734
 48.5830 0.004690
 48.6777 0.004648
 48.7722 0.004647
 48.8675 0.004677
 48.9614 0.004696
 49.0545 0.004711
 49.1471 0.004740
 49.2409 0.004747
 49.3331 0.004743
 49.4260 0.004765
 49.5181 0.004789
 49.6108 0.004784
 49.7029 0.004774
 49.7955 0.004755
 49.8874 0.004770
 49.9785 0.004808
 50.0703 0.004779
 50.1613 0.004756
 50.2536 0.004788
 50.3444 0.004754
 50.4349 0.004753
 50.5261 0.004736
 50.6173 0.004771
 50.7084 0.004796
 50.7987 0.004811
 50.8903 0.004869
 50.9818 0.004961
 51.0739 0.004963
 51.1657 0.004950
 51.2570 0.004943
 51.3476 0.004980
 51.4384 0.004941
 51.5298 0.004907
 51.6221 0.004926
 51.7139 0.004944
 51.8060 0.004948
 51.8983 0.004929
 51.9884 0.004889
 52.0811 0.004918
 52.1743 0.004948
 52.2676 0.004909
 52.3596 0.004949
 52.4523 0.005005
 52.5450 0.005038
 52.6390 0.005060
 52.7330 0.005002
 52.8287 0.005038
 52.9250 0.004990
 53.0185 0.005044
 53.1144 0.005081
 53.2096 0.005064
 53.3056 0.005068
 53.4021 0.005107
 53.5012 0.005121
 53.5991 0.005109
 53.6980 0.005161
 53.7981 0.005183
 53.8984 0.005200
 53.9975 0.005199
 54.0988 0.005284
 54.1983 0.005287
 54.2996 0.005245
 54.4021 0.005263
 54.5043 0.005242
 54.6079 0.005274
 54.7114 0.005261
 54.8155 0.005281
 54.9227 0.005319
 55.0288 0.005323
 55.1372 0.005352
 55.2448 0.005346
 55.3535 0.005293
 55.4653 0.005331
 55.5758 0.005355
 55.6878 0.005447
 55.8000 0.005472
 55.9143 0.005480
 56.0301 0.005592
 56.1482 0.005598
 56.2652 0.005587
 56.3835 0.005601
 56.5040 0.005661
 56.6276 0.005668
 56.7504 0.005760
 56.8734 0.005716
 56.9990 0.005731
 57.1268 0.005752
 57.2538 0.005818
 57.3835 0.005925
 57.5154 0.005999
 57.6494 0.005997
 57.7867 0.006120
 57.9261 0.006186
 58.0678 0.006240
 58.2108 0.006322
 58.3550 0.006352
 58.5031 0.006391
 58.6517 0.006456
 58.8062 0.006483
 58.9646 0.006477
 59.1223 0.006540
 59.2846 0.006554
 59.4483 0.006597
 59.6168 0.006644
 59.7896 0.006762
 59.9700 0.006764
 60.1533 0.006770
 60.3406 0.006841
 60.5300 0.006795
 60.7223 0.006814
 60.9241 0.007034
 61.1318 0.007197
 61.3461 0.007255
 61.5646 0.007426
 61.7924 0.007542
 62.0310 0.007696
 62.2767 0.007862
 62.5315 0.008123
 62.7979 0.008375
 63.0755 0.008503
 63.3663 0.008612
 63.6737 0.008727
 63.9963 0.009028
 64.3407 0.009367
 64.7010 0.009987
 65.0850 0.010137
 65.4994 0.010599
 65.9464 0.011243
 66.4340 0.011181
 66.9826 0.011772
 67.5909 0.012349
 68.2782 0.013391
 69.0789 0.013500
 70.0483 0.015166
 71.2643 0.017477
 72.9326 0.021816
 73.3612 0.022734
 73.8362 0.024049
 74.3544 0.025547
 74.9572 0.026625
 75.6696 0.028515
 76.5296 0.031807
 77.6163 0.035077
 79.1296 0.041468
 81.6790 0.056782
 84.1538 0.079321
 87.2590 0.118524
 89.4910 0.170603
lm2s-07-5 3 1
 32.1440 0.054568
 32.8748 0.038655
 33.9425 0.026109
 34.8340 0.020620
 35.8325 0.015991
 36.4524 0.014056
 36.9200 0.012925
 37.2906 0.012073
 37.6036 0.011499
 37.8796 0.011202
 38.1178 0.010695
 38.3345 0.010140
 38.5276 0.009708
 39.3367 0.008621
 39.9427 0.007835
 40.4395 0.007286
 40.8658 0.006868
 41.2368 0.006780
 41.5772 0.006417
 41.8858 0.006096
 42.1643 0.005900
 42.4293 0.005853
 42.6751 0.005741
 42.9054 0.005705
 43.1269 0.005716
 43.3364 0.005619
 43.5373 0.005479
 43.7288 0.005427
 43.9127 0.005254
 44.0906 0.005288
 44.2652 0.005154
 44.4310 0.005025
 44.5937 0.005044
 44.7512 0.004978
 44.9047 0.005040
 45.0548 0.005093
 45.2004 0.005155
 45.3430 0.005125
 45.4844 0.004997
 45.6208 0.004951
 45.7528 0.005008
 45.8851 0.005051
 46.0146 0.005057
 46.1408 0.005005
 46.2665 0.004994
 46.3895 0.004942
 46.5091 0.004936
 46.6292 0.004932
 46.7468 0.004920
 46.8640 0.004943
 46.9803 0.004964
 47.0938 0.004961
 47.2066 0.004961
 47.3179 0.004960
 47.4285 0.004985
 47.5366 0.004998
 47.6450 0.004951
 47.7534 0.004988
 47.8589 0.005007
 47.9642 0.005013
 48.0664 0.004981
 48.1686 0.004961
 48.2702 0.004954
 48.3729 0.004905
 48.4736 0.004835
 48.5734 0.004843
 48.6734 0.004836
 48.7733 0.004788
 48.8712 0.004782
 48.9692 0.004767
 49.0651 0.004743
 49.1623 0.004754
 49.2594 0.004738
 49.3543 0.004719
 49.4494 0.004723
 49.5445 0.004748
 49.6380 0.004706
 49.7321 0.004763
 49.8263 0.004769
 49.9205 0.004759
 50.0132 0.004804
 50.1072 0.004821
 50.1987 0.004826
 50.2910 0.004827
 50.3833 0.004775
 50.4757 0.004725
 50.5674 0.004712
 50.6598 0.004737
 50.7506 0.004761
 50.8432 0.004749
 50.9336 0.004801
 51.0252 0.004812
 51.1171 0.004812
 51.2079 0.004825
 51.2997 0.004866
 51.3901 0.004926
 51.4806 0.004916
 51.5718 0.004854
 51.6632 0.004850
 51.7546 0.004901
 51.8462 0.004937
 51.9376 0.004952
 52.0285 0.004965
 52.1203 0.004958
 52.2119 0.004914
 52.3029 0.004914
 52.3929 0.004974
 52.4851 0.004955
 52.5774 0.004983
 52.6691 0.005012
 52.7604 0.005087
 52.8526 0.005080
 52.9447 0.005079
 53.0371 0.005088
 53.1312 0.005072
 53.2238 0.005108
 53.3170 0.005090
 53.4095 0.005089
 53.5055 0.005087
 53.6008 0.005060
 53.6954 0.005027
 53.7917 0.005048
 53.8878 0.005050
 53.9843 0.005106
 54.0806 0.005093
 54.1779 0.005115
 54.2760 0.005115
 54.3741 0.005167
 54.4719 0.005168
 54.5701 0.005107
 54.6686 0.005109
 54.7683 0.005136
 54.8687 0.005187
 54.9705 0.005173
 55.0708 0.005213
 55.1723 0.005220
 55.2758 0.005199
 55.3792 0.005246
 55.4833 0.005256
 55.5887 0.005290
 55.6941 0.005280
 55.8020 0.005243
 55.9096 0.005335
 56.0182 0.005400
 56.1271 0.005418
 56.2360 0.005437
 56.3477 0.005448
 56.4591 0.005465
 56.5732 0.005490
 56.6871 0.005533
 56.8023 0.005554
 56.9181 0.005594
 57.0358 0.005552
 57.1551 0.005586
 57.2752 0.005674
 57.3959 0.005669
 57.5189 0.005674
 57.6421 0.005690
 57.7673 0.005753
 57.8941 0.005831
 58.0242 0.005921
 58.1552 0.005968
 58.2882 0.005934
 58.4217 0.005967
 58.5578 0.006040
 58.6967 0.006143
 58.8385 0.006106
 58.9813 0.006263
 59.1271 0.006303
 59.2766 0.006384
 59.4260 0.006399
 59.5767 0.006398
 59.7301 0.006463
 59.8894 0.006400
 60.0495 0.006433
 60.2164 0.006462
 60.3853 0.006462
 60.5601 0.006488
 60.7345 0.006543
 60.9166 0.006607
 61.1028 0.006826
 61.2929 0.006818
 61.4895 0.006795
 61.6892 0.006986
 61.8970 0.007127
 62.1111 0.007450
 62.3324 0.007596
 62.5614 0.007812
 62.7987 0.007983
 63.0429 0.008211
 63.2993 0.008301
 63.5630 0.008363
 63.8444 0.008534
 64.1393 0.008687
 64.4491 0.008932
 64.7693 0.009325
 65.1049 0.009509
 65.4688 0.009645
 65.8514 0.009852
 66.2655 0.010261
 66.7188 0.010696
 67.2118 0.011255
 67.7547 0.011838
 68.3560 0.012575
 69.0449 0.013062
 69.8514 0.014069
 70.8209 0.015431
 72.0396 0.017860
 73.6928 0.021951
 74.1075 0.022521
 74.5702 0.024331
 75.0989 0.025341
 75.7002 0.026949
 76.4119 0.029116
 77.2830 0.031096
 78.3722 0.035867
 79.8586 0.043244
 82.4392 0.058268
 84.8900 0.078292
 87.9763 0.118584
 90.1947 0.170465
 tr0-07-5 3 1
105.7336 0.155844
108.0245 0.120962
111.1930 0.081357
113.8481 0.064309
116.6826 0.050368
118.3595 0.043338
119.6917 0.039184
120.7594 0.034235
121.6495 0.032649
122.4105 0.030421
123.0737 0.028876
123.6917 0.027335
124.2374 0.026606
126.4773 0.023699
128.1619 0.021331
129.5291 0.019730
130.6723 0.019140
131.6840 0.018371
132.5859 0.018006
133.4132 0.017516
134.1607 0.017065
134.8659 0.016350
135.5068 0.016173
136.1123 0.015237
136.6862 0.015120
137.2347 0.014535
137.7552 0.014433
138.2522 0.014048
138.7312 0.013803
139.1964 0.013522
139.6430 0.013110
140.0784 0.013131
140.4978 0.012845
140.9003 0.012817
141.2930 0.012852
141.6722 0.012918
142.0415 0.012713
142.4017 0.012579
142.7536 0.012245
143.0968 0.012027
143.4384 0.011931
143.7729 0.011982
144.0999 0.011915
144.4257 0.011934
144.7372 0.011959
145.0467 0.011955
145.3510 0.011835
145.6517 0.011893
145.9490 0.011838
146.2411 0.011788
146.5263 0.011785
146.8093 0.011616
147.0878 0.011696
147.3635 0.011595
147.6341 0.011591
147.9015 0.011468
148.1690 0.011429
148.4346 0.011279
148.6951 0.011200
148.9536 0.011201
149.2091 0.011331
149.4645 0.011223
149.7169 0.011173
149.9667 0.011182
150.2097 0.011185
150.4507 0.011319
150.6944 0.011295
150.9348 0.011352
151.1730 0.011347
151.4098 0.011203
151.6475 0.011143
151.8798 0.011168
152.1132 0.011125
152.3464 0.011126
152.5783 0.011258
152.8062 0.011182
153.0313 0.011114
153.2561 0.011113
153.4812 0.011294
153.7087 0.011311
153.9324 0.011415
154.1538 0.011501
154.3742 0.011327
154.5959 0.011322
154.8160 0.011163
155.0341 0.011158
155.2508 0.011138
155.4704 0.011079
155.6892 0.011122
155.9080 0.011241
156.1227 0.011146
156.3361 0.011090
156.5522 0.011031
156.7664 0.011075
156.9807 0.011048
157.1940 0.011039
157.4053 0.010983
157.6166 0.011012
157.8277 0.010908
158.0415 0.010866
158.2549 0.010866
158.4663 0.010799
158.6781 0.010747
158.8921 0.010715
159.1041 0.010723
159.3161 0.010816
159.5293 0.010792
159.7437 0.010875
159.9588 0.010765
160.1718 0.010906
160.3844 0.010965
160.5993 0.010907
160.8125 0.010900
161.0228 0.010929
161.2373 0.011040
161.4514 0.011103
161.6629 0.011170
161.8756 0.011093
162.0906 0.011025
162.3049 0.010981
162.5243 0.011066
162.7428 0.011153
162.9595 0.011100
163.1786 0.011205
163.3975 0.011304
163.6157 0.011517
163.8352 0.011576
164.0572 0.011757
164.2800 0.011744
164.4989 0.011742
164.7235 0.011779
164.9499 0.011839
165.1754 0.011922
165.4012 0.011999
165.6315 0.012105
165.8612 0.012227
166.0896 0.012406
166.3217 0.012416
166.5540 0.012365
166.7885 0.012347
167.0255 0.012356
167.2608 0.012468
167.5000 0.012453
167.7412 0.012452
167.9806 0.012499
168.2242 0.012557
168.4714 0.012669
168.7190 0.012840
168.9671 0.012870
169.2188 0.012983
169.4706 0.012942
169.7281 0.013077
169.9843 0.013005
170.2436 0.013086
170.5053 0.013199
170.7703 0.013199
171.0383 0.013383
171.3074 0.013407
171.5772 0.013217
171.8526 0.013374
172.1345 0.013436
172.4171 0.013510
172.7038 0.013690
172.9944 0.013691
173.2857 0.013604
173.5853 0.013638
173.8855 0.013691
174.1881 0.013833
174.5021 0.013845
174.8188 0.014102
175.1360 0.014083
175.4625 0.014338
175.7914 0.014418
176.1290 0.014536
176.4715 0.014595
176.8185 0.014631
177.1740 0.014541
177.5328 0.014901
177.9048 0.015052
178.2852 0.014982
178.6739 0.014888
179.0740 0.014827
179.4793 0.014866
179.8936 0.014845
180.3249 0.015202
180.7641 0.015562
181.2145 0.015569
181.6906 0.015712
182.1705 0.015839
182.6733 0.015779
183.1957 0.015994
183.7373 0.016130
184.3047 0.016465
184.8954 0.017194
185.5138 0.017675
186.1610 0.017915
186.8495 0.018120
187.5746 0.018440
188.3494 0.019229
189.1809 0.019828
190.0745 0.020658
191.0540 0.020637
192.1207 0.021903
193.3061 0.022669
194.6475 0.025374
196.1959 0.027104
198.0555 0.030186
200.3083 0.034709
203.4369 0.039863
204.2269 0.041628
205.0995 0.043084
206.0776 0.045931
207.2141 0.049999
208.4859 0.054687
210.0507 0.059961
212.0241 0.065767
214.6726 0.079027
219.1207 0.106625
223.4354 0.137497
229.0068 0.214778
232.9666 0.285907
 tr1-07-5 3 1
117.1918 0.156383
119.6702 0.128672
123.0237 0.090529
125.8705 0.068388
128.7888 0.049383
130.6367 0.042829
131.9734 0.039948
133.0887 0.036433
134.0278 0.033807
134.8027 0.032079
135.5039 0.030708
136.1421 0.029279
136.7064 0.028378
139.0472 0.024114
140.8044 0.022421
142.2205 0.021354
143.4167 0.019538
144.4841 0.018856
145.4311 0.017917
146.2845 0.017092
147.0809 0.016795
147.7985 0.016331
148.4822 0.016078
149.1269 0.015803
149.7295 0.015687
150.2930 0.015405
150.8368 0.014914
151.3571 0.014708
151.8508 0.014708
152.3377 0.014606
152.8050 0.014528
153.2539 0.014328
153.6871 0.014084
154.1078 0.013840
154.5162 0.013756
154.9202 0.013593
155.3062 0.013476
155.6879 0.013396
156.0564 0.013257
156.4205 0.013117
156.7732 0.013285
157.1166 0.013352
157.4572 0.013320
157.7846 0.013075
158.1110 0.012989
158.4318 0.012815
158.7514 0.012658
159.0611 0.012756
159.3695 0.012734
159.6749 0.012892
159.9736 0.012723
160.2721 0.012758
160.5587 0.012692
160.8458 0.012533
161.1281 0.012621
161.4102 0.012645
161.6879 0.012701
161.9589 0.012580
162.2301 0.012463
162.4977 0.012447
162.7674 0.012468
163.0259 0.012248
163.2867 0.012287
163.5440 0.012290
163.8002 0.012225
164.0565 0.012223
164.3076 0.012403
164.5550 0.012276
164.8040 0.012152
165.0498 0.011941
165.2969 0.011866
165.5408 0.011954
165.7825 0.011903
166.0210 0.011849
166.2613 0.011843
166.4975 0.011825
166.7325 0.011815
166.9642 0.011914
167.1961 0.011885
167.4278 0.011888
167.6605 0.011867
167.8921 0.011911
168.1227 0.012012
168.3536 0.011873
168.5820 0.011805
168.8088 0.011813
169.0362 0.011915
169.2622 0.011964
169.4872 0.011912
169.7126 0.011964
169.9361 0.011799
170.1546 0.011916
170.3799 0.011777
170.6032 0.011856
170.8279 0.011835
171.0489 0.011675
171.2683 0.011639
171.4902 0.011491
171.7127 0.011476
171.9364 0.011529
172.1567 0.011533
172.3804 0.011544
172.6000 0.011527
172.8185 0.011440
173.0377 0.011458
173.2579 0.011445
173.4755 0.011423
173.6981 0.011343
173.9194 0.011277
174.1412 0.011347
174.3612 0.011455
174.5830 0.011362
174.8034 0.011449
175.0281 0.011478
175.2500 0.011584
175.4727 0.011549
175.6949 0.011600
175.9170 0.011593
176.1386 0.011614
176.3645 0.011628
176.5890 0.011615
176.8161 0.011737
177.0408 0.011814
177.2667 0.011851
177.4929 0.011817
177.7197 0.011870
177.9494 0.011929
178.1800 0.011878
178.4133 0.011997
178.6433 0.011957
178.8772 0.011912
179.1101 0.011890
179.3392 0.011888
179.5721 0.011842
179.8099 0.011915
180.0468 0.011849
180.2871 0.011925
180.5292 0.012143
180.7698 0.012242
181.0124 0.012232
181.2585 0.012333
181.5010 0.012376
181.7434 0.012495
181.9965 0.012506
182.2481 0.012512
182.5026 0.012614
182.7564 0.012642
183.0166 0.012542
183.2747 0.012450
183.5373 0.012697
183.7999 0.012625
184.0672 0.012699
184.3322 0.012644
184.6033 0.012748
184.8769 0.012655
185.1524 0.012816
185.4271 0.013025
185.7081 0.013012
185.9940 0.013150
186.2787 0.013404
186.5692 0.013656
186.8598 0.013543
187.1578 0.013594
187.4590 0.013754
187.7591 0.013845
188.0661 0.013919
188.3767 0.014040
188.6930 0.013942
189.0136 0.014106
189.3419 0.013998
189.6736 0.014067
190.0113 0.013879
190.3539 0.014003
190.7013 0.014183
191.0530 0.014340
191.4190 0.014598
191.7860 0.014613
192.1645 0.014801
192.5554 0.014806
192.9447 0.015107
193.3465 0.015312
193.7596 0.015498
194.1800 0.015500
194.6153 0.015605
195.0579 0.015740
195.5166 0.015816
195.9919 0.016060
196.4755 0.016215
196.9754 0.016457
197.4907 0.016802
198.0265 0.016835
198.5847 0.017521
199.1734 0.017933
199.7864 0.018335
200.4192 0.018599
201.0962 0.019103
201.8130 0.019082
202.5622 0.019441
203.3596 0.020678
204.2234 0.021097
205.1453 0.022165
206.1545 0.024030
207.2461 0.024659
208.4691 0.025791
209.8448 0.026311
211.4377 0.028147
213.3315 0.030730
215.6986 0.034644
218.9587 0.040398
219.7635 0.042069
220.6787 0.043852
221.6948 0.046264
222.8582 0.048025
224.1878 0.052172
225.7961 0.057166
227.7690 0.065971
230.5722 0.081350
235.1896 0.108010
239.6875 0.145295
245.3300 0.224098
249.5712 0.294653
tr1s-07-5 3 1
124.0594 0.168809
126.5646 0.131762
129.9112 0.090136
132.6334 0.070396
135.5880 0.052498
137.4559 0.044981
138.7869 0.040382
139.9019 0.036020
140.8195 0.034626
141.6603 0.032055
142.3724 0.030327
143.0160 0.028946
143.6005 0.027725
145.9344 0.023249
147.6863 0.021283
149.1094 0.019996
150.3310 0.019124
151.3965 0.018115
152.3446 0.017809
153.1969 0.017834
153.9829 0.017479
154.7085 0.016711
155.3898 0.016447
156.0340 0.016146
156.6373 0.015930
157.2159 0.015712
157.7673 0.015484
158.2891 0.015359
158.7909 0.014920
159.2735 0.014687
159.7341 0.014550
160.1856 0.014219
160.6209 0.013950
161.0433 0.013794
161.4530 0.013531
161.8538 0.013351
162.2479 0.013250
162.6311 0.013036
163.0081 0.012827
163.3722 0.012586
163.7239 0.012821
164.0688 0.012759
164.4111 0.012654
164.7441 0.012700
165.0734 0.012752
165.3972 0.012751
165.7156 0.012617
166.0281 0.012557
166.3344 0.012516
166.6367 0.012262
166.9390 0.012378
167.2352 0.012356
167.5276 0.012303
167.8146 0.012191
168.1010 0.012241
168.3787 0.012158
168.6593 0.012104
168.9318 0.012072
169.2033 0.012031
169.4747 0.012011
169.7388 0.011948
170.0043 0.011979
170.2647 0.011989
170.5245 0.011924
170.7798 0.011911
171.0353 0.011914
171.2873 0.012019
171.5389 0.012064
171.7897 0.011843
172.0383 0.011919
172.2845 0.011849
172.5259 0.011862
172.7693 0.011893
173.0104 0.011834
173.2506 0.011915
173.4882 0.011857
173.7247 0.011766
173.9583 0.011871
174.1908 0.011961
174.4265 0.011832
174.6572 0.011880
174.8878 0.011942
175.1176 0.012013
175.3466 0.012066
175.5788 0.012066
175.8075 0.012269
176.0354 0.012139
176.2619 0.011977
176.4884 0.012040
176.7154 0.012047
176.9414 0.012064
177.1685 0.011934
177.3903 0.011944
177.6124 0.011868
177.8358 0.011881
178.0574 0.011829
178.2803 0.011855
178.5027 0.011754
178.7260 0.011700
178.9472 0.011773
179.1670 0.011763
179.3895 0.011739
179.6114 0.011876
179.8309 0.012018
180.0513 0.011979
180.2699 0.011937
180.4895 0.011880
180.7083 0.011891
180.9284 0.011902
181.1486 0.011763
181.3704 0.011761
181.5890 0.011757
181.8111 0.011704
182.0340 0.011577
182.2598 0.011552
182.4840 0.011523
182.7057 0.011526
182.9303 0.011646
183.1527 0.011634
183.3784 0.011722
183.6021 0.011743
183.8286 0.011815
184.0524 0.011825
184.2769 0.011807
184.5042 0.011919
184.7341 0.011919
184.9620 0.011939
185.1905 0.012041
185.4177 0.012065
185.6478 0.011880
185.8784 0.011932
186.1108 0.012053
186.3481 0.012097
186.5839 0.012101
186.8205 0.012151
187.0579 0.012165
187.2988 0.012263
187.5393 0.012201
187.7817 0.012158
188.0260 0.012176
188.2722 0.012282
188.5211 0.012430
188.7714 0.012413
189.0221 0.012513
189.2749 0.012494
189.5319 0.012735
189.7862 0.012752
190.0425 0.012832
190.3035 0.012732
190.5660 0.012902
190.8281 0.013093
191.0914 0.013120
191.3613 0.013138
191.6321 0.013077
191.9080 0.013109
192.1830 0.013139
192.4603 0.013080
192.7454 0.012961
193.0277 0.012992
193.3133 0.013139
193.6005 0.013277
193.8919 0.013432
194.1886 0.013382
194.4956 0.013391
194.7998 0.013433
195.1068 0.013473
195.4211 0.013430
195.7403 0.013461
196.0610 0.013614
196.3911 0.013562
196.7277 0.013808
197.0648 0.013952
197.4059 0.014224
197.7500 0.014352
198.1061 0.014528
198.4730 0.014521
198.8432 0.014536
199.2189 0.014557
199.6025 0.014671
199.9948 0.014915
200.4015 0.015014
200.8098 0.015262
201.2316 0.015500
201.6673 0.016125
202.1101 0.016280
202.5768 0.016348
203.0522 0.016441
203.5355 0.016528
204.0391 0.016808
204.5594 0.017149
205.1008 0.017444
205.6639 0.017808
206.2545 0.018121
206.8678 0.018435
207.5011 0.018936
208.1712 0.019439
208.8838 0.019905
209.6365 0.020149
210.4392 0.021020
211.2934 0.021927
212.2205 0.022593
213.2241 0.023430
214.3203 0.024390
215.5243 0.025410
216.9104 0.026375
218.5046 0.028443
220.4417 0.030238
222.8335 0.033223
226.0560 0.038629
226.8662 0.039954
227.7542 0.042149
228.7557 0.044376
229.8714 0.048604
231.1922 0.052644
232.8245 0.060442
234.8410 0.068982
237.6739 0.081168
242.3336 0.107558
246.7530 0.146525
252.3379 0.229557
256.4009 0.302329
 tr2-07-5 3 1
129.5826 0.183804
132.0093 0.137762
135.4783 0.091037
138.2812 0.067599
141.4230 0.054280
143.3626 0.046250
144.8406 0.041121
145.9809 0.036993
146.9642 0.034458
147.8027 0.033165
148.5207 0.031854
149.1814 0.030846
149.7884 0.029583
152.2043 0.024747
154.0229 0.022478
155.5027 0.020895
156.7413 0.019424
157.8340 0.019551
158.8289 0.018975
159.7086 0.018531
160.5363 0.017937
161.2962 0.017929
161.9964 0.017013
162.6679 0.016607
163.2963 0.016375
163.8939 0.016244
164.4650 0.015857
165.0142 0.015419
165.5313 0.015248
166.0316 0.014957
166.5140 0.014937
166.9854 0.014551
167.4400 0.014402
167.8776 0.014077
168.2989 0.013927
168.7108 0.013680
169.1165 0.013612
169.5138 0.013524
169.8968 0.013594
170.2723 0.013328
170.6414 0.013134
171.0084 0.012925
171.3620 0.012864
171.7090 0.012732
172.0518 0.012590
172.3844 0.012504
172.7081 0.012573
173.0312 0.012387
173.3471 0.012457
173.6636 0.012404
173.9719 0.012347
174.2730 0.012450
174.5737 0.012473
174.8684 0.012307
175.1618 0.012326
175.4511 0.012264
175.7375 0.012204
176.0244 0.012161
176.3057 0.012206
176.5841 0.012245
176.8601 0.012195
177.1314 0.012234
177.3981 0.012136
177.6679 0.012125
177.9344 0.012015
178.1971 0.011869
178.4584 0.011851
178.7179 0.011777
178.9731 0.011958
179.2313 0.012003
179.4857 0.011951
179.7386 0.011979
179.9908 0.012036
180.2390 0.011855
180.4881 0.011925
180.7366 0.011986
180.9844 0.011899
181.2278 0.011961
181.4729 0.011957
181.7137 0.012029
181.9520 0.012070
182.1938 0.012115
182.4282 0.012124
182.6668 0.012186
182.9033 0.012227
183.1400 0.012192
183.3767 0.012146
183.6139 0.012069
183.8517 0.012038
184.0820 0.012108
184.3162 0.012083
184.5477 0.011898
184.7776 0.011774
185.0078 0.011813
185.2410 0.011834
185.4700 0.011974
185.7004 0.012159
185.9329 0.012104
186.1625 0.012157
186.3932 0.012135
186.6220 0.012080
186.8496 0.012188
187.0783 0.012237
187.3055 0.012241
187.5331 0.012364
187.7614 0.012391
187.9915 0.012377
188.2190 0.012324
188.4489 0.012317
188.6745 0.012372
188.9020 0.012403
189.1322 0.012404
189.3612 0.012418
189.5917 0.012388
189.8217 0.012416
190.0499 0.012493
190.2792 0.012401
190.5090 0.012415
190.7436 0.012470
190.9756 0.012478
191.2055 0.012531
191.4387 0.012478
191.6701 0.012504
191.9072 0.012524
192.1421 0.012492
192.3755 0.012430
192.6105 0.012524
192.8461 0.012502
193.0879 0.012637
193.3252 0.012690
193.5636 0.012678
193.8085 0.012698
194.0511 0.012785
194.2965 0.012808
194.5391 0.012668
194.7840 0.012661
195.0307 0.012663
195.2775 0.012587
195.5264 0.012684
195.7773 0.012636
196.0297 0.012602
196.2858 0.012720
196.5398 0.012710
196.8001 0.012833
197.0577 0.012923
197.3180 0.013052
197.5815 0.013150
197.8457 0.013331
198.1134 0.013230
198.3823 0.013277
198.6580 0.013356
198.9348 0.013350
199.2119 0.013371
199.4892 0.013374
199.7707 0.013445
200.0573 0.013571
200.3482 0.013687
200.6367 0.013918
200.9332 0.013800
201.2293 0.013785
201.5326 0.013734
201.8301 0.013843
202.1342 0.014109
202.4458 0.014238
202.7636 0.014265
203.0865 0.014384
203.4101 0.014490
203.7354 0.014473
204.0656 0.014690
204.4007 0.014816
204.7432 0.015001
205.0892 0.015019
205.4404 0.015219
205.7993 0.015296
206.1643 0.015265
206.5368 0.015270
206.9147 0.015412
207.3041 0.015582
207.7048 0.015545
208.1162 0.015548
208.5370 0.015893
208.9616 0.016235
209.3951 0.016170
209.8413 0.016468
210.3024 0.016520
210.7773 0.016574
211.2596 0.016682
211.7602 0.017011
212.2822 0.017329
212.8275 0.017541
213.3803 0.017794
213.9523 0.018021
214.5499 0.018828
215.1807 0.019095
215.8364 0.019321
216.5347 0.019641
217.2656 0.019771
218.0487 0.020509
218.8725 0.021078
219.7458 0.021067
220.6943 0.021913
221.7197 0.022250
222.8501 0.023435
224.1067 0.025253
225.5355 0.025939
227.1958 0.028170
229.1596 0.030966
231.5781 0.033767
234.8837 0.039891
235.7111 0.041620
236.6681 0.043355
237.7098 0.045360
238.8919 0.048310
240.2730 0.051421
241.9792 0.059287
244.1051 0.066381
247.0168 0.078539
251.7505 0.105351
256.4086 0.147888
262.1250 0.221898
266.6169 0.300792
tr2s-07-5 3 1
136.5594 0.183193
139.0111 0.129956
142.4587 0.092566
145.3443 0.071041
148.4749 0.053752
150.3989 0.044567
151.8091 0.040529
152.9735 0.037398
153.9385 0.034163
154.7693 0.032974
155.5007 0.031352
156.1654 0.029210
156.7743 0.028402
159.2006 0.025353
161.0291 0.022531
162.5196 0.021395
163.7877 0.020772
164.8738 0.019469
165.8394 0.019069
166.7316 0.018487
167.5515 0.017719
168.3147 0.017635
169.0264 0.017292
169.6867 0.016819
170.3118 0.016686
170.9077 0.015950
171.4840 0.015796
172.0334 0.015784
172.5523 0.015647
173.0604 0.015619
173.5435 0.015199
174.0032 0.014952
174.4567 0.014837
174.8970 0.014622
175.3245 0.014307
175.7404 0.014031
176.1413 0.013907
176.5359 0.013931
176.9150 0.013854
177.2864 0.013618
177.6476 0.013393
178.0065 0.013032
178.3566 0.013002
178.7024 0.012793
179.0449 0.012726
179.3812 0.012795
179.7094 0.012837
180.0327 0.012771
180.3532 0.012749
180.6677 0.012794
180.9743 0.012702
181.2790 0.012511
181.5796 0.012498
181.8783 0.012482
182.1745 0.012430
182.4655 0.012355
182.7508 0.012447
183.0378 0.012318
183.3203 0.012249
183.6021 0.012379
183.8760 0.012348
184.1488 0.012311
184.4155 0.012115
184.6810 0.012006
184.9443 0.011973
185.2096 0.012116
185.4702 0.012191
185.7335 0.012305
185.9901 0.012373
186.2466 0.012342
186.4992 0.012321
186.7497 0.012309
187.0007 0.012271
187.2506 0.012276
187.4998 0.012426
187.7457 0.012419
187.9932 0.012411
188.2372 0.012381
188.4816 0.012419
188.7233 0.012480
188.9637 0.012384
189.2024 0.012258
189.4405 0.012251
189.6790 0.012214
189.9154 0.012301
190.1487 0.012136
190.3825 0.012167
190.6159 0.012183
190.8490 0.012142
191.0820 0.012136
191.3125 0.012098
191.5436 0.012133
191.7733 0.012146
192.0018 0.012048
192.2369 0.012081
192.4658 0.012095
192.6946 0.012203
192.9219 0.012271
193.1526 0.012241
193.3826 0.012285
193.6132 0.012290
193.8397 0.012110
194.0682 0.012106
194.2966 0.012187
194.5259 0.012287
194.7524 0.012019
194.9776 0.011938
195.2067 0.011975
195.4338 0.012030
195.6645 0.011968
195.8933 0.011946
196.1243 0.011875
196.3542 0.012055
196.5861 0.012177
196.8133 0.012127
197.0436 0.012210
197.2744 0.012314
197.5041 0.012443
197.7371 0.012429
197.9719 0.012563
198.2058 0.012568
198.4411 0.012592
198.6740 0.012542
198.9117 0.012732
199.1447 0.012761
199.3802 0.012811
199.6160 0.012810
199.8529 0.012907
200.0874 0.012883
200.3297 0.012901
200.5682 0.012787
200.8086 0.012906
201.0512 0.012907
201.2942 0.012894
201.5371 0.012866
201.7841 0.012897
202.0288 0.013010
202.2748 0.012989
202.5254 0.012991
202.7770 0.012996
203.0295 0.013004
203.2838 0.013093
203.5411 0.013168
203.8011 0.013190
204.0636 0.013084
204.3273 0.013157
204.5879 0.013310
204.8526 0.013236
205.1178 0.013306
205.3846 0.013347
205.6569 0.013567
205.9302 0.013708
206.2043 0.013832
206.4820 0.014017
206.7606 0.014066
207.0448 0.013900
207.3312 0.013940
207.6184 0.013934
207.9061 0.013956
208.2054 0.013982
208.5032 0.014001
208.8095 0.014077
209.1161 0.014225
209.4304 0.014340
209.7440 0.014402
210.0613 0.014352
210.3869 0.014295
210.7130 0.014404
211.0464 0.014451
211.3846 0.014534
211.7262 0.014746
212.0752 0.014998
212.4326 0.015033
212.7918 0.015176
213.1577 0.015359
213.5276 0.015390
213.9132 0.015699
214.3069 0.015562
214.7026 0.015814
215.1105 0.015972
215.5262 0.016271
215.9481 0.016355
216.3828 0.016448
216.8309 0.016885
217.2876 0.017169
217.7579 0.017254
218.2492 0.017494
218.7499 0.017564
219.2624 0.017668
219.8036 0.017878
220.3603 0.018088
220.9400 0.018569
221.5389 0.019084
222.1623 0.019103
222.8190 0.019271
223.5129 0.019598
224.2384 0.019910
225.0193 0.020553
225.8332 0.021082
226.7187 0.021977
227.6774 0.022250
228.7019 0.022945
229.8414 0.023477
231.1121 0.025245
232.5292 0.026951
234.1657 0.027910
236.1157 0.029759
238.5534 0.033909
241.8411 0.039721
242.6792 0.040863
243.6268 0.043831
244.6770 0.047566
245.8947 0.050918
247.2772 0.055487
248.9687 0.059766
251.0758 0.065605
253.9969 0.075574
258.7640 0.100381
263.3548 0.148399
268.9669 0.220523
273.0400 0.295788
