Copyright (C) 1998 James G. MacKinnon, Alfred A. Haug, and Leo Michelis.
 lm0-12-7 3 1
 55.9881 0.082874
 56.9604 0.060881
 58.2751 0.042095
 59.3372 0.030700
 60.5548 0.024651
 61.2977 0.022152
 61.8741 0.020195
 62.3316 0.018342
 62.6932 0.017339
 63.0267 0.016531
 63.3200 0.015780
 63.5796 0.015406
 63.8226 0.014987
 64.7798 0.013515
 65.5184 0.012000
 66.1174 0.011436
 66.6218 0.010840
 67.0760 0.010113
 67.4761 0.010047
 67.8446 0.009405
 68.1805 0.009049
 68.4931 0.008934
 68.7876 0.008764
 69.0613 0.008570
 69.3224 0.008628
 69.5713 0.008418
 69.8107 0.008107
 70.0398 0.007998
 70.2618 0.008013
 70.4712 0.007996
 70.6748 0.007899
 70.8726 0.007717
 71.0612 0.007677
 71.2478 0.007554
 71.4309 0.007533
 71.6079 0.007536
 71.7825 0.007367
 71.9510 0.007418
 72.1145 0.007198
 72.2769 0.007159
 72.4360 0.007198
 72.5935 0.007222
 72.7463 0.007268
 72.8954 0.007201
 73.0419 0.007212
 73.1870 0.007158
 73.3295 0.007265
 73.4738 0.007247
 73.6128 0.007303
 73.7521 0.007230
 73.8869 0.007280
 74.0187 0.007202
 74.1515 0.007188
 74.2801 0.007221
 74.4078 0.007176
 74.5357 0.007053
 74.6642 0.006997
 74.7905 0.006948
 74.9151 0.006978
 75.0382 0.006866
 75.1596 0.006921
 75.2793 0.006947
 75.3971 0.006947
 75.5171 0.007052
 75.6350 0.007098
 75.7515 0.007018
 75.8691 0.006950
 75.9846 0.006898
 76.0999 0.006814
 76.2140 0.006822
 76.3295 0.006777
 76.4415 0.006795
 76.5543 0.006792
 76.6670 0.006706
 76.7782 0.006718
 76.8888 0.006715
 76.9996 0.006803
 77.1094 0.006777
 77.2194 0.006747
 77.3291 0.006861
 77.4385 0.006769
 77.5465 0.006870
 77.6539 0.006859
 77.7617 0.006837
 77.8700 0.006720
 77.9786 0.006673
 78.0856 0.006649
 78.1925 0.006594
 78.3000 0.006622
 78.4062 0.006543
 78.5119 0.006565
 78.6186 0.006592
 78.7249 0.006598
 78.8316 0.006549
 78.9368 0.006633
 79.0425 0.006695
 79.1490 0.006830
 79.2559 0.006902
 79.3617 0.006909
 79.4682 0.006973
 79.5737 0.006949
 79.6790 0.007030
 79.7826 0.007112
 79.8878 0.007060
 79.9932 0.007029
 80.0981 0.006964
 80.2049 0.007080
 80.3116 0.007076
 80.4186 0.007127
 80.5241 0.007208
 80.6299 0.007200
 80.7344 0.007166
 80.8414 0.007168
 80.9480 0.007165
 81.0564 0.007151
 81.1636 0.007191
 81.2700 0.007264
 81.3784 0.007250
 81.4860 0.007289
 81.5955 0.007248
 81.7042 0.007238
 81.8139 0.007221
 81.9240 0.007265
 82.0352 0.007249
 82.1460 0.007231
 82.2557 0.007326
 82.3675 0.007336
 82.4794 0.007412
 82.5942 0.007452
 82.7080 0.007509
 82.8235 0.007519
 82.9386 0.007602
 83.0545 0.007634
 83.1699 0.007729
 83.2858 0.007815
 83.4036 0.007835
 83.5207 0.007760
 83.6379 0.007697
 83.7583 0.007791
 83.8814 0.007791
 84.0029 0.007789
 84.1254 0.007815
 84.2496 0.007894
 84.3730 0.007870
 84.4982 0.007996
 84.6227 0.008005
 84.7487 0.008080
 84.8786 0.008113
 85.0066 0.008082
 85.1367 0.008061
 85.2699 0.008169
 85.4032 0.008322
 85.5373 0.008293
 85.6739 0.008411
 85.8103 0.008396
 85.9505 0.008365
 86.0926 0.008320
 86.2355 0.008278
 86.3799 0.008328
 86.5255 0.008452
 86.6730 0.008689
 86.8244 0.008750
 86.9740 0.008825
 87.1267 0.008869
 87.2820 0.008972
 87.4431 0.008899
 87.6046 0.008781
 87.7683 0.008989
 87.9352 0.008933
 88.1015 0.008998
 88.2746 0.009016
 88.4463 0.009170
 88.6255 0.009236
 88.8084 0.009221
 88.9934 0.009508
 89.1840 0.009635
 89.3750 0.009728
 89.5739 0.009839
 89.7755 0.009864
 89.9816 0.009974
 90.1924 0.010082
 90.4095 0.010294
 90.6322 0.010386
 90.8628 0.010432
 91.0946 0.010583
 91.3405 0.010664
 91.5894 0.010721
 91.8457 0.010774
 92.1142 0.010737
 92.3933 0.011176
 92.6861 0.011440
 92.9872 0.011782
 93.3053 0.012094
 93.6362 0.012402
 93.9866 0.012602
 94.3511 0.013189
 94.7441 0.013600
 95.1504 0.013746
 95.5828 0.014016
 96.0538 0.013978
 96.5642 0.014274
 97.1170 0.015320
 97.7272 0.016703
 98.4091 0.017551
 99.1780 0.018860
100.1001 0.020187
101.1775 0.022165
102.5097 0.023858
104.3687 0.028648
104.8378 0.030255
105.3531 0.032060
105.9427 0.034108
106.6352 0.037169
107.4210 0.041523
108.3558 0.045953
109.5152 0.050993
111.2186 0.060865
113.9989 0.080019
116.7563 0.116007
120.0805 0.175173
122.4182 0.245773
 lm1-12-7 3 1
 58.6068 0.088308
 59.5489 0.066028
 60.9019 0.047465
 61.9921 0.037081
 63.2127 0.026315
 63.9664 0.023967
 64.5256 0.021376
 64.9806 0.019965
 65.3677 0.018950
 65.7134 0.017443
 66.0072 0.016815
 66.2748 0.015738
 66.5178 0.015114
 67.4957 0.013526
 68.2329 0.011981
 68.8516 0.011055
 69.3790 0.010304
 69.8261 0.010161
 70.2420 0.009648
 70.6173 0.009541
 70.9568 0.009385
 71.2742 0.009100
 71.5749 0.008766
 71.8543 0.008614
 72.1240 0.008268
 72.3779 0.008410
 72.6224 0.008281
 72.8542 0.007909
 73.0743 0.007791
 73.2883 0.007718
 73.4979 0.007589
 73.6975 0.007733
 73.8910 0.007729
 74.0815 0.007805
 74.2691 0.007809
 74.4516 0.007788
 74.6280 0.007769
 74.7971 0.007741
 74.9631 0.007639
 75.1287 0.007439
 75.2892 0.007364
 75.4470 0.007403
 75.6029 0.007481
 75.7551 0.007330
 75.9043 0.007177
 76.0531 0.007145
 76.1971 0.007104
 76.3406 0.007057
 76.4818 0.007149
 76.6198 0.007127
 76.7582 0.007099
 76.8953 0.007048
 77.0306 0.007051
 77.1651 0.006991
 77.2978 0.006950
 77.4268 0.006910
 77.5549 0.006838
 77.6806 0.006863
 77.8074 0.006950
 77.9341 0.006897
 78.0591 0.006843
 78.1818 0.006906
 78.3053 0.006991
 78.4280 0.006900
 78.5485 0.006928
 78.6685 0.006809
 78.7849 0.006778
 78.9037 0.006744
 79.0195 0.006752
 79.1369 0.006772
 79.2521 0.006839
 79.3670 0.006818
 79.4810 0.006808
 79.5955 0.006832
 79.7081 0.006949
 79.8190 0.006973
 79.9311 0.007032
 80.0449 0.006958
 80.1556 0.006874
 80.2661 0.006830
 80.3763 0.006718
 80.4870 0.006670
 80.5960 0.006706
 80.7050 0.006762
 80.8152 0.006735
 80.9224 0.006816
 81.0290 0.006819
 81.1390 0.006824
 81.2446 0.006920
 81.3517 0.006919
 81.4596 0.006973
 81.5657 0.007014
 81.6736 0.007049
 81.7818 0.007047
 81.8887 0.007080
 81.9965 0.007101
 82.1032 0.007118
 82.2096 0.007178
 82.3157 0.007208
 82.4232 0.007197
 82.5321 0.007219
 82.6396 0.007246
 82.7479 0.007204
 82.8531 0.007269
 82.9587 0.007241
 83.0658 0.007286
 83.1714 0.007288
 83.2795 0.007340
 83.3875 0.007382
 83.4969 0.007441
 83.6040 0.007394
 83.7115 0.007389
 83.8208 0.007433
 83.9303 0.007518
 84.0404 0.007489
 84.1509 0.007539
 84.2619 0.007539
 84.3719 0.007599
 84.4820 0.007729
 84.5928 0.007803
 84.7030 0.007838
 84.8144 0.007842
 84.9284 0.007803
 85.0402 0.007782
 85.1507 0.007840
 85.2617 0.007924
 85.3764 0.007928
 85.4907 0.007992
 85.6060 0.007951
 85.7201 0.007956
 85.8382 0.007985
 85.9544 0.007951
 86.0732 0.007968
 86.1921 0.007979
 86.3106 0.008058
 86.4288 0.008072
 86.5497 0.008197
 86.6703 0.008288
 86.7923 0.008341
 86.9136 0.008329
 87.0352 0.008280
 87.1608 0.008266
 87.2875 0.008385
 87.4150 0.008531
 87.5404 0.008527
 87.6675 0.008510
 87.7978 0.008456
 87.9281 0.008505
 88.0567 0.008495
 88.1893 0.008520
 88.3228 0.008572
 88.4579 0.008539
 88.5950 0.008560
 88.7311 0.008576
 88.8703 0.008612
 89.0143 0.008653
 89.1553 0.008709
 89.3002 0.008766
 89.4443 0.008863
 89.5929 0.009041
 89.7413 0.009192
 89.8926 0.009263
 90.0462 0.009208
 90.2016 0.009246
 90.3604 0.009332
 90.5189 0.009311
 90.6797 0.009340
 90.8448 0.009430
 91.0129 0.009414
 91.1828 0.009534
 91.3548 0.009700
 91.5312 0.009795
 91.7117 0.009938
 91.8974 0.009960
 92.0880 0.009999
 92.2781 0.010044
 92.4743 0.010191
 92.6744 0.010206
 92.8792 0.010220
 93.0910 0.010386
 93.3073 0.010479
 93.5299 0.010704
 93.7534 0.010879
 93.9858 0.011080
 94.2265 0.011219
 94.4722 0.011482
 94.7292 0.011489
 94.9906 0.011904
 95.2627 0.012144
 95.5486 0.012289
 95.8452 0.012656
 96.1522 0.012915
 96.4656 0.013093
 96.8040 0.013258
 97.1518 0.013417
 97.5209 0.013671
 97.9096 0.013755
 98.3230 0.014151
 98.7665 0.014354
 99.2499 0.015078
 99.7571 0.015286
100.3202 0.015942
100.9339 0.016334
101.6257 0.017360
102.4113 0.018396
103.3229 0.020149
104.4192 0.021193
105.7750 0.024939
107.6947 0.029569
108.1663 0.030772
108.6992 0.031740
109.2911 0.034776
109.9634 0.037733
110.7769 0.040655
111.7472 0.044029
112.9003 0.049615
114.6010 0.058988
117.4808 0.074077
120.2370 0.111206
123.8997 0.173991
126.2612 0.237357
lm1s-12-7 3 1
 59.3448 0.089287
 60.2258 0.066023
 61.5728 0.046824
 62.7482 0.035117
 63.9480 0.027602
 64.7124 0.024528
 65.2629 0.021676
 65.7321 0.020244
 66.1222 0.018892
 66.4639 0.018077
 66.7601 0.017424
 67.0239 0.016581
 67.2583 0.015736
 68.2343 0.013210
 68.9880 0.012200
 69.6068 0.011469
 70.1255 0.010660
 70.5847 0.010297
 70.9880 0.009902
 71.3582 0.009788
 71.6974 0.009281
 72.0225 0.009146
 72.3166 0.008829
 72.6031 0.008518
 72.8696 0.008196
 73.1241 0.007941
 73.3680 0.007773
 73.5997 0.008026
 73.8193 0.008072
 74.0363 0.008001
 74.2469 0.008073
 74.4478 0.008096
 74.6434 0.008102
 74.8337 0.007819
 75.0164 0.007877
 75.1957 0.007714
 75.3732 0.007547
 75.5449 0.007494
 75.7125 0.007460
 75.8774 0.007425
 76.0386 0.007321
 76.1980 0.007294
 76.3552 0.007218
 76.5077 0.007265
 76.6555 0.007323
 76.8026 0.007273
 76.9462 0.007282
 77.0891 0.007264
 77.2324 0.007128
 77.3707 0.007183
 77.5077 0.007154
 77.6440 0.007059
 77.7766 0.007064
 77.9115 0.006984
 78.0416 0.007020
 78.1740 0.007073
 78.3045 0.006986
 78.4343 0.006916
 78.5604 0.006839
 78.6863 0.006737
 78.8092 0.006670
 78.9335 0.006662
 79.0554 0.006748
 79.1769 0.006698
 79.2987 0.006645
 79.4185 0.006668
 79.5359 0.006598
 79.6533 0.006644
 79.7703 0.006772
 79.8844 0.006905
 79.9991 0.006900
 80.1140 0.006954
 80.2278 0.006921
 80.3402 0.006856
 80.4545 0.006878
 80.5680 0.006874
 80.6795 0.006970
 80.7919 0.006989
 80.9033 0.006982
 81.0125 0.007020
 81.1238 0.007032
 81.2325 0.007103
 81.3414 0.007151
 81.4501 0.007096
 81.5602 0.007144
 81.6688 0.007099
 81.7771 0.007137
 81.8845 0.007043
 81.9933 0.007039
 82.1023 0.007088
 82.2096 0.007138
 82.3163 0.007144
 82.4239 0.007136
 82.5301 0.007196
 82.6394 0.007181
 82.7461 0.007233
 82.8515 0.007300
 82.9579 0.007360
 83.0646 0.007365
 83.1720 0.007347
 83.2787 0.007350
 83.3858 0.007364
 83.4913 0.007341
 83.5977 0.007353
 83.7039 0.007380
 83.8125 0.007384
 83.9199 0.007359
 84.0283 0.007413
 84.1383 0.007403
 84.2476 0.007367
 84.3567 0.007463
 84.4645 0.007361
 84.5716 0.007334
 84.6801 0.007355
 84.7899 0.007396
 84.8995 0.007413
 85.0084 0.007441
 85.1179 0.007459
 85.2255 0.007521
 85.3353 0.007552
 85.4472 0.007581
 85.5592 0.007692
 85.6716 0.007771
 85.7841 0.007829
 85.8970 0.007944
 86.0114 0.008034
 86.1266 0.008069
 86.2421 0.008080
 86.3560 0.008133
 86.4700 0.008131
 86.5877 0.008093
 86.7067 0.008105
 86.8233 0.008088
 86.9400 0.008057
 87.0586 0.008134
 87.1786 0.008215
 87.3011 0.008331
 87.4217 0.008303
 87.5427 0.008259
 87.6647 0.008299
 87.7891 0.008283
 87.9148 0.008320
 88.0405 0.008338
 88.1662 0.008399
 88.2936 0.008341
 88.4199 0.008335
 88.5492 0.008355
 88.6801 0.008407
 88.8100 0.008411
 88.9424 0.008481
 89.0769 0.008575
 89.2126 0.008595
 89.3481 0.008654
 89.4851 0.008628
 89.6262 0.008616
 89.7681 0.008694
 89.9090 0.008753
 90.0519 0.008822
 90.1988 0.008866
 90.3460 0.008948
 90.4947 0.009009
 90.6476 0.009083
 90.8008 0.009041
 90.9545 0.009056
 91.1110 0.009181
 91.2696 0.009303
 91.4319 0.009205
 91.5983 0.009335
 91.7657 0.009420
 91.9351 0.009509
 92.1078 0.009651
 92.2858 0.009758
 92.4648 0.009781
 92.6471 0.009826
 92.8318 0.009675
 93.0261 0.009724
 93.2223 0.009743
 93.4256 0.009951
 93.6313 0.010119
 93.8410 0.010163
 94.0543 0.010294
 94.2780 0.010528
 94.5060 0.010816
 94.7380 0.010851
 94.9753 0.011146
 95.2209 0.011527
 95.4776 0.011651
 95.7447 0.011975
 96.0208 0.012245
 96.3029 0.012282
 96.5921 0.012507
 96.8956 0.012551
 97.2169 0.012850
 97.5470 0.012916
 97.8981 0.013163
 98.2673 0.013517
 98.6587 0.013882
 99.0771 0.014103
 99.5273 0.014341
100.0021 0.014811
100.5105 0.015181
101.0728 0.016080
101.6827 0.016674
102.3752 0.017469
103.1634 0.018672
104.0741 0.019791
105.1531 0.021749
106.5267 0.024951
108.4233 0.029907
108.9031 0.031325
109.4270 0.032838
110.0201 0.035149
110.7026 0.037038
111.5016 0.039972
112.4881 0.042856
113.6788 0.050581
115.3758 0.059568
118.2401 0.078101
120.9776 0.111214
124.5224 0.173817
127.0477 0.235675
 lm2-12-7 3 1
 61.1553 0.078434
 62.1664 0.065267
 63.4705 0.046779
 64.6083 0.036318
 65.8656 0.027919
 66.6379 0.022855
 67.2156 0.020591
 67.6755 0.018838
 68.0655 0.017961
 68.4125 0.016947
 68.7262 0.015974
 68.9969 0.015834
 69.2416 0.015399
 70.2504 0.012595
 71.0039 0.011972
 71.6164 0.011518
 72.1454 0.011096
 72.6123 0.010739
 73.0296 0.010380
 73.4042 0.010175
 73.7576 0.010003
 74.0843 0.009784
 74.3872 0.009577
 74.6732 0.009303
 74.9393 0.009308
 75.1971 0.009114
 75.4440 0.008676
 75.6798 0.008679
 75.9042 0.008506
 76.1221 0.008421
 76.3306 0.008301
 76.5364 0.008095
 76.7328 0.008066
 76.9264 0.008148
 77.1132 0.008095
 77.2934 0.007989
 77.4700 0.007935
 77.6463 0.007857
 77.8141 0.007842
 77.9791 0.007735
 78.1430 0.007643
 78.3017 0.007695
 78.4613 0.007662
 78.6172 0.007671
 78.7699 0.007540
 78.9173 0.007593
 79.0645 0.007501
 79.2093 0.007450
 79.3551 0.007561
 79.4984 0.007453
 79.6389 0.007445
 79.7760 0.007413
 79.9112 0.007474
 80.0459 0.007463
 80.1772 0.007433
 80.3087 0.007386
 80.4389 0.007257
 80.5677 0.007309
 80.6977 0.007236
 80.8248 0.007259
 80.9515 0.007359
 81.0752 0.007274
 81.1981 0.007250
 81.3185 0.007148
 81.4402 0.007124
 81.5595 0.007159
 81.6804 0.007070
 81.7993 0.007057
 81.9172 0.007046
 82.0368 0.007018
 82.1525 0.007015
 82.2720 0.006911
 82.3875 0.006899
 82.5020 0.006855
 82.6186 0.006863
 82.7328 0.006898
 82.8475 0.006925
 82.9613 0.006948
 83.0734 0.006965
 83.1863 0.007042
 83.2984 0.007009
 83.4096 0.006974
 83.5215 0.007029
 83.6336 0.006970
 83.7430 0.007092
 83.8529 0.007089
 83.9640 0.007136
 84.0728 0.007192
 84.1831 0.007204
 84.2924 0.007184
 84.4002 0.007247
 84.5103 0.007213
 84.6180 0.007271
 84.7259 0.007219
 84.8366 0.007184
 84.9447 0.007196
 85.0546 0.007054
 85.1636 0.007091
 85.2734 0.007111
 85.3830 0.007128
 85.4902 0.007104
 85.5989 0.007192
 85.7090 0.007229
 85.8189 0.007200
 85.9274 0.007295
 86.0387 0.007361
 86.1481 0.007384
 86.2562 0.007386
 86.3663 0.007497
 86.4777 0.007523
 86.5892 0.007560
 86.7000 0.007583
 86.8114 0.007614
 86.9209 0.007614
 87.0314 0.007646
 87.1412 0.007587
 87.2531 0.007544
 87.3645 0.007602
 87.4758 0.007542
 87.5881 0.007556
 87.6996 0.007589
 87.8120 0.007642
 87.9251 0.007580
 88.0393 0.007607
 88.1555 0.007762
 88.2704 0.007801
 88.3876 0.007887
 88.5017 0.007881
 88.6169 0.007927
 88.7353 0.007993
 88.8532 0.008061
 88.9714 0.008128
 89.0914 0.008286
 89.2100 0.008361
 89.3290 0.008326
 89.4498 0.008385
 89.5720 0.008464
 89.6939 0.008481
 89.8157 0.008451
 89.9411 0.008497
 90.0637 0.008499
 90.1876 0.008448
 90.3143 0.008465
 90.4411 0.008452
 90.5698 0.008426
 90.6976 0.008432
 90.8261 0.008322
 90.9587 0.008404
 91.0902 0.008604
 91.2235 0.008634
 91.3620 0.008717
 91.5000 0.008771
 91.6384 0.008754
 91.7764 0.008783
 91.9178 0.008847
 92.0614 0.008777
 92.2050 0.008841
 92.3492 0.008957
 92.4941 0.008985
 92.6437 0.009028
 92.7958 0.009049
 92.9505 0.009007
 93.1064 0.009103
 93.2656 0.009140
 93.4248 0.009170
 93.5897 0.009286
 93.7528 0.009262
 93.9210 0.009334
 94.0929 0.009541
 94.2666 0.009496
 94.4433 0.009566
 94.6231 0.009654
 94.8070 0.009844
 94.9930 0.009898
 95.1821 0.010007
 95.3770 0.010113
 95.5745 0.010245
 95.7780 0.010357
 95.9848 0.010454
 96.1984 0.010612
 96.4171 0.010832
 96.6410 0.011012
 96.8714 0.010950
 97.1033 0.011019
 97.3468 0.011179
 97.6004 0.011445
 97.8572 0.011694
 98.1228 0.011933
 98.3959 0.012021
 98.6840 0.012144
 98.9834 0.012305
 99.2932 0.012316
 99.6156 0.012671
 99.9564 0.012975
100.3155 0.013206
100.6878 0.013449
101.0809 0.014098
101.4960 0.014210
101.9425 0.014242
102.4178 0.014613
102.9410 0.015352
103.5146 0.016383
104.1457 0.017181
104.8493 0.018676
105.6434 0.018973
106.5621 0.020751
107.6700 0.022817
109.0764 0.024948
110.9739 0.029698
111.4427 0.031325
111.9750 0.031910
112.6080 0.033979
113.3197 0.035244
114.1169 0.038541
115.0896 0.045000
116.3164 0.051204
117.9977 0.060551
120.9783 0.083307
123.7563 0.114880
127.4129 0.178319
130.3396 0.235772
lm2s-12-7 3 1
 61.8500 0.084601
 62.8806 0.065912
 64.2746 0.047021
 65.3630 0.033986
 66.5979 0.027702
 67.3757 0.023282
 67.9501 0.021301
 68.4131 0.019972
 68.8099 0.018640
 69.1586 0.017347
 69.4529 0.017332
 69.7353 0.016430
 69.9840 0.015466
 70.9880 0.013007
 71.7467 0.012259
 72.3734 0.011359
 72.9037 0.011161
 73.3664 0.010682
 73.7821 0.010346
 74.1646 0.009929
 74.5131 0.009783
 74.8370 0.009769
 75.1368 0.009288
 75.4210 0.009171
 75.6883 0.009017
 75.9428 0.008855
 76.1884 0.008682
 76.4242 0.008525
 76.6528 0.008547
 76.8753 0.008421
 77.0861 0.008287
 77.2884 0.008115
 77.4845 0.007959
 77.6787 0.008023
 77.8633 0.007863
 78.0413 0.007858
 78.2185 0.007739
 78.3923 0.007688
 78.5633 0.007819
 78.7301 0.007601
 78.8948 0.007562
 79.0563 0.007612
 79.2133 0.007616
 79.3698 0.007618
 79.5231 0.007684
 79.6729 0.007565
 79.8217 0.007521
 79.9681 0.007519
 80.1121 0.007447
 80.2537 0.007441
 80.3932 0.007424
 80.5305 0.007341
 80.6670 0.007392
 80.8017 0.007457
 80.9354 0.007419
 81.0666 0.007373
 81.1956 0.007374
 81.3248 0.007394
 81.4530 0.007335
 81.5778 0.007240
 81.7043 0.007150
 81.8286 0.007086
 81.9516 0.007012
 82.0782 0.006934
 82.1996 0.006849
 82.3189 0.006880
 82.4395 0.006829
 82.5575 0.006713
 82.6757 0.006736
 82.7936 0.006785
 82.9119 0.006777
 83.0281 0.006739
 83.1451 0.006764
 83.2594 0.006789
 83.3743 0.006824
 83.4887 0.006879
 83.6042 0.006881
 83.7167 0.006859
 83.8294 0.006850
 83.9418 0.006846
 84.0538 0.006894
 84.1642 0.006911
 84.2742 0.006833
 84.3825 0.006838
 84.4928 0.006868
 84.6027 0.006879
 84.7139 0.006890
 84.8245 0.006892
 84.9334 0.006945
 85.0427 0.006897
 85.1533 0.006929
 85.2625 0.006958
 85.3711 0.006960
 85.4798 0.006952
 85.5900 0.006993
 85.7001 0.007056
 85.8098 0.007099
 85.9197 0.007103
 86.0308 0.007093
 86.1390 0.007136
 86.2473 0.007125
 86.3564 0.007093
 86.4658 0.007097
 86.5753 0.007203
 86.6851 0.007175
 86.7940 0.007296
 86.9040 0.007179
 87.0129 0.007302
 87.1226 0.007369
 87.2326 0.007375
 87.3417 0.007376
 87.4544 0.007412
 87.5621 0.007413
 87.6736 0.007417
 87.7833 0.007447
 87.8941 0.007444
 88.0062 0.007500
 88.1159 0.007564
 88.2275 0.007614
 88.3392 0.007701
 88.4520 0.007777
 88.5651 0.007755
 88.6779 0.007789
 88.7905 0.007888
 88.9033 0.007969
 89.0200 0.007989
 89.1350 0.008080
 89.2513 0.008172
 89.3686 0.008210
 89.4848 0.008309
 89.6022 0.008349
 89.7193 0.008329
 89.8389 0.008342
 89.9578 0.008340
 90.0763 0.008347
 90.1995 0.008383
 90.3209 0.008391
 90.4445 0.008310
 90.5641 0.008306
 90.6868 0.008201
 90.8110 0.008234
 90.9385 0.008203
 91.0660 0.008328
 91.1934 0.008356
 91.3213 0.008472
 91.4502 0.008474
 91.5829 0.008504
 91.7160 0.008567
 91.8506 0.008607
 91.9854 0.008627
 92.1187 0.008707
 92.2539 0.008836
 92.3897 0.008839
 92.5312 0.008858
 92.6727 0.008872
 92.8156 0.008822
 92.9606 0.008894
 93.1064 0.009081
 93.2536 0.009074
 93.4034 0.009223
 93.5537 0.009214
 93.7081 0.009286
 93.8662 0.009268
 94.0237 0.009323
 94.1808 0.009379
 94.3432 0.009464
 94.5070 0.009566
 94.6736 0.009555
 94.8455 0.009612
 95.0182 0.009586
 95.1946 0.009577
 95.3754 0.009656
 95.5592 0.009810
 95.7491 0.009853
 95.9406 0.010252
 96.1378 0.010383
 96.3354 0.010563
 96.5371 0.010613
 96.7452 0.010796
 96.9547 0.010804
 97.1692 0.010834
 97.3899 0.010975
 97.6236 0.010978
 97.8602 0.011100
 98.1000 0.011366
 98.3510 0.011492
 98.6089 0.011735
 98.8730 0.011827
 99.1504 0.011972
 99.4396 0.012338
 99.7329 0.012606
100.0426 0.012685
100.3668 0.012764
100.7086 0.012974
101.0593 0.013083
101.4361 0.013282
101.8263 0.013738
102.2438 0.014176
102.6903 0.014489
103.1748 0.015021
103.6950 0.015707
104.2689 0.016359
104.9004 0.017296
105.5950 0.018175
106.3846 0.019844
107.3170 0.021177
108.4340 0.023033
109.8359 0.026186
111.7174 0.029320
112.2078 0.031230
112.7551 0.031850
113.3650 0.034321
114.0567 0.037320
114.8527 0.040944
115.8054 0.045281
117.0787 0.051341
118.7756 0.058365
121.6582 0.083473
124.4760 0.116500
128.0902 0.180615
131.0631 0.238651
 tr0-12-7 3 1
349.1414 0.349699
352.9763 0.263251
358.5476 0.178100
363.4336 0.130568
368.4945 0.100395
371.6998 0.088368
374.0510 0.078137
375.9533 0.073121
377.5283 0.066331
378.9120 0.061436
380.0967 0.058985
381.1376 0.057388
382.1086 0.055875
386.0318 0.048461
388.9475 0.045691
391.3228 0.041950
393.3637 0.040847
395.1028 0.038166
396.6754 0.036813
398.0843 0.034541
399.3869 0.033325
400.5935 0.032311
401.7169 0.031592
402.7606 0.030448
403.7580 0.029810
404.6925 0.028701
405.5955 0.028791
406.4354 0.028430
407.2489 0.028363
408.0422 0.028233
408.8087 0.027918
409.5423 0.026588
410.2564 0.026355
410.9407 0.025834
411.6078 0.025815
412.2519 0.025408
412.8845 0.025104
413.5003 0.025068
414.0996 0.024688
414.6860 0.024519
415.2616 0.024688
415.8199 0.024794
416.3711 0.024471
416.9140 0.024217
417.4417 0.024308
417.9632 0.024010
418.4677 0.023581
418.9720 0.023347
419.4659 0.023215
419.9509 0.022960
420.4280 0.023151
420.9005 0.023057
421.3720 0.023043
421.8386 0.022902
422.2990 0.022858
422.7448 0.022707
423.1900 0.022679
423.6372 0.022926
424.0749 0.023038
424.5112 0.022970
424.9370 0.022737
425.3566 0.022588
425.7736 0.022636
426.1895 0.022411
426.6003 0.022753
427.0016 0.022616
427.4064 0.022570
427.8048 0.022581
428.2024 0.022441
428.5952 0.022155
428.9879 0.021910
429.3795 0.021809
429.7606 0.021506
430.1460 0.021283
430.5260 0.021395
430.9030 0.021591
431.2791 0.021422
431.6551 0.021628
432.0313 0.021559
432.4080 0.021310
432.7758 0.021154
433.1409 0.020980
433.5055 0.021169
433.8689 0.021009
434.2322 0.021104
434.5934 0.021089
434.9534 0.021172
435.3120 0.021016
435.6724 0.021030
436.0305 0.021101
436.3810 0.021165
436.7411 0.020900
437.0906 0.020869
437.4479 0.020952
437.8065 0.020981
438.1562 0.021142
438.5100 0.021134
438.8668 0.020802
439.2169 0.021002
439.5719 0.020714
439.9216 0.020689
440.2723 0.020962
440.6211 0.020877
440.9693 0.020967
441.3174 0.020753
441.6629 0.020758
442.0076 0.020663
442.3492 0.020486
442.6950 0.020754
443.0413 0.020576
443.3831 0.020550
443.7289 0.020696
444.0765 0.020573
444.4253 0.020389
444.7720 0.020268
445.1225 0.020364
445.4760 0.020209
445.8240 0.020272
446.1757 0.020359
446.5301 0.020224
446.8847 0.020274
447.2396 0.020468
447.5925 0.020372
447.9444 0.020607
448.2976 0.020879
448.6570 0.021011
449.0187 0.021255
449.3775 0.021236
449.7416 0.021392
450.1010 0.021468
450.4668 0.021703
450.8297 0.021579
451.1938 0.021760
451.5622 0.021703
451.9263 0.021571
452.2977 0.021647
452.6720 0.021774
453.0424 0.021780
453.4155 0.021774
453.7944 0.021723
454.1738 0.021909
454.5569 0.021682
454.9372 0.021827
455.3261 0.021980
455.7153 0.022130
456.1075 0.022088
456.5020 0.022279
456.9013 0.022296
457.3015 0.022141
457.7067 0.022446
458.1112 0.022566
458.5232 0.022915
458.9379 0.023111
459.3538 0.022924
459.7706 0.022982
460.1966 0.022923
460.6246 0.023418
461.0593 0.023640
461.4998 0.023570
461.9417 0.023614
462.3885 0.023736
462.8387 0.023811
463.2923 0.024144
463.7612 0.024172
464.2324 0.024698
464.7064 0.024745
465.1905 0.024553
465.6764 0.024441
466.1816 0.024847
466.6766 0.024947
467.1859 0.025098
467.7170 0.025580
468.2393 0.025815
468.7756 0.026076
469.3217 0.026044
469.8854 0.025663
470.4421 0.025610
471.0224 0.025585
471.6050 0.025672
472.2090 0.026143
472.8277 0.026165
473.4573 0.026309
474.1030 0.026775
474.7647 0.026810
475.4460 0.027337
476.1450 0.027471
476.8681 0.027740
477.6275 0.027899
478.3961 0.028124
479.1890 0.028466
480.0038 0.028894
480.8612 0.029540
481.7395 0.030003
482.6608 0.031170
483.6184 0.032234
484.6232 0.032537
485.6997 0.032424
486.8514 0.033705
488.0384 0.034202
489.3424 0.034908
490.7310 0.036217
492.2130 0.037448
493.8720 0.039775
495.7286 0.041024
497.8298 0.043488
500.2434 0.046092
503.0610 0.050916
506.5761 0.055633
511.2940 0.065880
512.4832 0.068152
513.8592 0.072527
515.3378 0.076842
517.0311 0.082490
519.0573 0.088227
521.4091 0.098451
524.3231 0.108480
528.4527 0.126761
535.1698 0.173043
541.6025 0.244786
549.7844 0.354458
555.3575 0.470512
 tr1-12-7 3 1
370.1747 0.352074
374.3872 0.258961
380.6028 0.184199
385.4800 0.138700
390.5647 0.103134
393.8428 0.086841
396.2573 0.080799
398.2304 0.073982
399.8742 0.071235
401.2827 0.066970
402.5296 0.062710
403.5922 0.058748
404.5845 0.056705
408.6097 0.047595
411.6014 0.043359
414.0547 0.042202
416.1487 0.039661
417.9164 0.037108
419.5272 0.036174
420.9737 0.035280
422.3107 0.033519
423.5420 0.033138
424.7105 0.032429
425.7852 0.031734
426.8174 0.031474
427.7681 0.030390
428.6859 0.030170
429.5659 0.029178
430.4046 0.028831
431.2112 0.028761
431.9870 0.028375
432.7355 0.027757
433.4625 0.027479
434.1679 0.026722
434.8413 0.026137
435.5038 0.026622
436.1471 0.025932
436.7816 0.025545
437.3991 0.024871
438.0024 0.024566
438.5895 0.024297
439.1683 0.023643
439.7349 0.023316
440.2829 0.023099
440.8285 0.022782
441.3631 0.022680
441.8815 0.022327
442.3977 0.022183
442.9016 0.021967
443.4000 0.022064
443.8985 0.022096
444.3894 0.021901
444.8699 0.022096
445.3467 0.022019
445.8162 0.022056
446.2768 0.022326
446.7310 0.022128
447.1804 0.022263
447.6238 0.022220
448.0622 0.022203
448.5002 0.022271
448.9326 0.021921
449.3656 0.022042
449.7911 0.021924
450.2093 0.021872
450.6273 0.022085
451.0431 0.022152
451.4486 0.022025
451.8540 0.021805
452.2534 0.022046
452.6595 0.022084
453.0575 0.022185
453.4542 0.022130
453.8414 0.021957
454.2362 0.021954
454.6245 0.022138
455.0110 0.022306
455.3945 0.022229
455.7768 0.022215
456.1473 0.022220
456.5299 0.022100
456.9056 0.021852
457.2786 0.022035
457.6508 0.021999
458.0218 0.022110
458.3940 0.022075
458.7616 0.021772
459.1254 0.021748
459.4907 0.021707
459.8531 0.021731
460.2137 0.021475
460.5825 0.021584
460.9446 0.021559
461.3061 0.021370
461.6658 0.021331
462.0188 0.021357
462.3745 0.021457
462.7329 0.021432
463.0922 0.021125
463.4522 0.021153
463.8109 0.021128
464.1714 0.021250
464.5304 0.021327
464.8879 0.021124
465.2462 0.020849
465.6013 0.020685
465.9578 0.020441
466.3150 0.020364
466.6692 0.020354
467.0275 0.020353
467.3838 0.020142
467.7420 0.020358
468.0935 0.020362
468.4531 0.020266
468.8068 0.020180
469.1699 0.020212
469.5224 0.020125
469.8800 0.020103
470.2395 0.020138
470.5996 0.020528
470.9558 0.020605
471.3159 0.020519
471.6758 0.020634
472.0365 0.020831
472.3993 0.020817
472.7629 0.020923
473.1333 0.020971
473.5016 0.021050
473.8659 0.021324
474.2302 0.021372
474.5998 0.021344
474.9716 0.021470
475.3432 0.021723
475.7224 0.022015
476.1005 0.022087
476.4783 0.022306
476.8607 0.022477
477.2449 0.022538
477.6256 0.022702
478.0117 0.023059
478.3972 0.022753
478.7862 0.022709
479.1794 0.022630
479.5796 0.022685
479.9810 0.022505
480.3871 0.022592
480.7963 0.022419
481.1957 0.022741
481.6002 0.022651
482.0129 0.022451
482.4242 0.022376
482.8517 0.022328
483.2789 0.022694
483.7023 0.022761
484.1325 0.022952
484.5712 0.022912
485.0111 0.023220
485.4531 0.023477
485.9022 0.023382
486.3534 0.023287
486.8069 0.023216
487.2769 0.023337
487.7505 0.023642
488.2271 0.023584
488.7078 0.024121
489.1859 0.024068
489.6776 0.024170
490.1813 0.024526
490.6879 0.024485
491.2041 0.024628
491.7271 0.024429
492.2461 0.024629
492.7859 0.025127
493.3380 0.025076
493.8980 0.025033
494.4594 0.025112
495.0354 0.025015
495.6141 0.025415
496.2158 0.025535
496.8200 0.025746
497.4480 0.025978
498.0930 0.026368
498.7585 0.026681
499.4391 0.027180
500.1430 0.027186
500.8491 0.027484
501.5947 0.027679
502.3524 0.028263
503.1401 0.028599
503.9340 0.029039
504.7814 0.029146
505.6378 0.029457
506.5557 0.029563
507.5011 0.030528
508.4955 0.031634
509.5425 0.032752
510.6188 0.033743
511.7927 0.034360
513.0178 0.034738
514.3400 0.034981
515.7758 0.035218
517.3088 0.036106
519.0234 0.037710
520.9212 0.039813
523.0873 0.043583
525.5376 0.046901
528.4814 0.052175
532.0873 0.056537
536.9776 0.065815
538.2216 0.069390
539.5461 0.072046
540.9878 0.074202
542.7355 0.079755
544.7098 0.087086
547.1143 0.099972
550.1397 0.115505
554.3761 0.133072
561.2337 0.182583
567.8315 0.232198
576.4746 0.355786
582.1645 0.496991
tr1s-12-7 3 1
381.7690 0.355211
386.2351 0.268873
392.1530 0.181280
396.9281 0.129973
402.3693 0.103036
405.5902 0.094335
408.0352 0.084409
409.9976 0.076659
411.6401 0.071839
413.0331 0.068417
414.2628 0.064099
415.3798 0.059407
416.4041 0.057427
420.3739 0.048952
423.4130 0.044752
425.8243 0.041201
427.9059 0.039663
429.6947 0.038759
431.3441 0.036818
432.8141 0.036056
434.1578 0.034363
435.3912 0.033021
436.5369 0.031480
437.6262 0.030400
438.6641 0.029617
439.6210 0.028859
440.5344 0.028570
441.4233 0.028275
442.2629 0.027564
443.0724 0.026924
443.8495 0.027007
444.6006 0.026643
445.3386 0.025840
446.0415 0.025897
446.7261 0.025523
447.3966 0.025140
448.0528 0.025488
448.6914 0.025297
449.3036 0.025099
449.9041 0.024909
450.4918 0.024649
451.0766 0.024698
451.6431 0.024596
452.1978 0.023947
452.7395 0.023617
453.2782 0.022941
453.8011 0.022881
454.3230 0.022976
454.8331 0.023008
455.3394 0.022825
455.8345 0.022293
456.3196 0.022042
456.7913 0.022145
457.2682 0.022112
457.7410 0.021920
458.2001 0.022154
458.6597 0.022043
459.1121 0.022172
459.5552 0.022148
460.0055 0.022237
460.4454 0.022587
460.8804 0.022622
461.3114 0.022320
461.7405 0.022302
462.1592 0.022098
462.5732 0.022041
462.9882 0.022027
463.3968 0.021863
463.8052 0.021762
464.2044 0.021624
464.6054 0.021686
465.0046 0.021734
465.3994 0.021763
465.7945 0.021786
466.1884 0.021843
466.5767 0.021803
466.9603 0.021745
467.3466 0.021882
467.7367 0.021759
468.1196 0.021734
468.4978 0.021564
468.8713 0.021767
469.2517 0.021813
469.6280 0.021660
470.0046 0.021670
470.3816 0.021691
470.7469 0.021710
471.1138 0.021890
471.4827 0.021871
471.8450 0.021802
472.2089 0.021795
472.5672 0.021554
472.9343 0.021546
473.3001 0.021351
473.6604 0.021276
474.0282 0.021450
474.3919 0.021571
474.7464 0.021635
475.1049 0.021510
475.4623 0.021563
475.8182 0.021422
476.1791 0.021012
476.5338 0.021081
476.8874 0.021268
477.2439 0.021112
477.5993 0.021051
477.9577 0.021031
478.3120 0.020977
478.6646 0.021121
479.0232 0.021063
479.3767 0.020827
479.7333 0.020889
480.0914 0.021020
480.4417 0.021029
480.8010 0.021015
481.1542 0.021150
481.5159 0.021173
481.8743 0.021299
482.2400 0.021394
482.6013 0.021271
482.9673 0.021406
483.3335 0.021587
483.6979 0.021350
484.0605 0.021296
484.4247 0.021064
484.7879 0.020933
485.1556 0.021090
485.5226 0.021156
485.8928 0.021582
486.2637 0.021735
486.6296 0.021485
486.9965 0.021597
487.3755 0.021340
487.7503 0.021436
488.1285 0.021478
488.5101 0.021750
488.8887 0.021766
489.2745 0.021883
489.6558 0.021719
490.0422 0.021902
490.4308 0.022062
490.8231 0.022329
491.2133 0.022515
491.6164 0.022423
492.0142 0.022374
492.4145 0.022565
492.8171 0.022699
493.2292 0.022628
493.6411 0.022931
494.0601 0.022963
494.4770 0.022838
494.8909 0.023088
495.3175 0.023135
495.7489 0.023605
496.1826 0.023678
496.6209 0.023543
497.0658 0.023565
497.5037 0.023471
497.9613 0.023554
498.4138 0.023611
498.8768 0.023834
499.3403 0.024028
499.8081 0.023763
500.2852 0.023995
500.7660 0.024172
501.2533 0.024147
501.7539 0.024268
502.2478 0.024314
502.7550 0.024280
503.2696 0.024363
503.7886 0.024458
504.3240 0.024763
504.8608 0.024775
505.4104 0.024720
505.9612 0.025239
506.5327 0.025648
507.1142 0.025931
507.7084 0.025525
508.3180 0.025629
508.9297 0.025768
509.5659 0.025953
510.2150 0.026695
510.8718 0.026888
511.5447 0.026780
512.2457 0.026800
512.9580 0.026948
513.7108 0.027299
514.4693 0.028210
515.2531 0.029202
516.0598 0.029125
516.9087 0.029275
517.7889 0.029610
518.6911 0.030324
519.6382 0.031357
520.6341 0.032455
521.6820 0.033402
522.7898 0.033330
523.9391 0.034091
525.1953 0.035405
526.5230 0.035068
527.9517 0.035380
529.5037 0.036248
531.2098 0.039520
533.1205 0.040863
535.2582 0.044314
537.7091 0.047224
540.6175 0.053642
544.2961 0.056866
549.1775 0.066712
550.4191 0.068353
551.8058 0.071005
553.2933 0.077011
554.9413 0.080836
556.9407 0.087820
559.3954 0.097880
562.4493 0.112033
566.5792 0.136626
573.5226 0.186339
579.9636 0.236407
588.5451 0.353779
594.8325 0.499792
 tr2-12-7 3 1
392.1436 0.366805
396.8941 0.274516
403.0251 0.192802
408.1082 0.141460
413.3583 0.108540
416.7093 0.092096
419.2186 0.081176
421.1700 0.073051
422.9030 0.069190
424.3084 0.065455
425.5986 0.063730
426.6901 0.061133
427.7349 0.060002
431.8376 0.051592
434.9069 0.046011
437.3832 0.042428
439.5073 0.040018
441.3587 0.039621
443.0017 0.036533
444.4783 0.035577
445.8400 0.034039
447.1120 0.032690
448.2859 0.031386
449.3871 0.030045
450.4272 0.028937
451.4301 0.028942
452.3686 0.028295
453.2620 0.027862
454.1182 0.028074
454.9355 0.027995
455.7288 0.027695
456.4962 0.027247
457.2431 0.026326
457.9692 0.026095
458.6693 0.025607
459.3576 0.024890
460.0187 0.024538
460.6640 0.024403
461.3040 0.024239
461.9097 0.024206
462.5128 0.023794
463.0991 0.023506
463.6711 0.023361
464.2302 0.023161
464.7847 0.023171
465.3364 0.023123
465.8719 0.023097
466.4007 0.022892
466.9254 0.023046
467.4317 0.023189
467.9345 0.023206
468.4274 0.023034
468.9239 0.022761
469.4097 0.022644
469.8868 0.022642
470.3648 0.022533
470.8288 0.022638
471.2890 0.022474
471.7481 0.022225
472.2003 0.022280
472.6463 0.022081
473.0849 0.022167
473.5188 0.022089
473.9542 0.021946
474.3868 0.022061
474.8140 0.022224
475.2441 0.022261
475.6630 0.022121
476.0795 0.022342
476.4884 0.022469
476.8944 0.022215
477.2967 0.022215
477.7029 0.022342
478.1028 0.022527
478.5009 0.022632
478.9011 0.022651
479.2947 0.022697
479.6896 0.022478
480.0788 0.022181
480.4672 0.022171
480.8603 0.022073
481.2455 0.022309
481.6334 0.022056
482.0115 0.022012
482.3961 0.021912
482.7783 0.022107
483.1508 0.021896
483.5320 0.021785
483.9055 0.021824
484.2776 0.021868
484.6505 0.021806
485.0176 0.021687
485.3866 0.021904
485.7560 0.021816
486.1213 0.021750
486.4905 0.021565
486.8538 0.021654
487.2263 0.021502
487.5908 0.021538
487.9540 0.021455
488.3196 0.021414
488.6877 0.021387
489.0506 0.021497
489.4142 0.021521
489.7784 0.021676
490.1402 0.021558
490.5051 0.021482
490.8702 0.021691
491.2356 0.021785
491.5988 0.021859
491.9646 0.022100
492.3286 0.022049
492.6962 0.021623
493.0622 0.021338
493.4310 0.021494
493.7967 0.021508
494.1608 0.021713
494.5268 0.021819
494.8968 0.021878
495.2645 0.021804
495.6325 0.021706
495.9987 0.021937
496.3651 0.021666
496.7365 0.021465
497.1040 0.021409
497.4755 0.021331
497.8475 0.021421
498.2228 0.021570
498.5963 0.021645
498.9760 0.021673
499.3537 0.021933
499.7331 0.022112
500.1112 0.022128
500.4957 0.022168
500.8820 0.022229
501.2707 0.022196
501.6630 0.022259
502.0589 0.022343
502.4503 0.022447
502.8439 0.022415
503.2386 0.022525
503.6368 0.022501
504.0389 0.022722
504.4401 0.022915
504.8458 0.022640
505.2537 0.022427
505.6662 0.022432
506.0840 0.022554
506.4998 0.023084
506.9222 0.023136
507.3470 0.023114
507.7682 0.023076
508.1995 0.022896
508.6356 0.022960
509.0791 0.023147
509.5241 0.023437
509.9752 0.023847
510.4271 0.023889
510.8863 0.024009
511.3509 0.024231
511.8124 0.024182
512.2910 0.024241
512.7640 0.024609
513.2544 0.024742
513.7432 0.024909
514.2363 0.025174
514.7467 0.025213
515.2548 0.025255
515.7706 0.025652
516.2927 0.025437
516.8321 0.025442
517.3720 0.025904
517.9212 0.026206
518.4754 0.026393
519.0501 0.025818
519.6401 0.026156
520.2345 0.026076
520.8458 0.026050
521.4652 0.026325
522.0879 0.026793
522.7305 0.027026
523.3815 0.027146
524.0551 0.027437
524.7537 0.027217
525.4601 0.027264
526.2004 0.027842
526.9556 0.028395
527.7263 0.028636
528.5287 0.028683
529.3424 0.028988
530.1975 0.030076
531.0948 0.030808
532.0073 0.031348
532.9772 0.031425
533.9987 0.031562
535.0511 0.032156
536.1813 0.033385
537.3744 0.034226
538.6249 0.035226
539.9733 0.034821
541.4283 0.035554
543.0110 0.037820
544.7338 0.039714
546.6595 0.041859
548.8099 0.045900
551.3142 0.048098
554.2380 0.052980
557.8832 0.059662
562.9351 0.066853
564.2073 0.072047
565.6192 0.075776
567.2217 0.078183
568.9803 0.086485
571.0040 0.094096
573.5014 0.101328
576.6101 0.113654
580.7699 0.136343
587.5403 0.181346
594.2320 0.236226
602.4385 0.371150
608.3439 0.478387
tr2s-12-7 3 1
404.1543 0.371868
408.5168 0.271614
414.8082 0.185493
419.9208 0.142376
425.2132 0.108912
428.5289 0.091628
431.0363 0.081292
433.0465 0.075565
434.7036 0.073263
436.1626 0.067964
437.4192 0.064762
438.5603 0.061539
439.6186 0.057633
443.7309 0.051246
446.7583 0.046643
449.2758 0.043466
451.4052 0.040625
453.2658 0.037877
454.8960 0.035597
456.4015 0.034213
457.7736 0.033012
459.0255 0.032153
460.2200 0.031593
461.3385 0.030616
462.3843 0.030216
463.3699 0.029681
464.3076 0.029273
465.1996 0.028463
466.0664 0.027913
466.8889 0.027453
467.6881 0.027145
468.4582 0.026825
469.2038 0.026738
469.9302 0.026377
470.6237 0.025833
471.3118 0.025492
471.9683 0.024824
472.6171 0.024770
473.2501 0.024581
473.8628 0.024205
474.4720 0.023998
475.0638 0.023369
475.6378 0.023506
476.2122 0.023240
476.7689 0.023625
477.3176 0.023580
477.8516 0.023874
478.3876 0.023683
478.9030 0.023675
479.4135 0.023769
479.9140 0.023953
480.4122 0.023676
480.9037 0.023733
481.3941 0.023258
481.8776 0.023017
482.3486 0.022946
482.8096 0.022870
483.2723 0.023120
483.7260 0.023009
484.1782 0.023052
484.6178 0.022868
485.0676 0.022864
485.5023 0.022711
485.9369 0.022693
486.3659 0.022668
486.7960 0.022877
487.2194 0.022801
487.6379 0.022779
488.0484 0.022684
488.4611 0.022588
488.8719 0.022459
489.2844 0.022355
489.6914 0.022044
490.0916 0.022077
490.4910 0.021794
490.8926 0.021705
491.2893 0.021992
491.6815 0.022137
492.0709 0.022171
492.4593 0.022159
492.8489 0.022240
493.2357 0.022208
493.6154 0.022113
493.9956 0.022009
494.3773 0.021760
494.7592 0.021983
495.1321 0.022006
495.5094 0.021872
495.8852 0.021869
496.2517 0.021770
496.6264 0.022051
496.9956 0.022103
497.3680 0.021938
497.7409 0.021806
498.1107 0.021652
498.4756 0.021913
498.8429 0.021984
499.2096 0.022210
499.5771 0.022166
499.9467 0.022212
500.3131 0.022050
500.6761 0.022137
501.0388 0.021787
501.4087 0.021736
501.7724 0.021749
502.1371 0.021676
502.5012 0.021898
502.8677 0.021692
503.2317 0.021759
503.5951 0.021644
503.9595 0.021732
504.3256 0.021725
504.6889 0.021673
505.0555 0.021876
505.4183 0.021739
505.7781 0.021713
506.1469 0.021549
506.5164 0.021426
506.8870 0.021292
507.2543 0.021308
507.6225 0.021440
507.9928 0.021329
508.3614 0.021440
508.7353 0.021740
509.1082 0.021487
509.4759 0.021653
509.8493 0.021575
510.2296 0.021543
510.6032 0.021633
510.9824 0.021593
511.3620 0.021466
511.7430 0.021747
512.1207 0.021793
512.5107 0.021928
512.9012 0.022054
513.2857 0.022172
513.6762 0.022341
514.0708 0.022388
514.4714 0.022151
514.8686 0.022336
515.2669 0.022507
515.6646 0.022764
516.0713 0.022742
516.4785 0.022845
516.8827 0.022992
517.2898 0.022963
517.7045 0.023050
518.1163 0.023023
518.5311 0.022981
518.9525 0.023139
519.3752 0.022982
519.8018 0.022952
520.2325 0.023089
520.6716 0.023200
521.1135 0.023212
521.5563 0.023027
522.0111 0.023005
522.4614 0.023132
522.9171 0.023779
523.3844 0.024026
523.8509 0.024474
524.3272 0.024496
524.8101 0.024485
525.2962 0.024214
525.7871 0.024095
526.2862 0.024424
526.7832 0.024764
527.2925 0.025105
527.8092 0.025141
528.3341 0.025331
528.8798 0.025868
529.4209 0.025940
529.9714 0.025801
530.5271 0.025998
531.1030 0.025965
531.6863 0.026083
532.2754 0.026145
532.8881 0.026374
533.5083 0.026877
534.1288 0.027156
534.7780 0.027450
535.4314 0.027891
536.1117 0.028053
536.8057 0.028010
537.5189 0.028114
538.2427 0.028263
538.9871 0.028896
539.7679 0.029762
540.5696 0.029992
541.4011 0.030022
542.2558 0.029858
543.1476 0.030122
544.0696 0.030750
545.0338 0.031308
546.0590 0.031555
547.1129 0.031230
548.2260 0.031968
549.4063 0.033366
550.6856 0.034232
552.0350 0.035334
553.4871 0.036868
555.0536 0.038378
556.7829 0.040843
558.7134 0.042400
560.8458 0.046182
563.3575 0.049402
566.3469 0.053180
570.0097 0.058832
574.9860 0.069041
576.2535 0.070752
577.6511 0.074617
579.2878 0.078809
581.0894 0.082936
583.1578 0.090046
585.6158 0.099532
588.7416 0.117802
592.9165 0.140065
599.7403 0.187237
606.4226 0.234497
614.8673 0.347255
620.7166 0.475408
