Copyright (C) 1998 James G. MacKinnon, Alfred A. Haug, and Leo Michelis.
 lm0-08-5 3 1
 31.4738 0.055466
 32.2518 0.042183
 33.3187 0.028859
 34.2283 0.022297
 35.1937 0.017294
 35.7895 0.014708
 36.2451 0.013042
 36.6125 0.011902
 36.9200 0.011466
 37.1884 0.010899
 37.4284 0.010406
 37.6446 0.009834
 37.8412 0.009592
 38.6344 0.008410
 39.2338 0.007562
 39.7289 0.007199
 40.1495 0.006811
 40.5155 0.006358
 40.8497 0.006374
 41.1527 0.006042
 41.4325 0.005897
 41.6927 0.005776
 41.9364 0.005687
 42.1668 0.005608
 42.3844 0.005613
 42.5908 0.005574
 42.7901 0.005482
 42.9816 0.005494
 43.1627 0.005416
 43.3406 0.005396
 43.5121 0.005314
 43.6758 0.005335
 43.8362 0.005220
 43.9925 0.005153
 44.1443 0.005010
 44.2922 0.004936
 44.4372 0.004893
 44.5780 0.004959
 44.7176 0.004976
 44.8540 0.004963
 44.9858 0.004938
 45.1152 0.004900
 45.2421 0.004916
 45.3682 0.004954
 45.4937 0.004883
 45.6148 0.004820
 45.7358 0.004773
 45.8543 0.004729
 45.9706 0.004754
 46.0852 0.004738
 46.1975 0.004709
 46.3093 0.004713
 46.4198 0.004702
 46.5296 0.004727
 46.6398 0.004727
 46.7485 0.004736
 46.8540 0.004655
 46.9580 0.004657
 47.0626 0.004679
 47.1644 0.004675
 47.2670 0.004639
 47.3695 0.004596
 47.4706 0.004557
 47.5711 0.004482
 47.6704 0.004451
 47.7692 0.004418
 47.8670 0.004382
 47.9655 0.004390
 48.0646 0.004413
 48.1617 0.004382
 48.2579 0.004355
 48.3527 0.004389
 48.4476 0.004375
 48.5415 0.004395
 48.6363 0.004341
 48.7300 0.004336
 48.8233 0.004362
 48.9166 0.004364
 49.0105 0.004349
 49.1050 0.004356
 49.1982 0.004387
 49.2897 0.004391
 49.3810 0.004364
 49.4737 0.004290
 49.5650 0.004315
 49.6569 0.004334
 49.7478 0.004364
 49.8394 0.004379
 49.9298 0.004390
 50.0209 0.004363
 50.1106 0.004343
 50.2014 0.004347
 50.2914 0.004339
 50.3811 0.004368
 50.4717 0.004374
 50.5619 0.004417
 50.6523 0.004462
 50.7432 0.004437
 50.8328 0.004450
 50.9242 0.004463
 51.0142 0.004509
 51.1043 0.004471
 51.1945 0.004490
 51.2832 0.004423
 51.3732 0.004480
 51.4633 0.004501
 51.5546 0.004506
 51.6454 0.004517
 51.7367 0.004520
 51.8264 0.004542
 51.9174 0.004548
 52.0090 0.004530
 52.1010 0.004569
 52.1926 0.004603
 52.2842 0.004641
 52.3761 0.004669
 52.4698 0.004724
 52.5624 0.004716
 52.6542 0.004752
 52.7485 0.004776
 52.8426 0.004788
 52.9367 0.004813
 53.0319 0.004823
 53.1267 0.004861
 53.2229 0.004831
 53.3187 0.004834
 53.4156 0.004806
 53.5120 0.004808
 53.6095 0.004766
 53.7068 0.004779
 53.8057 0.004858
 53.9042 0.004909
 54.0046 0.004942
 54.1028 0.004992
 54.2039 0.004979
 54.3052 0.005004
 54.4057 0.005105
 54.5088 0.005176
 54.6130 0.005228
 54.7171 0.005231
 54.8203 0.005229
 54.9260 0.005269
 55.0312 0.005310
 55.1388 0.005286
 55.2477 0.005311
 55.3570 0.005344
 55.4676 0.005370
 55.5796 0.005424
 55.6917 0.005444
 55.8051 0.005458
 55.9203 0.005400
 56.0349 0.005430
 56.1509 0.005472
 56.2678 0.005486
 56.3860 0.005514
 56.5067 0.005582
 56.6290 0.005609
 56.7507 0.005614
 56.8745 0.005614
 57.0014 0.005639
 57.1284 0.005690
 57.2580 0.005701
 57.3894 0.005693
 57.5238 0.005801
 57.6598 0.005888
 57.7956 0.005925
 57.9347 0.005988
 58.0780 0.006114
 58.2240 0.006068
 58.3702 0.006140
 58.5188 0.006186
 58.6719 0.006305
 58.8263 0.006327
 58.9848 0.006376
 59.1473 0.006423
 59.3116 0.006516
 59.4803 0.006601
 59.6516 0.006662
 59.8263 0.006699
 60.0059 0.006746
 60.1900 0.006813
 60.3801 0.006968
 60.5740 0.007062
 60.7721 0.007153
 60.9763 0.007245
 61.1889 0.007332
 61.4076 0.007516
 61.6334 0.007661
 61.8634 0.007677
 62.1064 0.007827
 62.3593 0.008102
 62.6226 0.008263
 62.8942 0.008434
 63.1834 0.008688
 63.4863 0.008695
 63.8030 0.008943
 64.1379 0.009254
 64.4994 0.009508
 64.8807 0.009832
 65.2900 0.010565
 65.7363 0.010893
 66.2194 0.010867
 66.7504 0.011425
 67.3522 0.012100
 68.0356 0.012757
 68.8273 0.013802
 69.7761 0.015711
 70.9648 0.018259
 72.6126 0.021343
 73.0242 0.022512
 73.4827 0.023271
 74.0148 0.024524
 74.6082 0.026680
 75.3250 0.028273
 76.1775 0.031211
 77.2553 0.035398
 78.7160 0.041960
 81.2015 0.056954
 83.5816 0.077995
 86.7854 0.115273
 89.1401 0.156958
 lm1-08-5 3 1
 33.9410 0.053038
 34.6931 0.040829
 35.7744 0.029740
 36.6909 0.020770
 37.6932 0.016473
 38.3274 0.014475
 38.7799 0.013165
 39.1580 0.012511
 39.4779 0.011389
 39.7552 0.011063
 39.9900 0.010647
 40.2052 0.010071
 40.4052 0.009872
 41.2191 0.008249
 41.8342 0.007797
 42.3431 0.007075
 42.7803 0.006632
 43.1599 0.006424
 43.5017 0.006398
 43.8128 0.006226
 44.1005 0.006068
 44.3685 0.006075
 44.6163 0.006084
 44.8522 0.006047
 45.0771 0.005974
 45.2913 0.005813
 45.4929 0.005732
 45.6873 0.005601
 45.8755 0.005620
 46.0572 0.005590
 46.2339 0.005488
 46.4041 0.005461
 46.5690 0.005394
 46.7294 0.005293
 46.8852 0.005284
 47.0374 0.005286
 47.1829 0.005189
 47.3267 0.005160
 47.4703 0.005142
 47.6087 0.005080
 47.7456 0.005100
 47.8790 0.005080
 48.0118 0.005069
 48.1411 0.005110
 48.2672 0.005049
 48.3919 0.005021
 48.5151 0.004955
 48.6360 0.004968
 48.7549 0.004957
 48.8738 0.004943
 48.9892 0.004915
 49.1040 0.004860
 49.2169 0.004810
 49.3282 0.004849
 49.4381 0.004788
 49.5484 0.004750
 49.6575 0.004721
 49.7676 0.004739
 49.8732 0.004750
 49.9796 0.004717
 50.0855 0.004670
 50.1897 0.004686
 50.2923 0.004661
 50.3950 0.004674
 50.4972 0.004644
 50.5975 0.004693
 50.6981 0.004677
 50.7981 0.004652
 50.8970 0.004617
 50.9959 0.004585
 51.0935 0.004627
 51.1924 0.004611
 51.2887 0.004596
 51.3854 0.004574
 51.4820 0.004548
 51.5791 0.004549
 51.6737 0.004508
 51.7680 0.004526
 51.8621 0.004546
 51.9568 0.004508
 52.0506 0.004514
 52.1449 0.004465
 52.2393 0.004473
 52.3347 0.004470
 52.4287 0.004413
 52.5217 0.004416
 52.6152 0.004475
 52.7090 0.004496
 52.8012 0.004484
 52.8937 0.004441
 52.9855 0.004430
 53.0782 0.004371
 53.1698 0.004377
 53.2636 0.004318
 53.3567 0.004380
 53.4486 0.004410
 53.5411 0.004428
 53.6343 0.004395
 53.7264 0.004450
 53.8181 0.004450
 53.9108 0.004466
 54.0030 0.004472
 54.0944 0.004466
 54.1860 0.004470
 54.2790 0.004459
 54.3721 0.004481
 54.4659 0.004463
 54.5580 0.004464
 54.6507 0.004464
 54.7437 0.004526
 54.8384 0.004571
 54.9322 0.004587
 55.0255 0.004604
 55.1205 0.004578
 55.2142 0.004598
 55.3077 0.004658
 55.4024 0.004663
 55.4970 0.004659
 55.5940 0.004687
 55.6889 0.004689
 55.7857 0.004731
 55.8823 0.004733
 55.9801 0.004781
 56.0775 0.004820
 56.1746 0.004874
 56.2728 0.004927
 56.3720 0.004954
 56.4707 0.004965
 56.5690 0.004970
 56.6681 0.004976
 56.7677 0.004984
 56.8681 0.005062
 56.9691 0.005051
 57.0720 0.005070
 57.1755 0.005133
 57.2798 0.005175
 57.3833 0.005243
 57.4888 0.005271
 57.5938 0.005341
 57.7002 0.005358
 57.8074 0.005373
 57.9148 0.005444
 58.0237 0.005430
 58.1324 0.005487
 58.2430 0.005482
 58.3530 0.005526
 58.4650 0.005535
 58.5783 0.005574
 58.6936 0.005608
 58.8088 0.005700
 58.9260 0.005758
 59.0438 0.005765
 59.1637 0.005807
 59.2835 0.005819
 59.4061 0.005885
 59.5313 0.005894
 59.6553 0.005918
 59.7815 0.005976
 59.9081 0.006050
 60.0384 0.006111
 60.1702 0.006160
 60.3031 0.006213
 60.4375 0.006265
 60.5741 0.006260
 60.7120 0.006287
 60.8514 0.006362
 60.9955 0.006393
 61.1381 0.006476
 61.2839 0.006449
 61.4328 0.006445
 61.5848 0.006493
 61.7390 0.006525
 61.8976 0.006527
 62.0591 0.006635
 62.2220 0.006555
 62.3897 0.006614
 62.5609 0.006776
 62.7349 0.006776
 62.9140 0.006944
 63.0954 0.007181
 63.2844 0.007303
 63.4744 0.007356
 63.6717 0.007403
 63.8748 0.007536
 64.0875 0.007587
 64.3016 0.007679
 64.5242 0.007613
 64.7538 0.007685
 64.9910 0.007674
 65.2400 0.007847
 65.4947 0.008096
 65.7619 0.008307
 66.0413 0.008630
 66.3320 0.008762
 66.6390 0.008852
 66.9643 0.008999
 67.3050 0.009467
 67.6712 0.009744
 68.0609 0.010206
 68.4794 0.010410
 68.9309 0.010672
 69.4275 0.011097
 69.9685 0.011929
 70.5823 0.012598
 71.2875 0.013460
 72.0941 0.014608
 73.0550 0.015851
 74.2713 0.017469
 75.9370 0.020766
 76.3731 0.021530
 76.8530 0.022982
 77.3797 0.024151
 77.9842 0.025875
 78.6944 0.027758
 79.5519 0.031603
 80.6544 0.036168
 82.1780 0.043325
 84.7279 0.061992
 87.1738 0.083518
 90.2878 0.126934
 92.7204 0.164972
lm1s-08-5 3 1
 34.7087 0.053568
 35.4445 0.042854
 36.5173 0.029900
 37.4161 0.022204
 38.4404 0.017731
 39.0632 0.015194
 39.5332 0.013289
 39.8992 0.012434
 40.2183 0.012014
 40.4892 0.011285
 40.7380 0.010555
 40.9582 0.009952
 41.1554 0.009403
 41.9689 0.008659
 42.5875 0.007683
 43.0950 0.007168
 43.5267 0.006850
 43.9081 0.006635
 44.2486 0.006569
 44.5597 0.006554
 44.8489 0.006465
 45.1166 0.006279
 45.3693 0.006234
 45.6083 0.006120
 45.8295 0.005922
 46.0441 0.005834
 46.2467 0.005708
 46.4442 0.005581
 46.6333 0.005550
 46.8151 0.005527
 46.9901 0.005475
 47.1576 0.005433
 47.3219 0.005373
 47.4812 0.005289
 47.6345 0.005281
 47.7877 0.005265
 47.9374 0.005199
 48.0813 0.005188
 48.2235 0.005167
 48.3626 0.005153
 48.4995 0.005171
 48.6328 0.005147
 48.7632 0.005133
 48.8927 0.005108
 49.0193 0.005086
 49.1436 0.004985
 49.2649 0.004952
 49.3851 0.004886
 49.5061 0.004844
 49.6240 0.004811
 49.7414 0.004862
 49.8566 0.004895
 49.9694 0.004829
 50.0813 0.004758
 50.1937 0.004714
 50.3039 0.004709
 50.4135 0.004719
 50.5215 0.004670
 50.6267 0.004669
 50.7334 0.004704
 50.8397 0.004690
 50.9446 0.004653
 51.0477 0.004682
 51.1508 0.004677
 51.2521 0.004727
 51.3524 0.004690
 51.4525 0.004695
 51.5529 0.004655
 51.6518 0.004654
 51.7512 0.004627
 51.8494 0.004558
 51.9473 0.004570
 52.0437 0.004585
 52.1403 0.004628
 52.2363 0.004635
 52.3327 0.004611
 52.4289 0.004564
 52.5252 0.004552
 52.6205 0.004570
 52.7150 0.004577
 52.8095 0.004604
 52.9032 0.004596
 52.9978 0.004594
 53.0917 0.004569
 53.1850 0.004574
 53.2791 0.004576
 53.3724 0.004580
 53.4650 0.004590
 53.5594 0.004606
 53.6532 0.004568
 53.7460 0.004520
 53.8378 0.004516
 53.9296 0.004525
 54.0224 0.004500
 54.1144 0.004484
 54.2061 0.004535
 54.2984 0.004507
 54.3916 0.004449
 54.4851 0.004439
 54.5780 0.004465
 54.6683 0.004491
 54.7602 0.004495
 54.8524 0.004439
 54.9433 0.004467
 55.0363 0.004489
 55.1284 0.004554
 55.2215 0.004579
 55.3138 0.004638
 55.4069 0.004704
 55.5011 0.004714
 55.5942 0.004702
 55.6878 0.004657
 55.7823 0.004712
 55.8756 0.004709
 55.9706 0.004677
 56.0647 0.004673
 56.1611 0.004665
 56.2554 0.004749
 56.3518 0.004775
 56.4470 0.004824
 56.5418 0.004857
 56.6375 0.004882
 56.7341 0.004868
 56.8309 0.004859
 56.9284 0.004911
 57.0267 0.004914
 57.1252 0.004999
 57.2255 0.005035
 57.3246 0.005040
 57.4249 0.004970
 57.5263 0.005002
 57.6289 0.005048
 57.7309 0.005000
 57.8327 0.005079
 57.9343 0.005139
 58.0384 0.005151
 58.1432 0.005105
 58.2475 0.005163
 58.3536 0.005202
 58.4609 0.005224
 58.5669 0.005252
 58.6741 0.005273
 58.7837 0.005341
 58.8918 0.005423
 59.0021 0.005471
 59.1123 0.005460
 59.2251 0.005460
 59.3395 0.005473
 59.4545 0.005461
 59.5703 0.005468
 59.6861 0.005576
 59.8048 0.005578
 59.9233 0.005596
 60.0434 0.005657
 60.1658 0.005751
 60.2904 0.005805
 60.4153 0.005866
 60.5417 0.005866
 60.6690 0.005901
 60.7990 0.005932
 60.9298 0.005981
 61.0624 0.005998
 61.1958 0.006043
 61.3314 0.006120
 61.4691 0.006162
 61.6106 0.006240
 61.7530 0.006273
 61.8983 0.006300
 62.0452 0.006289
 62.1939 0.006275
 62.3467 0.006318
 62.5016 0.006364
 62.6584 0.006360
 62.8189 0.006466
 62.9821 0.006542
 63.1481 0.006733
 63.3187 0.006810
 63.4927 0.006867
 63.6717 0.007033
 63.8545 0.007148
 64.0421 0.007267
 64.2355 0.007284
 64.4309 0.007304
 64.6331 0.007293
 64.8408 0.007333
 65.0546 0.007475
 65.2793 0.007585
 65.5089 0.007709
 65.7489 0.007823
 65.9992 0.008091
 66.2548 0.008151
 66.5203 0.008300
 66.7990 0.008416
 67.0930 0.008550
 67.3982 0.008905
 67.7281 0.009235
 68.0688 0.009525
 68.4279 0.009739
 68.8173 0.009935
 69.2358 0.010268
 69.6894 0.010429
 70.1835 0.010958
 70.7297 0.011596
 71.3387 0.012366
 72.0344 0.013308
 72.8464 0.014525
 73.8025 0.016050
 75.0256 0.017508
 76.6966 0.020911
 77.1252 0.021787
 77.5940 0.022697
 78.1230 0.024159
 78.7444 0.025257
 79.4684 0.028059
 80.3438 0.031591
 81.4440 0.034920
 82.9541 0.042831
 85.4401 0.060112
 87.8840 0.084056
 91.1500 0.125430
 93.5017 0.172819
 lm2-08-5 3 1
 36.3306 0.056992
 37.1274 0.042569
 38.2444 0.031294
 39.1758 0.023881
 40.1851 0.017997
 40.8254 0.015619
 41.3053 0.013607
 41.6844 0.012773
 42.0064 0.011780
 42.2917 0.011130
 42.5435 0.010512
 42.7724 0.010000
 42.9819 0.009545
 43.8101 0.008468
 44.4430 0.007748
 44.9653 0.007793
 45.4133 0.007308
 45.8021 0.006975
 46.1538 0.006761
 46.4752 0.006558
 46.7703 0.006528
 47.0446 0.006540
 47.3036 0.006493
 47.5444 0.006369
 47.7760 0.006166
 47.9961 0.006147
 48.2069 0.006014
 48.4063 0.005888
 48.5962 0.005829
 48.7840 0.005692
 48.9620 0.005554
 49.1345 0.005399
 49.3034 0.005309
 49.4669 0.005262
 49.6250 0.005195
 49.7798 0.005187
 49.9291 0.005200
 50.0789 0.005129
 50.2227 0.005128
 50.3640 0.005104
 50.5006 0.005049
 50.6379 0.005029
 50.7723 0.004958
 50.9054 0.005068
 51.0357 0.005079
 51.1625 0.005004
 51.2882 0.005034
 51.4119 0.005074
 51.5341 0.005116
 51.6536 0.005006
 51.7733 0.004983
 51.8902 0.004838
 52.0069 0.004807
 52.1205 0.004854
 52.2359 0.004885
 52.3494 0.004832
 52.4613 0.004772
 52.5737 0.004698
 52.6837 0.004646
 52.7926 0.004644
 52.8998 0.004650
 53.0058 0.004637
 53.1103 0.004573
 53.2154 0.004567
 53.3208 0.004520
 53.4231 0.004539
 53.5260 0.004568
 53.6279 0.004596
 53.7296 0.004587
 53.8310 0.004559
 53.9333 0.004558
 54.0349 0.004538
 54.1343 0.004510
 54.2328 0.004517
 54.3338 0.004436
 54.4313 0.004436
 54.5287 0.004503
 54.6247 0.004435
 54.7215 0.004392
 54.8178 0.004373
 54.9147 0.004392
 55.0114 0.004356
 55.1072 0.004310
 55.2036 0.004331
 55.2996 0.004375
 55.3959 0.004405
 55.4912 0.004433
 55.5848 0.004519
 55.6795 0.004494
 55.7748 0.004475
 55.8696 0.004504
 55.9646 0.004447
 56.0593 0.004463
 56.1542 0.004450
 56.2481 0.004499
 56.3426 0.004517
 56.4373 0.004560
 56.5312 0.004589
 56.6261 0.004593
 56.7194 0.004600
 56.8142 0.004613
 56.9071 0.004587
 57.0027 0.004580
 57.0968 0.004619
 57.1912 0.004667
 57.2863 0.004736
 57.3819 0.004721
 57.4773 0.004786
 57.5720 0.004852
 57.6681 0.004912
 57.7630 0.004907
 57.8585 0.004943
 57.9549 0.004980
 58.0503 0.004976
 58.1466 0.005024
 58.2418 0.005025
 58.3391 0.005035
 58.4361 0.005026
 58.5333 0.004969
 58.6311 0.004980
 58.7298 0.004993
 58.8286 0.005009
 58.9275 0.005053
 59.0272 0.005055
 59.1269 0.005106
 59.2281 0.005095
 59.3288 0.005150
 59.4293 0.005168
 59.5320 0.005186
 59.6338 0.005187
 59.7369 0.005199
 59.8388 0.005252
 59.9437 0.005297
 60.0482 0.005332
 60.1533 0.005346
 60.2595 0.005409
 60.3659 0.005478
 60.4732 0.005469
 60.5814 0.005508
 60.6912 0.005523
 60.8007 0.005550
 60.9097 0.005536
 61.0200 0.005527
 61.1333 0.005577
 61.2471 0.005600
 61.3596 0.005679
 61.4734 0.005772
 61.5882 0.005790
 61.7048 0.005820
 61.8219 0.005932
 61.9402 0.005963
 62.0614 0.006020
 62.1818 0.006065
 62.3032 0.006062
 62.4289 0.006056
 62.5533 0.006064
 62.6799 0.006033
 62.8082 0.006097
 62.9388 0.006151
 63.0694 0.006198
 63.2019 0.006167
 63.3369 0.006242
 63.4724 0.006306
 63.6107 0.006453
 63.7508 0.006494
 63.8959 0.006531
 64.0414 0.006605
 64.1876 0.006648
 64.3367 0.006650
 64.4897 0.006661
 64.6428 0.006607
 64.8010 0.006654
 64.9624 0.006776
 65.1260 0.006863
 65.2936 0.006887
 65.4636 0.006890
 65.6389 0.006875
 65.8180 0.006956
 65.9980 0.006954
 66.1846 0.007013
 66.3754 0.007155
 66.5725 0.007275
 66.7732 0.007423
 66.9820 0.007470
 67.1956 0.007537
 67.4161 0.007629
 67.6436 0.007602
 67.8790 0.007681
 68.1214 0.007634
 68.3749 0.007950
 68.6343 0.008179
 68.9070 0.008258
 69.1929 0.008396
 69.4925 0.008550
 69.8035 0.008837
 70.1321 0.009035
 70.4815 0.009377
 70.8552 0.009777
 71.2501 0.010111
 71.6724 0.010427
 72.1296 0.010825
 72.6346 0.011105
 73.1874 0.011756
 73.8076 0.012616
 74.5111 0.013440
 75.3298 0.014018
 76.3207 0.015602
 77.5673 0.017354
 79.2604 0.021299
 79.6864 0.021868
 80.1869 0.023181
 80.7214 0.023963
 81.3362 0.025685
 82.0661 0.028215
 82.9841 0.032331
 84.0859 0.037290
 85.6191 0.043496
 88.2475 0.057866
 90.6474 0.081724
 93.9226 0.127572
 96.2801 0.173068
lm2s-08-5 3 1
 37.1333 0.057700
 37.9310 0.042755
 39.0090 0.031005
 39.9360 0.024195
 40.9463 0.019071
 41.5916 0.016127
 42.0596 0.014180
 42.4461 0.012962
 42.7788 0.011818
 43.0607 0.010825
 43.3086 0.010352
 43.5369 0.009963
 43.7448 0.009643
 44.5768 0.008530
 45.2094 0.007762
 45.7311 0.007716
 46.1737 0.007211
 46.5693 0.007009
 46.9234 0.006631
 47.2379 0.006559
 47.5366 0.006465
 47.8124 0.006404
 48.0688 0.006236
 48.3130 0.006162
 48.5433 0.006020
 48.7601 0.006039
 48.9705 0.005818
 49.1699 0.005788
 49.3631 0.005719
 49.5486 0.005638
 49.7280 0.005579
 49.9007 0.005443
 50.0688 0.005398
 50.2327 0.005283
 50.3910 0.005288
 50.5452 0.005169
 50.6968 0.005124
 50.8446 0.005136
 50.9890 0.005164
 51.1319 0.005197
 51.2709 0.005204
 51.4075 0.005157
 51.5429 0.005172
 51.6755 0.005099
 51.8045 0.005088
 51.9300 0.005053
 52.0548 0.004985
 52.1793 0.005015
 52.3017 0.004969
 52.4220 0.004916
 52.5421 0.004840
 52.6594 0.004862
 52.7750 0.004820
 52.8889 0.004827
 53.0032 0.004834
 53.1157 0.004816
 53.2280 0.004811
 53.3368 0.004737
 53.4456 0.004732
 53.5552 0.004628
 53.6634 0.004641
 53.7695 0.004581
 53.8762 0.004510
 53.9805 0.004585
 54.0851 0.004545
 54.1894 0.004512
 54.2934 0.004466
 54.3959 0.004423
 54.4965 0.004460
 54.5980 0.004452
 54.6982 0.004433
 54.7994 0.004430
 54.8989 0.004445
 54.9983 0.004486
 55.0966 0.004458
 55.1951 0.004474
 55.2924 0.004477
 55.3895 0.004443
 55.4860 0.004456
 55.5827 0.004491
 55.6797 0.004486
 55.7769 0.004492
 55.8731 0.004501
 55.9690 0.004502
 56.0645 0.004511
 56.1594 0.004497
 56.2552 0.004508
 56.3510 0.004488
 56.4462 0.004495
 56.5408 0.004517
 56.6346 0.004512
 56.7290 0.004511
 56.8230 0.004562
 56.9174 0.004552
 57.0124 0.004539
 57.1056 0.004585
 57.2000 0.004592
 57.2941 0.004618
 57.3886 0.004640
 57.4816 0.004725
 57.5760 0.004737
 57.6710 0.004753
 57.7658 0.004791
 57.8590 0.004863
 57.9537 0.004881
 58.0494 0.004905
 58.1438 0.004895
 58.2388 0.004936
 58.3331 0.004962
 58.4285 0.005020
 58.5246 0.005011
 58.6203 0.004992
 58.7163 0.005048
 58.8126 0.005067
 58.9083 0.005137
 59.0054 0.005102
 59.1017 0.005099
 59.1987 0.005102
 59.2964 0.005095
 59.3953 0.005110
 59.4930 0.005112
 59.5909 0.005067
 59.6899 0.005083
 59.7890 0.005074
 59.8885 0.005081
 59.9899 0.005091
 60.0904 0.005117
 60.1914 0.005163
 60.2931 0.005162
 60.3951 0.005201
 60.4985 0.005184
 60.6014 0.005245
 60.7062 0.005243
 60.8117 0.005296
 60.9173 0.005386
 61.0248 0.005407
 61.1311 0.005418
 61.2379 0.005472
 61.3453 0.005546
 61.4531 0.005613
 61.5610 0.005646
 61.6705 0.005622
 61.7821 0.005618
 61.8939 0.005701
 62.0065 0.005752
 62.1197 0.005769
 62.2345 0.005783
 62.3498 0.005833
 62.4665 0.005889
 62.5847 0.005937
 62.7025 0.005959
 62.8231 0.005986
 62.9445 0.005956
 63.0683 0.005958
 63.1894 0.005949
 63.3167 0.005979
 63.4429 0.005981
 63.5708 0.006060
 63.7007 0.006056
 63.8315 0.006125
 63.9645 0.006232
 64.1007 0.006293
 64.2364 0.006353
 64.3731 0.006349
 64.5136 0.006419
 64.6578 0.006422
 64.8019 0.006471
 64.9494 0.006518
 65.0991 0.006590
 65.2531 0.006665
 65.4085 0.006612
 65.5656 0.006582
 65.7267 0.006621
 65.8916 0.006621
 66.0577 0.006738
 66.2279 0.006835
 66.3990 0.006929
 66.5792 0.006966
 66.7628 0.007079
 66.9498 0.007161
 67.1420 0.007184
 67.3354 0.007348
 67.5367 0.007504
 67.7460 0.007579
 67.9610 0.007660
 68.1807 0.007743
 68.4059 0.007899
 68.6403 0.008004
 68.8840 0.008134
 69.1362 0.008213
 69.3954 0.008258
 69.6657 0.008526
 69.9486 0.008481
 70.2448 0.008841
 70.5587 0.008926
 70.8905 0.009201
 71.2400 0.009589
 71.6150 0.009794
 72.0100 0.010286
 72.4335 0.010471
 72.8947 0.010936
 73.3939 0.011228
 73.9465 0.011802
 74.5702 0.012663
 75.2631 0.013596
 76.0849 0.014634
 77.0817 0.015989
 78.3268 0.017563
 80.0136 0.021022
 80.4443 0.022106
 80.9276 0.022370
 81.4794 0.024376
 82.1095 0.025928
 82.8597 0.029882
 83.7340 0.032558
 84.8313 0.037745
 86.4310 0.044668
 88.9914 0.059760
 91.3393 0.081619
 94.7067 0.128553
 97.0541 0.173292
 tr0-08-5 3 1
137.8718 0.186746
140.4393 0.145948
144.2332 0.100536
147.2048 0.074244
150.4245 0.056985
152.4183 0.049160
153.9081 0.042026
155.0948 0.037661
156.0953 0.034784
156.9577 0.032568
157.7214 0.030731
158.4043 0.029468
159.0224 0.028943
161.5337 0.025313
163.4160 0.023810
164.9547 0.023183
166.2541 0.021705
167.4010 0.020727
168.4143 0.020249
169.3349 0.019310
170.1864 0.017925
170.9654 0.017891
171.6942 0.017408
172.3758 0.017251
173.0238 0.017072
173.6370 0.016485
174.2201 0.016419
174.7865 0.016062
175.3243 0.015688
175.8373 0.015832
176.3336 0.015726
176.8137 0.015429
177.2749 0.015390
177.7279 0.015383
178.1673 0.015238
178.5958 0.015186
179.0139 0.014623
179.4229 0.014420
179.8205 0.014343
180.2034 0.014451
180.5851 0.014503
180.9570 0.014391
181.3225 0.014026
181.6797 0.014153
182.0323 0.013754
182.3759 0.013659
182.7143 0.013595
183.0472 0.013473
183.3725 0.013177
183.6941 0.013215
184.0154 0.013038
184.3272 0.012961
184.6357 0.013045
184.9365 0.012948
185.2368 0.012863
185.5370 0.012701
185.8302 0.012616
186.1227 0.012607
186.4127 0.012646
186.7000 0.012412
186.9830 0.012459
187.2643 0.012380
187.5410 0.012212
187.8152 0.012231
188.0883 0.012314
188.3595 0.012312
188.6271 0.012254
188.8939 0.012336
189.1558 0.012231
189.4193 0.012247
189.6821 0.012224
189.9412 0.012176
190.2014 0.012146
190.4571 0.012118
190.7134 0.011964
190.9631 0.012018
191.2127 0.012066
191.4657 0.012142
191.7133 0.012026
191.9635 0.012074
192.2110 0.012145
192.4568 0.012070
192.7035 0.012029
192.9448 0.012070
193.1870 0.012065
193.4296 0.012210
193.6713 0.012235
193.9117 0.012322
194.1531 0.012407
194.3948 0.012309
194.6326 0.012248
194.8712 0.012214
195.1097 0.012163
195.3516 0.012020
195.5879 0.012005
195.8250 0.012143
196.0606 0.011980
196.2961 0.011853
196.5342 0.011882
196.7680 0.011907
197.0024 0.011968
197.2392 0.011919
197.4743 0.011743
197.7089 0.011717
197.9445 0.011848
198.1830 0.011802
198.4142 0.011732
198.6500 0.011712
198.8850 0.011765
199.1172 0.011750
199.3563 0.011774
199.5890 0.011856
199.8259 0.011894
200.0623 0.011817
200.2991 0.011822
200.5354 0.011895
200.7724 0.011948
201.0099 0.011937
201.2470 0.012034
201.4871 0.012225
201.7277 0.012192
201.9689 0.012111
202.2073 0.012070
202.4515 0.012148
202.6915 0.012197
202.9342 0.012202
203.1765 0.012363
203.4208 0.012441
203.6659 0.012351
203.9136 0.012333
204.1619 0.012345
204.4115 0.012427
204.6598 0.012658
204.9108 0.012652
205.1597 0.012651
205.4119 0.012854
205.6653 0.012837
205.9209 0.012842
206.1769 0.012834
206.4326 0.012909
206.6951 0.013033
206.9558 0.013018
207.2190 0.013174
207.4850 0.013451
207.7528 0.013544
208.0224 0.013720
208.2947 0.013662
208.5647 0.013552
208.8354 0.013508
209.1109 0.013606
209.3927 0.013592
209.6784 0.013651
209.9580 0.013800
210.2455 0.014021
210.5371 0.014048
210.8288 0.014009
211.1241 0.014124
211.4218 0.014040
211.7190 0.014195
212.0226 0.014329
212.3269 0.014477
212.6384 0.014820
212.9594 0.015078
213.2807 0.015136
213.6044 0.015249
213.9302 0.015486
214.2626 0.015544
214.5996 0.015789
214.9452 0.015688
215.2939 0.015739
215.6454 0.015887
216.0033 0.016093
216.3686 0.016196
216.7402 0.016352
217.1130 0.016409
217.4982 0.016658
217.8921 0.016708
218.2905 0.016913
218.6983 0.017010
219.1174 0.017020
219.5418 0.017111
219.9787 0.017148
220.4308 0.017361
220.8898 0.017584
221.3645 0.017661
221.8459 0.017597
222.3439 0.017852
222.8594 0.018096
223.3892 0.018272
223.9435 0.018848
224.5173 0.019123
225.1185 0.019283
225.7349 0.019352
226.3923 0.019429
227.0633 0.019978
227.7765 0.020297
228.5160 0.021063
229.3049 0.021018
230.1486 0.021776
231.0555 0.022533
232.0394 0.023395
233.0925 0.023404
234.2578 0.025052
235.5490 0.025937
237.0170 0.027753
238.7063 0.030166
240.7194 0.033986
243.2303 0.036461
246.6249 0.045328
247.4763 0.047813
248.4019 0.050251
249.4326 0.053239
250.6693 0.057323
252.0418 0.061287
253.7417 0.066558
255.8849 0.074086
258.7664 0.087423
263.5654 0.115774
268.1641 0.152110
273.9737 0.235660
277.9261 0.306049
 tr1-08-5 3 1
151.7901 0.190735
154.4863 0.149286
158.0755 0.100096
161.1323 0.077721
164.5371 0.057206
166.6285 0.052075
168.1592 0.045796
169.4187 0.039546
170.4682 0.037249
171.3461 0.035135
172.1518 0.034136
172.8629 0.032531
173.5034 0.031139
176.1152 0.026699
178.0879 0.024915
179.6698 0.023445
181.0236 0.021858
182.2137 0.021177
183.2679 0.020699
184.2072 0.019140
185.0961 0.018178
185.9246 0.017701
186.6827 0.017243
187.3879 0.016830
188.0619 0.016707
188.7037 0.016606
189.3064 0.016612
189.8834 0.016576
190.4416 0.016256
190.9765 0.016179
191.4952 0.016080
191.9940 0.015865
192.4850 0.015754
192.9575 0.015596
193.4124 0.015256
193.8522 0.015070
194.2795 0.014970
194.7051 0.014950
195.1205 0.014680
195.5284 0.014496
195.9207 0.014074
196.3073 0.013963
196.6814 0.013991
197.0493 0.013961
197.4128 0.013977
197.7712 0.013816
198.1210 0.013877
198.4678 0.013731
198.8028 0.013573
199.1394 0.013564
199.4681 0.013227
199.7941 0.013215
200.1181 0.013063
200.4339 0.012981
200.7504 0.012912
201.0561 0.012971
201.3629 0.012935
201.6669 0.012885
201.9656 0.012868
202.2644 0.012880
202.5544 0.012769
202.8439 0.012739
203.1349 0.012550
203.4177 0.012551
203.7029 0.012351
203.9850 0.012386
204.2628 0.012497
204.5400 0.012472
204.8115 0.012551
205.0865 0.012702
205.3553 0.012752
205.6200 0.012775
205.8872 0.012753
206.1548 0.012826
206.4147 0.012804
206.6748 0.012922
206.9366 0.012952
207.1988 0.012923
207.4552 0.012918
207.7113 0.013130
207.9699 0.013149
208.2232 0.013191
208.4758 0.013171
208.7289 0.013049
208.9813 0.013040
209.2332 0.013042
209.4813 0.012965
209.7314 0.012933
209.9785 0.012891
210.2238 0.012948
210.4729 0.012895
210.7183 0.012764
210.9653 0.012809
211.2108 0.012780
211.4535 0.012755
211.6989 0.012765
211.9446 0.012801
212.1900 0.012741
212.4327 0.012937
212.6805 0.012999
212.9236 0.012975
213.1655 0.013018
213.4075 0.013069
213.6516 0.013117
213.8915 0.013158
214.1347 0.013098
214.3794 0.013098
214.6249 0.012960
214.8672 0.012985
215.1124 0.013022
215.3568 0.013008
215.5980 0.012956
215.8434 0.012909
216.0863 0.012822
216.3301 0.012773
216.5750 0.012808
216.8211 0.012884
217.0641 0.012869
217.3099 0.012863
217.5565 0.012806
217.8051 0.012670
218.0564 0.012728
218.3065 0.012732
218.5559 0.012831
218.8095 0.012913
219.0596 0.012936
219.3126 0.012888
219.5661 0.012971
219.8254 0.013053
220.0828 0.013113
220.3373 0.013081
220.5949 0.013064
220.8525 0.013034
221.1104 0.013101
221.3669 0.012939
221.6291 0.012891
221.8914 0.012831
222.1540 0.012679
222.4205 0.012724
222.6888 0.012609
222.9556 0.012696
223.2240 0.012733
223.4925 0.012797
223.7669 0.012790
224.0437 0.012960
224.3192 0.013003
224.5937 0.013121
224.8727 0.013383
225.1562 0.013591
225.4426 0.013810
225.7307 0.013795
226.0222 0.013812
226.3177 0.013917
226.6108 0.013828
226.9081 0.014031
227.2148 0.014206
227.5157 0.014409
227.8212 0.014503
228.1306 0.014595
228.4438 0.014764
228.7605 0.014840
229.0868 0.014852
229.4143 0.014774
229.7488 0.014812
230.0819 0.015165
230.4176 0.015199
230.7587 0.015552
231.1133 0.015683
231.4699 0.015777
231.8291 0.015897
232.1976 0.015975
232.5710 0.016162
232.9467 0.016250
233.3345 0.016283
233.7255 0.016372
234.1213 0.016551
234.5262 0.016774
234.9369 0.016916
235.3567 0.017307
235.7903 0.017482
236.2337 0.017758
236.6848 0.017697
237.1417 0.017803
237.6169 0.018070
238.1059 0.018249
238.6096 0.018717
239.1253 0.019052
239.6517 0.019210
240.2020 0.019289
240.7663 0.019500
241.3654 0.019802
241.9895 0.020293
242.6246 0.020834
243.2884 0.021356
243.9834 0.021632
244.7193 0.021399
245.4849 0.021643
246.3001 0.022185
247.1706 0.022909
248.1153 0.023618
249.1124 0.024520
250.2111 0.025046
251.4051 0.025787
252.7532 0.027699
254.2672 0.029969
256.0057 0.032293
258.0783 0.035106
260.6537 0.038854
264.1454 0.045767
265.0321 0.048832
266.0157 0.051826
267.1213 0.052809
268.3508 0.054322
269.7889 0.059249
271.4961 0.065366
273.6130 0.075377
276.5379 0.084312
281.5455 0.118533
286.4382 0.154929
292.3793 0.228478
297.0285 0.306599
tr1s-08-5 3 1
159.4865 0.201935
162.1094 0.151236
165.6739 0.102436
168.8373 0.074900
172.3058 0.056720
174.3799 0.047565
175.8885 0.042356
177.1536 0.039752
178.2080 0.036816
179.1214 0.035875
179.8977 0.033131
180.6417 0.031627
181.2719 0.030763
183.9299 0.027139
185.9106 0.024633
187.5193 0.022593
188.8754 0.021785
190.0624 0.021135
191.1246 0.020810
192.0859 0.019814
192.9643 0.019104
193.7797 0.018456
194.5500 0.018223
195.2623 0.018186
195.9467 0.017679
196.5947 0.017370
197.1975 0.017272
197.7857 0.016820
198.3402 0.016708
198.8816 0.016670
199.4078 0.016432
199.9082 0.016003
200.3920 0.016024
200.8640 0.015857
201.3256 0.015665
201.7716 0.015388
202.2055 0.015083
202.6309 0.015031
203.0404 0.014774
203.4415 0.014722
203.8383 0.014296
204.2257 0.014171
204.6023 0.014052
204.9749 0.013917
205.3404 0.013898
205.6998 0.013751
206.0527 0.013703
206.4032 0.013648
206.7467 0.013484
207.0845 0.013469
207.4152 0.013470
207.7405 0.013304
208.0609 0.013468
208.3777 0.013527
208.6898 0.013466
209.0003 0.013433
209.3078 0.013438
209.6135 0.013204
209.9121 0.013184
210.2109 0.013013
210.5067 0.013201
210.7981 0.013085
211.0862 0.013139
211.3733 0.013050
211.6544 0.013007
211.9353 0.013054
212.2128 0.012811
212.4896 0.012966
212.7613 0.012876
213.0347 0.012951
213.3042 0.012819
213.5753 0.012861
213.8420 0.012938
214.1107 0.012936
214.3760 0.012878
214.6389 0.012952
214.8990 0.012833
215.1594 0.012752
215.4219 0.012734
215.6799 0.012764
215.9402 0.012757
216.1986 0.012898
216.4522 0.012799
216.7085 0.012754
216.9605 0.012829
217.2127 0.012873
217.4628 0.012819
217.7130 0.012879
217.9630 0.012936
218.2102 0.012982
218.4574 0.012964
218.7047 0.012973
218.9518 0.013060
219.1949 0.013033
219.4420 0.012990
219.6852 0.012976
219.9311 0.013044
220.1781 0.013122
220.4239 0.012998
220.6677 0.012989
220.9156 0.013106
221.1615 0.012977
221.4057 0.013053
221.6526 0.013116
221.8944 0.013078
222.1399 0.013044
222.3839 0.013067
222.6277 0.012994
222.8733 0.013060
223.1173 0.012986
223.3632 0.012907
223.6092 0.012911
223.8545 0.013016
224.1004 0.013085
224.3467 0.013038
224.5941 0.013120
224.8417 0.013060
225.0884 0.013144
225.3363 0.013109
225.5820 0.013159
225.8302 0.013121
226.0775 0.013121
226.3256 0.013196
226.5749 0.013216
226.8282 0.013328
227.0805 0.013202
227.3343 0.013118
227.5870 0.013079
227.8392 0.013058
228.0947 0.013087
228.3524 0.013040
228.6094 0.012982
228.8699 0.012957
229.1297 0.012798
229.3907 0.012701
229.6500 0.012765
229.9155 0.012705
230.1806 0.012719
230.4490 0.012740
230.7170 0.012737
230.9858 0.012804
231.2575 0.012983
231.5299 0.013132
231.8050 0.013246
232.0803 0.013119
232.3602 0.013215
232.6392 0.013370
232.9227 0.013593
233.2077 0.013768
233.4957 0.013887
233.7846 0.014020
234.0757 0.014044
234.3686 0.014169
234.6596 0.014268
234.9600 0.014339
235.2640 0.014508
235.5673 0.014611
235.8753 0.014683
236.1897 0.014663
236.5077 0.014871
236.8291 0.014852
237.1521 0.014800
237.4795 0.014933
237.8099 0.015235
238.1468 0.015297
238.4812 0.015132
238.8276 0.015451
239.1796 0.015476
239.5370 0.015394
239.8952 0.015488
240.2596 0.015577
240.6258 0.015593
241.0047 0.015900
241.3872 0.016154
241.7766 0.016288
242.1774 0.016444
242.5808 0.016732
242.9926 0.016889
243.4164 0.017112
243.8514 0.017165
244.2883 0.017613
244.7432 0.017623
245.2123 0.017840
245.6957 0.018178
246.1813 0.018323
246.6838 0.018517
247.2004 0.018578
247.7304 0.018812
248.2782 0.019101
248.8490 0.019625
249.4442 0.019849
250.0673 0.020218
250.7058 0.020640
251.3774 0.021094
252.0821 0.021125
252.8221 0.021818
253.5892 0.022437
254.4029 0.022867
255.2869 0.023270
256.2242 0.023557
257.2327 0.024184
258.3363 0.025163
259.5421 0.026348
260.8839 0.027373
262.3998 0.029166
264.1385 0.031343
266.2159 0.034907
268.8138 0.039161
272.3248 0.047305
273.2019 0.049505
274.1713 0.050588
275.2693 0.054301
276.5010 0.057272
277.9571 0.062107
279.6508 0.067840
281.7549 0.076507
284.6810 0.091474
289.6223 0.117418
294.5679 0.161097
300.7354 0.230491
305.2460 0.302711
 tr2-08-5 3 1
165.6781 0.193255
168.5238 0.145681
172.4881 0.101788
175.6467 0.075169
179.1980 0.055791
181.3707 0.047999
183.0084 0.043720
184.2980 0.039496
185.3625 0.037513
186.2991 0.035626
187.1140 0.034337
187.8751 0.033446
188.5444 0.033058
191.2792 0.028257
193.3152 0.025157
194.9662 0.024126
196.3847 0.022624
197.6166 0.021508
198.7115 0.020266
199.6937 0.019542
200.5985 0.019059
201.4532 0.018814
202.2355 0.018822
202.9760 0.018540
203.6723 0.018261
204.3372 0.018157
204.9634 0.017714
205.5755 0.017647
206.1464 0.017256
206.7045 0.017239
207.2378 0.017078
207.7573 0.016798
208.2544 0.016446
208.7445 0.016306
209.2137 0.016046
209.6696 0.015890
210.1135 0.015714
210.5520 0.015841
210.9767 0.015674
211.3938 0.015500
211.8025 0.015377
212.1987 0.015034
212.5880 0.014924
212.9714 0.015218
213.3484 0.014986
213.7186 0.014942
214.0833 0.014812
214.4447 0.014640
214.7988 0.014530
215.1430 0.014654
215.4853 0.014435
215.8254 0.014203
216.1580 0.014096
216.4867 0.014098
216.8105 0.013936
217.1317 0.013880
217.4504 0.013617
217.7622 0.013377
218.0721 0.013250
218.3788 0.013162
218.6814 0.013029
218.9830 0.013075
219.2808 0.013170
219.5767 0.013107
219.8703 0.013016
220.1612 0.012958
220.4431 0.013220
220.7326 0.013451
221.0181 0.013357
221.3024 0.013319
221.5827 0.013303
221.8603 0.013376
222.1362 0.013288
222.4078 0.013209
222.6793 0.013285
222.9473 0.013198
223.2198 0.013293
223.4870 0.013190
223.7556 0.013108
224.0207 0.013128
224.2843 0.013062
224.5460 0.013175
224.8097 0.013080
225.0738 0.013090
225.3349 0.013034
225.5960 0.012949
225.8574 0.012906
226.1169 0.012844
226.3742 0.012907
226.6315 0.012741
226.8901 0.012811
227.1449 0.012748
227.3951 0.012555
227.6470 0.012557
227.9005 0.012564
228.1515 0.012626
228.4016 0.012586
228.6527 0.012665
228.9055 0.012596
229.1584 0.012649
229.4133 0.012597
229.6667 0.012590
229.9201 0.012617
230.1710 0.012686
230.4223 0.012647
230.6720 0.012655
230.9238 0.012657
231.1736 0.012720
231.4259 0.012806
231.6774 0.012785
231.9318 0.013008
232.1843 0.013146
232.4363 0.013285
232.6898 0.013229
232.9431 0.013318
233.1962 0.013288
233.4521 0.013283
233.7066 0.013370
233.9604 0.013448
234.2118 0.013443
234.4644 0.013362
234.7208 0.013323
234.9802 0.013212
235.2388 0.013192
235.4988 0.013172
235.7560 0.013245
236.0170 0.013277
236.2761 0.013392
236.5392 0.013395
236.8032 0.013321
237.0669 0.013420
237.3299 0.013439
237.5980 0.013309
237.8647 0.013434
238.1314 0.013496
238.4001 0.013502
238.6713 0.013532
238.9437 0.013459
239.2190 0.013634
239.4931 0.013733
239.7695 0.013743
240.0482 0.013834
240.3294 0.013852
240.6148 0.014084
240.9013 0.014179
241.1873 0.014232
241.4738 0.014270
241.7629 0.014462
242.0554 0.014440
242.3478 0.014474
242.6510 0.014433
242.9484 0.014415
243.2516 0.014593
243.5583 0.014656
243.8689 0.014624
244.1808 0.014722
244.4940 0.014857
244.8140 0.014710
245.1316 0.014803
245.4539 0.014778
245.7835 0.014634
246.1162 0.014948
246.4531 0.015126
246.7910 0.015038
247.1378 0.015336
247.4888 0.015479
247.8428 0.015499
248.2022 0.015473
248.5658 0.015431
248.9401 0.015725
249.3177 0.015876
249.6951 0.016051
250.0875 0.015811
250.4811 0.016042
250.8874 0.016116
251.2961 0.016368
251.7157 0.016665
252.1449 0.016622
252.5822 0.016950
253.0258 0.017134
253.4820 0.017302
253.9434 0.017544
254.4133 0.017800
254.9071 0.018049
255.4105 0.018341
255.9307 0.018868
256.4591 0.019019
257.0042 0.019180
257.5662 0.019395
258.1534 0.019632
258.7657 0.020028
259.3949 0.020330
260.0503 0.020864
260.7371 0.021144
261.4482 0.021757
262.2041 0.022233
263.0109 0.022897
263.8522 0.023626
264.7519 0.024300
265.7191 0.024669
266.7547 0.025040
267.8862 0.026060
269.1126 0.026916
270.5123 0.028628
272.0535 0.029740
273.8455 0.032107
275.9604 0.033996
278.6093 0.037385
282.1678 0.045707
283.0744 0.047823
284.0902 0.050385
285.2347 0.051484
286.4920 0.054678
288.0065 0.058339
289.7738 0.062923
292.0406 0.070830
295.1140 0.084861
300.3178 0.116564
305.1407 0.155756
311.5083 0.235056
316.0661 0.327376
tr2s-08-5 3 1
173.5112 0.192544
176.3706 0.146963
180.4232 0.102986
183.5326 0.075640
187.0988 0.059312
189.3169 0.049628
190.9042 0.045105
192.2177 0.041810
193.3299 0.038984
194.2754 0.036919
195.1027 0.035311
195.8243 0.032577
196.5089 0.031793
199.2320 0.028396
201.2781 0.026156
202.9479 0.023797
204.3479 0.023000
205.5905 0.022274
206.6847 0.021183
207.6674 0.020523
208.5840 0.019543
209.4227 0.019034
210.2097 0.018428
210.9476 0.018116
211.6519 0.017968
212.3247 0.017698
212.9576 0.017443
213.5543 0.017448
214.1296 0.017412
214.6909 0.017175
215.2207 0.016713
215.7433 0.016296
216.2400 0.016243
216.7249 0.015998
217.1984 0.015834
217.6529 0.015535
218.1040 0.015203
218.5389 0.014939
218.9664 0.015144
219.3825 0.015082
219.7907 0.014990
220.1903 0.014952
220.5814 0.014921
220.9648 0.015081
221.3433 0.014672
221.7134 0.014682
222.0747 0.014448
222.4295 0.014098
222.7826 0.013970
223.1329 0.013875
223.4738 0.013710
223.8122 0.013696
224.1467 0.013510
224.4804 0.013389
224.8057 0.013186
225.1237 0.013184
225.4396 0.013147
225.7583 0.013142
226.0686 0.013204
226.3701 0.013338
226.6727 0.013451
226.9740 0.013434
227.2720 0.013388
227.5650 0.013380
227.8578 0.013451
228.1443 0.013470
228.4336 0.013495
228.7219 0.013324
229.0040 0.013381
229.2867 0.013351
229.5701 0.013254
229.8489 0.013133
230.1260 0.013074
230.4012 0.013051
230.6712 0.013025
230.9430 0.013006
231.2138 0.013033
231.4810 0.012988
231.7508 0.013210
232.0171 0.013045
232.2828 0.012955
232.5468 0.013093
232.8054 0.013173
233.0665 0.013114
233.3256 0.013119
233.5899 0.013076
233.8513 0.012856
234.1097 0.012710
234.3695 0.012623
234.6255 0.012679
234.8816 0.012719
235.1371 0.012722
235.3931 0.012708
235.6466 0.012746
235.9008 0.012772
236.1533 0.012708
236.4081 0.012700
236.6603 0.012802
236.9121 0.012849
237.1639 0.012821
237.4145 0.012904
237.6678 0.012764
237.9175 0.012757
238.1696 0.012751
238.4189 0.012814
238.6710 0.012815
238.9212 0.012785
239.1740 0.012678
239.4279 0.012714
239.6810 0.012822
239.9309 0.012775
240.1836 0.012720
240.4383 0.012766
240.6874 0.012851
240.9397 0.012731
241.1945 0.012821
241.4466 0.012781
241.7016 0.012651
241.9592 0.012667
242.2143 0.012762
242.4720 0.012833
242.7303 0.012867
242.9878 0.012939
243.2442 0.012895
243.5018 0.012864
243.7595 0.012860
244.0223 0.012875
244.2809 0.013014
244.5453 0.013132
244.8070 0.013225
245.0687 0.013326
245.3325 0.013368
245.5967 0.013475
245.8636 0.013501
246.1318 0.013331
246.4017 0.013513
246.6744 0.013595
246.9428 0.013715
247.2192 0.013956
247.4957 0.013974
247.7729 0.013955
248.0526 0.013992
248.3331 0.014106
248.6187 0.014164
248.9013 0.014301
249.1870 0.014378
249.4747 0.014264
249.7663 0.014102
250.0602 0.014023
250.3540 0.014056
250.6522 0.014011
250.9538 0.014148
251.2553 0.014140
251.5652 0.014088
251.8740 0.014065
252.1892 0.014418
252.5041 0.014561
252.8237 0.014750
253.1464 0.015040
253.4700 0.015111
253.7978 0.015377
254.1295 0.015636
254.4625 0.015641
254.8015 0.015743
255.1501 0.015714
255.4997 0.015890
255.8498 0.015908
256.2086 0.015622
256.5740 0.015697
256.9435 0.015669
257.3210 0.015644
257.6989 0.015684
258.0874 0.015982
258.4861 0.016146
258.8874 0.016346
259.3002 0.016528
259.7205 0.016522
260.1497 0.016693
260.5829 0.016866
261.0211 0.016887
261.4774 0.016783
261.9369 0.016979
262.4084 0.017463
262.8916 0.017738
263.3961 0.018023
263.9094 0.018606
264.4412 0.019328
264.9859 0.019481
265.5571 0.019798
266.1438 0.020243
266.7579 0.020406
267.3820 0.020757
268.0476 0.020970
268.7415 0.021425
269.4650 0.022179
270.2272 0.022768
271.0183 0.023004
271.8712 0.023419
272.7766 0.024160
273.7366 0.024849
274.7665 0.025802
275.8951 0.026481
277.1262 0.027214
278.5034 0.028947
280.0846 0.031150
281.8604 0.032311
284.0001 0.035093
286.6451 0.039401
290.1891 0.046412
291.0888 0.048386
292.1024 0.050590
293.2023 0.053955
294.4683 0.054671
295.9763 0.059118
297.7872 0.065257
300.0468 0.073863
303.2031 0.087983
308.3078 0.116992
313.1270 0.156515
319.3490 0.231493
323.9174 0.312731
