Copyright (C) 1998 James G. MacKinnon, Alfred A. Haug, and Leo Michelis.
 lm0-03-2 2 1
  4.4779 0.012197
  4.7570 0.009924
  5.2142 0.006946
  5.6003 0.005373
  6.0401 0.004317
  6.3233 0.003845
  6.5407 0.003672
  6.7172 0.003408
  6.8660 0.003131
  6.9956 0.003013
  7.1098 0.002914
  7.2141 0.002775
  7.3112 0.002699
  7.7089 0.002560
  8.0166 0.002494
  8.2716 0.002364
  8.4921 0.002279
  8.6902 0.002135
  8.8681 0.002083
  9.0303 0.002085
  9.1828 0.002005
  9.3248 0.001958
  9.4596 0.001929
  9.5860 0.001900
  9.7064 0.001861
  9.8215 0.001860
  9.9313 0.001859
 10.0376 0.001857
 10.1407 0.001851
 10.2393 0.001840
 10.3352 0.001859
 10.4286 0.001823
 10.5196 0.001782
 10.6092 0.001748
 10.6957 0.001747
 10.7800 0.001736
 10.8631 0.001723
 10.9446 0.001702
 11.0244 0.001700
 11.1026 0.001687
 11.1791 0.001656
 11.2555 0.001666
 11.3299 0.001662
 11.4036 0.001625
 11.4762 0.001599
 11.5475 0.001612
 11.6178 0.001617
 11.6869 0.001625
 11.7550 0.001598
 11.8229 0.001595
 11.8905 0.001594
 11.9571 0.001583
 12.0228 0.001576
 12.0879 0.001572
 12.1525 0.001579
 12.2165 0.001577
 12.2801 0.001597
 12.3432 0.001570
 12.4053 0.001562
 12.4673 0.001581
 12.5294 0.001556
 12.5908 0.001548
 12.6513 0.001573
 12.7116 0.001572
 12.7723 0.001557
 12.8325 0.001575
 12.8922 0.001580
 12.9516 0.001575
 13.0104 0.001574
 13.0693 0.001581
 13.1285 0.001598
 13.1867 0.001606
 13.2451 0.001613
 13.3032 0.001642
 13.3607 0.001639
 13.4181 0.001639
 13.4759 0.001637
 13.5334 0.001637
 13.5908 0.001643
 13.6475 0.001636
 13.7046 0.001644
 13.7614 0.001655
 13.8185 0.001642
 13.8752 0.001640
 13.9319 0.001659
 13.9888 0.001662
 14.0455 0.001641
 14.1022 0.001637
 14.1591 0.001643
 14.2152 0.001659
 14.2720 0.001648
 14.3284 0.001664
 14.3849 0.001682
 14.4414 0.001671
 14.4979 0.001662
 14.5549 0.001672
 14.6114 0.001654
 14.6680 0.001672
 14.7252 0.001692
 14.7825 0.001704
 14.8395 0.001712
 14.8966 0.001736
 14.9538 0.001753
 15.0111 0.001742
 15.0684 0.001736
 15.1264 0.001741
 15.1840 0.001739
 15.2421 0.001774
 15.3000 0.001769
 15.3584 0.001773
 15.4170 0.001784
 15.4758 0.001763
 15.5345 0.001776
 15.5935 0.001785
 15.6526 0.001790
 15.7120 0.001800
 15.7715 0.001806
 15.8316 0.001789
 15.8915 0.001774
 15.9518 0.001792
 16.0123 0.001806
 16.0732 0.001815
 16.1342 0.001826
 16.1956 0.001830
 16.2578 0.001817
 16.3197 0.001829
 16.3828 0.001841
 16.4459 0.001865
 16.5087 0.001899
 16.5726 0.001908
 16.6370 0.001889
 16.7007 0.001924
 16.7656 0.001947
 16.8306 0.001964
 16.8961 0.001972
 16.9621 0.001990
 17.0290 0.001983
 17.0963 0.002003
 17.1639 0.002015
 17.2322 0.002035
 17.3008 0.002041
 17.3698 0.002050
 17.4403 0.002042
 17.5112 0.002046
 17.5826 0.002070
 17.6551 0.002084
 17.7282 0.002109
 17.8020 0.002109
 17.8757 0.002118
 17.9517 0.002113
 18.0275 0.002161
 18.1043 0.002177
 18.1819 0.002218
 18.2598 0.002238
 18.3393 0.002219
 18.4203 0.002225
 18.5014 0.002250
 18.5839 0.002299
 18.6670 0.002322
 18.7519 0.002333
 18.8381 0.002367
 18.9251 0.002393
 19.0140 0.002418
 19.1038 0.002419
 19.1953 0.002442
 19.2882 0.002449
 19.3818 0.002451
 19.4776 0.002476
 19.5755 0.002512
 19.6742 0.002534
 19.7751 0.002586
 19.8783 0.002634
 19.9839 0.002676
 20.0916 0.002692
 20.2012 0.002717
 20.3143 0.002724
 20.4298 0.002735
 20.5478 0.002780
 20.6692 0.002776
 20.7928 0.002804
 20.9199 0.002871
 21.0498 0.002893
 21.1835 0.002929
 21.3211 0.003020
 21.4641 0.003039
 21.6114 0.003086
 21.7625 0.003102
 21.9203 0.003123
 22.0830 0.003197
 22.2529 0.003313
 22.4301 0.003396
 22.6142 0.003438
 22.8075 0.003471
 23.0114 0.003565
 23.2237 0.003680
 23.4498 0.003747
 23.6898 0.003893
 23.9437 0.004066
 24.2164 0.004264
 24.5123 0.004434
 24.8330 0.004528
 25.1851 0.004551
 25.5698 0.004822
 26.0033 0.005241
 26.4990 0.005582
 27.0754 0.005844
 27.7783 0.006649
 28.6645 0.007698
 29.8824 0.009421
 30.2022 0.010051
 30.5490 0.010444
 30.9435 0.011144
 31.3957 0.011905
 31.9224 0.012937
 32.5615 0.014362
 33.3848 0.015767
 34.5319 0.018527
 36.4312 0.023990
 38.3159 0.032341
 40.7315 0.054479
 42.4872 0.075881
 lm1-03-2 2 1
  6.0424 0.014776
  6.4038 0.011484
  6.9288 0.008262
  7.3655 0.006474
  7.8542 0.005219
  8.1735 0.004614
  8.4159 0.004163
  8.6135 0.003947
  8.7800 0.003813
  8.9252 0.003570
  9.0547 0.003456
  9.1757 0.003280
  9.2842 0.003212
  9.7290 0.002786
 10.0725 0.002608
 10.3583 0.002518
 10.6012 0.002409
 10.8197 0.002344
 11.0159 0.002284
 11.1957 0.002245
 11.3614 0.002199
 11.5181 0.002149
 11.6655 0.002126
 11.8038 0.002096
 11.9358 0.002029
 12.0629 0.002041
 12.1844 0.002055
 12.3010 0.002048
 12.4139 0.002025
 12.5227 0.002026
 12.6286 0.002021
 12.7312 0.001986
 12.8307 0.001960
 12.9276 0.001947
 13.0223 0.001942
 13.1153 0.001940
 13.2061 0.001932
 13.2954 0.001933
 13.3826 0.001902
 13.4674 0.001892
 13.5510 0.001868
 13.6338 0.001852
 13.7153 0.001828
 13.7946 0.001800
 13.8738 0.001765
 13.9510 0.001781
 14.0277 0.001804
 14.1035 0.001814
 14.1769 0.001818
 14.2500 0.001817
 14.3228 0.001811
 14.3954 0.001812
 14.4671 0.001801
 14.5381 0.001803
 14.6084 0.001799
 14.6784 0.001782
 14.7479 0.001781
 14.8167 0.001778
 14.8848 0.001781
 14.9519 0.001787
 15.0184 0.001777
 15.0851 0.001794
 15.1517 0.001803
 15.2175 0.001810
 15.2829 0.001814
 15.3477 0.001827
 15.4120 0.001825
 15.4765 0.001803
 15.5405 0.001796
 15.6042 0.001801
 15.6673 0.001804
 15.7305 0.001790
 15.7934 0.001811
 15.8556 0.001812
 15.9180 0.001806
 15.9807 0.001810
 16.0432 0.001791
 16.1050 0.001793
 16.1666 0.001788
 16.2284 0.001790
 16.2897 0.001788
 16.3508 0.001780
 16.4119 0.001763
 16.4728 0.001774
 16.5339 0.001741
 16.5950 0.001731
 16.6557 0.001744
 16.7162 0.001743
 16.7772 0.001766
 16.8380 0.001763
 16.8988 0.001791
 16.9599 0.001806
 17.0205 0.001811
 17.0811 0.001816
 17.1420 0.001807
 17.2027 0.001794
 17.2637 0.001802
 17.3245 0.001802
 17.3858 0.001800
 17.4470 0.001833
 17.5083 0.001834
 17.5698 0.001844
 17.6314 0.001872
 17.6927 0.001849
 17.7539 0.001872
 17.8157 0.001892
 17.8778 0.001923
 17.9404 0.001925
 18.0022 0.001933
 18.0648 0.001938
 18.1274 0.001959
 18.1902 0.001969
 18.2530 0.001971
 18.3158 0.001993
 18.3787 0.002012
 18.4423 0.002018
 18.5062 0.002026
 18.5702 0.002038
 18.6348 0.002032
 18.6994 0.002027
 18.7642 0.002029
 18.8296 0.002035
 18.8948 0.002035
 18.9605 0.002041
 19.0268 0.002062
 19.0933 0.002073
 19.1605 0.002078
 19.2277 0.002087
 19.2956 0.002094
 19.3638 0.002090
 19.4323 0.002091
 19.5009 0.002085
 19.5698 0.002090
 19.6394 0.002089
 19.7098 0.002075
 19.7800 0.002076
 19.8518 0.002078
 19.9238 0.002095
 19.9966 0.002091
 20.0691 0.002072
 20.1425 0.002081
 20.2166 0.002110
 20.2914 0.002105
 20.3665 0.002135
 20.4425 0.002168
 20.5191 0.002197
 20.5973 0.002224
 20.6757 0.002229
 20.7546 0.002233
 20.8346 0.002286
 20.9148 0.002294
 20.9963 0.002324
 21.0794 0.002368
 21.1620 0.002369
 21.2459 0.002359
 21.3317 0.002383
 21.4184 0.002389
 21.5056 0.002393
 21.5946 0.002408
 21.6838 0.002438
 21.7749 0.002450
 21.8674 0.002491
 21.9614 0.002493
 22.0563 0.002547
 22.1527 0.002558
 22.2508 0.002598
 22.3512 0.002603
 22.4522 0.002594
 22.5561 0.002589
 22.6617 0.002613
 22.7686 0.002625
 22.8779 0.002684
 22.9889 0.002743
 23.1030 0.002746
 23.2197 0.002820
 23.3392 0.002845
 23.4619 0.002852
 23.5856 0.002893
 23.7139 0.002872
 23.8442 0.002904
 23.9784 0.002949
 24.1162 0.003034
 24.2586 0.003115
 24.4049 0.003136
 24.5556 0.003137
 24.7106 0.003121
 24.8727 0.003183
 25.0394 0.003228
 25.2120 0.003288
 25.3913 0.003335
 25.5789 0.003436
 25.7731 0.003534
 25.9750 0.003708
 26.1884 0.003791
 26.4128 0.003861
 26.6495 0.003906
 26.9010 0.004094
 27.1705 0.004194
 27.4583 0.004404
 27.7678 0.004484
 28.1050 0.004795
 28.4746 0.005040
 28.8839 0.005080
 29.3409 0.005461
 29.8631 0.005821
 30.4675 0.006338
 31.1990 0.007084
 32.1281 0.008243
 33.4133 0.009617
 33.7387 0.010231
 34.0985 0.010777
 34.5045 0.011675
 34.9730 0.012599
 35.5232 0.013555
 36.1982 0.014947
 37.0585 0.016637
 38.2409 0.019525
 40.2155 0.026526
 42.1908 0.037581
 44.6871 0.055805
 46.5517 0.080147
lm1s-03-2 2 1
  6.7544 0.015271
  7.1326 0.010843
  7.6512 0.007571
  8.0956 0.006387
  8.6020 0.005110
  8.9222 0.004389
  9.1645 0.004139
  9.3671 0.003864
  9.5373 0.003612
  9.6868 0.003375
  9.8181 0.003289
  9.9369 0.003239
 10.0471 0.003144
 10.4958 0.002856
 10.8409 0.002587
 11.1271 0.002467
 11.3748 0.002468
 11.5927 0.002327
 11.7883 0.002353
 11.9696 0.002235
 12.1371 0.002175
 12.2944 0.002157
 12.4429 0.002120
 12.5829 0.002121
 12.7159 0.002072
 12.8436 0.002050
 12.9654 0.002020
 13.0825 0.002021
 13.1954 0.002020
 13.3051 0.002014
 13.4111 0.002011
 13.5135 0.002007
 13.6143 0.001956
 13.7118 0.001913
 13.8064 0.001930
 13.8998 0.001925
 13.9906 0.001897
 14.0797 0.001885
 14.1667 0.001875
 14.2518 0.001862
 14.3358 0.001859
 14.4189 0.001837
 14.5004 0.001836
 14.5805 0.001828
 14.6596 0.001818
 14.7378 0.001785
 14.8148 0.001770
 14.8913 0.001746
 14.9662 0.001756
 15.0403 0.001773
 15.1138 0.001777
 15.1863 0.001739
 15.2576 0.001762
 15.3292 0.001769
 15.3997 0.001796
 15.4698 0.001789
 15.5396 0.001802
 15.6081 0.001787
 15.6757 0.001764
 15.7436 0.001776
 15.8109 0.001767
 15.8775 0.001740
 15.9440 0.001745
 16.0100 0.001741
 16.0751 0.001723
 16.1397 0.001744
 16.2045 0.001753
 16.2692 0.001756
 16.3333 0.001729
 16.3969 0.001712
 16.4602 0.001706
 16.5231 0.001707
 16.5859 0.001709
 16.6488 0.001708
 16.7117 0.001708
 16.7736 0.001717
 16.8358 0.001712
 16.8977 0.001726
 16.9596 0.001744
 17.0212 0.001754
 17.0829 0.001765
 17.1444 0.001766
 17.2060 0.001761
 17.2672 0.001773
 17.3285 0.001773
 17.3895 0.001749
 17.4508 0.001765
 17.5119 0.001778
 17.5730 0.001791
 17.6344 0.001806
 17.6953 0.001818
 17.7562 0.001816
 17.8172 0.001810
 17.8784 0.001829
 17.9392 0.001831
 18.0000 0.001839
 18.0613 0.001835
 18.1226 0.001836
 18.1834 0.001851
 18.2448 0.001866
 18.3058 0.001883
 18.3672 0.001872
 18.4286 0.001854
 18.4901 0.001874
 18.5517 0.001893
 18.6132 0.001894
 18.6753 0.001898
 18.7373 0.001898
 18.7995 0.001907
 18.8615 0.001928
 18.9245 0.001956
 18.9872 0.001971
 19.0503 0.001981
 19.1135 0.001992
 19.1771 0.002018
 19.2407 0.002017
 19.3046 0.002029
 19.3690 0.002027
 19.4336 0.002047
 19.4978 0.002034
 19.5631 0.002039
 19.6288 0.002028
 19.6941 0.002012
 19.7597 0.002004
 19.8259 0.001984
 19.8923 0.002004
 19.9594 0.002002
 20.0270 0.002034
 20.0947 0.002067
 20.1630 0.002068
 20.2315 0.002069
 20.3008 0.002063
 20.3702 0.002039
 20.4404 0.002070
 20.5104 0.002067
 20.5813 0.002073
 20.6527 0.002108
 20.7247 0.002119
 20.7970 0.002130
 20.8700 0.002161
 20.9431 0.002166
 21.0176 0.002174
 21.0925 0.002193
 21.1681 0.002218
 21.2441 0.002220
 21.3210 0.002234
 21.3983 0.002264
 21.4766 0.002268
 21.5560 0.002273
 21.6358 0.002302
 21.7164 0.002270
 21.7974 0.002286
 21.8797 0.002325
 21.9632 0.002323
 22.0471 0.002343
 22.1322 0.002372
 22.2183 0.002393
 22.3060 0.002403
 22.3950 0.002419
 22.4852 0.002413
 22.5766 0.002416
 22.6687 0.002455
 22.7618 0.002473
 22.8569 0.002490
 22.9536 0.002494
 23.0526 0.002543
 23.1526 0.002564
 23.2551 0.002581
 23.3595 0.002618
 23.4651 0.002620
 23.5728 0.002612
 23.6828 0.002614
 23.7946 0.002649
 23.9090 0.002674
 24.0257 0.002709
 24.1435 0.002766
 24.2659 0.002829
 24.3907 0.002886
 24.5181 0.002918
 24.6490 0.002898
 24.7838 0.002957
 24.9220 0.003026
 25.0639 0.003040
 25.2108 0.003111
 25.3620 0.003110
 25.5174 0.003143
 25.6785 0.003219
 25.8445 0.003272
 26.0167 0.003381
 26.1959 0.003412
 26.3828 0.003506
 26.5768 0.003541
 26.7799 0.003669
 26.9935 0.003779
 27.2196 0.003795
 27.4569 0.003972
 27.7087 0.004074
 27.9768 0.004188
 28.2650 0.004402
 28.5771 0.004554
 28.9142 0.004667
 29.2800 0.004871
 29.6867 0.005252
 30.1446 0.005502
 30.6629 0.006035
 31.2678 0.006510
 31.9995 0.007240
 32.9244 0.008032
 34.2147 0.009751
 34.5432 0.010218
 34.9058 0.010692
 35.3134 0.011663
 35.7769 0.012313
 36.3255 0.013674
 37.0062 0.014935
 37.8598 0.017185
 39.0435 0.019811
 41.0294 0.027902
 42.9836 0.038421
 45.4776 0.057365
 47.3225 0.079386
 lm2-03-2 2 1
  7.7390 0.015212
  8.1128 0.013096
  8.7022 0.009342
  9.1937 0.006949
  9.7449 0.005694
 10.1006 0.005024
 10.3660 0.004522
 10.5854 0.004262
 10.7709 0.004150
 10.9331 0.004011
 11.0760 0.003861
 11.2079 0.003673
 11.3273 0.003621
 11.8187 0.003234
 12.1942 0.002966
 12.5048 0.002689
 12.7720 0.002732
 13.0097 0.002597
 13.2257 0.002508
 13.4229 0.002375
 13.6045 0.002310
 13.7728 0.002306
 13.9326 0.002300
 14.0844 0.002217
 14.2273 0.002199
 14.3633 0.002167
 14.4930 0.002152
 14.6191 0.002179
 14.7411 0.002112
 14.8581 0.002068
 14.9714 0.002027
 15.0808 0.002027
 15.1888 0.001993
 15.2938 0.001977
 15.3958 0.001927
 15.4958 0.001934
 15.5932 0.001939
 15.6887 0.001927
 15.7826 0.001935
 15.8741 0.001942
 15.9638 0.001917
 16.0526 0.001921
 16.1397 0.001910
 16.2248 0.001896
 16.3098 0.001884
 16.3929 0.001872
 16.4757 0.001891
 16.5567 0.001922
 16.6367 0.001901
 16.7159 0.001911
 16.7940 0.001893
 16.8720 0.001885
 16.9494 0.001900
 17.0263 0.001894
 17.1017 0.001902
 17.1766 0.001922
 17.2502 0.001916
 17.3235 0.001930
 17.3956 0.001929
 17.4675 0.001927
 17.5394 0.001924
 17.6105 0.001924
 17.6812 0.001926
 17.7516 0.001909
 17.8212 0.001892
 17.8909 0.001895
 17.9595 0.001906
 18.0286 0.001902
 18.0976 0.001902
 18.1660 0.001911
 18.2334 0.001901
 18.3015 0.001900
 18.3683 0.001912
 18.4348 0.001912
 18.5017 0.001898
 18.5679 0.001881
 18.6348 0.001887
 18.7009 0.001886
 18.7671 0.001880
 18.8327 0.001864
 18.8985 0.001880
 18.9640 0.001897
 19.0301 0.001895
 19.0949 0.001895
 19.1598 0.001891
 19.2249 0.001916
 19.2899 0.001926
 19.3545 0.001919
 19.4201 0.001922
 19.4849 0.001928
 19.5494 0.001933
 19.6146 0.001926
 19.6792 0.001914
 19.7443 0.001909
 19.8085 0.001903
 19.8723 0.001912
 19.9367 0.001910
 20.0013 0.001912
 20.0660 0.001911
 20.1314 0.001924
 20.1962 0.001932
 20.2617 0.001960
 20.3267 0.001945
 20.3923 0.001974
 20.4574 0.001983
 20.5231 0.001972
 20.5891 0.001959
 20.6550 0.001954
 20.7209 0.001957
 20.7872 0.001956
 20.8535 0.001967
 20.9203 0.001982
 20.9869 0.001984
 21.0541 0.002009
 21.1212 0.002012
 21.1889 0.002041
 21.2559 0.002067
 21.3242 0.002061
 21.3919 0.002089
 21.4602 0.002106
 21.5288 0.002106
 21.5974 0.002126
 21.6668 0.002124
 21.7361 0.002126
 21.8061 0.002127
 21.8764 0.002122
 21.9473 0.002134
 22.0180 0.002151
 22.0893 0.002164
 22.1613 0.002173
 22.2333 0.002167
 22.3059 0.002199
 22.3790 0.002214
 22.4528 0.002237
 22.5268 0.002267
 22.6020 0.002258
 22.6773 0.002286
 22.7530 0.002288
 22.8295 0.002290
 22.9066 0.002291
 22.9842 0.002300
 23.0619 0.002305
 23.1410 0.002331
 23.2201 0.002365
 23.3008 0.002377
 23.3817 0.002370
 23.4637 0.002396
 23.5464 0.002422
 23.6298 0.002412
 23.7135 0.002424
 23.7992 0.002445
 23.8854 0.002459
 23.9732 0.002481
 24.0618 0.002496
 24.1509 0.002516
 24.2414 0.002528
 24.3331 0.002521
 24.4256 0.002532
 24.5188 0.002559
 24.6137 0.002571
 24.7100 0.002598
 24.8074 0.002618
 24.9066 0.002622
 25.0075 0.002631
 25.1096 0.002598
 25.2129 0.002644
 25.3179 0.002684
 25.4249 0.002729
 25.5338 0.002754
 25.6450 0.002768
 25.7584 0.002782
 25.8731 0.002847
 25.9914 0.002874
 26.1107 0.002909
 26.2331 0.002913
 26.3579 0.002954
 26.4858 0.002935
 26.6173 0.002981
 26.7512 0.003008
 26.8886 0.003056
 27.0288 0.003110
 27.1735 0.003122
 27.3230 0.003110
 27.4781 0.003170
 27.6360 0.003189
 27.7994 0.003243
 27.9689 0.003353
 28.1444 0.003410
 28.3238 0.003544
 28.5117 0.003587
 28.7064 0.003702
 28.9100 0.003802
 29.1234 0.003875
 29.3463 0.004064
 29.5818 0.004178
 29.8311 0.004205
 30.0973 0.004346
 30.3777 0.004412
 30.6786 0.004625
 31.0026 0.004752
 31.3538 0.004954
 31.7374 0.005219
 32.1607 0.005441
 32.6335 0.005473
 33.1747 0.006140
 33.8049 0.006713
 34.5643 0.007531
 35.5307 0.008379
 36.8594 0.010262
 37.2011 0.010442
 37.5813 0.010976
 38.0117 0.011750
 38.4961 0.012348
 39.0696 0.013342
 39.7576 0.014079
 40.6369 0.015683
 41.8376 0.019440
 43.8572 0.027784
 45.8411 0.037804
 48.4548 0.061255
 50.4090 0.081331
lm2s-03-2 2 1
  8.5337 0.015972
  8.9244 0.012242
  9.5087 0.008667
 10.0011 0.006800
 10.5592 0.005393
 10.9098 0.004916
 11.1755 0.004614
 11.3962 0.004349
 11.5805 0.004017
 11.7437 0.003921
 11.8895 0.003820
 12.0220 0.003718
 12.1423 0.003561
 12.6313 0.003142
 13.0084 0.002930
 13.3196 0.002792
 13.5883 0.002577
 13.8261 0.002515
 14.0405 0.002380
 14.2349 0.002341
 14.4143 0.002349
 14.5838 0.002263
 14.7434 0.002210
 14.8938 0.002237
 15.0371 0.002195
 15.1741 0.002182
 15.3047 0.002139
 15.4320 0.002096
 15.5535 0.002046
 15.6712 0.002038
 15.7845 0.002040
 15.8947 0.002019
 16.0019 0.002003
 16.1072 0.002009
 16.2090 0.001994
 16.3082 0.001944
 16.4053 0.001961
 16.5002 0.001928
 16.5937 0.001966
 16.6852 0.001940
 16.7755 0.001928
 16.8637 0.001918
 16.9510 0.001922
 17.0368 0.001909
 17.1210 0.001892
 17.2038 0.001888
 17.2859 0.001914
 17.3671 0.001882
 17.4478 0.001886
 17.5275 0.001880
 17.6062 0.001875
 17.6832 0.001899
 17.7604 0.001903
 17.8367 0.001887
 17.9123 0.001878
 17.9867 0.001864
 18.0611 0.001848
 18.1342 0.001844
 18.2069 0.001839
 18.2790 0.001847
 18.3508 0.001854
 18.4214 0.001874
 18.4917 0.001893
 18.5618 0.001908
 18.6316 0.001929
 18.7011 0.001933
 18.7701 0.001954
 18.8386 0.001959
 18.9070 0.001957
 18.9750 0.001941
 19.0428 0.001919
 19.1103 0.001926
 19.1775 0.001914
 19.2447 0.001932
 19.3113 0.001925
 19.3775 0.001917
 19.4446 0.001930
 19.5107 0.001923
 19.5764 0.001927
 19.6422 0.001919
 19.7078 0.001889
 19.7734 0.001892
 19.8383 0.001877
 19.9033 0.001870
 19.9681 0.001885
 20.0334 0.001884
 20.0984 0.001878
 20.1634 0.001866
 20.2276 0.001862
 20.2930 0.001863
 20.3578 0.001853
 20.4226 0.001861
 20.4872 0.001850
 20.5520 0.001855
 20.6166 0.001861
 20.6813 0.001870
 20.7455 0.001878
 20.8103 0.001866
 20.8753 0.001858
 20.9403 0.001878
 21.0054 0.001877
 21.0701 0.001901
 21.1351 0.001917
 21.2007 0.001927
 21.2661 0.001950
 21.3316 0.001954
 21.3972 0.001960
 21.4630 0.001964
 21.5285 0.001959
 21.5945 0.001977
 21.6607 0.001992
 21.7274 0.001994
 21.7941 0.002000
 21.8604 0.002005
 21.9272 0.002005
 21.9945 0.002005
 22.0624 0.002031
 22.1301 0.002021
 22.1979 0.002039
 22.2661 0.002045
 22.3343 0.002064
 22.4029 0.002075
 22.4722 0.002080
 22.5417 0.002099
 22.6118 0.002120
 22.6823 0.002158
 22.7528 0.002190
 22.8239 0.002195
 22.8951 0.002200
 22.9668 0.002221
 23.0391 0.002215
 23.1125 0.002213
 23.1856 0.002225
 23.2590 0.002228
 23.3329 0.002240
 23.4071 0.002248
 23.4824 0.002242
 23.5581 0.002259
 23.6349 0.002267
 23.7118 0.002285
 23.7888 0.002308
 23.8674 0.002326
 23.9471 0.002337
 24.0271 0.002353
 24.1075 0.002362
 24.1890 0.002378
 24.2703 0.002392
 24.3530 0.002376
 24.4371 0.002391
 24.5218 0.002388
 24.6071 0.002389
 24.6934 0.002402
 24.7800 0.002395
 24.8677 0.002430
 24.9571 0.002448
 25.0476 0.002477
 25.1383 0.002499
 25.2313 0.002539
 25.3251 0.002531
 25.4195 0.002535
 25.5151 0.002543
 25.6128 0.002532
 25.7119 0.002538
 25.8123 0.002542
 25.9140 0.002558
 26.0173 0.002574
 26.1227 0.002628
 26.2288 0.002686
 26.3381 0.002666
 26.4488 0.002711
 26.5620 0.002714
 26.6780 0.002762
 26.7960 0.002760
 26.9155 0.002805
 27.0370 0.002820
 27.1615 0.002838
 27.2896 0.002867
 27.4204 0.002895
 27.5538 0.002945
 27.6912 0.003003
 27.8323 0.003087
 27.9774 0.003132
 28.1268 0.003136
 28.2815 0.003167
 28.4393 0.003263
 28.6024 0.003353
 28.7717 0.003386
 28.9449 0.003472
 29.1248 0.003546
 29.3136 0.003660
 29.5093 0.003702
 29.7138 0.003793
 29.9276 0.003898
 30.1499 0.004031
 30.3859 0.004107
 30.6349 0.004225
 30.8992 0.004310
 31.1787 0.004453
 31.4796 0.004545
 31.8028 0.004625
 32.1513 0.004875
 32.5348 0.004943
 32.9601 0.005194
 33.4345 0.005550
 33.9751 0.005978
 34.6054 0.006801
 35.3689 0.007511
 36.3289 0.008788
 37.6606 0.010354
 38.0047 0.010746
 38.3837 0.011079
 38.8070 0.011603
 39.2961 0.012453
 39.8606 0.013430
 40.5558 0.014231
 41.4207 0.015617
 42.6372 0.019545
 44.6627 0.028716
 46.6354 0.038834
 49.2503 0.061503
 51.1623 0.078349
 tr0-03-2 2 1
  8.3126 0.021401
  8.8442 0.017231
  9.6215 0.011745
 10.3077 0.009041
 11.0753 0.007640
 11.5729 0.006831
 11.9446 0.006114
 12.2524 0.005672
 12.5087 0.005449
 12.7345 0.005335
 12.9365 0.004977
 13.1194 0.004980
 13.2867 0.004851
 13.9726 0.004347
 14.5029 0.004038
 14.9406 0.003846
 15.3170 0.003779
 15.6483 0.003627
 15.9464 0.003593
 16.2209 0.003453
 16.4748 0.003296
 16.7114 0.003255
 16.9324 0.003223
 17.1429 0.003175
 17.3408 0.003081
 17.5324 0.003014
 17.7151 0.003030
 17.8913 0.002977
 18.0606 0.002920
 18.2243 0.002870
 18.3829 0.002880
 18.5372 0.002883
 18.6866 0.002888
 18.8310 0.002855
 18.9724 0.002853
 19.1104 0.002836
 19.2448 0.002775
 19.3772 0.002776
 19.5064 0.002758
 19.6334 0.002795
 19.7579 0.002807
 19.8799 0.002787
 20.0008 0.002812
 20.1189 0.002785
 20.2345 0.002780
 20.3494 0.002777
 20.4625 0.002733
 20.5746 0.002701
 20.6846 0.002723
 20.7933 0.002741
 20.9010 0.002698
 21.0072 0.002668
 21.1119 0.002684
 21.2157 0.002652
 21.3192 0.002646
 21.4217 0.002623
 21.5233 0.002601
 21.6243 0.002590
 21.7237 0.002618
 21.8219 0.002618
 21.9197 0.002570
 22.0176 0.002550
 22.1140 0.002568
 22.2097 0.002566
 22.3047 0.002539
 22.3988 0.002531
 22.4927 0.002568
 22.5863 0.002592
 22.6789 0.002599
 22.7720 0.002608
 22.8641 0.002644
 22.9558 0.002659
 23.0469 0.002652
 23.1375 0.002646
 23.2274 0.002638
 23.3173 0.002625
 23.4071 0.002605
 23.4967 0.002598
 23.5854 0.002596
 23.6742 0.002610
 23.7632 0.002624
 23.8520 0.002625
 23.9402 0.002622
 24.0278 0.002636
 24.1153 0.002636
 24.2027 0.002630
 24.2904 0.002653
 24.3774 0.002678
 24.4650 0.002678
 24.5521 0.002714
 24.6391 0.002734
 24.7256 0.002738
 24.8122 0.002762
 24.8984 0.002781
 24.9852 0.002798
 25.0722 0.002808
 25.1593 0.002810
 25.2461 0.002805
 25.3327 0.002799
 25.4202 0.002801
 25.5067 0.002791
 25.5938 0.002795
 25.6815 0.002800
 25.7688 0.002801
 25.8568 0.002775
 25.9444 0.002780
 26.0316 0.002778
 26.1197 0.002779
 26.2076 0.002779
 26.2959 0.002808
 26.3846 0.002821
 26.4732 0.002819
 26.5615 0.002800
 26.6498 0.002794
 26.7393 0.002791
 26.8290 0.002791
 26.9187 0.002804
 27.0085 0.002799
 27.0987 0.002833
 27.1890 0.002858
 27.2797 0.002879
 27.3700 0.002900
 27.4620 0.002900
 27.5543 0.002908
 27.6464 0.002923
 27.7391 0.002938
 27.8324 0.002927
 27.9251 0.002917
 28.0198 0.002916
 28.1147 0.002899
 28.2098 0.002903
 28.3059 0.002942
 28.4022 0.002961
 28.4994 0.002950
 28.5967 0.002963
 28.6941 0.002967
 28.7925 0.002978
 28.8915 0.002981
 28.9914 0.003002
 29.0920 0.003013
 29.1940 0.003026
 29.2972 0.003033
 29.4000 0.003054
 29.5047 0.003063
 29.6098 0.003069
 29.7154 0.003087
 29.8228 0.003137
 29.9301 0.003117
 30.0390 0.003160
 30.1484 0.003175
 30.2582 0.003214
 30.3700 0.003191
 30.4825 0.003204
 30.5970 0.003283
 30.7124 0.003305
 30.8288 0.003330
 30.9476 0.003392
 31.0668 0.003386
 31.1875 0.003433
 31.3098 0.003487
 31.4334 0.003504
 31.5590 0.003544
 31.6861 0.003573
 31.8152 0.003547
 31.9467 0.003563
 32.0794 0.003609
 32.2161 0.003592
 32.3537 0.003675
 32.4942 0.003722
 32.6367 0.003738
 32.7807 0.003774
 32.9293 0.003819
 33.0800 0.003801
 33.2328 0.003862
 33.3882 0.003935
 33.5458 0.003939
 33.7084 0.003988
 33.8753 0.004014
 34.0452 0.004009
 34.2181 0.003989
 34.3962 0.004004
 34.5799 0.004036
 34.7690 0.004067
 34.9636 0.004148
 35.1631 0.004208
 35.3680 0.004278
 35.5778 0.004328
 35.7970 0.004361
 36.0235 0.004339
 36.2579 0.004486
 36.5030 0.004648
 36.7573 0.004732
 37.0221 0.004890
 37.3008 0.004986
 37.5952 0.005033
 37.9045 0.005089
 38.2341 0.005363
 38.5821 0.005553
 38.9541 0.005763
 39.3543 0.005854
 39.7899 0.006157
 40.2605 0.006441
 40.7816 0.006807
 41.3580 0.007137
 42.0175 0.007428
 42.7802 0.007840
 43.7032 0.008628
 44.8717 0.009682
 46.4501 0.011557
 46.8605 0.012173
 47.3110 0.012653
 47.8157 0.013676
 48.3995 0.014919
 49.0641 0.016102
 49.8755 0.017166
 50.9141 0.020094
 52.3515 0.024072
 54.7835 0.032462
 57.1352 0.043985
 60.1640 0.068805
 62.2928 0.095585
 tr1-03-2 2 1
 11.5994 0.028563
 12.2529 0.022082
 13.2408 0.016505
 14.0706 0.012420
 14.9689 0.009778
 15.5462 0.008635
 15.9891 0.007935
 16.3483 0.007330
 16.6547 0.006824
 16.9180 0.006435
 17.1561 0.006278
 17.3694 0.006002
 17.5665 0.005791
 18.3555 0.005086
 18.9689 0.004822
 19.4722 0.004416
 19.9074 0.004219
 20.2903 0.004062
 20.6357 0.004026
 20.9490 0.003991
 21.2389 0.003984
 21.5110 0.003829
 21.7650 0.003727
 22.0071 0.003610
 22.2341 0.003588
 22.4511 0.003463
 22.6585 0.003424
 22.8569 0.003394
 23.0488 0.003388
 23.2340 0.003368
 23.4152 0.003315
 23.5898 0.003317
 23.7580 0.003197
 23.9231 0.003162
 24.0848 0.003183
 24.2414 0.003213
 24.3949 0.003236
 24.5446 0.003213
 24.6903 0.003173
 24.8334 0.003146
 24.9743 0.003173
 25.1122 0.003123
 25.2490 0.003060
 25.3826 0.003026
 25.5143 0.002956
 25.6441 0.002971
 25.7719 0.002997
 25.8978 0.002995
 26.0228 0.002967
 26.1456 0.002980
 26.2667 0.002981
 26.3859 0.003020
 26.5036 0.003025
 26.6212 0.003013
 26.7370 0.003011
 26.8523 0.003021
 26.9669 0.002991
 27.0791 0.002989
 27.1910 0.002980
 27.3016 0.002984
 27.4111 0.002960
 27.5194 0.002953
 27.6274 0.002957
 27.7354 0.002925
 27.8425 0.002947
 27.9488 0.002956
 28.0545 0.002939
 28.1590 0.002977
 28.2632 0.002940
 28.3670 0.002917
 28.4713 0.002884
 28.5733 0.002847
 28.6749 0.002828
 28.7754 0.002830
 28.8759 0.002812
 28.9767 0.002801
 29.0768 0.002802
 29.1769 0.002805
 29.2765 0.002789
 29.3762 0.002798
 29.4750 0.002761
 29.5739 0.002729
 29.6717 0.002730
 29.7696 0.002749
 29.8668 0.002744
 29.9639 0.002731
 30.0613 0.002735
 30.1584 0.002729
 30.2556 0.002714
 30.3528 0.002715
 30.4496 0.002729
 30.5468 0.002730
 30.6436 0.002746
 30.7404 0.002747
 30.8368 0.002757
 30.9333 0.002750
 31.0294 0.002794
 31.1257 0.002811
 31.2222 0.002848
 31.3179 0.002816
 31.4142 0.002810
 31.5102 0.002810
 31.6070 0.002837
 31.7035 0.002851
 31.8005 0.002872
 31.8977 0.002844
 31.9948 0.002831
 32.0915 0.002819
 32.1873 0.002827
 32.2844 0.002833
 32.3821 0.002836
 32.4795 0.002846
 32.5786 0.002856
 32.6768 0.002865
 32.7751 0.002875
 32.8744 0.002867
 32.9737 0.002886
 33.0728 0.002872
 33.1723 0.002908
 33.2720 0.002876
 33.3727 0.002871
 33.4738 0.002884
 33.5750 0.002923
 33.6765 0.002935
 33.7778 0.002938
 33.8809 0.002980
 33.9834 0.002961
 34.0861 0.002985
 34.1890 0.003034
 34.2924 0.003073
 34.3973 0.003082
 34.5026 0.003099
 34.6086 0.003107
 34.7152 0.003115
 34.8222 0.003181
 34.9298 0.003158
 35.0382 0.003177
 35.1473 0.003168
 35.2578 0.003189
 35.3685 0.003208
 35.4808 0.003242
 35.5936 0.003254
 35.7067 0.003306
 35.8216 0.003328
 35.9363 0.003366
 36.0527 0.003391
 36.1704 0.003389
 36.2891 0.003435
 36.4085 0.003438
 36.5294 0.003457
 36.6513 0.003485
 36.7743 0.003490
 36.8978 0.003455
 37.0228 0.003468
 37.1499 0.003465
 37.2793 0.003456
 37.4086 0.003513
 37.5379 0.003543
 37.6705 0.003553
 37.8049 0.003586
 37.9392 0.003600
 38.0755 0.003653
 38.2144 0.003713
 38.3546 0.003754
 38.4976 0.003797
 38.6426 0.003853
 38.7911 0.003911
 38.9408 0.003915
 39.0928 0.003895
 39.2479 0.003896
 39.4049 0.003937
 39.5643 0.003961
 39.7282 0.003936
 39.8934 0.003974
 40.0625 0.004038
 40.2356 0.004086
 40.4137 0.004099
 40.5942 0.004096
 40.7797 0.004204
 40.9684 0.004240
 41.1622 0.004308
 41.3610 0.004346
 41.5655 0.004364
 41.7761 0.004345
 41.9929 0.004379
 42.2155 0.004431
 42.4454 0.004408
 42.6814 0.004519
 42.9273 0.004590
 43.1811 0.004748
 43.4458 0.004873
 43.7253 0.004964
 44.0131 0.005156
 44.3135 0.005207
 44.6301 0.005393
 44.9659 0.005442
 45.3180 0.005562
 45.6927 0.005669
 46.0963 0.005843
 46.5245 0.006162
 46.9907 0.006478
 47.5022 0.006789
 48.0659 0.007041
 48.6893 0.007273
 49.3927 0.007726
 50.2201 0.008262
 51.2070 0.009570
 52.4479 0.011028
 54.1537 0.012965
 54.5955 0.013680
 55.0703 0.014335
 55.6052 0.015013
 56.2130 0.015819
 56.9433 0.016730
 57.8089 0.017584
 58.9105 0.020817
 60.4361 0.025565
 62.9799 0.036060
 65.4580 0.048731
 68.6134 0.076931
 71.0013 0.103099
tr1s-03-2 2 1
 14.2878 0.028568
 15.0019 0.021528
 16.0043 0.015410
 16.8630 0.012033
 17.8093 0.009850
 18.4091 0.008482
 18.8609 0.007941
 19.2239 0.007180
 19.5344 0.006719
 19.8080 0.006403
 20.0466 0.006234
 20.2679 0.005842
 20.4685 0.005739
 21.2753 0.005135
 21.8952 0.004697
 22.4089 0.004533
 22.8472 0.004353
 23.2342 0.004244
 23.5829 0.004138
 23.9010 0.004094
 24.1929 0.003940
 24.4673 0.003863
 24.7242 0.003868
 24.9660 0.003771
 25.1962 0.003632
 25.4172 0.003586
 25.6267 0.003519
 25.8289 0.003498
 26.0236 0.003388
 26.2100 0.003403
 26.3908 0.003398
 26.5660 0.003387
 26.7374 0.003367
 26.9028 0.003359
 27.0641 0.003283
 27.2222 0.003244
 27.3768 0.003215
 27.5277 0.003220
 27.6743 0.003167
 27.8180 0.003162
 27.9595 0.003138
 28.0978 0.003146
 28.2349 0.003129
 28.3692 0.003160
 28.5015 0.003208
 28.6312 0.003193
 28.7602 0.003226
 28.8872 0.003233
 29.0113 0.003144
 29.1345 0.003157
 29.2559 0.003107
 29.3765 0.003049
 29.4958 0.003019
 29.6141 0.003017
 29.7314 0.003007
 29.8464 0.002971
 29.9597 0.002939
 30.0726 0.002950
 30.1856 0.002940
 30.2966 0.002944
 30.4066 0.002974
 30.5165 0.002960
 30.6244 0.002943
 30.7318 0.002937
 30.8385 0.002907
 30.9444 0.002892
 31.0500 0.002860
 31.1534 0.002855
 31.2580 0.002846
 31.3622 0.002857
 31.4658 0.002872
 31.5691 0.002845
 31.6706 0.002797
 31.7725 0.002794
 31.8738 0.002786
 31.9747 0.002809
 32.0751 0.002816
 32.1750 0.002857
 32.2747 0.002867
 32.3736 0.002885
 32.4721 0.002903
 32.5703 0.002916
 32.6688 0.002920
 32.7671 0.002877
 32.8647 0.002892
 32.9630 0.002902
 33.0603 0.002911
 33.1581 0.002899
 33.2557 0.002886
 33.3526 0.002908
 33.4496 0.002895
 33.5473 0.002892
 33.6442 0.002897
 33.7406 0.002894
 33.8371 0.002911
 33.9337 0.002937
 34.0300 0.002995
 34.1267 0.002959
 34.2235 0.002989
 34.3197 0.003028
 34.4162 0.003017
 34.5124 0.003001
 34.6094 0.003011
 34.7055 0.003017
 34.8020 0.003023
 34.8993 0.003028
 34.9970 0.003033
 35.0942 0.003051
 35.1905 0.003066
 35.2883 0.003066
 35.3861 0.003088
 35.4835 0.003094
 35.5815 0.003118
 35.6795 0.003100
 35.7775 0.003088
 35.8767 0.003137
 35.9761 0.003114
 36.0750 0.003117
 36.1753 0.003123
 36.2753 0.003117
 36.3760 0.003124
 36.4776 0.003158
 36.5783 0.003155
 36.6797 0.003153
 36.7819 0.003127
 36.8841 0.003137
 36.9870 0.003147
 37.0905 0.003179
 37.1945 0.003187
 37.2994 0.003205
 37.4050 0.003211
 37.5112 0.003192
 37.6174 0.003215
 37.7235 0.003268
 37.8310 0.003278
 37.9386 0.003294
 38.0479 0.003300
 38.1571 0.003311
 38.2671 0.003296
 38.3784 0.003281
 38.4897 0.003282
 38.6029 0.003318
 38.7163 0.003347
 38.8307 0.003320
 38.9462 0.003315
 39.0629 0.003346
 39.1805 0.003387
 39.2991 0.003395
 39.4182 0.003401
 39.5381 0.003390
 39.6583 0.003420
 39.7810 0.003411
 39.9050 0.003432
 40.0297 0.003470
 40.1559 0.003510
 40.2836 0.003549
 40.4139 0.003560
 40.5450 0.003571
 40.6789 0.003567
 40.8137 0.003602
 40.9486 0.003596
 41.0862 0.003600
 41.2251 0.003631
 41.3661 0.003616
 41.5098 0.003652
 41.6566 0.003694
 41.8045 0.003684
 41.9538 0.003744
 42.1060 0.003728
 42.2607 0.003775
 42.4177 0.003847
 42.5780 0.003855
 42.7421 0.003884
 42.9091 0.003976
 43.0800 0.003984
 43.2535 0.004019
 43.4318 0.004068
 43.6132 0.004082
 43.7976 0.004127
 43.9874 0.004168
 44.1824 0.004225
 44.3815 0.004233
 44.5874 0.004224
 44.7986 0.004254
 45.0148 0.004314
 45.2385 0.004410
 45.4689 0.004563
 45.7072 0.004721
 45.9543 0.004847
 46.2099 0.004963
 46.4755 0.004935
 46.7542 0.004955
 47.0442 0.005141
 47.3454 0.005186
 47.6606 0.005338
 47.9941 0.005496
 48.3489 0.005686
 48.7266 0.005785
 49.1268 0.005819
 49.5576 0.006021
 50.0262 0.006329
 50.5353 0.006621
 51.0948 0.006746
 51.7236 0.007438
 52.4356 0.008059
 53.2597 0.008542
 54.2495 0.009954
 55.5011 0.011284
 57.2078 0.013082
 57.6383 0.013511
 58.1145 0.014241
 58.6455 0.015232
 59.2563 0.015853
 59.9679 0.017242
 60.8513 0.019285
 61.9686 0.022176
 63.4930 0.028230
 66.0524 0.036078
 68.5268 0.048808
 71.7657 0.076123
 74.1010 0.103433
 tr2-03-2 2 1
 15.4340 0.033611
 16.2177 0.025225
 17.3798 0.018310
 18.3423 0.014314
 19.4021 0.011441
 20.0843 0.009798
 20.5918 0.008699
 21.0043 0.008305
 21.3579 0.008053
 21.6595 0.007678
 21.9319 0.007371
 22.1806 0.007099
 22.4028 0.006950
 23.3102 0.006143
 24.0045 0.005284
 24.5765 0.004990
 25.0687 0.004708
 25.5014 0.004585
 25.8876 0.004467
 26.2440 0.004257
 26.5711 0.004194
 26.8753 0.004149
 27.1596 0.003970
 27.4283 0.003929
 27.6833 0.003953
 27.9273 0.003971
 28.1588 0.003866
 28.3840 0.003808
 28.5987 0.003753
 28.8056 0.003717
 29.0066 0.003620
 29.2012 0.003574
 29.3895 0.003526
 29.5733 0.003510
 29.7516 0.003499
 29.9262 0.003430
 30.0964 0.003404
 30.2629 0.003418
 30.4245 0.003415
 30.5850 0.003369
 30.7411 0.003402
 30.8933 0.003369
 31.0427 0.003322
 31.1906 0.003321
 31.3358 0.003323
 31.4788 0.003308
 31.6199 0.003333
 31.7586 0.003289
 31.8952 0.003256
 32.0305 0.003253
 32.1648 0.003226
 32.2968 0.003228
 32.4276 0.003257
 32.5565 0.003219
 32.6851 0.003216
 32.8122 0.003187
 32.9368 0.003168
 33.0604 0.003204
 33.1826 0.003169
 33.3043 0.003195
 33.4254 0.003203
 33.5448 0.003190
 33.6634 0.003162
 33.7820 0.003143
 33.8993 0.003141
 34.0153 0.003129
 34.1306 0.003086
 34.2458 0.003043
 34.3594 0.003045
 34.4729 0.003023
 34.5857 0.003014
 34.6972 0.003004
 34.8086 0.002982
 34.9189 0.003001
 35.0294 0.003019
 35.1389 0.002961
 35.2488 0.002958
 35.3582 0.002984
 35.4667 0.003004
 35.5748 0.002983
 35.6832 0.002973
 35.7909 0.002985
 35.8983 0.003005
 36.0054 0.003025
 36.1115 0.003035
 36.2183 0.002998
 36.3245 0.003019
 36.4303 0.003031
 36.5354 0.003053
 36.6402 0.003061
 36.7458 0.003092
 36.8517 0.003078
 36.9574 0.003092
 37.0624 0.003108
 37.1670 0.003139
 37.2718 0.003123
 37.3766 0.003155
 37.4818 0.003129
 37.5861 0.003181
 37.6909 0.003162
 37.7958 0.003166
 37.9013 0.003172
 38.0060 0.003161
 38.1114 0.003147
 38.2166 0.003128
 38.3218 0.003125
 38.4275 0.003162
 38.5334 0.003177
 38.6387 0.003181
 38.7443 0.003219
 38.8512 0.003202
 38.9569 0.003217
 39.0637 0.003233
 39.1702 0.003249
 39.2775 0.003244
 39.3844 0.003259
 39.4915 0.003260
 39.6000 0.003263
 39.7078 0.003239
 39.8156 0.003233
 39.9242 0.003262
 40.0333 0.003284
 40.1428 0.003301
 40.2530 0.003275
 40.3637 0.003263
 40.4740 0.003251
 40.5842 0.003290
 40.6963 0.003275
 40.8084 0.003288
 40.9218 0.003295
 41.0356 0.003341
 41.1496 0.003333
 41.2645 0.003339
 41.3793 0.003348
 41.4958 0.003397
 41.6122 0.003461
 41.7292 0.003473
 41.8476 0.003524
 41.9656 0.003556
 42.0862 0.003602
 42.2064 0.003603
 42.3272 0.003622
 42.4501 0.003596
 42.5732 0.003607
 42.6977 0.003606
 42.8235 0.003595
 42.9499 0.003623
 43.0768 0.003600
 43.2054 0.003624
 43.3349 0.003638
 43.4661 0.003684
 43.5974 0.003736
 43.7300 0.003726
 43.8640 0.003750
 43.9995 0.003788
 44.1370 0.003784
 44.2760 0.003817
 44.4154 0.003807
 44.5587 0.003815
 44.7032 0.003811
 44.8493 0.003844
 44.9972 0.003835
 45.1483 0.003871
 45.2991 0.003872
 45.4526 0.003910
 45.6089 0.003972
 45.7674 0.003938
 45.9287 0.003938
 46.0937 0.003891
 46.2594 0.003908
 46.4287 0.003856
 46.6001 0.003876
 46.7753 0.003907
 46.9541 0.003938
 47.1368 0.004070
 47.3232 0.004159
 47.5117 0.004255
 47.7055 0.004332
 47.9034 0.004302
 48.1056 0.004289
 48.3132 0.004386
 48.5286 0.004504
 48.7482 0.004609
 48.9726 0.004700
 49.2044 0.004732
 49.4430 0.004796
 49.6907 0.004817
 49.9489 0.004975
 50.2115 0.005091
 50.4845 0.005070
 50.7676 0.005055
 51.0632 0.005192
 51.3696 0.005280
 51.6912 0.005382
 52.0308 0.005523
 52.3862 0.005717
 52.7652 0.005913
 53.1661 0.006270
 53.5904 0.006562
 54.0447 0.006736
 54.5421 0.007025
 55.0805 0.007118
 55.6782 0.007282
 56.3386 0.007705
 57.0922 0.008342
 57.9650 0.008704
 59.0198 0.009500
 60.3286 0.010728
 62.1377 0.012812
 62.5937 0.013614
 63.1042 0.014430
 63.6719 0.015263
 64.3117 0.016681
 65.0703 0.018343
 65.9915 0.019347
 67.1331 0.021610
 68.7732 0.026582
 71.4257 0.036382
 74.0300 0.053743
 77.3716 0.080745
 79.8338 0.107252
tr2s-03-2 2 1
 18.6964 0.031442
 19.4760 0.024017
 20.6368 0.017541
 21.5746 0.014501
 22.6412 0.011108
 23.3111 0.009760
 23.8183 0.008769
 24.2214 0.007929
 24.5676 0.007754
 24.8643 0.007328
 25.1283 0.006863
 25.3716 0.006590
 25.5934 0.006476
 26.4955 0.005728
 27.1780 0.005416
 27.7409 0.005171
 28.2236 0.004991
 28.6504 0.004741
 29.0318 0.004544
 29.3813 0.004490
 29.7049 0.004435
 30.0044 0.004277
 30.2851 0.004146
 30.5513 0.004040
 30.8028 0.003934
 31.0439 0.003867
 31.2728 0.003820
 31.4920 0.003704
 31.7036 0.003688
 31.9079 0.003612
 32.1041 0.003599
 32.2968 0.003559
 32.4834 0.003583
 32.6647 0.003569
 32.8401 0.003477
 33.0115 0.003449
 33.1801 0.003428
 33.3443 0.003411
 33.5037 0.003359
 33.6610 0.003327
 33.8152 0.003316
 33.9665 0.003340
 34.1156 0.003296
 34.2632 0.003301
 34.4059 0.003313
 34.5475 0.003224
 34.6870 0.003240
 34.8238 0.003202
 34.9587 0.003213
 35.0922 0.003248
 35.2237 0.003211
 35.3541 0.003204
 35.4829 0.003212
 35.6101 0.003194
 35.7363 0.003167
 35.8602 0.003141
 35.9842 0.003106
 36.1066 0.003090
 36.2274 0.003079
 36.3481 0.003059
 36.4677 0.003067
 36.5862 0.003029
 36.7034 0.003044
 36.8204 0.003029
 36.9362 0.003001
 37.0504 0.003039
 37.1639 0.003044
 37.2766 0.003052
 37.3894 0.003067
 37.5020 0.003095
 37.6134 0.003055
 37.7243 0.003021
 37.8350 0.002967
 37.9446 0.003004
 38.0532 0.002985
 38.1627 0.002984
 38.2712 0.002962
 38.3792 0.002941
 38.4868 0.002976
 38.5940 0.003024
 38.7001 0.003054
 38.8067 0.003081
 38.9132 0.003059
 39.0195 0.003043
 39.1251 0.003017
 39.2310 0.002973
 39.3363 0.002967
 39.4410 0.002994
 39.5457 0.003009
 39.6515 0.003035
 39.7558 0.003007
 39.8595 0.002988
 39.9645 0.002983
 40.0682 0.003006
 40.1725 0.003024
 40.2775 0.003025
 40.3811 0.003044
 40.4847 0.003010
 40.5889 0.003047
 40.6928 0.003000
 40.7972 0.003025
 40.9008 0.003075
 41.0052 0.003102
 41.1093 0.003132
 41.2138 0.003129
 41.3186 0.003130
 41.4220 0.003146
 41.5267 0.003145
 41.6321 0.003186
 41.7369 0.003190
 41.8422 0.003210
 41.9484 0.003176
 42.0544 0.003178
 42.1600 0.003206
 42.2658 0.003194
 42.3722 0.003164
 42.4782 0.003177
 42.5848 0.003218
 42.6913 0.003218
 42.7983 0.003263
 42.9059 0.003286
 43.0152 0.003290
 43.1237 0.003285
 43.2312 0.003280
 43.3405 0.003342
 43.4498 0.003365
 43.5601 0.003340
 43.6713 0.003363
 43.7826 0.003355
 43.8947 0.003351
 44.0078 0.003347
 44.1221 0.003368
 44.2356 0.003398
 44.3493 0.003391
 44.4648 0.003402
 44.5805 0.003438
 44.6969 0.003476
 44.8141 0.003457
 44.9317 0.003432
 45.0505 0.003478
 45.1702 0.003522
 45.2902 0.003508
 45.4113 0.003541
 45.5337 0.003549
 45.6565 0.003514
 45.7806 0.003528
 45.9056 0.003582
 46.0309 0.003586
 46.1583 0.003644
 46.2870 0.003631
 46.4170 0.003623
 46.5483 0.003665
 46.6808 0.003667
 46.8144 0.003729
 46.9497 0.003683
 47.0862 0.003670
 47.2247 0.003686
 47.3650 0.003690
 47.5062 0.003766
 47.6504 0.003821
 47.7952 0.003853
 47.9433 0.003827
 48.0917 0.003835
 48.2431 0.003832
 48.3968 0.003869
 48.5513 0.003887
 48.7080 0.003933
 48.8679 0.004006
 49.0303 0.003998
 49.1967 0.004039
 49.3652 0.004065
 49.5367 0.004135
 49.7120 0.004154
 49.8904 0.004216
 50.0709 0.004261
 50.2552 0.004319
 50.4432 0.004319
 50.6364 0.004430
 50.8352 0.004443
 51.0376 0.004484
 51.2444 0.004561
 51.4579 0.004629
 51.6757 0.004693
 51.8985 0.004678
 52.1277 0.004732
 52.3641 0.004904
 52.6104 0.004988
 52.8637 0.005080
 53.1276 0.005092
 53.4006 0.005170
 53.6823 0.005225
 53.9759 0.005352
 54.2847 0.005441
 54.6074 0.005572
 54.9404 0.005726
 55.2935 0.005954
 55.6687 0.006135
 56.0699 0.006301
 56.4938 0.006535
 56.9517 0.006743
 57.4465 0.007078
 57.9859 0.007323
 58.5794 0.007634
 59.2429 0.007893
 59.9947 0.008392
 60.8685 0.008658
 61.9145 0.009258
 63.2317 0.010550
 65.0233 0.013499
 65.4767 0.014309
 65.9873 0.015355
 66.5527 0.016319
 67.1964 0.017060
 67.9609 0.018157
 68.8791 0.019830
 70.0346 0.022513
 71.6764 0.027978
 74.3199 0.038834
 76.8714 0.053426
 80.2703 0.083985
 82.6218 0.114818
