Copyright (C) 1998 James G. MacKinnon, Alfred A. Haug, and Leo Michelis.
 lm0-03-3 2 1
  5.7878 0.015513
  6.1561 0.011227
  6.6856 0.008073
  7.1512 0.006665
  7.6629 0.005403
  7.9884 0.004634
  8.2356 0.004228
  8.4371 0.004017
  8.6076 0.003813
  8.7591 0.003540
  8.8911 0.003411
  9.0117 0.003237
  9.1241 0.003209
  9.5749 0.002924
  9.9236 0.002582
 10.2116 0.002493
 10.4587 0.002449
 10.6799 0.002387
 10.8812 0.002320
 11.0630 0.002320
 11.2309 0.002184
 11.3893 0.002164
 11.5387 0.002092
 11.6789 0.002068
 11.8131 0.002061
 11.9413 0.001998
 12.0640 0.002017
 12.1820 0.002004
 12.2960 0.001960
 12.4062 0.001909
 12.5127 0.001887
 12.6169 0.001856
 12.7177 0.001855
 12.8155 0.001850
 12.9110 0.001899
 13.0040 0.001872
 13.0955 0.001887
 13.1848 0.001869
 13.2725 0.001883
 13.3593 0.001868
 13.4437 0.001845
 13.5268 0.001825
 13.6089 0.001847
 13.6899 0.001816
 13.7691 0.001785
 13.8475 0.001780
 13.9247 0.001779
 14.0012 0.001784
 14.0767 0.001761
 14.1510 0.001754
 14.2247 0.001744
 14.2975 0.001751
 14.3701 0.001763
 14.4417 0.001749
 14.5125 0.001719
 14.5827 0.001724
 14.6521 0.001718
 14.7212 0.001731
 14.7895 0.001734
 14.8574 0.001729
 14.9245 0.001716
 14.9915 0.001710
 15.0581 0.001719
 15.1249 0.001702
 15.1910 0.001717
 15.2567 0.001719
 15.3216 0.001708
 15.3867 0.001721
 15.4509 0.001713
 15.5155 0.001717
 15.5792 0.001706
 15.6430 0.001704
 15.7063 0.001714
 15.7694 0.001704
 15.8327 0.001696
 15.8955 0.001695
 15.9584 0.001693
 16.0205 0.001705
 16.0826 0.001705
 16.1444 0.001711
 16.2066 0.001691
 16.2680 0.001701
 16.3297 0.001698
 16.3916 0.001719
 16.4533 0.001723
 16.5151 0.001724
 16.5765 0.001741
 16.6384 0.001728
 16.6996 0.001740
 16.7608 0.001753
 16.8224 0.001755
 16.8838 0.001760
 16.9447 0.001765
 17.0054 0.001784
 17.0669 0.001784
 17.1284 0.001787
 17.1897 0.001815
 17.2513 0.001822
 17.3128 0.001827
 17.3740 0.001830
 17.4355 0.001847
 17.4968 0.001864
 17.5586 0.001856
 17.6204 0.001872
 17.6823 0.001852
 17.7446 0.001870
 17.8071 0.001893
 17.8696 0.001894
 17.9318 0.001911
 17.9950 0.001929
 18.0581 0.001925
 18.1213 0.001921
 18.1844 0.001931
 18.2475 0.001963
 18.3112 0.001994
 18.3749 0.001991
 18.4387 0.002003
 18.5031 0.002023
 18.5676 0.002036
 18.6322 0.002059
 18.6973 0.002064
 18.7632 0.002066
 18.8287 0.002079
 18.8952 0.002076
 18.9618 0.002093
 19.0283 0.002103
 19.0954 0.002105
 19.1625 0.002107
 19.2298 0.002122
 19.2985 0.002110
 19.3677 0.002113
 19.4369 0.002129
 19.5066 0.002121
 19.5769 0.002114
 19.6476 0.002116
 19.7188 0.002125
 19.7903 0.002142
 19.8624 0.002174
 19.9351 0.002180
 20.0087 0.002194
 20.0833 0.002229
 20.1572 0.002236
 20.2323 0.002241
 20.3076 0.002271
 20.3839 0.002259
 20.4607 0.002272
 20.5389 0.002289
 20.6179 0.002318
 20.6975 0.002327
 20.7781 0.002321
 20.8597 0.002301
 20.9409 0.002316
 21.0246 0.002325
 21.1085 0.002343
 21.1927 0.002362
 21.2791 0.002350
 21.3660 0.002349
 21.4541 0.002413
 21.5435 0.002444
 21.6342 0.002472
 21.7255 0.002485
 21.8189 0.002478
 21.9129 0.002518
 22.0078 0.002527
 22.1048 0.002563
 22.2035 0.002623
 22.3044 0.002648
 22.4068 0.002671
 22.5109 0.002699
 22.6176 0.002690
 22.7258 0.002726
 22.8360 0.002765
 22.9471 0.002788
 23.0626 0.002805
 23.1795 0.002841
 23.2987 0.002861
 23.4213 0.002818
 23.5468 0.002839
 23.6748 0.002886
 23.8054 0.002933
 23.9394 0.003029
 24.0773 0.003061
 24.2204 0.003042
 24.3666 0.003075
 24.5182 0.003127
 24.6744 0.003176
 24.8356 0.003255
 25.0029 0.003275
 25.1763 0.003378
 25.3548 0.003414
 25.5422 0.003395
 25.7382 0.003418
 25.9441 0.003665
 26.1586 0.003786
 26.3842 0.003877
 26.6233 0.004034
 26.8741 0.003990
 27.1412 0.004132
 27.4289 0.004283
 27.7404 0.004412
 28.0803 0.004631
 28.4496 0.004972
 28.8577 0.005309
 29.3150 0.005555
 29.8339 0.006059
 30.4407 0.006382
 31.1751 0.007225
 32.0979 0.007970
 33.3831 0.009184
 33.7136 0.009667
 34.0790 0.010468
 34.4890 0.010900
 34.9534 0.011907
 35.5078 0.012753
 36.1699 0.013769
 37.0271 0.016040
 38.2192 0.019321
 40.2095 0.025359
 42.1838 0.035393
 44.6809 0.056920
 46.5874 0.081995
 lm1-03-3 2 1
  7.4439 0.017136
  7.8485 0.013564
  8.4247 0.009946
  8.9271 0.007782
  9.4742 0.005951
  9.8359 0.005178
 10.1119 0.005052
 10.3344 0.004772
 10.5217 0.004423
 10.6862 0.004292
 10.8326 0.004001
 10.9658 0.003734
 11.0869 0.003823
 11.5825 0.003380
 11.9628 0.003049
 12.2772 0.002882
 12.5484 0.002768
 12.7882 0.002677
 13.0048 0.002602
 13.2040 0.002528
 13.3870 0.002516
 13.5588 0.002480
 13.7204 0.002390
 13.8734 0.002368
 14.0185 0.002298
 14.1562 0.002250
 14.2880 0.002250
 14.4151 0.002225
 14.5387 0.002229
 14.6574 0.002243
 14.7722 0.002186
 14.8831 0.002141
 14.9917 0.002087
 15.0984 0.002114
 15.2013 0.002095
 15.3031 0.002090
 15.4012 0.002089
 15.4971 0.002080
 15.5914 0.002047
 15.6842 0.002017
 15.7755 0.002007
 15.8655 0.002001
 15.9539 0.001953
 16.0406 0.001956
 16.1254 0.001940
 16.2098 0.001933
 16.2927 0.001907
 16.3738 0.001897
 16.4549 0.001902
 16.5346 0.001892
 16.6139 0.001890
 16.6925 0.001862
 16.7696 0.001884
 16.8462 0.001876
 16.9215 0.001871
 16.9966 0.001868
 17.0712 0.001877
 17.1450 0.001869
 17.2179 0.001865
 17.2909 0.001878
 17.3625 0.001877
 17.4338 0.001885
 17.5050 0.001869
 17.5754 0.001879
 17.6462 0.001876
 17.7164 0.001892
 17.7854 0.001893
 17.8545 0.001918
 17.9234 0.001928
 17.9921 0.001934
 18.0608 0.001911
 18.1288 0.001927
 18.1959 0.001916
 18.2633 0.001925
 18.3302 0.001916
 18.3974 0.001916
 18.4643 0.001887
 18.5310 0.001900
 18.5976 0.001887
 18.6637 0.001874
 18.7296 0.001901
 18.7956 0.001861
 18.8618 0.001890
 18.9279 0.001892
 18.9932 0.001917
 19.0584 0.001914
 19.1239 0.001905
 19.1891 0.001922
 19.2544 0.001922
 19.3197 0.001943
 19.3846 0.001944
 19.4496 0.001970
 19.5146 0.001950
 19.5793 0.001969
 19.6448 0.001975
 19.7100 0.001987
 19.7752 0.001984
 19.8406 0.001948
 19.9058 0.001950
 19.9711 0.001946
 20.0370 0.001958
 20.1026 0.001939
 20.1682 0.001932
 20.2335 0.001957
 20.2993 0.001979
 20.3650 0.001954
 20.4310 0.001960
 20.4971 0.001955
 20.5637 0.001957
 20.6308 0.001971
 20.6974 0.002005
 20.7647 0.002013
 20.8317 0.002015
 20.8987 0.002028
 20.9662 0.002015
 21.0340 0.001992
 21.1022 0.002005
 21.1703 0.002049
 21.2385 0.002068
 21.3072 0.002071
 21.3762 0.002049
 21.4451 0.002073
 21.5148 0.002067
 21.5850 0.002088
 21.6554 0.002090
 21.7260 0.002081
 21.7966 0.002076
 21.8679 0.002067
 21.9395 0.002065
 22.0120 0.002075
 22.0850 0.002099
 22.1572 0.002147
 22.2309 0.002148
 22.3048 0.002183
 22.3797 0.002192
 22.4550 0.002198
 22.5307 0.002222
 22.6068 0.002239
 22.6834 0.002243
 22.7610 0.002247
 22.8389 0.002251
 22.9176 0.002260
 22.9966 0.002273
 23.0767 0.002284
 23.1571 0.002331
 23.2391 0.002334
 23.3219 0.002340
 23.4049 0.002368
 23.4886 0.002375
 23.5731 0.002384
 23.6588 0.002407
 23.7457 0.002389
 23.8335 0.002364
 23.9218 0.002376
 24.0118 0.002377
 24.1024 0.002386
 24.1942 0.002430
 24.2867 0.002437
 24.3809 0.002467
 24.4768 0.002523
 24.5738 0.002562
 24.6713 0.002585
 24.7711 0.002616
 24.8722 0.002624
 24.9752 0.002614
 25.0792 0.002626
 25.1846 0.002674
 25.2912 0.002683
 25.4003 0.002718
 25.5118 0.002764
 25.6255 0.002802
 25.7407 0.002822
 25.8583 0.002822
 25.9781 0.002790
 26.1013 0.002889
 26.2262 0.002901
 26.3552 0.002970
 26.4864 0.003022
 26.6212 0.003083
 26.7602 0.003119
 26.9012 0.003191
 27.0460 0.003234
 27.1948 0.003300
 27.3487 0.003366
 27.5064 0.003404
 27.6704 0.003462
 27.8387 0.003515
 28.0127 0.003634
 28.1954 0.003625
 28.3842 0.003722
 28.5804 0.003770
 28.7867 0.003834
 29.0016 0.003900
 29.2255 0.003989
 29.4619 0.004026
 29.7129 0.004154
 29.9771 0.004244
 30.2605 0.004325
 30.5614 0.004500
 30.8863 0.004651
 31.2379 0.004733
 31.6233 0.005042
 32.0494 0.005253
 32.5268 0.005546
 33.0693 0.005837
 33.7061 0.006345
 34.4646 0.006923
 35.4339 0.008348
 36.7624 0.010007
 37.0987 0.010326
 37.4727 0.010961
 37.9021 0.011697
 38.3940 0.012039
 38.9657 0.013209
 39.6539 0.014515
 40.5325 0.016908
 41.7550 0.020211
 43.8270 0.028263
 45.8271 0.037141
 48.4278 0.061516
 50.3078 0.079128
lm1s-03-3 2 1
  8.2079 0.017498
  8.6125 0.013476
  9.2041 0.009254
  9.7110 0.007543
 10.2741 0.006136
 10.6368 0.005354
 10.9105 0.004741
 11.1306 0.004339
 11.3201 0.004128
 11.4852 0.003797
 11.6331 0.003750
 11.7662 0.003638
 11.8866 0.003601
 12.3830 0.003454
 12.7649 0.003185
 13.0805 0.003028
 13.3505 0.002877
 13.5911 0.002776
 13.8087 0.002677
 14.0070 0.002580
 14.1914 0.002488
 14.3628 0.002383
 14.5254 0.002369
 14.6780 0.002301
 14.8241 0.002256
 14.9620 0.002194
 15.0946 0.002210
 15.2219 0.002195
 15.3451 0.002172
 15.4638 0.002136
 15.5785 0.002115
 15.6898 0.002075
 15.7985 0.002059
 15.9047 0.002052
 16.0082 0.002029
 16.1091 0.001999
 16.2076 0.002011
 16.3034 0.001949
 16.3975 0.001936
 16.4909 0.001902
 16.5820 0.001910
 16.6719 0.001881
 16.7599 0.001852
 16.8463 0.001859
 16.9308 0.001867
 17.0145 0.001859
 17.0977 0.001849
 17.1797 0.001839
 17.2607 0.001839
 17.3409 0.001855
 17.4194 0.001872
 17.4975 0.001866
 17.5748 0.001844
 17.6522 0.001858
 17.7284 0.001862
 17.8040 0.001871
 17.8784 0.001861
 17.9516 0.001867
 18.0249 0.001909
 18.0978 0.001911
 18.1702 0.001900
 18.2420 0.001888
 18.3135 0.001878
 18.3839 0.001884
 18.4550 0.001888
 18.5247 0.001903
 18.5940 0.001885
 18.6632 0.001877
 18.7322 0.001891
 18.8004 0.001856
 18.8688 0.001840
 18.9368 0.001843
 19.0045 0.001844
 19.0723 0.001858
 19.1388 0.001857
 19.2057 0.001857
 19.2723 0.001866
 19.3387 0.001874
 19.4053 0.001889
 19.4714 0.001876
 19.5374 0.001885
 19.6038 0.001875
 19.6698 0.001902
 19.7352 0.001904
 19.8006 0.001927
 19.8662 0.001921
 19.9311 0.001906
 19.9960 0.001911
 20.0620 0.001931
 20.1272 0.001945
 20.1915 0.001969
 20.2567 0.001964
 20.3220 0.001963
 20.3878 0.001968
 20.4530 0.001967
 20.5182 0.001957
 20.5834 0.001963
 20.6482 0.001986
 20.7135 0.001984
 20.7787 0.001966
 20.8437 0.001965
 20.9095 0.001962
 20.9746 0.001946
 21.0407 0.001953
 21.1065 0.001966
 21.1722 0.001962
 21.2383 0.001970
 21.3043 0.001984
 21.3707 0.001982
 21.4373 0.001995
 21.5039 0.001999
 21.5707 0.002003
 21.6374 0.002017
 21.7047 0.002039
 21.7718 0.002028
 21.8391 0.002037
 21.9072 0.002046
 21.9754 0.002058
 22.0436 0.002100
 22.1123 0.002122
 22.1813 0.002135
 22.2505 0.002145
 22.3200 0.002142
 22.3899 0.002129
 22.4605 0.002133
 22.5312 0.002119
 22.6025 0.002117
 22.6739 0.002144
 22.7462 0.002144
 22.8186 0.002161
 22.8914 0.002149
 22.9642 0.002150
 23.0380 0.002144
 23.1119 0.002163
 23.1868 0.002163
 23.2619 0.002191
 23.3379 0.002191
 23.4142 0.002225
 23.4908 0.002238
 23.5683 0.002219
 23.6472 0.002225
 23.7260 0.002203
 23.8049 0.002213
 23.8848 0.002210
 23.9660 0.002210
 24.0476 0.002228
 24.1300 0.002239
 24.2128 0.002264
 24.2968 0.002274
 24.3810 0.002272
 24.4669 0.002295
 24.5536 0.002311
 24.6415 0.002323
 24.7298 0.002369
 24.8195 0.002387
 24.9095 0.002423
 25.0009 0.002453
 25.0944 0.002472
 25.1881 0.002516
 25.2834 0.002519
 25.3804 0.002556
 25.4780 0.002586
 25.5773 0.002619
 25.6779 0.002631
 25.7802 0.002674
 25.8847 0.002673
 25.9899 0.002667
 26.0966 0.002727
 26.2062 0.002737
 26.3174 0.002746
 26.4310 0.002788
 26.5471 0.002825
 26.6648 0.002868
 26.7851 0.002957
 26.9082 0.002964
 27.0333 0.002984
 27.1616 0.003005
 27.2934 0.003075
 27.4272 0.003114
 27.5652 0.003166
 27.7063 0.003265
 27.8510 0.003268
 27.9999 0.003366
 28.1539 0.003397
 28.3122 0.003427
 28.4761 0.003466
 28.6465 0.003511
 28.8227 0.003599
 29.0041 0.003628
 29.1916 0.003619
 29.3877 0.003659
 29.5927 0.003763
 29.8063 0.003825
 30.0308 0.003949
 30.2666 0.004052
 30.5189 0.004154
 30.7829 0.004230
 31.0649 0.004294
 31.3648 0.004461
 31.6888 0.004605
 32.0410 0.004786
 32.4256 0.004949
 32.8504 0.005125
 33.3260 0.005438
 33.8709 0.005872
 34.5050 0.006381
 35.2697 0.007031
 36.2295 0.008169
 37.5582 0.009730
 37.9000 0.010185
 38.2855 0.011060
 38.7097 0.011619
 39.1881 0.012239
 39.7575 0.013490
 40.4576 0.015007
 41.3322 0.016540
 42.5635 0.020108
 44.6113 0.028371
 46.6088 0.039069
 49.2148 0.059740
 51.1105 0.082693
 lm2-03-3 2 1
  9.1251 0.018879
  9.5638 0.014796
 10.2237 0.010258
 10.7679 0.007902
 11.3826 0.006773
 11.7746 0.005876
 12.0697 0.005432
 12.3127 0.005031
 12.5174 0.004824
 12.6922 0.004677
 12.8525 0.004470
 12.9948 0.004313
 13.1267 0.004162
 13.6621 0.003672
 14.0732 0.003302
 14.4100 0.003020
 14.7026 0.002945
 14.9623 0.002780
 15.1952 0.002714
 15.4082 0.002635
 15.6056 0.002574
 15.7891 0.002486
 15.9616 0.002496
 16.1250 0.002446
 16.2792 0.002436
 16.4262 0.002393
 16.5674 0.002335
 16.7035 0.002298
 16.8352 0.002306
 16.9620 0.002267
 17.0839 0.002227
 17.2039 0.002202
 17.3201 0.002200
 17.4322 0.002208
 17.5411 0.002176
 17.6485 0.002162
 17.7533 0.002144
 17.8555 0.002105
 17.9564 0.002094
 18.0550 0.002081
 18.1524 0.002069
 18.2476 0.002053
 18.3402 0.002076
 18.4329 0.002080
 18.5243 0.002089
 18.6130 0.002078
 18.7010 0.002094
 18.7884 0.002076
 18.8741 0.002081
 18.9591 0.002055
 19.0435 0.002053
 19.1266 0.002040
 19.2095 0.002040
 19.2911 0.002034
 19.3713 0.002019
 19.4513 0.002035
 19.5306 0.002021
 19.6091 0.002044
 19.6872 0.002032
 19.7638 0.002032
 19.8410 0.002026
 19.9166 0.001980
 19.9920 0.001975
 20.0668 0.001994
 20.1409 0.002011
 20.2154 0.002009
 20.2889 0.002009
 20.3625 0.002017
 20.4346 0.002023
 20.5074 0.001983
 20.5795 0.001992
 20.6516 0.001995
 20.7232 0.001983
 20.7947 0.001958
 20.8656 0.001971
 20.9364 0.001951
 21.0071 0.001952
 21.0774 0.001962
 21.1473 0.001972
 21.2172 0.001984
 21.2868 0.001965
 21.3566 0.001986
 21.4258 0.001986
 21.4955 0.002014
 21.5651 0.002017
 21.6342 0.002008
 21.7037 0.002010
 21.7723 0.002000
 21.8411 0.002001
 21.9096 0.002014
 21.9785 0.002013
 22.0471 0.002005
 22.1157 0.002015
 22.1840 0.001999
 22.2528 0.001981
 22.3216 0.001980
 22.3901 0.001995
 22.4590 0.001990
 22.5281 0.001981
 22.5971 0.001984
 22.6659 0.001996
 22.7347 0.002020
 22.8037 0.002018
 22.8729 0.002051
 22.9420 0.002026
 23.0112 0.002044
 23.0806 0.002047
 23.1504 0.002063
 23.2197 0.002089
 23.2892 0.002101
 23.3598 0.002116
 23.4302 0.002130
 23.5012 0.002124
 23.5719 0.002138
 23.6430 0.002129
 23.7139 0.002143
 23.7853 0.002158
 23.8570 0.002174
 23.9294 0.002185
 24.0021 0.002198
 24.0744 0.002212
 24.1472 0.002193
 24.2205 0.002208
 24.2940 0.002227
 24.3685 0.002239
 24.4426 0.002243
 24.5178 0.002242
 24.5931 0.002264
 24.6683 0.002244
 24.7438 0.002274
 24.8202 0.002291
 24.8975 0.002301
 24.9750 0.002299
 25.0532 0.002339
 25.1319 0.002333
 25.2108 0.002356
 25.2906 0.002361
 25.3707 0.002382
 25.4514 0.002383
 25.5328 0.002378
 25.6143 0.002394
 25.6963 0.002417
 25.7794 0.002412
 25.8636 0.002410
 25.9482 0.002418
 26.0343 0.002462
 26.1207 0.002473
 26.2077 0.002526
 26.2961 0.002532
 26.3856 0.002550
 26.4748 0.002545
 26.5655 0.002535
 26.6571 0.002540
 26.7500 0.002498
 26.8435 0.002482
 26.9379 0.002511
 27.0341 0.002540
 27.1317 0.002554
 27.2302 0.002582
 27.3302 0.002609
 27.4315 0.002625
 27.5341 0.002659
 27.6380 0.002694
 27.7439 0.002755
 27.8514 0.002797
 27.9601 0.002838
 28.0716 0.002866
 28.1844 0.002863
 28.2993 0.002922
 28.4165 0.002910
 28.5349 0.002962
 28.6557 0.003022
 28.7796 0.003038
 28.9051 0.003069
 29.0346 0.003104
 29.1658 0.003165
 29.2999 0.003187
 29.4356 0.003246
 29.5757 0.003259
 29.7193 0.003295
 29.8659 0.003336
 30.0179 0.003372
 30.1737 0.003424
 30.3344 0.003473
 30.5008 0.003502
 30.6719 0.003601
 30.8482 0.003628
 31.0308 0.003670
 31.2201 0.003736
 31.4180 0.003770
 31.6225 0.003875
 31.8363 0.003987
 32.0579 0.004034
 32.2929 0.004215
 32.5400 0.004256
 32.7989 0.004292
 33.0748 0.004455
 33.3663 0.004632
 33.6774 0.004859
 34.0152 0.005049
 34.3805 0.005181
 34.7830 0.005321
 35.2269 0.005527
 35.7255 0.005793
 36.2853 0.006274
 36.9421 0.006909
 37.7327 0.007616
 38.7337 0.008402
 40.1146 0.009470
 40.4724 0.009696
 40.8579 0.010319
 41.2971 0.010846
 41.8008 0.011845
 42.3898 0.012814
 43.1086 0.014641
 44.0118 0.017111
 45.2734 0.020965
 47.3542 0.028862
 49.4171 0.040699
 52.1266 0.059335
 54.1069 0.083780
lm2s-03-3 2 1
  9.9889 0.018029
 10.4299 0.014122
 11.0655 0.009875
 11.6214 0.008013
 12.2367 0.006199
 12.6223 0.005498
 12.9162 0.005123
 13.1546 0.004870
 13.3553 0.004655
 13.5353 0.004293
 13.6934 0.004128
 13.8371 0.003949
 13.9699 0.003744
 14.4980 0.003332
 14.9065 0.003145
 15.2438 0.003030
 15.5367 0.002931
 15.7946 0.002849
 16.0280 0.002672
 16.2425 0.002586
 16.4376 0.002504
 16.6208 0.002473
 16.7919 0.002395
 16.9525 0.002356
 17.1071 0.002340
 17.2549 0.002329
 17.3959 0.002341
 17.5320 0.002318
 17.6624 0.002321
 17.7891 0.002308
 17.9115 0.002249
 18.0294 0.002211
 18.1451 0.002174
 18.2587 0.002134
 18.3687 0.002128
 18.4760 0.002110
 18.5810 0.002121
 18.6831 0.002133
 18.7832 0.002111
 18.8811 0.002136
 18.9777 0.002115
 19.0719 0.002104
 19.1652 0.002087
 19.2573 0.002064
 19.3476 0.002034
 19.4369 0.002042
 19.5256 0.002066
 19.6132 0.002084
 19.6989 0.002076
 19.7835 0.002065
 19.8675 0.002066
 19.9504 0.002048
 20.0324 0.002070
 20.1139 0.002034
 20.1941 0.002019
 20.2741 0.002000
 20.3530 0.002005
 20.4309 0.001996
 20.5085 0.001974
 20.5850 0.001992
 20.6612 0.001978
 20.7374 0.001992
 20.8132 0.001981
 20.8886 0.001954
 20.9633 0.001954
 21.0365 0.001960
 21.1102 0.001954
 21.1833 0.001964
 21.2554 0.001964
 21.3285 0.001968
 21.4004 0.001963
 21.4717 0.001959
 21.5429 0.001968
 21.6140 0.001968
 21.6852 0.001948
 21.7562 0.001943
 21.8267 0.001921
 21.8967 0.001927
 21.9665 0.001941
 22.0363 0.001942
 22.1059 0.001934
 22.1752 0.001926
 22.2442 0.001924
 22.3134 0.001930
 22.3826 0.001941
 22.4516 0.001947
 22.5206 0.001953
 22.5894 0.001945
 22.6584 0.001945
 22.7269 0.001964
 22.7958 0.001944
 22.8646 0.001968
 22.9328 0.001991
 23.0015 0.002003
 23.0700 0.002015
 23.1385 0.002014
 23.2065 0.002015
 23.2750 0.002024
 23.3437 0.002024
 23.4122 0.002039
 23.4814 0.002044
 23.5500 0.002061
 23.6197 0.002064
 23.6886 0.002053
 23.7575 0.002073
 23.8263 0.002070
 23.8956 0.002061
 23.9656 0.002087
 24.0356 0.002128
 24.1056 0.002135
 24.1759 0.002134
 24.2460 0.002146
 24.3164 0.002167
 24.3873 0.002175
 24.4583 0.002200
 24.5300 0.002195
 24.6008 0.002179
 24.6731 0.002170
 24.7450 0.002180
 24.8177 0.002187
 24.8904 0.002203
 24.9634 0.002203
 25.0364 0.002212
 25.1098 0.002218
 25.1844 0.002193
 25.2589 0.002218
 25.3340 0.002211
 25.4087 0.002229
 25.4842 0.002235
 25.5600 0.002264
 25.6366 0.002286
 25.7130 0.002296
 25.7902 0.002309
 25.8677 0.002301
 25.9457 0.002302
 26.0250 0.002296
 26.1039 0.002308
 26.1835 0.002336
 26.2642 0.002305
 26.3455 0.002317
 26.4280 0.002320
 26.5101 0.002321
 26.5933 0.002314
 26.6773 0.002307
 26.7618 0.002311
 26.8468 0.002321
 26.9325 0.002342
 27.0194 0.002349
 27.1078 0.002344
 27.1961 0.002339
 27.2851 0.002344
 27.3759 0.002337
 27.4679 0.002336
 27.5597 0.002361
 27.6531 0.002418
 27.7481 0.002451
 27.8436 0.002506
 27.9409 0.002510
 28.0389 0.002568
 28.1388 0.002590
 28.2400 0.002645
 28.3433 0.002697
 28.4475 0.002708
 28.5532 0.002738
 28.6610 0.002788
 28.7696 0.002804
 28.8811 0.002856
 28.9937 0.002865
 29.1086 0.002887
 29.2244 0.002953
 29.3432 0.002973
 29.4634 0.002980
 29.5861 0.003028
 29.7124 0.003079
 29.8411 0.003130
 29.9722 0.003163
 30.1046 0.003168
 30.2414 0.003232
 30.3819 0.003264
 30.5253 0.003259
 30.6725 0.003309
 30.8240 0.003358
 30.9796 0.003371
 31.1398 0.003443
 31.3065 0.003447
 31.4776 0.003495
 31.6544 0.003589
 31.8377 0.003671
 32.0255 0.003666
 32.2225 0.003711
 32.4285 0.003852
 32.6437 0.003915
 32.8663 0.004018
 33.1013 0.004093
 33.3458 0.004150
 33.6035 0.004268
 33.8795 0.004327
 34.1715 0.004475
 34.4841 0.004789
 34.8188 0.004984
 35.1855 0.005126
 35.5889 0.005343
 36.0312 0.005590
 36.5225 0.006140
 37.0871 0.006419
 37.7465 0.007238
 38.5356 0.007546
 39.5332 0.008402
 40.9116 0.009579
 41.2631 0.009887
 41.6460 0.010463
 42.0900 0.011139
 42.5935 0.012256
 43.1789 0.013504
 43.8987 0.014843
 44.7982 0.017262
 46.0417 0.020808
 48.1516 0.030018
 50.1882 0.041054
 52.9095 0.062272
 54.8619 0.083231
 tr0-03-3 2 1
 11.2061 0.029513
 11.9104 0.022584
 12.8880 0.015798
 13.7355 0.012543
 14.6595 0.010104
 15.2629 0.008751
 15.7154 0.007823
 16.0828 0.007137
 16.3964 0.006777
 16.6683 0.006466
 16.9064 0.006362
 17.1247 0.006145
 17.3253 0.005979
 18.1416 0.005401
 18.7614 0.005054
 19.2745 0.004538
 19.7145 0.004349
 20.1036 0.004075
 20.4566 0.004009
 20.7769 0.003951
 21.0723 0.003911
 21.3475 0.003982
 21.6076 0.003830
 21.8511 0.003732
 22.0848 0.003716
 22.3062 0.003646
 22.5178 0.003547
 22.7211 0.003451
 22.9159 0.003369
 23.1054 0.003369
 23.2884 0.003269
 23.4660 0.003280
 23.6384 0.003300
 23.8058 0.003277
 23.9671 0.003216
 24.1260 0.003224
 24.2804 0.003147
 24.4324 0.003223
 24.5817 0.003192
 24.7272 0.003222
 24.8696 0.003207
 25.0094 0.003221
 25.1474 0.003235
 25.2829 0.003204
 25.4167 0.003170
 25.5482 0.003147
 25.6774 0.003090
 25.8053 0.003073
 25.9312 0.003071
 26.0551 0.003056
 26.1782 0.003065
 26.3002 0.003054
 26.4195 0.003030
 26.5381 0.003007
 26.6548 0.002978
 26.7705 0.002968
 26.8865 0.002949
 27.0018 0.002966
 27.1153 0.002994
 27.2277 0.002990
 27.3386 0.002993
 27.4483 0.002982
 27.5584 0.002962
 27.6675 0.002972
 27.7760 0.002972
 27.8828 0.002963
 27.9891 0.002944
 28.0950 0.002933
 28.2010 0.002963
 28.3057 0.002973
 28.4100 0.002967
 28.5138 0.002935
 28.6164 0.002939
 28.7190 0.002978
 28.8211 0.003001
 28.9229 0.002990
 29.0243 0.002989
 29.1250 0.002975
 29.2263 0.002951
 29.3270 0.002982
 29.4269 0.003000
 29.5274 0.003004
 29.6274 0.003049
 29.7266 0.003036
 29.8265 0.003028
 29.9252 0.003018
 30.0237 0.002990
 30.1229 0.002988
 30.2210 0.003001
 30.3188 0.002996
 30.4167 0.002999
 30.5144 0.002989
 30.6124 0.003022
 30.7103 0.003042
 30.8074 0.003003
 30.9049 0.003002
 31.0027 0.003018
 31.1004 0.003015
 31.1981 0.003042
 31.2963 0.003082
 31.3930 0.003087
 31.4910 0.003087
 31.5886 0.003105
 31.6860 0.003075
 31.7837 0.003066
 31.8818 0.003077
 31.9803 0.003055
 32.0783 0.003065
 32.1771 0.003067
 32.2755 0.003083
 32.3747 0.003098
 32.4732 0.003089
 32.5732 0.003153
 32.6730 0.003146
 32.7730 0.003145
 32.8727 0.003183
 32.9736 0.003177
 33.0743 0.003167
 33.1750 0.003195
 33.2765 0.003213
 33.3775 0.003274
 33.4802 0.003271
 33.5824 0.003252
 33.6841 0.003244
 33.7869 0.003242
 33.8905 0.003216
 33.9939 0.003204
 34.0981 0.003203
 34.2037 0.003214
 34.3088 0.003258
 34.4145 0.003289
 34.5215 0.003298
 34.6294 0.003351
 34.7371 0.003374
 34.8453 0.003363
 34.9552 0.003406
 35.0653 0.003427
 35.1764 0.003467
 35.2880 0.003482
 35.4004 0.003475
 35.5134 0.003511
 35.6275 0.003497
 35.7422 0.003478
 35.8579 0.003522
 35.9736 0.003561
 36.0913 0.003582
 36.2102 0.003593
 36.3294 0.003595
 36.4502 0.003631
 36.5723 0.003643
 36.6948 0.003637
 36.8184 0.003643
 36.9436 0.003699
 37.0695 0.003724
 37.1971 0.003694
 37.3259 0.003749
 37.4559 0.003811
 37.5881 0.003850
 37.7215 0.003840
 37.8570 0.003875
 37.9938 0.003865
 38.1327 0.003893
 38.2741 0.003897
 38.4172 0.003933
 38.5619 0.003955
 38.7088 0.003997
 38.8589 0.004006
 39.0102 0.003980
 39.1644 0.004008
 39.3223 0.004034
 39.4837 0.003997
 39.6460 0.004078
 39.8114 0.004074
 39.9800 0.004031
 40.1510 0.004079
 40.3267 0.004149
 40.5054 0.004202
 40.6884 0.004230
 40.8756 0.004277
 41.0674 0.004343
 41.2641 0.004376
 41.4657 0.004442
 41.6734 0.004486
 41.8856 0.004512
 42.1041 0.004570
 42.3301 0.004625
 42.5626 0.004699
 42.8041 0.004777
 43.0518 0.004908
 43.3110 0.005028
 43.5797 0.005184
 43.8599 0.005350
 44.1524 0.005450
 44.4543 0.005528
 44.7767 0.005730
 45.1145 0.005786
 45.4699 0.005991
 45.8460 0.006166
 46.2520 0.006477
 46.6865 0.006703
 47.1560 0.006906
 47.6708 0.007101
 48.2385 0.007300
 48.8716 0.007800
 49.5870 0.008358
 50.4241 0.009169
 51.4200 0.010004
 52.6696 0.010682
 54.3844 0.013121
 54.8232 0.013909
 55.3117 0.014318
 55.8575 0.015397
 56.4744 0.016302
 57.2057 0.017826
 58.0859 0.019632
 59.2011 0.021845
 60.7479 0.025825
 63.2988 0.036428
 65.8130 0.048229
 68.8936 0.072022
 71.1992 0.101009
 tr1-03-3 2 1
 14.7641 0.033047
 15.5517 0.025888
 16.6976 0.017622
 17.6721 0.013902
 18.7326 0.010896
 19.4100 0.009773
 19.9293 0.008752
 20.3375 0.008287
 20.6887 0.007598
 20.9970 0.007236
 21.2719 0.006953
 21.5153 0.006763
 21.7427 0.006492
 22.6571 0.005661
 23.3577 0.005346
 23.9345 0.005064
 24.4293 0.005026
 24.8681 0.004858
 25.2595 0.004727
 25.6154 0.004610
 25.9431 0.004597
 26.2515 0.004436
 26.5413 0.004376
 26.8125 0.004268
 27.0698 0.004171
 27.3165 0.004089
 27.5517 0.003943
 27.7763 0.003933
 27.9956 0.003916
 28.2047 0.003882
 28.4061 0.003838
 28.6026 0.003792
 28.7924 0.003708
 28.9772 0.003673
 29.1583 0.003662
 29.3343 0.003648
 29.5068 0.003641
 29.6750 0.003578
 29.8405 0.003531
 30.0023 0.003522
 30.1612 0.003478
 30.3166 0.003450
 30.4676 0.003449
 30.6176 0.003388
 30.7650 0.003377
 30.9091 0.003389
 31.0521 0.003457
 31.1932 0.003473
 31.3335 0.003446
 31.4708 0.003387
 31.6058 0.003383
 31.7398 0.003320
 31.8716 0.003285
 32.0028 0.003251
 32.1323 0.003241
 32.2605 0.003192
 32.3874 0.003156
 32.5122 0.003126
 32.6364 0.003117
 32.7595 0.003082
 32.8816 0.003109
 33.0019 0.003097
 33.1226 0.003113
 33.2418 0.003104
 33.3602 0.003076
 33.4784 0.003035
 33.5955 0.002998
 33.7115 0.003011
 33.8269 0.002983
 33.9426 0.002974
 34.0572 0.003003
 34.1704 0.003015
 34.2835 0.002989
 34.3960 0.003002
 34.5075 0.003017
 34.6192 0.003016
 34.7305 0.003004
 34.8406 0.002993
 34.9506 0.002954
 35.0609 0.002963
 35.1699 0.002960
 35.2788 0.002921
 35.3875 0.002946
 35.4954 0.003019
 35.6030 0.003052
 35.7111 0.003012
 35.8189 0.002997
 35.9264 0.003025
 36.0327 0.003056
 36.1399 0.003098
 36.2462 0.003073
 36.3537 0.003075
 36.4601 0.003045
 36.5665 0.003038
 36.6739 0.003056
 36.7802 0.003055
 36.8861 0.003084
 36.9931 0.003062
 37.0990 0.003064
 37.2050 0.003066
 37.3117 0.003071
 37.4183 0.003074
 37.5249 0.003137
 37.6312 0.003139
 37.7375 0.003164
 37.8446 0.003193
 37.9500 0.003201
 38.0566 0.003213
 38.1638 0.003237
 38.2711 0.003251
 38.3783 0.003233
 38.4846 0.003275
 38.5928 0.003305
 38.7014 0.003337
 38.8099 0.003376
 38.9181 0.003407
 39.0271 0.003406
 39.1357 0.003385
 39.2458 0.003375
 39.3556 0.003367
 39.4656 0.003385
 39.5754 0.003412
 39.6859 0.003435
 39.7977 0.003460
 39.9091 0.003469
 40.0218 0.003481
 40.1349 0.003475
 40.2479 0.003474
 40.3626 0.003484
 40.4765 0.003493
 40.5910 0.003525
 40.7070 0.003553
 40.8236 0.003552
 40.9409 0.003583
 41.0589 0.003534
 41.1773 0.003570
 41.2962 0.003576
 41.4158 0.003581
 41.5354 0.003595
 41.6567 0.003642
 41.7784 0.003621
 41.9006 0.003662
 42.0250 0.003710
 42.1494 0.003708
 42.2747 0.003745
 42.4008 0.003782
 42.5277 0.003757
 42.6563 0.003762
 42.7860 0.003777
 42.9167 0.003775
 43.0491 0.003821
 43.1826 0.003797
 43.3171 0.003821
 43.4538 0.003894
 43.5915 0.003948
 43.7318 0.003953
 43.8717 0.003980
 44.0136 0.004000
 44.1581 0.003968
 44.3034 0.003992
 44.4516 0.004020
 44.5999 0.004029
 44.7521 0.004009
 44.9054 0.004009
 45.0611 0.004072
 45.2194 0.004038
 45.3795 0.004073
 45.5414 0.004159
 45.7076 0.004170
 45.8771 0.004116
 46.0476 0.004161
 46.2208 0.004212
 46.3981 0.004273
 46.5793 0.004294
 46.7627 0.004364
 46.9515 0.004421
 47.1434 0.004425
 47.3382 0.004488
 47.5378 0.004484
 47.7443 0.004494
 47.9546 0.004526
 48.1695 0.004528
 48.3915 0.004633
 48.6195 0.004693
 48.8542 0.004767
 49.0940 0.004822
 49.3452 0.004864
 49.6018 0.004841
 49.8674 0.004867
 50.1474 0.005016
 50.4358 0.004992
 50.7349 0.005164
 51.0510 0.005378
 51.3778 0.005450
 51.7224 0.005572
 52.0835 0.005799
 52.4648 0.006105
 52.8679 0.006290
 53.3013 0.006391
 53.7671 0.006677
 54.2655 0.006950
 54.8169 0.007196
 55.4134 0.007619
 56.0829 0.008105
 56.8473 0.008671
 57.7314 0.009239
 58.7941 0.010180
 60.1228 0.011310
 61.9292 0.013486
 62.3955 0.014168
 62.9126 0.015184
 63.4935 0.016040
 64.1454 0.017094
 64.9231 0.018301
 65.8409 0.019391
 67.0109 0.022096
 68.6316 0.026932
 71.3495 0.037128
 73.9407 0.050879
 77.2669 0.078850
 79.7541 0.105528
tr1s-03-3 2 1
 17.7015 0.034357
 18.4915 0.025188
 19.6377 0.018465
 20.6524 0.014165
 21.7315 0.011390
 22.4190 0.009821
 22.9371 0.008897
 23.3591 0.008208
 23.7107 0.007481
 24.0137 0.007113
 24.2888 0.006766
 24.5435 0.006551
 24.7694 0.006467
 25.6908 0.005776
 26.3948 0.005620
 26.9725 0.005201
 27.4657 0.004972
 27.9021 0.004755
 28.2962 0.004758
 28.6537 0.004691
 28.9822 0.004517
 29.2867 0.004376
 29.5747 0.004226
 29.8451 0.004071
 30.1031 0.004022
 30.3499 0.003912
 30.5841 0.003794
 30.8112 0.003829
 31.0278 0.003792
 31.2384 0.003748
 31.4415 0.003707
 31.6378 0.003702
 31.8266 0.003684
 32.0126 0.003697
 32.1940 0.003718
 32.3702 0.003681
 32.5406 0.003664
 32.7069 0.003638
 32.8688 0.003618
 33.0296 0.003652
 33.1879 0.003631
 33.3426 0.003630
 33.4945 0.003599
 33.6441 0.003590
 33.7907 0.003555
 33.9355 0.003515
 34.0778 0.003515
 34.2179 0.003466
 34.3557 0.003432
 34.4913 0.003388
 34.6265 0.003387
 34.7611 0.003388
 34.8934 0.003380
 35.0239 0.003361
 35.1526 0.003370
 35.2806 0.003358
 35.4070 0.003326
 35.5321 0.003323
 35.6557 0.003317
 35.7774 0.003286
 35.8992 0.003267
 36.0212 0.003240
 36.1404 0.003217
 36.2596 0.003178
 36.3780 0.003206
 36.4948 0.003159
 36.6122 0.003167
 36.7278 0.003139
 36.8426 0.003135
 36.9577 0.003152
 37.0723 0.003139
 37.1847 0.003129
 37.2968 0.003103
 37.4088 0.003095
 37.5205 0.003048
 37.6317 0.003079
 37.7417 0.003076
 37.8508 0.003037
 37.9606 0.003064
 38.0698 0.003061
 38.1789 0.003063
 38.2879 0.003047
 38.3967 0.003088
 38.5044 0.003118
 38.6128 0.003121
 38.7198 0.003113
 38.8268 0.003108
 38.9336 0.003120
 39.0392 0.003132
 39.1455 0.003172
 39.2522 0.003213
 39.3583 0.003198
 39.4643 0.003208
 39.5702 0.003180
 39.6764 0.003196
 39.7822 0.003182
 39.8884 0.003189
 39.9948 0.003207
 40.1004 0.003233
 40.2067 0.003227
 40.3129 0.003235
 40.4190 0.003246
 40.5258 0.003292
 40.6327 0.003268
 40.7392 0.003271
 40.8465 0.003285
 40.9528 0.003299
 41.0598 0.003342
 41.1677 0.003359
 41.2738 0.003357
 41.3803 0.003380
 41.4876 0.003365
 41.5940 0.003385
 41.7015 0.003382
 41.8098 0.003379
 41.9171 0.003421
 42.0253 0.003427
 42.1344 0.003455
 42.2436 0.003440
 42.3521 0.003429
 42.4613 0.003451
 42.5717 0.003437
 42.6823 0.003455
 42.7935 0.003427
 42.9051 0.003438
 43.0169 0.003471
 43.1288 0.003485
 43.2418 0.003527
 43.3551 0.003537
 43.4693 0.003551
 43.5835 0.003577
 43.6991 0.003614
 43.8143 0.003604
 43.9301 0.003605
 44.0475 0.003608
 44.1648 0.003650
 44.2836 0.003660
 44.4018 0.003657
 44.5216 0.003657
 44.6419 0.003623
 44.7631 0.003637
 44.8864 0.003655
 45.0106 0.003669
 45.1352 0.003709
 45.2597 0.003727
 45.3865 0.003681
 45.5137 0.003692
 45.6422 0.003672
 45.7711 0.003690
 45.9030 0.003675
 46.0349 0.003706
 46.1676 0.003696
 46.3025 0.003727
 46.4377 0.003761
 46.5737 0.003813
 46.7128 0.003802
 46.8536 0.003842
 46.9961 0.003843
 47.1395 0.003898
 47.2856 0.003914
 47.4333 0.003919
 47.5819 0.003908
 47.7332 0.003923
 47.8868 0.003972
 48.0431 0.004009
 48.2001 0.004038
 48.3602 0.004054
 48.5215 0.004046
 48.6872 0.004075
 48.8548 0.004150
 49.0249 0.004179
 49.1994 0.004253
 49.3761 0.004234
 49.5576 0.004291
 49.7412 0.004296
 49.9288 0.004333
 50.1200 0.004318
 50.3160 0.004360
 50.5161 0.004412
 50.7201 0.004441
 50.9310 0.004492
 51.1452 0.004504
 51.3664 0.004535
 51.5934 0.004578
 51.8300 0.004690
 52.0717 0.004807
 52.3229 0.004893
 52.5777 0.004846
 52.8438 0.004865
 53.1201 0.004979
 53.4078 0.005101
 53.7081 0.005191
 54.0211 0.005316
 54.3500 0.005471
 54.6905 0.005536
 55.0482 0.005702
 55.4335 0.005887
 55.8369 0.006137
 56.2677 0.006323
 56.7282 0.006673
 57.2300 0.006734
 57.7736 0.007191
 58.3773 0.007635
 59.0503 0.007970
 59.8119 0.008696
 60.6989 0.009422
 61.7563 0.010243
 63.0750 0.011730
 64.8938 0.014020
 65.3583 0.014739
 65.8728 0.015304
 66.4400 0.015986
 67.0937 0.016519
 67.8519 0.018361
 68.7807 0.020376
 69.9768 0.023023
 71.6181 0.026461
 74.3573 0.037596
 76.9113 0.053322
 80.2057 0.076829
 82.6700 0.110111
 tr2-03-3 2 1
 18.7739 0.037801
 19.6700 0.028788
 20.9815 0.020157
 22.0823 0.016011
 23.3007 0.012834
 24.0668 0.011104
 24.6416 0.010262
 25.1121 0.009467
 25.5005 0.008853
 25.8418 0.008544
 26.1483 0.008306
 26.4168 0.007943
 26.6709 0.007499
 27.6861 0.006626
 28.4645 0.006093
 29.1041 0.005717
 29.6505 0.005398
 30.1343 0.005077
 30.5670 0.004814
 30.9602 0.004791
 31.3237 0.004797
 31.6626 0.004675
 31.9789 0.004569
 32.2775 0.004598
 32.5604 0.004547
 32.8291 0.004462
 33.0866 0.004443
 33.3338 0.004528
 33.5720 0.004423
 33.8024 0.004392
 34.0221 0.004379
 34.2367 0.004303
 34.4450 0.004260
 34.6469 0.004261
 34.8439 0.004209
 35.0356 0.004124
 35.2215 0.004043
 35.4031 0.003974
 35.5819 0.003993
 35.7566 0.003952
 35.9271 0.003874
 36.0960 0.003849
 36.2612 0.003827
 36.4235 0.003773
 36.5836 0.003787
 36.7410 0.003676
 36.8962 0.003634
 37.0486 0.003588
 37.1979 0.003626
 37.3469 0.003629
 37.4938 0.003609
 37.6380 0.003565
 37.7819 0.003491
 37.9239 0.003449
 38.0618 0.003448
 38.2000 0.003432
 38.3372 0.003393
 38.4731 0.003384
 38.6073 0.003395
 38.7406 0.003440
 38.8724 0.003451
 39.0027 0.003450
 39.1319 0.003446
 39.2599 0.003403
 39.3881 0.003367
 39.5165 0.003364
 39.6434 0.003349
 39.7688 0.003338
 39.8933 0.003348
 40.0164 0.003328
 40.1394 0.003294
 40.2618 0.003305
 40.3837 0.003303
 40.5042 0.003258
 40.6245 0.003259
 40.7451 0.003266
 40.8644 0.003261
 40.9833 0.003269
 41.1019 0.003286
 41.2208 0.003318
 41.3391 0.003300
 41.4565 0.003281
 41.5739 0.003262
 41.6917 0.003267
 41.8070 0.003273
 41.9230 0.003293
 42.0381 0.003287
 42.1534 0.003273
 42.2690 0.003273
 42.3846 0.003253
 42.4991 0.003269
 42.6133 0.003275
 42.7285 0.003293
 42.8428 0.003296
 42.9578 0.003272
 43.0715 0.003275
 43.1859 0.003289
 43.3000 0.003276
 43.4141 0.003280
 43.5282 0.003283
 43.6423 0.003309
 43.7560 0.003369
 43.8706 0.003349
 43.9842 0.003341
 44.0978 0.003358
 44.2128 0.003362
 44.3265 0.003376
 44.4402 0.003352
 44.5551 0.003367
 44.6693 0.003400
 44.7841 0.003382
 44.8999 0.003370
 45.0150 0.003364
 45.1307 0.003390
 45.2468 0.003379
 45.3632 0.003401
 45.4793 0.003410
 45.5965 0.003407
 45.7138 0.003442
 45.8308 0.003409
 45.9491 0.003422
 46.0670 0.003402
 46.1860 0.003411
 46.3062 0.003399
 46.4252 0.003409
 46.5450 0.003429
 46.6666 0.003427
 46.7872 0.003461
 46.9082 0.003500
 47.0305 0.003539
 47.1534 0.003578
 47.2765 0.003583
 47.3997 0.003563
 47.5239 0.003630
 47.6487 0.003638
 47.7749 0.003655
 47.9015 0.003653
 48.0282 0.003674
 48.1570 0.003712
 48.2864 0.003678
 48.4166 0.003683
 48.5480 0.003729
 48.6799 0.003775
 48.8120 0.003766
 48.9462 0.003770
 49.0812 0.003794
 49.2171 0.003866
 49.3542 0.003894
 49.4919 0.003879
 49.6324 0.003896
 49.7733 0.003941
 49.9166 0.003963
 50.0602 0.004030
 50.2059 0.004018
 50.3527 0.004023
 50.5018 0.004015
 50.6524 0.004036
 50.8039 0.004098
 50.9576 0.004076
 51.1136 0.004014
 51.2719 0.004103
 51.4298 0.004155
 51.5918 0.004182
 51.7548 0.004169
 51.9204 0.004192
 52.0894 0.004247
 52.2599 0.004237
 52.4333 0.004284
 52.6097 0.004309
 52.7892 0.004384
 52.9720 0.004401
 53.1587 0.004407
 53.3472 0.004437
 53.5390 0.004519
 53.7341 0.004543
 53.9349 0.004665
 54.1395 0.004696
 54.3489 0.004743
 54.5612 0.004806
 54.7797 0.004829
 55.0030 0.004866
 55.2315 0.004960
 55.4681 0.005029
 55.7089 0.005072
 55.9570 0.005157
 56.2127 0.005195
 56.4775 0.005202
 56.7508 0.005272
 57.0307 0.005307
 57.3250 0.005475
 57.6283 0.005568
 57.9436 0.005630
 58.2740 0.005731
 58.6166 0.005981
 58.9797 0.006053
 59.3616 0.006175
 59.7655 0.006329
 60.1927 0.006564
 60.6455 0.006739
 61.1312 0.006886
 61.6622 0.007108
 62.2394 0.007369
 62.8750 0.007726
 63.5811 0.007999
 64.3788 0.008550
 65.3097 0.009175
 66.4257 0.010217
 67.8267 0.011607
 69.7198 0.013985
 70.2038 0.014501
 70.7439 0.014996
 71.3471 0.015899
 72.0459 0.017280
 72.8631 0.018956
 73.8242 0.020595
 75.0635 0.023247
 76.7822 0.027753
 79.5860 0.038546
 82.3128 0.050592
 85.7625 0.078108
 88.2795 0.109003
tr2s-03-3 2 1
 22.1487 0.036343
 23.0605 0.027627
 24.3310 0.020281
 25.4186 0.015833
 26.6039 0.012892
 27.3502 0.011234
 27.9218 0.010207
 28.3796 0.009527
 28.7599 0.009274
 29.1000 0.008623
 29.4024 0.008005
 29.6721 0.007703
 29.9211 0.007410
 30.9185 0.006624
 31.6834 0.005938
 32.3079 0.005464
 32.8465 0.005328
 33.3219 0.005066
 33.7435 0.005094
 34.1296 0.004979
 34.4858 0.004809
 34.8205 0.004811
 35.1318 0.004619
 35.4249 0.004432
 35.7054 0.004361
 35.9715 0.004293
 36.2242 0.004300
 36.4681 0.004200
 36.7014 0.004188
 36.9268 0.004081
 37.1436 0.004085
 37.3536 0.004016
 37.5583 0.003972
 37.7583 0.003858
 37.9526 0.003849
 38.1418 0.003808
 38.3255 0.003775
 38.5046 0.003730
 38.6796 0.003778
 38.8521 0.003720
 39.0214 0.003689
 39.1867 0.003653
 39.3499 0.003662
 39.5092 0.003602
 39.6665 0.003627
 39.8222 0.003574
 39.9750 0.003560
 40.1258 0.003551
 40.2755 0.003505
 40.4223 0.003488
 40.5682 0.003459
 40.7108 0.003435
 40.8506 0.003378
 40.9898 0.003367
 41.1275 0.003381
 41.2645 0.003359
 41.4000 0.003332
 41.5339 0.003338
 41.6672 0.003247
 41.7985 0.003211
 41.9280 0.003183
 42.0575 0.003150
 42.1859 0.003148
 42.3135 0.003167
 42.4399 0.003177
 42.5651 0.003214
 42.6892 0.003228
 42.8124 0.003247
 42.9347 0.003256
 43.0562 0.003338
 43.1775 0.003303
 43.2984 0.003295
 43.4185 0.003294
 43.5383 0.003311
 43.6572 0.003309
 43.7760 0.003248
 43.8942 0.003289
 44.0126 0.003244
 44.1291 0.003223
 44.2457 0.003235
 44.3615 0.003265
 44.4776 0.003262
 44.5935 0.003258
 44.7086 0.003249
 44.8236 0.003275
 44.9382 0.003254
 45.0530 0.003252
 45.1673 0.003272
 45.2815 0.003244
 45.3950 0.003229
 45.5090 0.003213
 45.6225 0.003207
 45.7348 0.003235
 45.8476 0.003220
 45.9604 0.003237
 46.0727 0.003263
 46.1859 0.003272
 46.2994 0.003274
 46.4124 0.003253
 46.5255 0.003253
 46.6389 0.003238
 46.7519 0.003262
 46.8647 0.003266
 46.9779 0.003264
 47.0911 0.003281
 47.2044 0.003262
 47.3177 0.003235
 47.4318 0.003232
 47.5452 0.003268
 47.6588 0.003254
 47.7717 0.003271
 47.8865 0.003257
 48.0004 0.003237
 48.1147 0.003301
 48.2303 0.003320
 48.3458 0.003373
 48.4605 0.003408
 48.5757 0.003382
 48.6915 0.003368
 48.8069 0.003391
 48.9241 0.003455
 49.0420 0.003492
 49.1603 0.003506
 49.2782 0.003471
 49.3974 0.003503
 49.5174 0.003521
 49.6368 0.003499
 49.7568 0.003520
 49.8777 0.003502
 49.9986 0.003491
 50.1198 0.003533
 50.2423 0.003519
 50.3657 0.003540
 50.4885 0.003543
 50.6120 0.003586
 50.7372 0.003611
 50.8619 0.003628
 50.9885 0.003612
 51.1159 0.003601
 51.2446 0.003584
 51.3732 0.003622
 51.5037 0.003618
 51.6348 0.003641
 51.7680 0.003664
 51.9012 0.003669
 52.0361 0.003664
 52.1715 0.003672
 52.3075 0.003682
 52.4452 0.003679
 52.5838 0.003663
 52.7238 0.003655
 52.8650 0.003696
 53.0079 0.003698
 53.1526 0.003730
 53.2980 0.003710
 53.4463 0.003736
 53.5939 0.003758
 53.7454 0.003787
 53.8985 0.003792
 54.0519 0.003841
 54.2080 0.003881
 54.3648 0.003891
 54.5253 0.003940
 54.6882 0.003928
 54.8537 0.003962
 55.0221 0.004016
 55.1926 0.004028
 55.3649 0.004089
 55.5393 0.004110
 55.7176 0.004194
 55.8982 0.004234
 56.0820 0.004305
 56.2702 0.004351
 56.4598 0.004404
 56.6542 0.004491
 56.8527 0.004560
 57.0565 0.004613
 57.2631 0.004698
 57.4737 0.004767
 57.6908 0.004814
 57.9137 0.004885
 58.1415 0.004898
 58.3762 0.004907
 58.6164 0.004929
 58.8632 0.005023
 59.1190 0.005116
 59.3823 0.005098
 59.6546 0.005239
 59.9346 0.005349
 60.2251 0.005481
 60.5251 0.005612
 60.8389 0.005705
 61.1664 0.005888
 61.5106 0.005920
 61.8714 0.006073
 62.2495 0.006064
 62.6468 0.006151
 63.0715 0.006399
 63.5271 0.006517
 64.0138 0.006690
 64.5433 0.006830
 65.1150 0.007284
 65.7420 0.007865
 66.4476 0.008233
 67.2483 0.008810
 68.1765 0.009487
 69.2900 0.010038
 70.6887 0.011078
 72.5971 0.014213
 73.0782 0.014810
 73.6158 0.015640
 74.2247 0.016350
 74.9041 0.016752
 75.7103 0.018025
 76.6791 0.019928
 77.8895 0.022576
 79.5927 0.028389
 82.4057 0.039434
 85.1684 0.054150
 88.5958 0.081935
 91.1281 0.109563
