Copyright (C) 1998 James G. MacKinnon, Alfred A. Haug, and Leo Michelis.
 lm0-04-4 2 1
 11.3922 0.020911
 11.8792 0.015669
 12.5859 0.011222
 13.1812 0.008550
 13.8530 0.007104
 14.2672 0.006112
 14.5814 0.005603
 14.8383 0.005143
 15.0566 0.004826
 15.2461 0.004529
 15.4145 0.004305
 15.5684 0.004059
 15.7070 0.004014
 16.2708 0.003597
 16.7035 0.003176
 17.0605 0.002990
 17.3687 0.002918
 17.6397 0.002825
 17.8852 0.002709
 18.1093 0.002746
 18.3169 0.002658
 18.5104 0.002522
 18.6908 0.002493
 18.8609 0.002450
 19.0244 0.002368
 19.1801 0.002311
 19.3286 0.002254
 19.4705 0.002273
 19.6072 0.002243
 19.7398 0.002226
 19.8679 0.002160
 19.9913 0.002125
 20.1119 0.002090
 20.2296 0.002116
 20.3444 0.002125
 20.4558 0.002024
 20.5661 0.002033
 20.6734 0.002075
 20.7784 0.002063
 20.8810 0.002061
 20.9819 0.002069
 21.0820 0.002102
 21.1792 0.002101
 21.2754 0.002110
 21.3693 0.002114
 21.4626 0.002073
 21.5546 0.002068
 21.6452 0.002082
 21.7348 0.002128
 21.8233 0.002092
 21.9106 0.002083
 21.9973 0.002082
 22.0824 0.002108
 22.1669 0.002113
 22.2511 0.002106
 22.3334 0.002105
 22.4145 0.002097
 22.4955 0.002096
 22.5767 0.002095
 22.6562 0.002117
 22.7356 0.002111
 22.8144 0.002110
 22.8928 0.002112
 22.9701 0.002132
 23.0465 0.002136
 23.1233 0.002117
 23.2000 0.002100
 23.2759 0.002089
 23.3507 0.002108
 23.4260 0.002121
 23.5014 0.002144
 23.5754 0.002152
 23.6495 0.002160
 23.7229 0.002175
 23.7962 0.002181
 23.8701 0.002184
 23.9440 0.002188
 24.0161 0.002144
 24.0885 0.002128
 24.1610 0.002134
 24.2335 0.002150
 24.3059 0.002167
 24.3778 0.002161
 24.4496 0.002169
 24.5210 0.002169
 24.5924 0.002178
 24.6640 0.002199
 24.7351 0.002235
 24.8064 0.002238
 24.8776 0.002231
 24.9484 0.002245
 25.0196 0.002222
 25.0902 0.002231
 25.1608 0.002231
 25.2320 0.002197
 25.3030 0.002233
 25.3738 0.002223
 25.4445 0.002226
 25.5154 0.002238
 25.5869 0.002251
 25.6581 0.002269
 25.7300 0.002255
 25.8016 0.002276
 25.8732 0.002284
 25.9441 0.002307
 26.0161 0.002300
 26.0884 0.002315
 26.1603 0.002304
 26.2320 0.002300
 26.3043 0.002277
 26.3767 0.002297
 26.4496 0.002307
 26.5222 0.002349
 26.5950 0.002335
 26.6682 0.002346
 26.7415 0.002366
 26.8152 0.002359
 26.8897 0.002390
 26.9638 0.002396
 27.0378 0.002416
 27.1128 0.002424
 27.1879 0.002426
 27.2634 0.002423
 27.3397 0.002435
 27.4154 0.002438
 27.4917 0.002444
 27.5686 0.002446
 27.6457 0.002445
 27.7240 0.002418
 27.8022 0.002411
 27.8809 0.002405
 27.9596 0.002392
 28.0399 0.002425
 28.1197 0.002423
 28.2013 0.002431
 28.2831 0.002442
 28.3651 0.002454
 28.4474 0.002454
 28.5302 0.002418
 28.6136 0.002453
 28.6972 0.002488
 28.7816 0.002496
 28.8669 0.002511
 28.9529 0.002518
 29.0401 0.002537
 29.1276 0.002573
 29.2163 0.002602
 29.3059 0.002635
 29.3965 0.002681
 29.4873 0.002683
 29.5796 0.002693
 29.6722 0.002697
 29.7667 0.002714
 29.8611 0.002713
 29.9570 0.002752
 30.0540 0.002734
 30.1523 0.002701
 30.2516 0.002718
 30.3536 0.002762
 30.4557 0.002780
 30.5590 0.002790
 30.6649 0.002803
 30.7714 0.002821
 30.8799 0.002865
 30.9897 0.002874
 31.1004 0.002891
 31.2122 0.002905
 31.3278 0.002913
 31.4454 0.002979
 31.5654 0.002976
 31.6865 0.003002
 31.8095 0.003102
 31.9355 0.003112
 32.0635 0.003167
 32.1955 0.003198
 32.3306 0.003265
 32.4679 0.003276
 32.6087 0.003344
 32.7523 0.003307
 32.8983 0.003336
 33.0492 0.003349
 33.2045 0.003301
 33.3649 0.003397
 33.5292 0.003417
 33.6982 0.003436
 33.8727 0.003499
 34.0517 0.003585
 34.2385 0.003592
 34.4324 0.003641
 34.6333 0.003740
 34.8430 0.003801
 35.0606 0.003872
 35.2880 0.003876
 35.5265 0.003988
 35.7773 0.004109
 36.0425 0.004186
 36.3218 0.004363
 36.6205 0.004524
 36.9396 0.004608
 37.2851 0.004640
 37.6572 0.004930
 38.0638 0.005187
 38.5104 0.005429
 39.0153 0.005691
 39.5874 0.006094
 40.2557 0.006625
 41.0545 0.007248
 42.0673 0.008413
 43.4656 0.010175
 43.8258 0.010836
 44.2261 0.011211
 44.6794 0.011972
 45.1890 0.013214
 45.7822 0.014218
 46.4947 0.015958
 47.4172 0.018221
 48.6863 0.021542
 50.7944 0.030129
 52.8972 0.038562
 55.5095 0.062516
 57.4709 0.086763
 lm1-04-4 2 1
 13.2352 0.021957
 13.7786 0.017071
 14.5555 0.012077
 15.2015 0.009622
 15.9035 0.007466
 16.3546 0.006204
 16.6882 0.005736
 16.9619 0.005332
 17.1942 0.005034
 17.3979 0.004725
 17.5745 0.004524
 17.7378 0.004437
 17.8835 0.004268
 18.4814 0.003642
 18.9386 0.003459
 19.3194 0.003235
 19.6430 0.003106
 19.9309 0.002912
 20.1906 0.002874
 20.4266 0.002812
 20.6453 0.002791
 20.8475 0.002706
 21.0406 0.002683
 21.2194 0.002656
 21.3900 0.002571
 21.5538 0.002530
 21.7097 0.002534
 21.8600 0.002515
 22.0053 0.002512
 22.1445 0.002468
 22.2795 0.002477
 22.4094 0.002475
 22.5366 0.002456
 22.6611 0.002429
 22.7812 0.002392
 22.8986 0.002361
 23.0142 0.002371
 23.1259 0.002339
 23.2359 0.002337
 23.3437 0.002360
 23.4495 0.002363
 23.5532 0.002403
 23.6558 0.002395
 23.7567 0.002380
 23.8561 0.002375
 23.9535 0.002367
 24.0496 0.002288
 24.1440 0.002286
 24.2379 0.002286
 24.3302 0.002236
 24.4220 0.002205
 24.5128 0.002196
 24.6021 0.002189
 24.6906 0.002187
 24.7773 0.002169
 24.8633 0.002190
 24.9485 0.002203
 25.0338 0.002181
 25.1184 0.002207
 25.2021 0.002206
 25.2851 0.002233
 25.3678 0.002233
 25.4496 0.002260
 25.5305 0.002271
 25.6113 0.002250
 25.6918 0.002266
 25.7715 0.002249
 25.8516 0.002257
 25.9310 0.002264
 26.0093 0.002276
 26.0881 0.002286
 26.1658 0.002261
 26.2434 0.002254
 26.3206 0.002267
 26.3973 0.002258
 26.4743 0.002257
 26.5501 0.002243
 26.6255 0.002235
 26.7010 0.002267
 26.7767 0.002283
 26.8522 0.002274
 26.9273 0.002272
 27.0025 0.002274
 27.0774 0.002253
 27.1520 0.002269
 27.2264 0.002263
 27.3008 0.002294
 27.3750 0.002303
 27.4486 0.002277
 27.5228 0.002294
 27.5970 0.002305
 27.6712 0.002319
 27.7451 0.002353
 27.8195 0.002364
 27.8931 0.002367
 27.9672 0.002376
 28.0421 0.002373
 28.1161 0.002340
 28.1902 0.002351
 28.2647 0.002351
 28.3394 0.002348
 28.4140 0.002362
 28.4887 0.002372
 28.5630 0.002392
 28.6380 0.002381
 28.7125 0.002387
 28.7869 0.002413
 28.8615 0.002436
 28.9371 0.002442
 29.0125 0.002467
 29.0880 0.002458
 29.1629 0.002473
 29.2387 0.002480
 29.3152 0.002478
 29.3910 0.002499
 29.4675 0.002512
 29.5446 0.002501
 29.6215 0.002507
 29.6980 0.002511
 29.7759 0.002509
 29.8544 0.002537
 29.9326 0.002560
 30.0120 0.002564
 30.0909 0.002570
 30.1696 0.002558
 30.2489 0.002594
 30.3286 0.002626
 30.4089 0.002652
 30.4898 0.002658
 30.5714 0.002668
 30.6534 0.002673
 30.7359 0.002676
 30.8182 0.002692
 30.9014 0.002677
 30.9846 0.002702
 31.0686 0.002738
 31.1532 0.002701
 31.2387 0.002701
 31.3256 0.002688
 31.4128 0.002696
 31.4998 0.002698
 31.5878 0.002708
 31.6768 0.002729
 31.7672 0.002708
 31.8573 0.002734
 31.9476 0.002721
 32.0392 0.002694
 32.1320 0.002660
 32.2258 0.002685
 32.3202 0.002659
 32.4166 0.002678
 32.5133 0.002689
 32.6112 0.002709
 32.7101 0.002700
 32.8101 0.002760
 32.9111 0.002791
 33.0141 0.002744
 33.1177 0.002754
 33.2225 0.002812
 33.3289 0.002833
 33.4368 0.002852
 33.5456 0.002853
 33.6563 0.002850
 33.7689 0.002851
 33.8828 0.002866
 33.9999 0.002876
 34.1167 0.002913
 34.2349 0.002906
 34.3560 0.002910
 34.4804 0.002957
 34.6066 0.002964
 34.7349 0.002991
 34.8651 0.003039
 34.9989 0.003091
 35.1359 0.003124
 35.2747 0.003138
 35.4170 0.003230
 35.5638 0.003300
 35.7124 0.003366
 35.8643 0.003425
 36.0208 0.003470
 36.1830 0.003480
 36.3473 0.003565
 36.5169 0.003539
 36.6905 0.003587
 36.8712 0.003655
 37.0573 0.003688
 37.2510 0.003765
 37.4506 0.003818
 37.6581 0.003971
 37.8755 0.004024
 38.1003 0.004106
 38.3370 0.004272
 38.5844 0.004416
 38.8429 0.004511
 39.1160 0.004582
 39.4051 0.004649
 39.7138 0.004724
 40.0437 0.004929
 40.3970 0.005112
 40.7834 0.005319
 41.2061 0.005507
 41.6696 0.005778
 42.1920 0.006075
 42.7857 0.006423
 43.4758 0.006739
 44.3058 0.007547
 45.3538 0.008668
 46.7845 0.010345
 47.1546 0.011139
 47.5583 0.011773
 48.0150 0.012656
 48.5357 0.012889
 49.1509 0.013939
 49.8874 0.015585
 50.8257 0.017734
 52.1282 0.021869
 54.3042 0.030220
 56.4182 0.042259
 59.1760 0.066617
 61.2662 0.093735
lm1s-04-4 2 1
 14.0176 0.021617
 14.5817 0.016566
 15.3334 0.011994
 15.9748 0.008653
 16.6848 0.006923
 17.1315 0.005795
 17.4714 0.004986
 17.7454 0.004797
 17.9763 0.004557
 18.1760 0.004421
 18.3561 0.004231
 18.5181 0.004263
 18.6646 0.004134
 19.2646 0.003766
 19.7265 0.003440
 20.1053 0.003173
 20.4311 0.003104
 20.7185 0.003036
 20.9771 0.002940
 21.2121 0.002846
 21.4301 0.002732
 21.6344 0.002693
 21.8259 0.002612
 22.0078 0.002509
 22.1796 0.002482
 22.3433 0.002487
 22.4993 0.002557
 22.6505 0.002501
 22.7952 0.002497
 22.9347 0.002431
 23.0702 0.002419
 23.2011 0.002388
 23.3276 0.002392
 23.4505 0.002382
 23.5719 0.002380
 23.6889 0.002373
 23.8038 0.002409
 23.9158 0.002405
 24.0261 0.002413
 24.1336 0.002403
 24.2391 0.002367
 24.3432 0.002333
 24.4455 0.002283
 24.5462 0.002257
 24.6460 0.002233
 24.7437 0.002187
 24.8398 0.002202
 24.9342 0.002209
 25.0274 0.002196
 25.1196 0.002204
 25.2115 0.002210
 25.3020 0.002223
 25.3911 0.002238
 25.4793 0.002273
 25.5667 0.002267
 25.6532 0.002266
 25.7387 0.002267
 25.8245 0.002245
 25.9096 0.002255
 25.9932 0.002255
 26.0769 0.002246
 26.1591 0.002244
 26.2416 0.002252
 26.3232 0.002245
 26.4042 0.002226
 26.4845 0.002211
 26.5647 0.002228
 26.6440 0.002248
 26.7228 0.002241
 26.8013 0.002225
 26.8796 0.002237
 26.9572 0.002268
 27.0351 0.002251
 27.1121 0.002254
 27.1890 0.002263
 27.2655 0.002274
 27.3419 0.002293
 27.4180 0.002297
 27.4941 0.002309
 27.5699 0.002317
 27.6447 0.002305
 27.7195 0.002302
 27.7949 0.002319
 27.8697 0.002330
 27.9447 0.002336
 28.0194 0.002348
 28.0942 0.002327
 28.1684 0.002322
 28.2427 0.002302
 28.3169 0.002281
 28.3912 0.002292
 28.4649 0.002297
 28.5388 0.002307
 28.6129 0.002280
 28.6869 0.002302
 28.7612 0.002339
 28.8352 0.002358
 28.9093 0.002358
 28.9830 0.002369
 29.0573 0.002381
 29.1315 0.002351
 29.2056 0.002389
 29.2802 0.002400
 29.3545 0.002388
 29.4294 0.002426
 29.5042 0.002455
 29.5789 0.002486
 29.6540 0.002459
 29.7290 0.002462
 29.8041 0.002455
 29.8795 0.002458
 29.9551 0.002454
 30.0311 0.002453
 30.1068 0.002461
 30.1830 0.002466
 30.2591 0.002472
 30.3364 0.002495
 30.4133 0.002526
 30.4909 0.002542
 30.5687 0.002524
 30.6466 0.002524
 30.7251 0.002525
 30.8039 0.002506
 30.8831 0.002528
 30.9622 0.002563
 31.0416 0.002582
 31.1212 0.002601
 31.2009 0.002614
 31.2820 0.002623
 31.3633 0.002612
 31.4447 0.002622
 31.5272 0.002644
 31.6092 0.002634
 31.6924 0.002649
 31.7757 0.002646
 31.8599 0.002660
 31.9448 0.002643
 32.0301 0.002658
 32.1163 0.002651
 32.2028 0.002667
 32.2902 0.002668
 32.3780 0.002672
 32.4669 0.002711
 32.5562 0.002709
 32.6467 0.002709
 32.7385 0.002719
 32.8310 0.002715
 32.9237 0.002724
 33.0169 0.002738
 33.1122 0.002776
 33.2077 0.002795
 33.3052 0.002815
 33.4021 0.002772
 33.5014 0.002798
 33.6010 0.002811
 33.7024 0.002798
 33.8053 0.002788
 33.9089 0.002813
 34.0139 0.002811
 34.1209 0.002840
 34.2282 0.002841
 34.3372 0.002846
 34.4478 0.002816
 34.5602 0.002833
 34.6732 0.002844
 34.7884 0.002884
 34.9064 0.002871
 35.0264 0.002895
 35.1485 0.002924
 35.2732 0.002947
 35.3988 0.002982
 35.5271 0.003021
 35.6589 0.003093
 35.7922 0.003151
 35.9281 0.003205
 36.0670 0.003227
 36.2100 0.003289
 36.3548 0.003351
 36.5042 0.003368
 36.6559 0.003418
 36.8125 0.003429
 36.9728 0.003494
 37.1374 0.003532
 37.3078 0.003597
 37.4827 0.003646
 37.6623 0.003645
 37.8485 0.003737
 38.0423 0.003840
 38.2424 0.003942
 38.4504 0.004052
 38.6664 0.004138
 38.8912 0.004169
 39.1266 0.004264
 39.3729 0.004324
 39.6324 0.004359
 39.9060 0.004445
 40.1944 0.004584
 40.5010 0.004686
 40.8321 0.004821
 41.1873 0.005018
 41.5753 0.005243
 41.9955 0.005411
 42.4598 0.005792
 42.9782 0.005942
 43.5683 0.006395
 44.2611 0.006926
 45.0967 0.007469
 46.1424 0.008405
 47.5698 0.010138
 47.9339 0.010833
 48.3419 0.011353
 48.7990 0.011969
 49.3266 0.012971
 49.9398 0.013898
 50.6765 0.015560
 51.6139 0.018124
 52.9326 0.022197
 55.1141 0.030497
 57.2136 0.042164
 59.9193 0.065964
 62.0390 0.089007
 lm2-04-4 3 1
 15.2549 0.039243
 15.8188 0.030863
 16.6280 0.022111
 17.2719 0.016915
 18.0210 0.013527
 18.4940 0.011775
 18.8536 0.010592
 19.1416 0.010010
 19.3888 0.009225
 19.5977 0.008720
 19.7892 0.008225
 19.9566 0.008074
 20.1177 0.007769
 20.7488 0.007120
 21.2308 0.006774
 21.6264 0.006261
 21.9674 0.005980
 22.2676 0.005776
 22.5379 0.005466
 22.7861 0.005400
 23.0129 0.005300
 23.2265 0.005188
 23.4288 0.004988
 23.6187 0.004701
 23.7982 0.004668
 23.9691 0.004529
 24.1318 0.004478
 24.2872 0.004445
 24.4375 0.004455
 24.5828 0.004428
 24.7236 0.004314
 24.8608 0.004247
 24.9935 0.004104
 25.1222 0.004073
 25.2475 0.003985
 25.3705 0.004025
 25.4892 0.004063
 25.6060 0.004093
 25.7225 0.004033
 25.8340 0.004057
 25.9444 0.004075
 26.0528 0.004064
 26.1596 0.004073
 26.2646 0.004050
 26.3682 0.004046
 26.4708 0.004029
 26.5727 0.004066
 26.6719 0.004040
 26.7708 0.004060
 26.8673 0.004078
 26.9639 0.004046
 27.0581 0.004009
 27.1525 0.004024
 27.2444 0.004033
 27.3351 0.004008
 27.4250 0.003974
 27.5151 0.003996
 27.6033 0.003985
 27.6916 0.003928
 27.7796 0.003973
 27.8675 0.003962
 27.9534 0.003971
 28.0383 0.003997
 28.1219 0.004012
 28.2059 0.004022
 28.2896 0.004045
 28.3730 0.004111
 28.4555 0.004115
 28.5376 0.004097
 28.6202 0.004077
 28.7012 0.004060
 28.7832 0.004112
 28.8625 0.004108
 28.9426 0.004080
 29.0226 0.004096
 29.1021 0.004111
 29.1815 0.004099
 29.2606 0.004120
 29.3396 0.004133
 29.4180 0.004172
 29.4968 0.004194
 29.5753 0.004205
 29.6534 0.004208
 29.7321 0.004137
 29.8095 0.004134
 29.8873 0.004149
 29.9648 0.004190
 30.0423 0.004218
 30.1198 0.004235
 30.1970 0.004240
 30.2749 0.004214
 30.3523 0.004202
 30.4294 0.004170
 30.5070 0.004152
 30.5834 0.004140
 30.6605 0.004147
 30.7379 0.004116
 30.8149 0.004104
 30.8914 0.004044
 30.9672 0.004056
 31.0436 0.004067
 31.1217 0.004090
 31.1990 0.004145
 31.2768 0.004161
 31.3554 0.004178
 31.4334 0.004189
 31.5110 0.004243
 31.5883 0.004235
 31.6671 0.004238
 31.7453 0.004263
 31.8243 0.004321
 31.9021 0.004340
 31.9807 0.004375
 32.0594 0.004361
 32.1393 0.004383
 32.2190 0.004378
 32.2965 0.004382
 32.3764 0.004364
 32.4564 0.004353
 32.5376 0.004340
 32.6187 0.004307
 32.7000 0.004310
 32.7812 0.004308
 32.8621 0.004301
 32.9436 0.004381
 33.0267 0.004399
 33.1094 0.004388
 33.1928 0.004405
 33.2772 0.004400
 33.3627 0.004413
 33.4473 0.004395
 33.5328 0.004419
 33.6182 0.004408
 33.7058 0.004379
 33.7914 0.004445
 33.8786 0.004449
 33.9667 0.004443
 34.0563 0.004498
 34.1459 0.004489
 34.2362 0.004465
 34.3258 0.004472
 34.4161 0.004530
 34.5072 0.004578
 34.6003 0.004597
 34.6953 0.004693
 34.7905 0.004672
 34.8864 0.004701
 34.9832 0.004702
 35.0801 0.004740
 35.1777 0.004765
 35.2778 0.004824
 35.3772 0.004841
 35.4776 0.004940
 35.5807 0.004900
 35.6847 0.004864
 35.7892 0.004922
 35.8953 0.004945
 36.0017 0.005028
 36.1106 0.005038
 36.2198 0.005135
 36.3313 0.005231
 36.4437 0.005243
 36.5590 0.005263
 36.6749 0.005348
 36.7932 0.005320
 36.9134 0.005388
 37.0342 0.005406
 37.1567 0.005471
 37.2832 0.005455
 37.4090 0.005594
 37.5389 0.005662
 37.6709 0.005644
 37.8058 0.005595
 37.9440 0.005613
 38.0843 0.005607
 38.2288 0.005592
 38.3764 0.005669
 38.5252 0.005754
 38.6808 0.005876
 38.8397 0.005994
 38.9995 0.006104
 39.1646 0.006234
 39.3342 0.006256
 39.5094 0.006220
 39.6896 0.006375
 39.8749 0.006472
 40.0683 0.006578
 40.2675 0.006695
 40.4755 0.006685
 40.6907 0.006837
 40.9127 0.006894
 41.1448 0.007136
 41.3888 0.007307
 41.6439 0.007366
 41.9132 0.007554
 42.1970 0.007730
 42.4950 0.008013
 42.8183 0.008093
 43.1569 0.008229
 43.5244 0.008321
 43.9211 0.008567
 44.3547 0.009184
 44.8356 0.009887
 45.3683 0.010661
 45.9759 0.011510
 46.6769 0.012191
 47.5416 0.013567
 48.6113 0.015547
 50.0801 0.017750
 50.4645 0.018882
 50.8995 0.020023
 51.3627 0.020844
 51.9178 0.021817
 52.5629 0.023946
 53.3352 0.026737
 54.3113 0.030525
 55.6722 0.039407
 57.9080 0.052756
 60.0983 0.072549
 62.9837 0.107523
 65.1316 0.148978
lm2s-04-4 3 1
 16.1044 0.039769
 16.6349 0.031449
 17.4008 0.020380
 18.0955 0.016998
 18.8410 0.013818
 19.3109 0.011265
 19.6616 0.010493
 19.9481 0.009547
 20.1950 0.009123
 20.4116 0.008540
 20.5995 0.008056
 20.7705 0.007870
 20.9274 0.007657
 21.5542 0.006944
 22.0308 0.006650
 22.4304 0.006395
 22.7710 0.006052
 23.0734 0.005660
 23.3441 0.005476
 23.5935 0.005176
 23.8218 0.005110
 24.0331 0.005017
 24.2321 0.004884
 24.4206 0.004837
 24.5993 0.004782
 24.7707 0.004605
 24.9339 0.004542
 25.0909 0.004444
 25.2417 0.004351
 25.3872 0.004309
 25.5282 0.004257
 25.6664 0.004198
 25.7979 0.004176
 25.9261 0.004165
 26.0514 0.004186
 26.1729 0.004190
 26.2922 0.004150
 26.4094 0.004164
 26.5243 0.004138
 26.6373 0.004133
 26.7485 0.004096
 26.8564 0.004131
 26.9636 0.004093
 27.0698 0.004119
 27.1736 0.004120
 27.2770 0.004127
 27.3771 0.004123
 27.4761 0.004066
 27.5736 0.004101
 27.6705 0.004064
 27.7657 0.004099
 27.8605 0.004088
 27.9529 0.004058
 28.0447 0.004023
 28.1360 0.004014
 28.2263 0.003976
 28.3160 0.003952
 28.4047 0.003957
 28.4935 0.003969
 28.5818 0.003961
 28.6688 0.003948
 28.7544 0.004002
 28.8387 0.004037
 28.9230 0.004053
 29.0073 0.004076
 29.0914 0.004095
 29.1747 0.004093
 29.2571 0.004135
 29.3403 0.004128
 29.4224 0.004139
 29.5037 0.004151
 29.5850 0.004183
 29.6655 0.004196
 29.7452 0.004154
 29.8253 0.004148
 29.9051 0.004143
 29.9848 0.004153
 30.0641 0.004154
 30.1427 0.004180
 30.2205 0.004204
 30.2993 0.004164
 30.3777 0.004155
 30.4555 0.004163
 30.5330 0.004151
 30.6111 0.004177
 30.6883 0.004193
 30.7660 0.004186
 30.8435 0.004193
 30.9207 0.004180
 30.9979 0.004157
 31.0747 0.004176
 31.1516 0.004221
 31.2283 0.004254
 31.3059 0.004259
 31.3835 0.004227
 31.4601 0.004272
 31.5369 0.004228
 31.6134 0.004217
 31.6898 0.004238
 31.7680 0.004231
 31.8455 0.004167
 31.9220 0.004188
 31.9985 0.004236
 32.0759 0.004220
 32.1524 0.004243
 32.2299 0.004300
 32.3060 0.004305
 32.3832 0.004297
 32.4612 0.004290
 32.5394 0.004268
 32.6179 0.004250
 32.6953 0.004289
 32.7745 0.004307
 32.8528 0.004282
 32.9314 0.004252
 33.0117 0.004262
 33.0916 0.004256
 33.1717 0.004254
 33.2519 0.004279
 33.3327 0.004281
 33.4128 0.004241
 33.4946 0.004220
 33.5761 0.004227
 33.6586 0.004238
 33.7408 0.004259
 33.8230 0.004250
 33.9064 0.004241
 33.9901 0.004228
 34.0744 0.004219
 34.1594 0.004238
 34.2426 0.004226
 34.3269 0.004251
 34.4126 0.004232
 34.4983 0.004268
 34.5849 0.004267
 34.6717 0.004293
 34.7607 0.004306
 34.8501 0.004334
 34.9405 0.004359
 35.0301 0.004333
 35.1213 0.004395
 35.2128 0.004421
 35.3043 0.004466
 35.3972 0.004519
 35.4906 0.004590
 35.5848 0.004596
 35.6812 0.004610
 35.7777 0.004645
 35.8749 0.004685
 35.9725 0.004680
 36.0705 0.004745
 36.1712 0.004814
 36.2727 0.004829
 36.3757 0.004906
 36.4791 0.004961
 36.5837 0.004977
 36.6909 0.004993
 36.7979 0.005010
 36.9062 0.004985
 37.0160 0.005047
 37.1260 0.005029
 37.2385 0.005043
 37.3532 0.005089
 37.4692 0.005195
 37.5870 0.005163
 37.7054 0.005229
 37.8265 0.005210
 37.9489 0.005245
 38.0741 0.005338
 38.2012 0.005335
 38.3313 0.005316
 38.4644 0.005372
 38.5981 0.005375
 38.7363 0.005390
 38.8767 0.005501
 39.0195 0.005631
 39.1663 0.005768
 39.3160 0.005857
 39.4694 0.005915
 39.6274 0.005979
 39.7883 0.006021
 39.9558 0.006136
 40.1262 0.006217
 40.3017 0.006274
 40.4813 0.006341
 40.6695 0.006412
 40.8621 0.006536
 41.0616 0.006730
 41.2707 0.006869
 41.4839 0.007066
 41.7050 0.007067
 41.9387 0.007221
 42.1836 0.007377
 42.4380 0.007479
 42.7048 0.007605
 42.9902 0.007870
 43.2877 0.007933
 43.6057 0.007997
 43.9450 0.008244
 44.3140 0.008619
 44.7146 0.009047
 45.1484 0.009386
 45.6269 0.009733
 46.1594 0.010377
 46.7617 0.011143
 47.4733 0.012277
 48.3243 0.013559
 49.3888 0.015862
 50.8764 0.018558
 51.2590 0.019027
 51.6843 0.019748
 52.1560 0.020484
 52.6985 0.022438
 53.3424 0.024835
 54.1192 0.026986
 55.1076 0.031732
 56.4318 0.039774
 58.6591 0.052573
 60.8986 0.070879
 63.7035 0.110464
 65.8328 0.150521
 tr0-04-4 2 1
 28.4453 0.046359
 29.5202 0.034263
 31.1514 0.023929
 32.5036 0.018453
 33.9807 0.014688
 34.9277 0.013109
 35.6301 0.011978
 36.2054 0.011096
 36.6834 0.010432
 37.1101 0.009939
 37.4777 0.009553
 37.8121 0.009315
 38.1206 0.009116
 39.3405 0.007947
 40.2625 0.007167
 41.0237 0.006775
 41.6731 0.006542
 42.2454 0.006185
 42.7615 0.005985
 43.2272 0.005780
 43.6546 0.005503
 44.0527 0.005372
 44.4267 0.005236
 44.7771 0.005125
 45.1109 0.005023
 45.4284 0.004977
 45.7335 0.004790
 46.0231 0.004793
 46.3030 0.004783
 46.5719 0.004645
 46.8322 0.004618
 47.0842 0.004624
 47.3276 0.004537
 47.5681 0.004538
 47.7986 0.004539
 48.0243 0.004482
 48.2435 0.004389
 48.4578 0.004404
 48.6659 0.004429
 48.8713 0.004433
 49.0722 0.004467
 49.2702 0.004474
 49.4627 0.004396
 49.6530 0.004423
 49.8392 0.004392
 50.0209 0.004410
 50.2023 0.004389
 50.3815 0.004298
 50.5576 0.004313
 50.7318 0.004208
 50.9040 0.004256
 51.0728 0.004207
 51.2409 0.004212
 51.4065 0.004092
 51.5695 0.004101
 51.7312 0.004141
 51.8911 0.004064
 52.0479 0.004027
 52.2049 0.004015
 52.3596 0.003998
 52.5136 0.004038
 52.6656 0.004017
 52.8178 0.004043
 52.9680 0.004002
 53.1168 0.004025
 53.2648 0.003998
 53.4112 0.003998
 53.5572 0.003975
 53.7018 0.003978
 53.8461 0.003961
 53.9886 0.003939
 54.1302 0.003964
 54.2706 0.003969
 54.4119 0.003953
 54.5518 0.003963
 54.6918 0.003981
 54.8303 0.004002
 54.9684 0.003991
 55.1054 0.004027
 55.2430 0.004009
 55.3791 0.004017
 55.5158 0.004049
 55.6514 0.004039
 55.7869 0.004075
 55.9221 0.004036
 56.0558 0.004046
 56.1917 0.004024
 56.3251 0.004042
 56.4586 0.004076
 56.5918 0.004073
 56.7249 0.004117
 56.8593 0.004114
 56.9931 0.004133
 57.1254 0.004095
 57.2575 0.004111
 57.3892 0.004168
 57.5213 0.004122
 57.6538 0.004110
 57.7862 0.004135
 57.9172 0.004175
 58.0503 0.004201
 58.1820 0.004251
 58.3131 0.004276
 58.4444 0.004261
 58.5755 0.004248
 58.7077 0.004271
 58.8403 0.004267
 58.9726 0.004264
 59.1038 0.004228
 59.2354 0.004206
 59.3681 0.004218
 59.5013 0.004155
 59.6348 0.004170
 59.7684 0.004178
 59.9022 0.004157
 60.0362 0.004164
 60.1701 0.004192
 60.3045 0.004126
 60.4392 0.004107
 60.5737 0.004107
 60.7093 0.004148
 60.8447 0.004167
 60.9813 0.004219
 61.1190 0.004191
 61.2566 0.004216
 61.3948 0.004224
 61.5324 0.004233
 61.6721 0.004250
 61.8102 0.004247
 61.9494 0.004198
 62.0898 0.004166
 62.2305 0.004163
 62.3726 0.004147
 62.5162 0.004151
 62.6615 0.004187
 62.8071 0.004147
 62.9521 0.004174
 63.0979 0.004186
 63.2451 0.004218
 63.3931 0.004257
 63.5424 0.004241
 63.6932 0.004295
 63.8447 0.004335
 63.9978 0.004336
 64.1522 0.004282
 64.3076 0.004293
 64.4634 0.004340
 64.6205 0.004325
 64.7788 0.004361
 64.9376 0.004422
 65.1000 0.004438
 65.2625 0.004395
 65.4271 0.004400
 65.5944 0.004442
 65.7622 0.004536
 65.9312 0.004561
 66.1013 0.004565
 66.2747 0.004600
 66.4506 0.004656
 66.6271 0.004674
 66.8053 0.004664
 66.9863 0.004681
 67.1695 0.004723
 67.3556 0.004758
 67.5451 0.004837
 67.7369 0.004867
 67.9321 0.004885
 68.1295 0.004963
 68.3304 0.005009
 68.5336 0.005091
 68.7400 0.005100
 68.9504 0.005187
 69.1648 0.005252
 69.3846 0.005201
 69.6069 0.005249
 69.8319 0.005326
 70.0611 0.005382
 70.2971 0.005405
 70.5406 0.005481
 70.7872 0.005530
 71.0404 0.005631
 71.3004 0.005506
 71.5655 0.005581
 71.8411 0.005605
 72.1223 0.005795
 72.4123 0.005898
 72.7098 0.005948
 73.0166 0.005969
 73.3364 0.006085
 73.6672 0.006239
 74.0106 0.006350
 74.3685 0.006564
 74.7373 0.006770
 75.1254 0.006838
 75.5391 0.006961
 75.9700 0.007189
 76.4224 0.007357
 76.9062 0.007763
 77.4195 0.007913
 77.9724 0.008200
 78.5688 0.008193
 79.2173 0.008621
 79.9256 0.008693
 80.7192 0.009496
 81.6131 0.010258
 82.6476 0.010637
 83.8877 0.011372
 85.4389 0.012346
 87.5626 0.015356
 88.1037 0.015954
 88.6941 0.016804
 89.3666 0.017536
 90.1351 0.019240
 91.0384 0.020904
 92.0917 0.022702
 93.4589 0.024078
 95.3261 0.029362
 98.3935 0.040151
101.4355 0.057104
105.2339 0.082055
107.9123 0.108521
 tr1-04-4 2 1
 34.0307 0.050418
 35.2318 0.039580
 37.0301 0.028101
 38.5357 0.020652
 40.1457 0.016400
 41.1648 0.013494
 41.9355 0.012807
 42.5537 0.012250
 43.0664 0.011183
 43.5105 0.010488
 43.9057 0.010224
 44.2721 0.009896
 44.6002 0.009501
 45.9285 0.008488
 46.9372 0.007779
 47.7513 0.007244
 48.4543 0.006865
 49.0691 0.006638
 49.6230 0.006356
 50.1245 0.006077
 50.5872 0.006055
 51.0134 0.005845
 51.4166 0.005755
 51.7935 0.005598
 52.1537 0.005523
 52.4954 0.005331
 52.8219 0.005211
 53.1342 0.005220
 53.4354 0.005215
 53.7246 0.005098
 54.0061 0.005038
 54.2754 0.004983
 54.5388 0.004924
 54.7932 0.004823
 55.0408 0.004784
 55.2813 0.004646
 55.5153 0.004626
 55.7446 0.004603
 55.9692 0.004595
 56.1892 0.004556
 56.4034 0.004520
 56.6139 0.004499
 56.8228 0.004582
 57.0260 0.004584
 57.2243 0.004574
 57.4208 0.004587
 57.6136 0.004588
 57.8038 0.004552
 57.9899 0.004515
 58.1752 0.004500
 58.3585 0.004514
 58.5391 0.004497
 58.7160 0.004477
 58.8928 0.004499
 59.0681 0.004482
 59.2404 0.004446
 59.4112 0.004459
 59.5824 0.004476
 59.7498 0.004499
 59.9150 0.004507
 60.0782 0.004464
 60.2409 0.004465
 60.4012 0.004486
 60.5610 0.004432
 60.7203 0.004404
 60.8775 0.004395
 61.0332 0.004359
 61.1887 0.004290
 61.3425 0.004286
 61.4963 0.004323
 61.6492 0.004334
 61.8009 0.004325
 61.9521 0.004314
 62.1026 0.004313
 62.2518 0.004299
 62.4009 0.004331
 62.5485 0.004362
 62.6959 0.004345
 62.8417 0.004343
 62.9877 0.004325
 63.1344 0.004310
 63.2803 0.004339
 63.4243 0.004344
 63.5674 0.004305
 63.7112 0.004305
 63.8538 0.004315
 63.9950 0.004304
 64.1375 0.004327
 64.2802 0.004327
 64.4225 0.004304
 64.5658 0.004262
 64.7076 0.004211
 64.8483 0.004182
 64.9873 0.004204
 65.1281 0.004231
 65.2681 0.004231
 65.4083 0.004241
 65.5480 0.004294
 65.6871 0.004304
 65.8276 0.004290
 65.9678 0.004324
 66.1077 0.004331
 66.2477 0.004346
 66.3876 0.004330
 66.5274 0.004334
 66.6666 0.004342
 66.8063 0.004331
 66.9454 0.004334
 67.0857 0.004283
 67.2259 0.004295
 67.3668 0.004270
 67.5078 0.004311
 67.6484 0.004325
 67.7890 0.004359
 67.9308 0.004343
 68.0724 0.004348
 68.2148 0.004373
 68.3569 0.004361
 68.4990 0.004413
 68.6409 0.004352
 68.7855 0.004414
 68.9289 0.004474
 69.0739 0.004452
 69.2180 0.004429
 69.3642 0.004442
 69.5107 0.004434
 69.6571 0.004442
 69.8049 0.004409
 69.9537 0.004420
 70.1021 0.004452
 70.2507 0.004486
 70.4004 0.004429
 70.5499 0.004482
 70.7013 0.004558
 70.8547 0.004528
 71.0079 0.004556
 71.1629 0.004566
 71.3177 0.004606
 71.4737 0.004629
 71.6317 0.004601
 71.7899 0.004652
 71.9492 0.004694
 72.1098 0.004697
 72.2708 0.004656
 72.4322 0.004680
 72.5960 0.004704
 72.7618 0.004788
 72.9288 0.004811
 73.0965 0.004861
 73.2666 0.004940
 73.4367 0.005041
 73.6092 0.004991
 73.7807 0.005029
 73.9563 0.005077
 74.1331 0.005176
 74.3136 0.005224
 74.4936 0.005177
 74.6781 0.005193
 74.8631 0.005241
 75.0503 0.005266
 75.2406 0.005297
 75.4322 0.005301
 75.6259 0.005299
 75.8226 0.005434
 76.0216 0.005412
 76.2235 0.005448
 76.4277 0.005509
 76.6354 0.005546
 76.8454 0.005568
 77.0609 0.005483
 77.2790 0.005590
 77.5007 0.005533
 77.7267 0.005640
 77.9584 0.005654
 78.1939 0.005666
 78.4322 0.005652
 78.6766 0.005750
 78.9260 0.005812
 79.1801 0.005881
 79.4419 0.005872
 79.7074 0.005922
 79.9828 0.006017
 80.2634 0.006092
 80.5524 0.006213
 80.8466 0.006248
 81.1516 0.006214
 81.4648 0.006303
 81.7900 0.006339
 82.1249 0.006372
 82.4721 0.006516
 82.8304 0.006649
 83.2030 0.006756
 83.5944 0.006629
 84.0019 0.006825
 84.4306 0.006976
 84.8826 0.007011
 85.3592 0.007167
 85.8665 0.007456
 86.4063 0.007575
 86.9846 0.007643
 87.6084 0.007952
 88.2877 0.008209
 89.0344 0.008501
 89.8667 0.008760
 90.8082 0.009725
 91.9057 0.010492
 93.2152 0.011460
 94.8543 0.012971
 97.0624 0.015342
 97.6235 0.015923
 98.2573 0.016567
 98.9509 0.018039
 99.7453 0.018501
100.6743 0.020301
101.7878 0.022437
103.2165 0.025197
105.1888 0.031141
108.4135 0.041740
111.6062 0.058909
115.6355 0.091136
118.3539 0.127031
tr1s-04-4 2 1
 37.9555 0.049197
 39.1851 0.038391
 41.0285 0.029300
 42.5281 0.021855
 44.1565 0.015922
 45.1752 0.013965
 45.9361 0.013045
 46.5490 0.012130
 47.0665 0.011209
 47.5217 0.010469
 47.9226 0.010051
 48.2783 0.009853
 48.6128 0.009311
 49.9361 0.008357
 50.9445 0.007379
 51.7645 0.007068
 52.4669 0.006711
 53.0813 0.006155
 53.6338 0.006094
 54.1362 0.005865
 54.6023 0.005702
 55.0337 0.005616
 55.4371 0.005487
 55.8151 0.005352
 56.1736 0.005284
 56.5143 0.005226
 56.8398 0.005175
 57.1526 0.005047
 57.4529 0.005107
 57.7428 0.005122
 58.0221 0.005059
 58.2933 0.004996
 58.5524 0.004935
 58.8062 0.004931
 59.0542 0.004837
 59.2942 0.004803
 59.5276 0.004775
 59.7574 0.004834
 59.9803 0.004760
 60.2010 0.004775
 60.4168 0.004750
 60.6282 0.004718
 60.8346 0.004652
 61.0365 0.004605
 61.2359 0.004592
 61.4311 0.004622
 61.6244 0.004524
 61.8149 0.004549
 62.0028 0.004551
 62.1881 0.004569
 62.3704 0.004542
 62.5514 0.004498
 62.7298 0.004402
 62.9070 0.004370
 63.0814 0.004400
 63.2534 0.004388
 63.4233 0.004364
 63.5915 0.004380
 63.7588 0.004343
 63.9252 0.004347
 64.0887 0.004347
 64.2500 0.004295
 64.4121 0.004301
 64.5714 0.004319
 64.7301 0.004324
 64.8868 0.004348
 65.0434 0.004277
 65.1970 0.004255
 65.3515 0.004225
 65.5030 0.004197
 65.6560 0.004149
 65.8081 0.004129
 65.9588 0.004115
 66.1088 0.004108
 66.2577 0.004100
 66.4072 0.004095
 66.5556 0.004151
 66.7028 0.004227
 66.8488 0.004232
 66.9943 0.004216
 67.1391 0.004231
 67.2841 0.004207
 67.4282 0.004183
 67.5708 0.004180
 67.7134 0.004212
 67.8559 0.004179
 67.9977 0.004187
 68.1402 0.004193
 68.2835 0.004203
 68.4243 0.004164
 68.5657 0.004153
 68.7059 0.004122
 68.8473 0.004152
 68.9879 0.004132
 69.1275 0.004115
 69.2671 0.004137
 69.4072 0.004163
 69.5461 0.004095
 69.6860 0.004098
 69.8259 0.004094
 69.9657 0.004162
 70.1048 0.004176
 70.2443 0.004213
 70.3847 0.004226
 70.5242 0.004220
 70.6632 0.004229
 70.8042 0.004277
 70.9444 0.004278
 71.0842 0.004255
 71.2252 0.004283
 71.3657 0.004310
 71.5063 0.004364
 71.6462 0.004345
 71.7876 0.004392
 71.9282 0.004372
 72.0703 0.004375
 72.2127 0.004373
 72.3549 0.004388
 72.4966 0.004334
 72.6396 0.004372
 72.7833 0.004374
 72.9279 0.004383
 73.0733 0.004343
 73.2180 0.004349
 73.3640 0.004344
 73.5097 0.004344
 73.6565 0.004431
 73.8041 0.004494
 73.9514 0.004492
 74.1010 0.004543
 74.2510 0.004593
 74.4011 0.004636
 74.5519 0.004662
 74.7031 0.004748
 74.8557 0.004756
 75.0097 0.004817
 75.1633 0.004812
 75.3179 0.004791
 75.4732 0.004799
 75.6292 0.004812
 75.7866 0.004779
 75.9457 0.004808
 76.1064 0.004798
 76.2672 0.004838
 76.4302 0.004853
 76.5928 0.004829
 76.7568 0.004842
 76.9234 0.004843
 77.0898 0.004870
 77.2586 0.004859
 77.4297 0.004927
 77.6006 0.004914
 77.7741 0.004919
 77.9482 0.004977
 78.1236 0.004990
 78.3023 0.004999
 78.4831 0.004988
 78.6660 0.004969
 78.8503 0.004975
 79.0377 0.004983
 79.2289 0.004913
 79.4195 0.004980
 79.6134 0.005023
 79.8105 0.005085
 80.0090 0.005152
 80.2095 0.005131
 80.4157 0.005098
 80.6241 0.005148
 80.8351 0.005212
 81.0496 0.005343
 81.2683 0.005446
 81.4892 0.005548
 81.7159 0.005609
 81.9466 0.005721
 82.1800 0.005857
 82.4209 0.005926
 82.6641 0.006038
 82.9126 0.006141
 83.1671 0.006185
 83.4270 0.006191
 83.6942 0.006239
 83.9670 0.006373
 84.2446 0.006490
 84.5334 0.006396
 84.8258 0.006492
 85.1287 0.006624
 85.4432 0.006724
 85.7672 0.006882
 86.1024 0.006912
 86.4491 0.006927
 86.8107 0.006923
 87.1859 0.006981
 87.5765 0.006953
 87.9840 0.007073
 88.4114 0.007269
 88.8613 0.007303
 89.3374 0.007559
 89.8442 0.007681
 90.3837 0.007832
 90.9611 0.008141
 91.5852 0.008371
 92.2667 0.008761
 93.0134 0.008897
 93.8468 0.009451
 94.7914 0.009976
 95.8815 0.011018
 97.1897 0.011819
 98.8177 0.012618
101.0450 0.014670
101.6047 0.015415
102.2264 0.016101
102.9260 0.017089
103.7266 0.018177
104.6508 0.020345
105.7654 0.022777
107.1955 0.025614
109.1734 0.029607
112.4061 0.042498
115.5498 0.058352
119.5807 0.088384
122.4303 0.131651
 tr2-04-4 3 1
 40.2648 0.095524
 41.5859 0.072625
 43.5266 0.052361
 45.1446 0.039917
 46.8853 0.029628
 47.9293 0.026094
 48.7433 0.024027
 49.4028 0.023227
 49.9611 0.021392
 50.4360 0.020557
 50.8599 0.019911
 51.2378 0.019116
 51.5815 0.018192
 53.0030 0.016436
 54.0958 0.015073
 54.9854 0.013560
 55.7321 0.012974
 56.3832 0.012904
 56.9771 0.012432
 57.5156 0.012075
 58.0094 0.011678
 58.4734 0.011523
 58.9024 0.010872
 59.3080 0.010778
 59.6887 0.010349
 60.0507 0.009971
 60.3974 0.009976
 60.7277 0.009883
 61.0464 0.009729
 61.3604 0.009621
 61.6602 0.009415
 61.9494 0.009228
 62.2241 0.009045
 62.4975 0.009076
 62.7599 0.008961
 63.0168 0.009032
 63.2665 0.008884
 63.5107 0.008899
 63.7464 0.008846
 63.9791 0.008713
 64.2083 0.008705
 64.4319 0.008766
 64.6535 0.008662
 64.8696 0.008700
 65.0814 0.008653
 65.2908 0.008618
 65.4961 0.008656
 65.6974 0.008537
 65.8967 0.008409
 66.0944 0.008330
 66.2904 0.008335
 66.4827 0.008346
 66.6727 0.008409
 66.8602 0.008453
 67.0454 0.008365
 67.2304 0.008404
 67.4128 0.008458
 67.5902 0.008366
 67.7665 0.008365
 67.9410 0.008310
 68.1155 0.008243
 68.2881 0.008251
 68.4570 0.008165
 68.6275 0.008110
 68.7967 0.008134
 68.9623 0.008148
 69.1303 0.008139
 69.2947 0.008142
 69.4566 0.008127
 69.6180 0.008080
 69.7786 0.008028
 69.9384 0.007963
 70.0979 0.007957
 70.2573 0.007910
 70.4134 0.007876
 70.5707 0.007837
 70.7251 0.007789
 70.8816 0.007730
 71.0350 0.007748
 71.1890 0.007748
 71.3429 0.007743
 71.4968 0.007732
 71.6493 0.007748
 71.8007 0.007779
 71.9523 0.007712
 72.1042 0.007692
 72.2566 0.007779
 72.4058 0.007810
 72.5550 0.007800
 72.7054 0.007729
 72.8548 0.007695
 73.0050 0.007687
 73.1541 0.007625
 73.3031 0.007663
 73.4508 0.007634
 73.6001 0.007683
 73.7477 0.007705
 73.8957 0.007693
 74.0454 0.007716
 74.1913 0.007662
 74.3372 0.007663
 74.4840 0.007538
 74.6314 0.007583
 74.7785 0.007620
 74.9259 0.007664
 75.0728 0.007670
 75.2219 0.007732
 75.3698 0.007782
 75.5191 0.007882
 75.6649 0.007917
 75.8143 0.007860
 75.9623 0.007888
 76.1103 0.007882
 76.2584 0.007878
 76.4079 0.007867
 76.5567 0.007864
 76.7068 0.007786
 76.8564 0.007781
 77.0065 0.007757
 77.1576 0.007855
 77.3083 0.007825
 77.4598 0.007881
 77.6123 0.007870
 77.7656 0.007903
 77.9185 0.007929
 78.0717 0.007889
 78.2263 0.007845
 78.3806 0.007892
 78.5369 0.007905
 78.6919 0.007934
 78.8491 0.008027
 79.0084 0.008024
 79.1683 0.008076
 79.3274 0.008200
 79.4876 0.008147
 79.6487 0.008210
 79.8103 0.008293
 79.9722 0.008341
 80.1358 0.008343
 80.2999 0.008430
 80.4652 0.008558
 80.6322 0.008537
 80.8010 0.008504
 80.9696 0.008487
 81.1419 0.008433
 81.3133 0.008346
 81.4863 0.008413
 81.6603 0.008449
 81.8375 0.008428
 82.0141 0.008318
 82.1927 0.008257
 82.3733 0.008304
 82.5533 0.008211
 82.7384 0.008236
 82.9261 0.008253
 83.1128 0.008332
 83.3034 0.008426
 83.4955 0.008495
 83.6898 0.008515
 83.8862 0.008526
 84.0859 0.008631
 84.2876 0.008699
 84.4918 0.008783
 84.6996 0.008843
 84.9053 0.008853
 85.1186 0.009004
 85.3340 0.009114
 85.5503 0.009114
 85.7723 0.009257
 86.0000 0.009382
 86.2316 0.009579
 86.4683 0.009792
 86.7076 0.009823
 86.9524 0.009882
 87.1989 0.010125
 87.4485 0.010073
 87.7023 0.010223
 87.9641 0.010206
 88.2348 0.010178
 88.5060 0.010163
 88.7853 0.010237
 89.0686 0.010518
 89.3667 0.010608
 89.6696 0.010771
 89.9817 0.011079
 90.2999 0.011302
 90.6274 0.011368
 90.9695 0.011516
 91.3213 0.011518
 91.6874 0.011738
 92.0624 0.012021
 92.4538 0.012246
 92.8630 0.012259
 93.2940 0.012622
 93.7474 0.012902
 94.2188 0.013015
 94.7159 0.013093
 95.2509 0.013457
 95.8176 0.014092
 96.4223 0.014395
 97.0799 0.014920
 97.7892 0.015490
 98.5641 0.016075
 99.4332 0.016832
100.4121 0.017760
101.5377 0.019337
102.9037 0.021311
104.6094 0.024218
106.9355 0.027824
107.5201 0.029170
108.1903 0.030951
108.9155 0.031985
109.7344 0.033630
110.6944 0.036868
111.8688 0.042170
113.3834 0.048970
115.4140 0.058360
118.7882 0.076118
122.1514 0.108517
126.3942 0.157968
129.3778 0.224428
tr2s-04-4 3 1
 44.5926 0.090406
 45.8699 0.072088
 47.7599 0.050841
 49.3494 0.039899
 51.0474 0.031492
 52.1444 0.028334
 52.9566 0.024411
 53.6113 0.022752
 54.1539 0.021330
 54.6351 0.020178
 55.0630 0.019238
 55.4417 0.018182
 55.7889 0.017615
 57.2009 0.015718
 58.2736 0.013939
 59.1369 0.012788
 59.8836 0.012337
 60.5345 0.012011
 61.1153 0.011805
 61.6483 0.011313
 62.1378 0.010829
 62.5974 0.010739
 63.0194 0.010786
 63.4226 0.010690
 63.8005 0.010426
 64.1622 0.010043
 64.5112 0.009790
 64.8358 0.009725
 65.1520 0.009525
 65.4587 0.009577
 65.7561 0.009384
 66.0427 0.009396
 66.3156 0.009402
 66.5845 0.009346
 66.8470 0.009384
 67.1006 0.009304
 67.3479 0.009269
 67.5873 0.009211
 67.8250 0.009214
 68.0572 0.008989
 68.2839 0.008932
 68.5051 0.008903
 68.7255 0.008906
 68.9410 0.008891
 69.1512 0.008959
 69.3623 0.008982
 69.5644 0.008979
 69.7670 0.008974
 69.9650 0.008858
 70.1612 0.008821
 70.3519 0.008891
 70.5436 0.008810
 70.7274 0.008736
 70.9093 0.008758
 71.0932 0.008676
 71.2756 0.008547
 71.4544 0.008576
 71.6313 0.008478
 71.8080 0.008371
 71.9805 0.008289
 72.1539 0.008250
 72.3239 0.008208
 72.4939 0.008120
 72.6613 0.008041
 72.8261 0.008006
 72.9936 0.007965
 73.1588 0.007954
 73.3215 0.007940
 73.4823 0.008009
 73.6454 0.007991
 73.8075 0.007916
 73.9675 0.007967
 74.1267 0.007955
 74.2830 0.007872
 74.4397 0.007804
 74.5947 0.007837
 74.7494 0.007840
 74.9044 0.007902
 75.0599 0.007920
 75.2131 0.007859
 75.3656 0.007844
 75.5202 0.007908
 75.6724 0.007911
 75.8237 0.007866
 75.9750 0.007855
 76.1245 0.007929
 76.2739 0.008051
 76.4233 0.008067
 76.5724 0.008047
 76.7199 0.008080
 76.8682 0.008102
 77.0146 0.008071
 77.1613 0.008089
 77.3092 0.008111
 77.4580 0.008078
 77.6047 0.007988
 77.7516 0.007995
 77.8971 0.008059
 78.0447 0.008104
 78.1905 0.007983
 78.3380 0.007989
 78.4857 0.008027
 78.6323 0.007908
 78.7779 0.007983
 78.9250 0.008019
 79.0697 0.008051
 79.2162 0.008089
 79.3603 0.008081
 79.5083 0.008085
 79.6555 0.008037
 79.8028 0.008027
 79.9491 0.007976
 80.0964 0.007952
 80.2444 0.007973
 80.3925 0.008011
 80.5418 0.008049
 80.6900 0.008140
 80.8390 0.008117
 80.9887 0.008104
 81.1391 0.008168
 81.2901 0.008196
 81.4439 0.008150
 81.5948 0.008254
 81.7444 0.008281
 81.8969 0.008346
 82.0498 0.008346
 82.2052 0.008403
 82.3583 0.008505
 82.5146 0.008555
 82.6703 0.008572
 82.8263 0.008504
 82.9806 0.008541
 83.1389 0.008504
 83.2973 0.008441
 83.4578 0.008428
 83.6189 0.008480
 83.7809 0.008378
 83.9420 0.008325
 84.1057 0.008264
 84.2694 0.008316
 84.4331 0.008417
 84.5974 0.008438
 84.7657 0.008461
 84.9341 0.008429
 85.1028 0.008446
 85.2716 0.008408
 85.4435 0.008464
 85.6151 0.008528
 85.7926 0.008592
 85.9689 0.008625
 86.1463 0.008593
 86.3276 0.008569
 86.5102 0.008605
 86.6926 0.008592
 86.8763 0.008725
 87.0639 0.008890
 87.2542 0.008963
 87.4465 0.008954
 87.6389 0.009020
 87.8358 0.009047
 88.0335 0.009031
 88.2348 0.009115
 88.4372 0.009139
 88.6443 0.009240
 88.8516 0.009151
 89.0652 0.009246
 89.2782 0.009142
 89.4944 0.009254
 89.7163 0.009304
 89.9378 0.009379
 90.1666 0.009494
 90.4015 0.009689
 90.6370 0.009784
 90.8775 0.009958
 91.1207 0.009923
 91.3714 0.009947
 91.6296 0.010007
 91.8890 0.010124
 92.1522 0.010184
 92.4248 0.010213
 92.7038 0.010420
 92.9836 0.010511
 93.2739 0.010679
 93.5754 0.010773
 93.8810 0.011024
 94.1997 0.011259
 94.5309 0.011418
 94.8653 0.011725
 95.2153 0.011846
 95.5837 0.011889
 95.9606 0.011931
 96.3560 0.012214
 96.7657 0.012480
 97.1961 0.012753
 97.6431 0.012877
 98.1134 0.013027
 98.6104 0.013067
 99.1432 0.013420
 99.7002 0.013940
100.3031 0.014070
100.9592 0.014898
101.6690 0.015476
102.4435 0.016075
103.3125 0.017097
104.2926 0.017955
105.4294 0.019570
106.8098 0.020672
108.5085 0.023393
110.7940 0.027920
111.3686 0.029274
112.0352 0.030635
112.7808 0.033092
113.6079 0.035495
114.5915 0.037772
115.7536 0.042112
117.2189 0.047488
119.2221 0.057886
122.6458 0.078265
125.9024 0.108422
130.2849 0.162284
133.1270 0.218320
