Copyright (C) 1998 James G. MacKinnon, Alfred A. Haug, and Leo Michelis.
 lm0-11-1 3 1
 36.0382 0.052007
 36.7523 0.040622
 37.8355 0.028800
 38.7462 0.021785
 39.7066 0.016502
 40.3100 0.014222
 40.7620 0.013149
 41.1472 0.012390
 41.4615 0.011655
 41.7259 0.010680
 41.9688 0.010272
 42.1857 0.009876
 42.3835 0.009652
 43.1851 0.008673
 43.7922 0.008031
 44.2909 0.007683
 44.7211 0.007105
 45.0991 0.006805
 45.4372 0.006564
 45.7390 0.006306
 46.0239 0.006175
 46.2874 0.006076
 46.5327 0.005885
 46.7696 0.005638
 46.9902 0.005604
 47.2019 0.005362
 47.4030 0.005296
 47.5938 0.005326
 47.7788 0.005300
 47.9564 0.005240
 48.1287 0.005187
 48.2958 0.005139
 48.4599 0.005137
 48.6185 0.005123
 48.7710 0.005136
 48.9219 0.005168
 49.0681 0.005096
 49.2108 0.005039
 49.3504 0.005026
 49.4862 0.005030
 49.6195 0.005018
 49.7512 0.004986
 49.8809 0.004915
 50.0079 0.004864
 50.1332 0.004841
 50.2566 0.004832
 50.3773 0.004842
 50.4952 0.004830
 50.6135 0.004793
 50.7310 0.004791
 50.8455 0.004839
 50.9585 0.004819
 51.0715 0.004793
 51.1825 0.004841
 51.2914 0.004870
 51.3997 0.004813
 51.5051 0.004799
 51.6118 0.004791
 51.7177 0.004775
 51.8237 0.004761
 51.9277 0.004841
 52.0320 0.004837
 52.1337 0.004821
 52.2355 0.004787
 52.3371 0.004765
 52.4379 0.004796
 52.5378 0.004806
 52.6360 0.004864
 52.7333 0.004861
 52.8305 0.004881
 52.9279 0.004882
 53.0254 0.004923
 53.1209 0.004898
 53.2168 0.004941
 53.3119 0.004966
 53.4073 0.004907
 53.5014 0.004910
 53.5951 0.004930
 53.6893 0.004887
 53.7822 0.004905
 53.8733 0.004881
 53.9666 0.004909
 54.0599 0.004868
 54.1526 0.004852
 54.2448 0.004903
 54.3365 0.004876
 54.4278 0.004867
 54.5200 0.004829
 54.6112 0.004797
 54.7021 0.004719
 54.7920 0.004719
 54.8832 0.004753
 54.9748 0.004809
 55.0654 0.004844
 55.1564 0.004847
 55.2465 0.004857
 55.3371 0.004844
 55.4296 0.004848
 55.5196 0.004875
 55.6096 0.004853
 55.6995 0.004799
 55.7908 0.004854
 55.8817 0.004913
 55.9727 0.004905
 56.0651 0.004856
 56.1563 0.004857
 56.2470 0.004805
 56.3400 0.004829
 56.4318 0.004803
 56.5231 0.004795
 56.6157 0.004792
 56.7079 0.004828
 56.8010 0.004856
 56.8926 0.004885
 56.9851 0.004867
 57.0783 0.004904
 57.1722 0.004870
 57.2674 0.004899
 57.3620 0.004887
 57.4563 0.004920
 57.5510 0.004945
 57.6452 0.004969
 57.7414 0.005013
 57.8387 0.005038
 57.9357 0.005031
 58.0331 0.004970
 58.1309 0.004987
 58.2296 0.004990
 58.3274 0.005007
 58.4256 0.005006
 58.5250 0.005025
 58.6255 0.005071
 58.7252 0.005127
 58.8265 0.005135
 58.9290 0.005185
 59.0318 0.005171
 59.1347 0.005160
 59.2380 0.005141
 59.3413 0.005176
 59.4460 0.005179
 59.5527 0.005191
 59.6588 0.005200
 59.7657 0.005269
 59.8744 0.005293
 59.9838 0.005256
 60.0929 0.005254
 60.2047 0.005303
 60.3167 0.005417
 60.4300 0.005408
 60.5441 0.005560
 60.6578 0.005596
 60.7739 0.005608
 60.8908 0.005549
 61.0105 0.005580
 61.1308 0.005620
 61.2522 0.005703
 61.3763 0.005682
 61.4999 0.005819
 61.6261 0.005904
 61.7544 0.005972
 61.8827 0.006025
 62.0137 0.006024
 62.1451 0.006036
 62.2783 0.006161
 62.4161 0.006198
 62.5535 0.006244
 62.6942 0.006288
 62.8365 0.006385
 62.9808 0.006461
 63.1291 0.006518
 63.2784 0.006517
 63.4314 0.006506
 63.5870 0.006518
 63.7467 0.006544
 63.9084 0.006590
 64.0734 0.006615
 64.2407 0.006727
 64.4146 0.006806
 64.5919 0.006946
 64.7728 0.006969
 64.9568 0.007142
 65.1479 0.007184
 65.3461 0.007380
 65.5467 0.007427
 65.7539 0.007544
 65.9689 0.007552
 66.1899 0.007687
 66.4202 0.007751
 66.6547 0.007842
 66.8999 0.007958
 67.1554 0.008149
 67.4205 0.008336
 67.6967 0.008519
 67.9873 0.008627
 68.2915 0.008807
 68.6080 0.008951
 68.9495 0.009333
 69.3160 0.009735
 69.6998 0.010126
 70.1138 0.010381
 70.5635 0.010890
 71.0651 0.011292
 71.6109 0.012062
 72.2268 0.012665
 72.9161 0.013362
 73.6974 0.014341
 74.6648 0.015493
 75.8906 0.017572
 77.5770 0.021372
 77.9953 0.022610
 78.4612 0.024206
 78.9738 0.025954
 79.5932 0.027905
 80.3007 0.029914
 81.1396 0.032465
 82.1864 0.036546
 83.6916 0.044038
 86.2685 0.059056
 88.6876 0.081471
 91.7291 0.125498
 93.9446 0.174251
 lm1-11-1 3 1
 38.6797 0.049978
 39.4217 0.038489
 40.5303 0.029656
 41.4692 0.022223
 42.4625 0.017382
 43.0824 0.015242
 43.5652 0.013019
 43.9417 0.012234
 44.2592 0.011487
 44.5368 0.010781
 44.7782 0.010431
 45.0027 0.009768
 45.2113 0.009546
 46.0384 0.008330
 46.6636 0.007487
 47.1834 0.006998
 47.6185 0.006627
 48.0034 0.006547
 48.3509 0.006407
 48.6643 0.006403
 48.9531 0.006317
 49.2231 0.006114
 49.4786 0.005905
 49.7177 0.005869
 49.9459 0.005838
 50.1612 0.005783
 50.3670 0.005681
 50.5616 0.005549
 50.7492 0.005588
 50.9327 0.005587
 51.1103 0.005553
 51.2810 0.005555
 51.4476 0.005565
 51.6082 0.005498
 51.7640 0.005480
 51.9173 0.005480
 52.0659 0.005320
 52.2126 0.005218
 52.3562 0.005163
 52.4962 0.005106
 52.6345 0.005131
 52.7691 0.005168
 52.9020 0.005166
 53.0329 0.005166
 53.1623 0.005192
 53.2887 0.005184
 53.4125 0.005129
 53.5339 0.005070
 53.6547 0.005010
 53.7746 0.005018
 53.8905 0.005030
 54.0048 0.005078
 54.1191 0.005053
 54.2325 0.005010
 54.3444 0.004989
 54.4568 0.004955
 54.5665 0.004968
 54.6758 0.004955
 54.7835 0.004978
 54.8904 0.004983
 54.9963 0.004951
 55.1020 0.004961
 55.2072 0.004974
 55.3099 0.004975
 55.4129 0.004915
 55.5155 0.004894
 55.6172 0.004867
 55.7189 0.004867
 55.8193 0.004915
 55.9203 0.004901
 56.0198 0.004966
 56.1183 0.004969
 56.2174 0.004950
 56.3141 0.004960
 56.4115 0.004943
 56.5080 0.004918
 56.6040 0.004877
 56.7000 0.004861
 56.7958 0.004909
 56.8910 0.004930
 56.9874 0.004904
 57.0820 0.004818
 57.1766 0.004840
 57.2721 0.004832
 57.3668 0.004901
 57.4605 0.004866
 57.5545 0.004916
 57.6485 0.004958
 57.7425 0.004932
 57.8367 0.004978
 57.9296 0.004983
 58.0227 0.004991
 58.1149 0.005011
 58.2084 0.005022
 58.3014 0.005025
 58.3942 0.005027
 58.4878 0.004979
 58.5800 0.005000
 58.6721 0.004994
 58.7650 0.005056
 58.8588 0.005133
 58.9524 0.005133
 59.0445 0.005117
 59.1376 0.005098
 59.2312 0.005071
 59.3246 0.005111
 59.4180 0.005114
 59.5117 0.005099
 59.6074 0.005114
 59.7022 0.005120
 59.7976 0.005112
 59.8918 0.005166
 59.9867 0.005155
 60.0811 0.005164
 60.1759 0.005155
 60.2709 0.005144
 60.3663 0.005151
 60.4620 0.005106
 60.5597 0.005178
 60.6567 0.005208
 60.7522 0.005257
 60.8502 0.005265
 60.9466 0.005235
 61.0460 0.005267
 61.1441 0.005252
 61.2433 0.005303
 61.3434 0.005297
 61.4427 0.005282
 61.5416 0.005352
 61.6438 0.005375
 61.7445 0.005465
 61.8473 0.005416
 61.9497 0.005420
 62.0516 0.005412
 62.1567 0.005405
 62.2605 0.005445
 62.3643 0.005445
 62.4703 0.005438
 62.5769 0.005479
 62.6828 0.005561
 62.7907 0.005542
 62.8998 0.005544
 63.0085 0.005633
 63.1188 0.005698
 63.2299 0.005716
 63.3417 0.005756
 63.4553 0.005812
 63.5696 0.005730
 63.6857 0.005707
 63.8025 0.005715
 63.9205 0.005683
 64.0378 0.005674
 64.1564 0.005689
 64.2797 0.005721
 64.4025 0.005732
 64.5272 0.005834
 64.6517 0.005924
 64.7810 0.005911
 64.9116 0.005966
 65.0404 0.006046
 65.1712 0.006057
 65.3048 0.006110
 65.4391 0.006131
 65.5754 0.006230
 65.7152 0.006236
 65.8552 0.006234
 65.9991 0.006159
 66.1458 0.006182
 66.2939 0.006217
 66.4464 0.006325
 66.5988 0.006359
 66.7536 0.006491
 66.9122 0.006493
 67.0738 0.006495
 67.2380 0.006498
 67.4068 0.006568
 67.5803 0.006666
 67.7566 0.006647
 67.9378 0.006702
 68.1232 0.006780
 68.3136 0.006928
 68.5076 0.007009
 68.7065 0.007076
 68.9083 0.007129
 69.1230 0.007373
 69.3399 0.007638
 69.5629 0.007807
 69.7951 0.007882
 70.0339 0.008070
 70.2842 0.008192
 70.5429 0.008458
 70.8107 0.008620
 71.0922 0.008764
 71.3877 0.008958
 71.6978 0.009201
 72.0287 0.009774
 72.3774 0.010119
 72.7496 0.010498
 73.1470 0.010889
 73.5730 0.011210
 74.0312 0.011607
 74.5303 0.012011
 75.0823 0.012164
 75.6959 0.013004
 76.4020 0.013660
 77.2213 0.014762
 78.1932 0.016097
 79.4201 0.017661
 81.1228 0.021762
 81.5588 0.021965
 82.0270 0.022658
 82.5664 0.024472
 83.1728 0.026180
 83.8975 0.029737
 84.7749 0.032932
 85.8521 0.037796
 87.3856 0.043189
 89.9820 0.057795
 92.3852 0.077428
 95.6455 0.124947
 97.8807 0.164023
lm1s-11-1 3 1
 39.3704 0.052736
 40.1372 0.041719
 41.2378 0.029269
 42.1590 0.022875
 43.1507 0.017119
 43.7792 0.014671
 44.2420 0.013121
 44.6201 0.011879
 44.9539 0.011462
 45.2334 0.011037
 45.4868 0.010391
 45.7064 0.010041
 45.9121 0.009733
 46.7347 0.008538
 47.3683 0.007652
 47.8839 0.007101
 48.3220 0.006770
 48.7106 0.006708
 49.0584 0.006554
 49.3727 0.006379
 49.6664 0.006220
 49.9353 0.006093
 50.1913 0.005969
 50.4284 0.005802
 50.6533 0.005754
 50.8724 0.005809
 51.0771 0.005735
 51.2764 0.005689
 51.4661 0.005592
 51.6492 0.005471
 51.8245 0.005395
 51.9961 0.005466
 52.1626 0.005414
 52.3250 0.005407
 52.4813 0.005329
 52.6361 0.005199
 52.7856 0.005211
 52.9316 0.005176
 53.0755 0.005207
 53.2171 0.005203
 53.3547 0.005124
 53.4880 0.005186
 53.6207 0.005165
 53.7507 0.005134
 53.8782 0.005218
 54.0047 0.005196
 54.1289 0.005205
 54.2513 0.005172
 54.3714 0.005166
 54.4902 0.005076
 54.6076 0.005091
 54.7247 0.005130
 54.8405 0.005132
 54.9539 0.005096
 55.0654 0.005055
 55.1764 0.005084
 55.2867 0.005044
 55.3955 0.005037
 55.5033 0.005075
 55.6101 0.005058
 55.7166 0.005023
 55.8243 0.005020
 55.9301 0.005019
 56.0335 0.005035
 56.1378 0.005021
 56.2405 0.004999
 56.3417 0.005016
 56.4422 0.005006
 56.5424 0.004990
 56.6417 0.004955
 56.7415 0.004958
 56.8399 0.004984
 56.9384 0.004986
 57.0356 0.004967
 57.1324 0.004970
 57.2298 0.004977
 57.3267 0.004976
 57.4223 0.004920
 57.5180 0.004919
 57.6140 0.004937
 57.7097 0.004928
 57.8060 0.004927
 57.9012 0.004919
 57.9956 0.004931
 58.0918 0.004938
 58.1853 0.004965
 58.2794 0.004935
 58.3736 0.004931
 58.4668 0.004918
 58.5594 0.004951
 58.6524 0.004972
 58.7456 0.005033
 58.8396 0.005008
 58.9336 0.004997
 59.0260 0.004991
 59.1193 0.005025
 59.2124 0.005016
 59.3062 0.005092
 59.3998 0.005068
 59.4928 0.005084
 59.5852 0.005087
 59.6788 0.005067
 59.7731 0.005012
 59.8680 0.005030
 59.9608 0.005058
 60.0535 0.005065
 60.1476 0.005096
 60.2407 0.005097
 60.3354 0.005109
 60.4299 0.005073
 60.5245 0.005091
 60.6196 0.005067
 60.7144 0.005096
 60.8098 0.005162
 60.9040 0.005152
 60.9994 0.005184
 61.0948 0.005152
 61.1917 0.005162
 61.2866 0.005134
 61.3834 0.005090
 61.4812 0.005076
 61.5787 0.005102
 61.6763 0.005165
 61.7744 0.005190
 61.8735 0.005178
 61.9732 0.005164
 62.0712 0.005186
 62.1712 0.005220
 62.2708 0.005240
 62.3730 0.005341
 62.4740 0.005373
 62.5759 0.005381
 62.6770 0.005417
 62.7795 0.005471
 62.8828 0.005468
 62.9879 0.005436
 63.0933 0.005449
 63.1997 0.005505
 63.3049 0.005485
 63.4120 0.005508
 63.5214 0.005592
 63.6300 0.005616
 63.7413 0.005634
 63.8533 0.005634
 63.9646 0.005693
 64.0754 0.005734
 64.1890 0.005748
 64.3034 0.005702
 64.4189 0.005680
 64.5362 0.005727
 64.6539 0.005690
 64.7737 0.005766
 64.8933 0.005753
 65.0155 0.005834
 65.1364 0.005901
 65.2611 0.005982
 65.3863 0.005955
 65.5141 0.006034
 65.6403 0.006024
 65.7711 0.006065
 65.9036 0.006103
 66.0377 0.006047
 66.1735 0.006105
 66.3124 0.006171
 66.4514 0.006244
 66.5930 0.006201
 66.7363 0.006257
 66.8806 0.006290
 67.0275 0.006298
 67.1792 0.006293
 67.3329 0.006431
 67.4891 0.006589
 67.6494 0.006646
 67.8104 0.006653
 67.9752 0.006646
 68.1433 0.006716
 68.3173 0.006803
 68.4949 0.006788
 68.6770 0.006946
 68.8612 0.006964
 69.0507 0.007059
 69.2410 0.007277
 69.4407 0.007476
 69.6453 0.007560
 69.8563 0.007579
 70.0748 0.007739
 70.2986 0.007829
 70.5305 0.007768
 70.7725 0.007949
 71.0196 0.008219
 71.2778 0.008396
 71.5476 0.008535
 71.8287 0.008806
 72.1273 0.009137
 72.4424 0.009522
 72.7697 0.009975
 73.1198 0.010365
 73.4859 0.010482
 73.8817 0.010891
 74.3027 0.011452
 74.7610 0.011864
 75.2613 0.012168
 75.8143 0.012370
 76.4389 0.012779
 77.1475 0.013448
 77.9704 0.014801
 78.9378 0.015722
 80.1702 0.017627
 81.8489 0.021674
 82.2746 0.022468
 82.7596 0.023183
 83.2828 0.024722
 83.9074 0.027298
 84.6309 0.029420
 85.4948 0.033340
 86.6175 0.037458
 88.1488 0.043080
 90.7552 0.058490
 93.0917 0.078388
 96.3044 0.122731
 98.5744 0.162324
 lm2-11-1 3 1
 41.3825 0.055623
 42.1629 0.045212
 43.2731 0.030457
 44.1880 0.023305
 45.2217 0.017940
 45.8732 0.015500
 46.3624 0.013702
 46.7514 0.012564
 47.0850 0.011605
 47.3733 0.011130
 47.6206 0.010695
 47.8455 0.010428
 48.0518 0.009994
 48.8950 0.008886
 49.5363 0.008090
 50.0575 0.007574
 50.5101 0.007263
 50.9042 0.006751
 51.2625 0.006700
 51.5837 0.006625
 51.8841 0.006480
 52.1594 0.006353
 52.4181 0.006143
 52.6624 0.006068
 52.8956 0.005984
 53.1146 0.005872
 53.3231 0.005711
 53.5243 0.005618
 53.7190 0.005530
 53.9065 0.005572
 54.0881 0.005558
 54.2622 0.005553
 54.4311 0.005586
 54.5972 0.005613
 54.7585 0.005587
 54.9144 0.005779
 55.0668 0.005761
 55.2155 0.005661
 55.3630 0.005621
 55.5054 0.005557
 55.6452 0.005520
 55.7839 0.005452
 55.9205 0.005448
 56.0534 0.005416
 56.1852 0.005360
 56.3157 0.005276
 56.4426 0.005280
 56.5671 0.005221
 56.6906 0.005177
 56.8123 0.005123
 56.9344 0.005128
 57.0525 0.005110
 57.1696 0.005092
 57.2847 0.005071
 57.3993 0.005094
 57.5131 0.005118
 57.6240 0.005094
 57.7352 0.005087
 57.8447 0.005070
 57.9541 0.005059
 58.0621 0.005011
 58.1689 0.004997
 58.2764 0.005047
 58.3828 0.005044
 58.4893 0.005037
 58.5937 0.005047
 58.6954 0.005051
 58.7991 0.005038
 58.9019 0.005037
 59.0046 0.005052
 59.1060 0.005037
 59.2086 0.005067
 59.3103 0.005061
 59.4100 0.005073
 59.5108 0.005067
 59.6103 0.005071
 59.7091 0.005033
 59.8058 0.005035
 59.9041 0.005040
 60.0009 0.005045
 60.0977 0.005063
 60.1955 0.005024
 60.2919 0.004998
 60.3887 0.004944
 60.4858 0.004976
 60.5813 0.004918
 60.6770 0.004866
 60.7733 0.004906
 60.8706 0.004965
 60.9666 0.004975
 61.0617 0.004988
 61.1567 0.005033
 61.2513 0.005077
 61.3457 0.005119
 61.4403 0.005106
 61.5368 0.005111
 61.6304 0.005105
 61.7244 0.005074
 61.8191 0.005115
 61.9140 0.005109
 62.0089 0.005052
 62.1038 0.005026
 62.1991 0.005024
 62.2957 0.005086
 62.3907 0.005092
 62.4863 0.005086
 62.5818 0.005154
 62.6785 0.005168
 62.7744 0.005115
 62.8698 0.005114
 62.9654 0.005171
 63.0620 0.005127
 63.1591 0.005173
 63.2556 0.005110
 63.3515 0.005179
 63.4484 0.005249
 63.5455 0.005280
 63.6442 0.005314
 63.7422 0.005329
 63.8424 0.005290
 63.9408 0.005342
 64.0400 0.005362
 64.1390 0.005398
 64.2400 0.005398
 64.3406 0.005437
 64.4423 0.005424
 64.5438 0.005381
 64.6465 0.005377
 64.7474 0.005414
 64.8510 0.005414
 64.9545 0.005454
 65.0571 0.005429
 65.1617 0.005410
 65.2661 0.005398
 65.3732 0.005370
 65.4810 0.005368
 65.5881 0.005375
 65.6965 0.005324
 65.8051 0.005354
 65.9136 0.005347
 66.0243 0.005341
 66.1345 0.005344
 66.2455 0.005407
 66.3572 0.005440
 66.4716 0.005408
 66.5856 0.005462
 66.7008 0.005462
 66.8166 0.005497
 66.9332 0.005487
 67.0513 0.005471
 67.1693 0.005506
 67.2912 0.005530
 67.4151 0.005600
 67.5392 0.005651
 67.6646 0.005707
 67.7926 0.005768
 67.9206 0.005812
 68.0495 0.005932
 68.1812 0.005973
 68.3146 0.006064
 68.4486 0.006118
 68.5832 0.006089
 68.7201 0.006186
 68.8610 0.006255
 69.0032 0.006256
 69.1484 0.006292
 69.2954 0.006329
 69.4421 0.006376
 69.5938 0.006478
 69.7449 0.006532
 69.8991 0.006616
 70.0573 0.006700
 70.2204 0.006866
 70.3844 0.006879
 70.5532 0.006891
 70.7253 0.007003
 70.8983 0.007119
 71.0775 0.007225
 71.2628 0.007301
 71.4501 0.007426
 71.6439 0.007518
 71.8399 0.007567
 72.0445 0.007609
 72.2518 0.007601
 72.4668 0.007713
 72.6876 0.007768
 72.9173 0.007801
 73.1536 0.007921
 73.4009 0.008070
 73.6573 0.008211
 73.9233 0.008411
 74.2002 0.008700
 74.4891 0.008880
 74.7940 0.009189
 75.1098 0.009385
 75.4409 0.009539
 75.8008 0.009568
 76.1818 0.009987
 76.5791 0.010225
 77.0101 0.010458
 77.4753 0.011017
 77.9825 0.011672
 78.5509 0.012315
 79.1723 0.012966
 79.8880 0.013249
 80.7244 0.014213
 81.7257 0.015711
 82.9887 0.017815
 84.6841 0.021598
 85.1109 0.023147
 85.5935 0.025352
 86.1329 0.026928
 86.7539 0.028324
 87.5033 0.030291
 88.3999 0.032890
 89.4861 0.037480
 91.0185 0.044662
 93.6551 0.059938
 96.0756 0.084888
 99.2178 0.127813
101.5357 0.162757
lm2s-11-1 3 1
 42.0050 0.054317
 42.8501 0.043082
 43.9653 0.029431
 44.9098 0.024663
 45.9400 0.018745
 46.5882 0.015812
 47.0818 0.013888
 47.4604 0.012929
 47.7948 0.012111
 48.0713 0.011515
 48.3220 0.011068
 48.5560 0.010717
 48.7673 0.010030
 49.6090 0.008555
 50.2492 0.007909
 50.7739 0.007349
 51.2245 0.007010
 51.6216 0.006852
 51.9801 0.006723
 52.3047 0.006602
 52.6026 0.006447
 52.8814 0.006087
 53.1419 0.006120
 53.3861 0.006061
 53.6151 0.005943
 53.8355 0.005864
 54.0454 0.005883
 54.2519 0.005773
 54.4459 0.005782
 54.6324 0.005797
 54.8100 0.005807
 54.9840 0.005806
 55.1537 0.005753
 55.3192 0.005655
 55.4811 0.005604
 55.6372 0.005586
 55.7914 0.005542
 55.9416 0.005478
 56.0884 0.005530
 56.2339 0.005486
 56.3747 0.005353
 56.5126 0.005340
 56.6481 0.005250
 56.7816 0.005195
 56.9130 0.005139
 57.0434 0.005087
 57.1694 0.005078
 57.2943 0.005083
 57.4174 0.005084
 57.5381 0.005070
 57.6589 0.005002
 57.7762 0.005079
 57.8939 0.005066
 58.0114 0.005130
 58.1257 0.005097
 58.2400 0.005121
 58.3528 0.005078
 58.4641 0.005067
 58.5742 0.005032
 58.6840 0.005009
 58.7924 0.005011
 58.9000 0.005039
 59.0066 0.005043
 59.1135 0.005025
 59.2189 0.005082
 59.3247 0.005043
 59.4291 0.005037
 59.5322 0.005068
 59.6358 0.005024
 59.7371 0.005020
 59.8384 0.005045
 59.9395 0.005024
 60.0403 0.004986
 60.1410 0.004998
 60.2402 0.004939
 60.3389 0.004953
 60.4380 0.004970
 60.5370 0.004956
 60.6361 0.004887
 60.7339 0.004865
 60.8317 0.004898
 60.9292 0.004868
 61.0265 0.004893
 61.1231 0.004902
 61.2198 0.004906
 61.3164 0.004918
 61.4132 0.004936
 61.5090 0.004972
 61.6045 0.004993
 61.6986 0.004980
 61.7923 0.005020
 61.8869 0.005006
 61.9826 0.004988
 62.0779 0.005004
 62.1735 0.004990
 62.2693 0.004941
 62.3647 0.004958
 62.4600 0.005003
 62.5551 0.005006
 62.6511 0.005028
 62.7464 0.005053
 62.8422 0.005041
 62.9368 0.005044
 63.0317 0.005057
 63.1264 0.005071
 63.2214 0.005080
 63.3166 0.005076
 63.4125 0.005091
 63.5080 0.005140
 63.6033 0.005123
 63.7006 0.005091
 63.7968 0.005077
 63.8934 0.005151
 63.9910 0.005195
 64.0877 0.005208
 64.1833 0.005183
 64.2817 0.005172
 64.3800 0.005159
 64.4793 0.005166
 64.5784 0.005205
 64.6779 0.005153
 64.7776 0.005191
 64.8778 0.005267
 64.9778 0.005243
 65.0771 0.005250
 65.1785 0.005266
 65.2792 0.005313
 65.3800 0.005343
 65.4822 0.005365
 65.5857 0.005341
 65.6889 0.005368
 65.7937 0.005399
 65.8977 0.005417
 66.0050 0.005347
 66.1097 0.005344
 66.2149 0.005322
 66.3224 0.005290
 66.4312 0.005291
 66.5389 0.005319
 66.6469 0.005370
 66.7566 0.005405
 66.8682 0.005417
 66.9795 0.005366
 67.0910 0.005320
 67.2051 0.005362
 67.3200 0.005445
 67.4360 0.005542
 67.5533 0.005571
 67.6711 0.005632
 67.7902 0.005646
 67.9099 0.005699
 68.0324 0.005714
 68.1556 0.005745
 68.2797 0.005789
 68.4067 0.005850
 68.5316 0.005948
 68.6568 0.006012
 68.7859 0.006077
 68.9173 0.006159
 69.0497 0.006148
 69.1828 0.006157
 69.3199 0.006199
 69.4581 0.006195
 69.5968 0.006240
 69.7382 0.006265
 69.8817 0.006335
 70.0265 0.006397
 70.1768 0.006509
 70.3269 0.006476
 70.4799 0.006577
 70.6361 0.006642
 70.7954 0.006818
 70.9564 0.006917
 71.1216 0.006910
 71.2893 0.006985
 71.4594 0.007062
 71.6343 0.007273
 71.8131 0.007209
 71.9990 0.007320
 72.1869 0.007339
 72.3774 0.007400
 72.5758 0.007463
 72.7786 0.007573
 72.9884 0.007666
 73.2022 0.007638
 73.4252 0.007815
 73.6533 0.007920
 73.8898 0.008037
 74.1382 0.008137
 74.3950 0.008309
 74.6590 0.008358
 74.9381 0.008709
 75.2249 0.009040
 75.5232 0.009395
 75.8456 0.009577
 76.1809 0.009623
 76.5342 0.009731
 76.9102 0.009977
 77.3158 0.010221
 77.7458 0.010597
 78.2110 0.011154
 78.7253 0.011672
 79.2883 0.012256
 79.9166 0.012992
 80.6232 0.013499
 81.4611 0.014448
 82.4600 0.015988
 83.6999 0.017736
 85.4181 0.022164
 85.8653 0.024343
 86.3287 0.024879
 86.8691 0.026500
 87.5013 0.028548
 88.2406 0.030448
 89.1291 0.033513
 90.2359 0.037807
 91.7998 0.044545
 94.3832 0.062673
 96.8327 0.087243
 99.9142 0.125493
102.1776 0.168552
 tr0-11-1 3 1
186.3661 0.212069
188.9099 0.152216
192.9027 0.108746
196.2066 0.086308
199.7465 0.063573
201.9448 0.052533
203.5305 0.047402
204.8017 0.043225
205.8686 0.041453
206.7960 0.039523
207.6054 0.036548
208.3614 0.034075
209.0348 0.033377
211.7468 0.028830
213.7739 0.025341
215.4076 0.024562
216.8204 0.022859
218.0482 0.021592
219.1295 0.021002
220.1236 0.019737
221.0358 0.018755
221.8925 0.018331
222.6713 0.017931
223.4153 0.017718
224.1062 0.017067
224.7710 0.017049
225.4119 0.016717
226.0132 0.016961
226.5864 0.016631
227.1351 0.016366
227.6733 0.016213
228.1888 0.015919
228.6839 0.015485
229.1681 0.015208
229.6391 0.015270
230.1046 0.014997
230.5572 0.015127
230.9989 0.014959
231.4216 0.014913
231.8347 0.014709
232.2392 0.014723
232.6428 0.014744
233.0355 0.014710
233.4153 0.014684
233.7904 0.014700
234.1634 0.014788
234.5266 0.014685
234.8855 0.014519
235.2404 0.014356
235.5913 0.014312
235.9309 0.014345
236.2642 0.014213
236.6006 0.014332
236.9304 0.014236
237.2568 0.014094
237.5776 0.013968
237.8958 0.013982
238.2090 0.014010
238.5174 0.014069
238.8224 0.014064
239.1266 0.014242
239.4308 0.014185
239.7279 0.014194
240.0214 0.014131
240.3135 0.014164
240.6045 0.014166
240.8941 0.014151
241.1832 0.014073
241.4677 0.014016
241.7511 0.013990
242.0320 0.013940
242.3140 0.013957
242.5926 0.013879
242.8649 0.013913
243.1377 0.014024
243.4077 0.014107
243.6763 0.014028
243.9431 0.013973
244.2077 0.013970
244.4715 0.013998
244.7380 0.013978
245.0026 0.014037
245.2659 0.013958
245.5287 0.013963
245.7888 0.013879
246.0448 0.013809
246.3046 0.013861
246.5643 0.013825
246.8241 0.013841
247.0825 0.013721
247.3401 0.013635
247.5926 0.013568
247.8471 0.013732
248.1025 0.013733
248.3561 0.013668
248.6094 0.013558
248.8622 0.013564
249.1163 0.013578
249.3660 0.013627
249.6164 0.013594
249.8674 0.013451
250.1159 0.013218
250.3676 0.013203
250.6206 0.013164
250.8778 0.013116
251.1274 0.013132
251.3793 0.013206
251.6304 0.013295
251.8819 0.013394
252.1334 0.013494
252.3848 0.013427
252.6360 0.013544
252.8864 0.013503
253.1374 0.013419
253.3912 0.013442
253.6482 0.013448
253.8996 0.013603
254.1518 0.013579
254.4042 0.013546
254.6606 0.013761
254.9127 0.013638
255.1687 0.013513
255.4253 0.013564
255.6798 0.013523
255.9425 0.013488
256.2010 0.013515
256.4600 0.013676
256.7211 0.013686
256.9845 0.013966
257.2444 0.014013
257.5094 0.014116
257.7768 0.014123
258.0420 0.014058
258.3066 0.014056
258.5758 0.014168
258.8500 0.014315
259.1178 0.014251
259.3874 0.014244
259.6576 0.014427
259.9341 0.014458
260.2102 0.014328
260.4888 0.014362
260.7716 0.014369
261.0557 0.014509
261.3412 0.014616
261.6229 0.014735
261.9133 0.014762
262.2064 0.014622
262.4957 0.014672
262.7910 0.014665
263.0853 0.014826
263.3835 0.014919
263.6854 0.014920
263.9870 0.014823
264.2986 0.014749
264.6078 0.014670
264.9203 0.014832
265.2378 0.015020
265.5634 0.015208
265.8879 0.015276
266.2175 0.015326
266.5516 0.015632
266.8830 0.015747
267.2186 0.015828
267.5614 0.016010
267.9068 0.016248
268.2639 0.016320
268.6247 0.016497
268.9878 0.016569
269.3589 0.016563
269.7321 0.016481
270.1171 0.016577
270.5081 0.016779
270.9039 0.016892
271.3035 0.016905
271.7177 0.017010
272.1373 0.017251
272.5598 0.017557
272.9966 0.017465
273.4421 0.017582
273.8977 0.017891
274.3600 0.017739
274.8367 0.017971
275.3221 0.017704
275.8230 0.018026
276.3398 0.017946
276.8700 0.018118
277.4184 0.017950
277.9858 0.018248
278.5846 0.018555
279.1971 0.018429
279.8367 0.018602
280.4936 0.018905
281.1759 0.019612
281.8940 0.020199
282.6580 0.021336
283.4596 0.022002
284.3073 0.022480
285.2075 0.022886
286.1607 0.023590
287.2057 0.023933
288.3216 0.024719
289.5516 0.026018
290.9121 0.027267
292.4573 0.029416
294.2317 0.030879
296.3653 0.032852
299.0194 0.036447
302.5789 0.042827
303.5111 0.043885
304.5373 0.047247
305.6650 0.051362
306.9530 0.056489
308.4440 0.062310
310.2842 0.069203
312.5559 0.075844
315.6299 0.091283
320.6292 0.123650
325.4279 0.164478
331.6678 0.258838
335.4864 0.327009
 tr1-11-1 3 1
205.3528 0.211768
208.4070 0.154750
212.6731 0.108153
216.1610 0.081918
219.8352 0.064754
222.0371 0.055124
223.6554 0.048808
224.9786 0.045513
226.1169 0.043521
227.0609 0.041467
227.9082 0.039359
228.6852 0.036968
229.4046 0.035059
232.1970 0.029371
234.3220 0.026974
236.0285 0.025105
237.4819 0.023379
238.7650 0.022103
239.9056 0.020928
240.9422 0.019998
241.8767 0.019768
242.7568 0.019363
243.5752 0.018998
244.3387 0.018422
245.0750 0.018294
245.7675 0.017992
246.4271 0.017218
247.0527 0.016944
247.6476 0.016465
248.2238 0.016242
248.7736 0.016220
249.3072 0.016344
249.8270 0.015978
250.3342 0.015956
250.8201 0.016070
251.2942 0.016200
251.7574 0.016130
252.2092 0.015826
252.6514 0.015727
253.0836 0.015663
253.5063 0.015714
253.9175 0.015606
254.3233 0.015383
254.7162 0.015234
255.1055 0.015268
255.4903 0.015294
255.8703 0.015225
256.2471 0.014929
256.6069 0.014796
256.9645 0.014688
257.3177 0.014707
257.6643 0.014562
258.0126 0.014592
258.3570 0.014583
258.6965 0.014504
259.0308 0.014405
259.3618 0.014468
259.6892 0.014428
260.0098 0.014340
260.3298 0.014259
260.6463 0.014348
260.9583 0.014359
261.2680 0.014368
261.5733 0.014407
261.8772 0.014611
262.1783 0.014517
262.4750 0.014357
262.7735 0.014289
263.0709 0.014133
263.3639 0.014086
263.6531 0.014005
263.9407 0.014038
264.2245 0.014032
264.5092 0.014069
264.7889 0.013877
265.0700 0.014029
265.3515 0.014048
265.6282 0.013968
265.9044 0.013957
266.1795 0.013781
266.4561 0.013634
266.7281 0.013516
267.0002 0.013542
267.2737 0.013540
267.5428 0.013476
267.8090 0.013400
268.0775 0.013448
268.3499 0.013564
268.6155 0.013595
268.8807 0.013737
269.1442 0.013613
269.4081 0.013569
269.6725 0.013520
269.9377 0.013323
270.2003 0.013448
270.4615 0.013545
270.7244 0.013620
270.9829 0.013580
271.2449 0.013531
271.5078 0.013576
271.7690 0.013550
272.0276 0.013470
272.2860 0.013612
272.5477 0.013563
272.8048 0.013580
273.0627 0.013626
273.3246 0.013760
273.5824 0.013959
273.8406 0.013950
274.0959 0.013859
274.3566 0.014097
274.6157 0.014124
274.8784 0.014179
275.1372 0.014223
275.3963 0.014313
275.6589 0.014416
275.9211 0.014530
276.1841 0.014595
276.4462 0.014608
276.7087 0.014666
276.9755 0.014684
277.2415 0.014647
277.5076 0.014840
277.7724 0.014802
278.0400 0.015052
278.3099 0.015076
278.5798 0.015159
278.8512 0.015195
279.1177 0.015174
279.3908 0.015145
279.6644 0.015220
279.9390 0.015194
280.2163 0.015113
280.4911 0.015033
280.7703 0.015089
281.0478 0.015057
281.3301 0.014966
281.6125 0.015146
281.8962 0.015210
282.1800 0.015168
282.4656 0.015128
282.7551 0.015171
283.0426 0.015206
283.3335 0.015226
283.6249 0.015036
283.9194 0.015097
284.2163 0.015118
284.5172 0.015148
284.8192 0.015160
285.1239 0.015300
285.4300 0.015310
285.7412 0.015259
286.0549 0.015462
286.3724 0.015676
286.6873 0.015810
287.0121 0.015786
287.3366 0.015696
287.6593 0.015857
287.9901 0.016015
288.3290 0.016195
288.6701 0.016264
289.0130 0.016383
289.3587 0.016456
289.7107 0.016449
290.0671 0.016545
290.4255 0.016659
290.7914 0.016550
291.1593 0.016597
291.5331 0.016629
291.9166 0.016911
292.2979 0.017271
292.6948 0.017413
293.0957 0.017641
293.5027 0.017713
293.9242 0.017530
294.3518 0.017770
294.7819 0.017957
295.2258 0.018053
295.6769 0.018072
296.1355 0.018296
296.6060 0.018324
297.0860 0.018460
297.5781 0.018543
298.0862 0.018787
298.6024 0.018922
299.1379 0.018945
299.6819 0.019174
300.2524 0.019451
300.8392 0.019560
301.4451 0.019602
302.0709 0.019490
302.7274 0.019520
303.3979 0.019936
304.1048 0.020166
304.8526 0.020192
305.6386 0.020744
306.4634 0.021013
307.3294 0.021957
308.2661 0.022687
309.2566 0.023999
310.3235 0.024870
311.4966 0.025320
312.7638 0.026215
314.1586 0.027168
315.7308 0.028899
317.5794 0.030531
319.8019 0.033131
322.5712 0.037107
326.2553 0.043279
327.1813 0.046370
328.2442 0.049960
329.4118 0.053509
330.7301 0.057507
332.2591 0.062663
334.0949 0.068835
336.3948 0.078936
339.5103 0.092158
344.7381 0.122762
349.8143 0.167699
356.1573 0.251368
360.6334 0.316617
tr1s-11-1 3 1
215.1718 0.215828
218.0146 0.160113
222.3893 0.107258
225.9549 0.085031
229.6484 0.065794
232.0106 0.057262
233.7189 0.050137
235.0454 0.045712
236.1947 0.043082
237.1835 0.040841
238.0475 0.038722
238.8438 0.036967
239.5602 0.035277
242.4512 0.031426
244.5927 0.027564
246.3390 0.025223
247.8134 0.023646
249.1130 0.023236
250.2745 0.021816
251.3159 0.021218
252.2808 0.019953
253.1847 0.019363
254.0117 0.018830
254.7928 0.018681
255.5265 0.018214
256.2326 0.018206
256.9005 0.018138
257.5421 0.017818
258.1504 0.017675
258.7416 0.017341
259.3086 0.016986
259.8579 0.016966
260.3851 0.016777
260.8989 0.017036
261.3983 0.016745
261.8845 0.016606
262.3585 0.016418
262.8245 0.016479
263.2729 0.016243
263.7066 0.016098
264.1349 0.016437
264.5565 0.016321
264.9734 0.016163
265.3854 0.016212
265.7825 0.016117
266.1715 0.016096
266.5483 0.015949
266.9307 0.015951
267.2994 0.015970
267.6696 0.015783
268.0278 0.015421
268.3850 0.015661
268.7328 0.015679
269.0848 0.015369
269.4300 0.015132
269.7691 0.014915
270.0989 0.014843
270.4298 0.014827
270.7619 0.014720
271.0828 0.014713
271.4061 0.014532
271.7255 0.014385
272.0393 0.014279
272.3515 0.014339
272.6623 0.014226
272.9695 0.014383
273.2743 0.014400
273.5777 0.014347
273.8746 0.014345
274.1717 0.014152
274.4672 0.014184
274.7605 0.014178
275.0520 0.013968
275.3414 0.013833
275.6319 0.013959
275.9159 0.013976
276.2009 0.013998
276.4848 0.013918
276.7631 0.013779
277.0441 0.013606
277.3247 0.013669
277.6022 0.013634
277.8798 0.013589
278.1546 0.013511
278.4292 0.013507
278.7063 0.013645
278.9783 0.013738
279.2472 0.013665
279.5189 0.013740
279.7881 0.013738
280.0562 0.013693
280.3266 0.013765
280.5945 0.013848
280.8608 0.013841
281.1271 0.013850
281.3929 0.013742
281.6596 0.013898
281.9274 0.013896
282.1925 0.013870
282.4584 0.014020
282.7237 0.014064
282.9866 0.014105
283.2513 0.014099
283.5157 0.014059
283.7787 0.014077
284.0457 0.014024
284.3116 0.014082
284.5760 0.014078
284.8389 0.014283
285.1039 0.014242
285.3688 0.014458
285.6342 0.014571
285.8986 0.014776
286.1644 0.014764
286.4308 0.014858
286.6984 0.014827
286.9650 0.014881
287.2329 0.014856
287.5000 0.014808
287.7689 0.014947
288.0354 0.014991
288.3013 0.014916
288.5700 0.014944
288.8387 0.014872
289.1132 0.014885
289.3854 0.014875
289.6567 0.014878
289.9305 0.015051
290.2088 0.015030
290.4849 0.014847
290.7631 0.014901
291.0409 0.014825
291.3199 0.014820
291.6027 0.014800
291.8844 0.014688
292.1659 0.014781
292.4512 0.014643
292.7358 0.014657
293.0248 0.014674
293.3162 0.014694
293.6038 0.014688
293.8953 0.014773
294.1880 0.014921
294.4833 0.015000
294.7824 0.015076
295.0840 0.015032
295.3881 0.015126
295.6957 0.015345
296.0020 0.015444
296.3116 0.015542
296.6227 0.015467
296.9382 0.015493
297.2571 0.015678
297.5801 0.015830
297.9040 0.015844
298.2286 0.015878
298.5570 0.015990
298.8935 0.016067
299.2323 0.016137
299.5762 0.016187
299.9246 0.016330
300.2733 0.016600
300.6241 0.016867
300.9823 0.016997
301.3417 0.016862
301.7078 0.017033
302.0795 0.017119
302.4542 0.017060
302.8339 0.017221
303.2228 0.017203
303.6180 0.017129
304.0196 0.017379
304.4276 0.017497
304.8407 0.017447
305.2642 0.017388
305.6961 0.017690
306.1348 0.017988
306.5758 0.018175
307.0321 0.018137
307.4951 0.018174
307.9740 0.018475
308.4540 0.018630
308.9566 0.018820
309.4627 0.018791
309.9955 0.019037
310.5396 0.019342
311.0968 0.019529
311.6760 0.019526
312.2713 0.019647
312.8902 0.020134
313.5311 0.020446
314.2016 0.020400
314.8921 0.020496
315.6191 0.020677
316.3790 0.021315
317.1657 0.021859
318.0003 0.022191
318.8770 0.022178
319.8245 0.023112
320.8427 0.024086
321.9305 0.024871
323.1047 0.025861
324.3974 0.026787
325.8145 0.028039
327.4398 0.029662
329.2938 0.031631
331.5454 0.033896
334.3145 0.037213
338.0838 0.046430
339.0494 0.049461
340.0830 0.052354
341.2739 0.055878
342.6242 0.059643
344.1521 0.063496
345.9935 0.067999
348.3395 0.075950
351.6151 0.092195
356.9633 0.124258
362.0981 0.174528
368.4915 0.245085
372.9097 0.348013
 tr2-11-1 3 1
225.8489 0.218858
228.9672 0.166764
233.1237 0.120170
236.6012 0.088934
240.4062 0.067684
242.7588 0.055798
244.4590 0.048793
245.8533 0.043157
247.0299 0.040903
248.0403 0.039540
248.9348 0.038345
249.7418 0.036782
250.4647 0.035810
253.3958 0.030697
255.6194 0.028034
257.4318 0.025734
258.9339 0.024566
260.2760 0.023049
261.4586 0.021875
262.5278 0.021001
263.5157 0.020370
264.4165 0.020525
265.2677 0.020367
266.0647 0.019970
266.8148 0.019451
267.5278 0.018743
268.2102 0.018483
268.8616 0.018188
269.4885 0.017937
270.0906 0.017820
270.6697 0.017385
271.2278 0.016987
271.7600 0.017042
272.2800 0.016676
272.7899 0.016607
273.2867 0.016560
273.7684 0.016139
274.2353 0.015970
274.6912 0.015867
275.1408 0.015635
275.5753 0.015418
276.0079 0.015418
276.4233 0.015118
276.8315 0.015195
277.2368 0.015116
277.6351 0.015216
278.0277 0.015296
278.4149 0.015246
278.7895 0.015002
279.1594 0.015037
279.5258 0.014904
279.8872 0.014812
280.2447 0.014839
280.6013 0.014644
280.9509 0.014702
281.2931 0.014985
281.6364 0.015156
281.9753 0.015086
282.3078 0.015020
282.6375 0.015075
282.9701 0.014952
283.2923 0.014885
283.6161 0.014963
283.9335 0.015000
284.2511 0.014837
284.5608 0.014908
284.8701 0.014924
285.1764 0.014917
285.4845 0.015007
285.7907 0.014867
286.0925 0.014892
286.3887 0.014944
286.6873 0.014893
286.9791 0.014743
287.2722 0.014919
287.5679 0.014835
287.8608 0.014661
288.1510 0.014690
288.4373 0.014652
288.7208 0.014573
289.0057 0.014577
289.2902 0.014541
289.5706 0.014595
289.8536 0.014668
290.1337 0.014757
290.4153 0.014563
290.6892 0.014575
290.9697 0.014503
291.2450 0.014474
291.5186 0.014553
291.7915 0.014433
292.0674 0.014595
292.3407 0.014814
292.6151 0.014912
292.8871 0.014922
293.1593 0.014792
293.4301 0.014795
293.7001 0.014684
293.9681 0.014827
294.2359 0.014722
294.5051 0.014784
294.7741 0.014829
295.0448 0.015010
295.3144 0.014962
295.5833 0.014861
295.8502 0.014969
296.1226 0.015052
296.3890 0.015080
296.6595 0.015201
296.9279 0.015258
297.1987 0.015150
297.4703 0.014993
297.7372 0.015094
298.0104 0.015152
298.2824 0.015236
298.5489 0.015353
298.8195 0.015304
299.0905 0.015327
299.3590 0.015346
299.6323 0.015439
299.9069 0.015493
300.1796 0.015530
300.4557 0.015596
300.7355 0.015811
301.0130 0.015833
301.2909 0.015990
301.5691 0.016175
301.8465 0.016098
302.1280 0.016191
302.4090 0.016223
302.6929 0.015940
302.9792 0.015903
303.2657 0.015742
303.5526 0.015860
303.8370 0.015874
304.1262 0.015780
304.4157 0.015856
304.7049 0.015569
304.9988 0.015542
305.2933 0.015645
305.5922 0.015530
305.8914 0.015689
306.1954 0.015648
306.4944 0.015648
306.7971 0.015701
307.1039 0.015757
307.4131 0.015956
307.7244 0.015876
308.0354 0.015693
308.3507 0.015740
308.6697 0.015713
308.9886 0.015713
309.3096 0.015593
309.6341 0.015623
309.9706 0.015694
310.3059 0.015953
310.6437 0.016157
310.9832 0.016161
311.3262 0.016380
311.6721 0.016396
312.0225 0.016430
312.3707 0.016634
312.7307 0.016598
313.0967 0.016660
313.4630 0.016688
313.8344 0.016836
314.2071 0.017013
314.5942 0.016891
314.9859 0.016940
315.3771 0.017341
315.7766 0.017218
316.1876 0.017330
316.5996 0.017628
317.0220 0.017818
317.4518 0.017708
317.8870 0.017953
318.3283 0.018333
318.7780 0.018408
319.2448 0.018483
319.7167 0.018833
320.1957 0.018628
320.6891 0.018785
321.2012 0.018901
321.7256 0.019044
322.2677 0.019205
322.8088 0.019576
323.3820 0.020133
323.9659 0.020233
324.5671 0.020555
325.1870 0.021084
325.8415 0.021167
326.5092 0.021429
327.2131 0.021789
327.9408 0.022125
328.7169 0.022669
329.5161 0.023253
330.3647 0.023466
331.2622 0.023885
332.2208 0.025124
333.2425 0.025484
334.3384 0.026348
335.5360 0.026299
336.8591 0.027789
338.3276 0.028464
339.9720 0.030176
341.8829 0.032053
344.1479 0.035435
346.9942 0.040072
350.7536 0.045022
351.7140 0.047486
352.8022 0.048450
353.9986 0.052674
355.3839 0.057642
356.9468 0.065103
358.8359 0.070424
361.2527 0.077378
364.5914 0.092618
369.9408 0.129696
375.0494 0.174348
381.4603 0.259193
386.5290 0.353074
tr2s-11-1 3 1
235.9203 0.226042
238.9732 0.168291
243.1905 0.112959
246.8467 0.088764
250.6946 0.067132
253.1007 0.056057
254.8661 0.049779
256.2732 0.044468
257.4415 0.042413
258.4825 0.041801
259.3898 0.038938
260.2001 0.037485
260.9450 0.036151
263.9162 0.031854
266.1329 0.029217
267.9563 0.026870
269.5019 0.024940
270.8499 0.023085
272.0585 0.021841
273.1363 0.020762
274.1406 0.020238
275.0584 0.020171
275.9088 0.019650
276.7044 0.019391
277.4630 0.019056
278.1795 0.018864
278.8717 0.018254
279.5298 0.017844
280.1506 0.018033
280.7637 0.017818
281.3460 0.017327
281.9091 0.017076
282.4574 0.016966
282.9933 0.016664
283.5152 0.016800
284.0152 0.016579
284.5025 0.016460
284.9765 0.016269
285.4410 0.016013
285.8950 0.016113
286.3358 0.016250
286.7679 0.016459
287.1891 0.016482
287.6130 0.016286
288.0202 0.016229
288.4232 0.016214
288.8190 0.015852
289.1992 0.015628
289.5853 0.015623
289.9686 0.015416
290.3385 0.015333
290.7066 0.015227
291.0669 0.015235
291.4232 0.015059
291.7772 0.014851
292.1289 0.015007
292.4734 0.015104
292.8186 0.014902
293.1524 0.014742
293.4814 0.014606
293.8146 0.014573
294.1434 0.014721
294.4688 0.014572
294.7900 0.014502
295.1102 0.014694
295.4257 0.014731
295.7398 0.014730
296.0503 0.014672
296.3585 0.014639
296.6666 0.014592
296.9675 0.014602
297.2689 0.014451
297.5712 0.014420
297.8728 0.014272
298.1725 0.014090
298.4711 0.014124
298.7661 0.014118
299.0614 0.014049
299.3506 0.014143
299.6380 0.014301
299.9262 0.014352
300.2123 0.014327
300.4967 0.014456
300.7809 0.014325
301.0645 0.014432
301.3464 0.014439
301.6261 0.014509
301.9035 0.014406
302.1841 0.014563
302.4593 0.014611
302.7341 0.014618
303.0081 0.014724
303.2819 0.014596
303.5558 0.014583
303.8323 0.014678
304.1064 0.014678
304.3824 0.014728
304.6576 0.014895
304.9314 0.014877
305.2033 0.014970
305.4803 0.014984
305.7540 0.015047
306.0270 0.015022
306.2982 0.014980
306.5685 0.014972
306.8394 0.014966
307.1116 0.014948
307.3842 0.015071
307.6577 0.015035
307.9291 0.015059
308.2009 0.015025
308.4684 0.015302
308.7407 0.015211
309.0144 0.015222
309.2901 0.015296
309.5649 0.015289
309.8406 0.015135
310.1139 0.015022
310.3893 0.014922
310.6662 0.015029
310.9424 0.014957
311.2180 0.015110
311.4940 0.015067
311.7715 0.014964
312.0538 0.015000
312.3349 0.014934
312.6177 0.014974
312.8998 0.015174
313.1795 0.015071
313.4632 0.015132
313.7515 0.015250
314.0377 0.015382
314.3248 0.015679
314.6216 0.015618
314.9125 0.015713
315.2057 0.015773
315.5001 0.015939
315.7955 0.015931
316.0933 0.015847
316.3897 0.015893
316.6900 0.015847
316.9881 0.015744
317.2900 0.015616
317.5970 0.015448
317.9043 0.015522
318.2094 0.015698
318.5223 0.015874
318.8362 0.015958
319.1537 0.015906
319.4710 0.016047
319.7926 0.015958
320.1182 0.016112
320.4415 0.016125
320.7729 0.016237
321.1024 0.016204
321.4374 0.016422
321.7750 0.016515
322.1183 0.016501
322.4680 0.016620
322.8190 0.016751
323.1736 0.016778
323.5297 0.016909
323.8915 0.016851
324.2630 0.017039
324.6339 0.017102
325.0085 0.017058
325.3928 0.017273
325.7853 0.017273
326.1756 0.017308
326.5714 0.017491
326.9733 0.017471
327.3893 0.017638
327.8083 0.017731
328.2351 0.017496
328.6705 0.017723
329.1090 0.017909
329.5524 0.018397
330.0127 0.018624
330.4796 0.018780
330.9599 0.018641
331.4546 0.018674
331.9579 0.019262
332.4707 0.019668
332.9987 0.019867
333.5354 0.020098
334.0954 0.020258
334.6694 0.020241
335.2547 0.020586
335.8719 0.021152
336.4926 0.021454
337.1501 0.021521
337.8235 0.021955
338.5354 0.022133
339.2807 0.022922
340.0511 0.023279
340.8601 0.023875
341.7033 0.024128
342.6191 0.024188
343.5760 0.024384
344.6003 0.025515
345.7094 0.026148
346.9464 0.027022
348.2763 0.028143
349.7537 0.028694
351.3955 0.030337
353.3072 0.032475
355.5793 0.036977
358.4356 0.040928
362.2820 0.046660
363.2605 0.048487
364.3428 0.051197
365.5652 0.054490
366.9349 0.059081
368.5332 0.064176
370.4524 0.068639
372.8054 0.079297
376.1258 0.095288
381.6286 0.130392
386.8746 0.170209
393.4478 0.256627
397.8985 0.352033
