Copyright (C) 1998 James G. MacKinnon, Alfred A. Haug, and Leo Michelis.
 lm0-07-3 3 1
 22.3779 0.046838
 23.0641 0.036412
 23.9765 0.025222
 24.7549 0.019163
 25.5743 0.014925
 26.1053 0.012440
 26.5042 0.011387
 26.8258 0.010621
 27.0846 0.009971
 27.3185 0.009347
 27.5206 0.008975
 27.7062 0.008490
 27.8742 0.008270
 28.5708 0.007794
 29.0957 0.007353
 29.5245 0.006793
 29.8931 0.006322
 30.2225 0.005923
 30.5161 0.005699
 30.7887 0.005520
 31.0370 0.005068
 31.2652 0.005007
 31.4808 0.004850
 31.6862 0.004709
 31.8780 0.004607
 32.0638 0.004646
 32.2390 0.004519
 32.4105 0.004371
 32.5732 0.004400
 32.7299 0.004273
 32.8824 0.004252
 33.0301 0.004223
 33.1725 0.004240
 33.3104 0.004148
 33.4446 0.004071
 33.5763 0.004054
 33.7036 0.003985
 33.8303 0.003986
 33.9540 0.003965
 34.0748 0.003971
 34.1945 0.003960
 34.3093 0.003986
 34.4236 0.004002
 34.5353 0.004052
 34.6461 0.004042
 34.7559 0.004032
 34.8640 0.004058
 34.9698 0.004043
 35.0746 0.004001
 35.1774 0.003955
 35.2793 0.003951
 35.3799 0.003986
 35.4792 0.004004
 35.5773 0.004036
 35.6755 0.004009
 35.7718 0.003981
 35.8682 0.003963
 35.9628 0.003952
 36.0567 0.003943
 36.1489 0.003920
 36.2409 0.003891
 36.3333 0.003915
 36.4233 0.003905
 36.5134 0.003937
 36.6027 0.003985
 36.6919 0.003965
 36.7800 0.003999
 36.8673 0.003976
 36.9542 0.003960
 37.0407 0.003943
 37.1285 0.003922
 37.2152 0.003905
 37.3024 0.003866
 37.3876 0.003908
 37.4720 0.003908
 37.5567 0.003947
 37.6417 0.003931
 37.7242 0.003988
 37.8077 0.003973
 37.8904 0.003999
 37.9736 0.004002
 38.0561 0.004018
 38.1385 0.004040
 38.2218 0.004055
 38.3050 0.004073
 38.3873 0.004087
 38.4695 0.004105
 38.5516 0.004153
 38.6339 0.004205
 38.7154 0.004176
 38.7971 0.004198
 38.8789 0.004210
 38.9605 0.004260
 39.0417 0.004238
 39.1232 0.004247
 39.2047 0.004227
 39.2867 0.004256
 39.3688 0.004332
 39.4502 0.004325
 39.5319 0.004275
 39.6136 0.004290
 39.6960 0.004352
 39.7771 0.004405
 39.8592 0.004501
 39.9406 0.004568
 40.0223 0.004568
 40.1043 0.004540
 40.1857 0.004521
 40.2689 0.004510
 40.3501 0.004555
 40.4328 0.004597
 40.5165 0.004636
 40.5996 0.004655
 40.6816 0.004646
 40.7649 0.004678
 40.8484 0.004664
 40.9322 0.004643
 41.0156 0.004676
 41.1002 0.004706
 41.1865 0.004690
 41.2714 0.004706
 41.3567 0.004719
 41.4417 0.004701
 41.5277 0.004765
 41.6148 0.004782
 41.7015 0.004814
 41.7889 0.004833
 41.8751 0.004835
 41.9628 0.004830
 42.0521 0.004827
 42.1414 0.004846
 42.2316 0.004864
 42.3217 0.004883
 42.4120 0.004932
 42.5035 0.004886
 42.5952 0.004879
 42.6882 0.004884
 42.7809 0.004875
 42.8747 0.004953
 42.9691 0.005038
 43.0638 0.005027
 43.1595 0.005019
 43.2564 0.005043
 43.3547 0.005096
 43.4534 0.005091
 43.5513 0.005120
 43.6524 0.005132
 43.7528 0.005187
 43.8543 0.005185
 43.9570 0.005236
 44.0602 0.005233
 44.1639 0.005261
 44.2708 0.005258
 44.3778 0.005287
 44.4849 0.005354
 44.5939 0.005310
 44.7045 0.005321
 44.8155 0.005294
 44.9297 0.005328
 45.0442 0.005348
 45.1625 0.005381
 45.2812 0.005385
 45.3995 0.005486
 45.5213 0.005554
 45.6436 0.005593
 45.7690 0.005703
 45.8965 0.005699
 46.0282 0.005718
 46.1604 0.005801
 46.2934 0.005854
 46.4315 0.005879
 46.5708 0.006004
 46.7138 0.006061
 46.8578 0.006074
 47.0043 0.006108
 47.1560 0.006235
 47.3104 0.006269
 47.4674 0.006420
 47.6285 0.006546
 47.7937 0.006567
 47.9637 0.006591
 48.1387 0.006515
 48.3163 0.006573
 48.4987 0.006793
 48.6888 0.006824
 48.8814 0.006946
 49.0812 0.007008
 49.2889 0.007140
 49.5060 0.007278
 49.7340 0.007431
 49.9667 0.007626
 50.2088 0.007783
 50.4619 0.007959
 50.7260 0.008040
 51.0076 0.008137
 51.3056 0.008271
 51.6133 0.008581
 51.9450 0.008794
 52.2949 0.009320
 52.6720 0.009777
 53.0855 0.009987
 53.5357 0.010562
 54.0318 0.011347
 54.5900 0.012326
 55.2317 0.013182
 55.9616 0.014152
 56.8621 0.015205
 57.9909 0.016623
 59.5258 0.019494
 59.9287 0.020553
 60.3636 0.021357
 60.8506 0.022909
 61.4094 0.025070
 62.0678 0.026835
 62.8614 0.029310
 63.8839 0.034314
 65.2822 0.041717
 67.5774 0.055063
 69.8861 0.077679
 72.9933 0.117808
 74.9123 0.151450
 lm1-07-3 3 1
 24.7750 0.049040
 25.4101 0.037839
 26.3968 0.026926
 27.1751 0.020656
 28.0279 0.015183
 28.5822 0.013345
 28.9918 0.012250
 29.3255 0.011190
 29.5989 0.010550
 29.8464 0.010073
 30.0624 0.009432
 30.2520 0.009084
 30.4250 0.008691
 31.1357 0.007566
 31.6849 0.006967
 32.1345 0.006575
 32.5209 0.006168
 32.8583 0.005791
 33.1653 0.005729
 33.4396 0.005500
 33.6959 0.005349
 33.9343 0.005370
 34.1576 0.005338
 34.3688 0.005188
 34.5698 0.004922
 34.7595 0.004814
 34.9419 0.004696
 35.1180 0.004598
 35.2849 0.004655
 35.4495 0.004634
 35.6051 0.004570
 35.7576 0.004547
 35.9061 0.004497
 36.0513 0.004468
 36.1893 0.004419
 36.3267 0.004411
 36.4605 0.004296
 36.5912 0.004252
 36.7191 0.004202
 36.8432 0.004211
 36.9660 0.004289
 37.0860 0.004240
 37.2044 0.004148
 37.3203 0.004079
 37.4347 0.004041
 37.5461 0.004074
 37.6573 0.004028
 37.7660 0.004027
 37.8747 0.004041
 37.9820 0.004034
 38.0868 0.003998
 38.1897 0.003997
 38.2931 0.003992
 38.3942 0.003957
 38.4943 0.003884
 38.5943 0.003898
 38.6929 0.003895
 38.7898 0.003925
 38.8885 0.003966
 38.9839 0.003946
 39.0795 0.003997
 39.1741 0.003998
 39.2675 0.004063
 39.3596 0.004059
 39.4520 0.004042
 39.5442 0.004080
 39.6360 0.004070
 39.7274 0.004024
 39.8169 0.004019
 39.9067 0.004037
 39.9959 0.004054
 40.0851 0.004070
 40.1735 0.004085
 40.2603 0.004121
 40.3488 0.004139
 40.4359 0.004134
 40.5217 0.004111
 40.6086 0.004101
 40.6961 0.004109
 40.7820 0.004117
 40.8666 0.004168
 40.9521 0.004173
 41.0380 0.004152
 41.1232 0.004178
 41.2071 0.004144
 41.2929 0.004204
 41.3777 0.004227
 41.4627 0.004207
 41.5475 0.004214
 41.6314 0.004262
 41.7149 0.004239
 41.7984 0.004201
 41.8809 0.004237
 41.9651 0.004242
 42.0489 0.004248
 42.1321 0.004264
 42.2156 0.004236
 42.2993 0.004255
 42.3824 0.004238
 42.4661 0.004272
 42.5504 0.004277
 42.6350 0.004359
 42.7181 0.004347
 42.8027 0.004409
 42.8869 0.004439
 42.9712 0.004472
 43.0553 0.004501
 43.1396 0.004476
 43.2232 0.004497
 43.3085 0.004509
 43.3936 0.004487
 43.4780 0.004519
 43.5634 0.004552
 43.6493 0.004529
 43.7351 0.004513
 43.8206 0.004537
 43.9066 0.004552
 43.9941 0.004581
 44.0805 0.004631
 44.1681 0.004609
 44.2546 0.004703
 44.3426 0.004697
 44.4303 0.004784
 44.5193 0.004823
 44.6073 0.004826
 44.6973 0.004836
 44.7862 0.004807
 44.8761 0.004874
 44.9671 0.004900
 45.0587 0.004930
 45.1506 0.004940
 45.2422 0.004963
 45.3353 0.004974
 45.4293 0.004971
 45.5223 0.005014
 45.6158 0.005019
 45.7111 0.005009
 45.8081 0.005068
 45.9048 0.005114
 46.0027 0.005138
 46.1015 0.005155
 46.2006 0.005159
 46.3004 0.005232
 46.4010 0.005203
 46.5029 0.005218
 46.6034 0.005250
 46.7059 0.005241
 46.8096 0.005260
 46.9143 0.005293
 47.0204 0.005311
 47.1275 0.005396
 47.2359 0.005421
 47.3452 0.005435
 47.4540 0.005494
 47.5663 0.005550
 47.6777 0.005611
 47.7920 0.005711
 47.9072 0.005717
 48.0237 0.005755
 48.1424 0.005687
 48.2622 0.005727
 48.3842 0.005708
 48.5078 0.005723
 48.6343 0.005776
 48.7602 0.005874
 48.8909 0.005963
 49.0224 0.005927
 49.1544 0.005941
 49.2906 0.005980
 49.4270 0.006082
 49.5671 0.006149
 49.7117 0.006245
 49.8566 0.006225
 50.0044 0.006285
 50.1549 0.006360
 50.3086 0.006411
 50.4643 0.006513
 50.6257 0.006597
 50.7896 0.006624
 50.9591 0.006717
 51.1328 0.006737
 51.3112 0.006846
 51.4943 0.006940
 51.6826 0.006978
 51.8746 0.007064
 52.0752 0.007089
 52.2816 0.007268
 52.4957 0.007449
 52.7166 0.007517
 52.9468 0.007653
 53.1843 0.007672
 53.4322 0.007858
 53.6894 0.007921
 53.9601 0.008204
 54.2411 0.008351
 54.5453 0.008504
 54.8658 0.008669
 55.2082 0.009085
 55.5685 0.009586
 55.9576 0.009842
 56.3793 0.010175
 56.8396 0.010748
 57.3519 0.011279
 57.9232 0.011896
 58.5689 0.012476
 59.3286 0.013326
 60.2379 0.014781
 61.3720 0.016148
 62.9558 0.018997
 63.3550 0.019823
 63.7905 0.020609
 64.2799 0.022230
 64.8507 0.023634
 65.5071 0.026122
 66.3082 0.030303
 67.3041 0.033353
 68.7186 0.040905
 71.1157 0.055947
 73.5306 0.074313
 76.3724 0.118661
 78.4719 0.162292
lm1s-07-3 3 1
 25.5004 0.049737
 26.1266 0.037136
 27.0995 0.026940
 27.8912 0.019930
 28.7359 0.015552
 29.2962 0.013750
 29.7176 0.012516
 30.0461 0.011537
 30.3278 0.010970
 30.5645 0.010322
 30.7820 0.009625
 30.9722 0.009251
 31.1471 0.008946
 31.8690 0.007830
 32.4213 0.007185
 32.8721 0.006423
 33.2599 0.006074
 33.5974 0.005752
 33.9020 0.005618
 34.1811 0.005534
 34.4389 0.005390
 34.6758 0.005167
 34.8992 0.004991
 35.1122 0.004828
 35.3097 0.004726
 35.5014 0.004818
 35.6841 0.004802
 35.8603 0.004733
 36.0310 0.004623
 36.1932 0.004708
 36.3506 0.004658
 36.5029 0.004602
 36.6522 0.004510
 36.7940 0.004451
 36.9365 0.004379
 37.0744 0.004365
 37.2064 0.004393
 37.3361 0.004296
 37.4640 0.004294
 37.5877 0.004238
 37.7094 0.004201
 37.8316 0.004217
 37.9488 0.004174
 38.0653 0.004150
 38.1791 0.004092
 38.2920 0.003976
 38.4025 0.003947
 38.5117 0.003906
 38.6186 0.003888
 38.7250 0.003931
 38.8313 0.003900
 38.9362 0.003932
 39.0396 0.003945
 39.1419 0.003930
 39.2424 0.003926
 39.3413 0.003962
 39.4391 0.004004
 39.5378 0.004091
 39.6345 0.004075
 39.7325 0.004097
 39.8290 0.004093
 39.9226 0.004091
 40.0168 0.004044
 40.1101 0.004084
 40.2017 0.004112
 40.2947 0.004193
 40.3868 0.004191
 40.4780 0.004130
 40.5677 0.004103
 40.6573 0.004129
 40.7455 0.004149
 40.8338 0.004138
 40.9228 0.004104
 41.0108 0.004105
 41.0980 0.004116
 41.1852 0.004083
 41.2721 0.004079
 41.3601 0.004038
 41.4474 0.004036
 41.5338 0.004015
 41.6200 0.004044
 41.7059 0.004056
 41.7903 0.004063
 41.8757 0.004099
 41.9599 0.004100
 42.0446 0.004160
 42.1287 0.004138
 42.2124 0.004085
 42.2965 0.004107
 42.3806 0.004107
 42.4645 0.004164
 42.5487 0.004261
 42.6323 0.004234
 42.7166 0.004237
 42.8005 0.004270
 42.8845 0.004294
 42.9677 0.004343
 43.0502 0.004415
 43.1344 0.004414
 43.2182 0.004388
 43.3031 0.004386
 43.3869 0.004393
 43.4717 0.004395
 43.5556 0.004387
 43.6399 0.004388
 43.7239 0.004395
 43.8084 0.004405
 43.8924 0.004434
 43.9778 0.004455
 44.0630 0.004455
 44.1477 0.004483
 44.2325 0.004541
 44.3178 0.004567
 44.4036 0.004624
 44.4888 0.004650
 44.5748 0.004719
 44.6613 0.004731
 44.7476 0.004748
 44.8337 0.004759
 44.9206 0.004796
 45.0072 0.004814
 45.0954 0.004808
 45.1843 0.004847
 45.2718 0.004840
 45.3610 0.004910
 45.4507 0.004915
 45.5420 0.004890
 45.6316 0.004842
 45.7221 0.004883
 45.8132 0.004945
 45.9055 0.004962
 45.9986 0.004980
 46.0911 0.004968
 46.1845 0.005020
 46.2783 0.005030
 46.3729 0.005042
 46.4688 0.005086
 46.5653 0.005103
 46.6608 0.005090
 46.7585 0.005112
 46.8569 0.005121
 46.9560 0.005105
 47.0552 0.005089
 47.1554 0.005143
 47.2580 0.005207
 47.3596 0.005218
 47.4627 0.005283
 47.5657 0.005313
 47.6703 0.005379
 47.7758 0.005462
 47.8829 0.005466
 47.9917 0.005523
 48.1000 0.005565
 48.2096 0.005630
 48.3213 0.005617
 48.4332 0.005658
 48.5479 0.005716
 48.6640 0.005745
 48.7828 0.005713
 48.9006 0.005764
 49.0206 0.005800
 49.1422 0.005813
 49.2664 0.005841
 49.3929 0.005910
 49.5192 0.005960
 49.6481 0.005986
 49.7791 0.006048
 49.9119 0.006059
 50.0473 0.006106
 50.1854 0.006196
 50.3248 0.006238
 50.4671 0.006384
 50.6129 0.006429
 50.7604 0.006509
 50.9132 0.006533
 51.0653 0.006590
 51.2234 0.006563
 51.3831 0.006575
 51.5502 0.006631
 51.7204 0.006726
 51.8908 0.006761
 52.0687 0.006745
 52.2525 0.006865
 52.4404 0.007024
 52.6340 0.007101
 52.8343 0.007123
 53.0407 0.007061
 53.2549 0.007245
 53.4743 0.007321
 53.7006 0.007467
 53.9396 0.007553
 54.1861 0.007835
 54.4432 0.007936
 54.7144 0.008147
 55.0033 0.008368
 55.3089 0.008751
 55.6258 0.009035
 55.9616 0.009362
 56.3225 0.009706
 56.7142 0.010007
 57.1360 0.010519
 57.6045 0.010831
 58.1161 0.011448
 58.6869 0.011912
 59.3373 0.012263
 60.0888 0.013283
 60.9932 0.014496
 62.1427 0.016018
 63.7117 0.018692
 64.1231 0.019966
 64.5586 0.021040
 65.0396 0.022187
 65.6104 0.023963
 66.2699 0.026257
 67.0590 0.028879
 68.0874 0.032929
 69.5094 0.041273
 71.8769 0.055027
 74.3116 0.076716
 77.1250 0.114841
 79.2945 0.162316
 lm2-07-3 3 1
 27.0707 0.049342
 27.7559 0.036977
 28.7847 0.026255
 29.6229 0.020261
 30.5238 0.015489
 31.0849 0.013337
 31.5040 0.012062
 31.8442 0.011558
 32.1233 0.011059
 32.3717 0.010728
 32.5951 0.009936
 32.7984 0.009528
 32.9867 0.009366
 33.7223 0.008278
 34.2853 0.007655
 34.7513 0.007215
 35.1508 0.006763
 35.5011 0.006504
 35.8174 0.006256
 36.1051 0.006103
 36.3693 0.005782
 36.6118 0.005564
 36.8443 0.005448
 37.0653 0.005280
 37.2722 0.005198
 37.4702 0.005178
 37.6595 0.005117
 37.8379 0.005018
 38.0139 0.004990
 38.1802 0.004969
 38.3424 0.004973
 38.4979 0.004920
 38.6499 0.004905
 38.7989 0.004884
 38.9432 0.004827
 39.0833 0.004784
 39.2199 0.004788
 39.3539 0.004682
 39.4855 0.004717
 39.6155 0.004706
 39.7426 0.004678
 39.8663 0.004634
 39.9868 0.004577
 40.1051 0.004492
 40.2209 0.004449
 40.3363 0.004422
 40.4513 0.004476
 40.5622 0.004418
 40.6737 0.004332
 40.7833 0.004320
 40.8913 0.004268
 40.9992 0.004282
 41.1043 0.004320
 41.2108 0.004286
 41.3136 0.004282
 41.4152 0.004291
 41.5166 0.004313
 41.6165 0.004261
 41.7151 0.004197
 41.8154 0.004214
 41.9144 0.004231
 42.0118 0.004236
 42.1090 0.004235
 42.2054 0.004267
 42.3011 0.004291
 42.3957 0.004293
 42.4898 0.004287
 42.5825 0.004264
 42.6752 0.004246
 42.7664 0.004271
 42.8586 0.004276
 42.9491 0.004236
 43.0394 0.004267
 43.1306 0.004340
 43.2210 0.004382
 43.3097 0.004386
 43.3994 0.004407
 43.4878 0.004482
 43.5756 0.004477
 43.6630 0.004490
 43.7507 0.004503
 43.8385 0.004496
 43.9268 0.004524
 44.0136 0.004546
 44.1010 0.004552
 44.1882 0.004561
 44.2753 0.004565
 44.3630 0.004606
 44.4498 0.004624
 44.5361 0.004621
 44.6214 0.004647
 44.7083 0.004650
 44.7939 0.004694
 44.8804 0.004705
 44.9660 0.004710
 45.0525 0.004697
 45.1382 0.004712
 45.2243 0.004752
 45.3103 0.004752
 45.3960 0.004766
 45.4830 0.004770
 45.5693 0.004767
 45.6563 0.004819
 45.7432 0.004790
 45.8301 0.004818
 45.9159 0.004828
 46.0042 0.004853
 46.0905 0.004893
 46.1772 0.004897
 46.2645 0.004923
 46.3520 0.004913
 46.4391 0.004919
 46.5262 0.004943
 46.6141 0.004939
 46.7025 0.004965
 46.7916 0.004957
 46.8804 0.005018
 46.9686 0.005019
 47.0577 0.005057
 47.1482 0.005013
 47.2382 0.005007
 47.3276 0.005040
 47.4180 0.005053
 47.5094 0.005041
 47.6006 0.005065
 47.6923 0.005100
 47.7863 0.005047
 47.8783 0.005031
 47.9715 0.005037
 48.0655 0.005095
 48.1597 0.005107
 48.2536 0.005138
 48.3484 0.005177
 48.4444 0.005209
 48.5414 0.005203
 48.6378 0.005208
 48.7357 0.005206
 48.8346 0.005275
 48.9330 0.005294
 49.0340 0.005305
 49.1346 0.005325
 49.2363 0.005380
 49.3397 0.005393
 49.4435 0.005391
 49.5471 0.005365
 49.6512 0.005372
 49.7562 0.005411
 49.8617 0.005388
 49.9698 0.005457
 50.0779 0.005541
 50.1875 0.005557
 50.2992 0.005549
 50.4111 0.005527
 50.5269 0.005544
 50.6424 0.005553
 50.7579 0.005561
 50.8750 0.005616
 50.9926 0.005618
 51.1115 0.005606
 51.2332 0.005628
 51.3569 0.005709
 51.4803 0.005737
 51.6049 0.005750
 51.7338 0.005775
 51.8634 0.005854
 51.9963 0.005797
 52.1307 0.005855
 52.2690 0.005962
 52.4065 0.006093
 52.5468 0.006165
 52.6897 0.006155
 52.8356 0.006270
 52.9850 0.006363
 53.1371 0.006440
 53.2905 0.006447
 53.4488 0.006621
 53.6087 0.006679
 53.7721 0.006683
 53.9408 0.006724
 54.1148 0.006867
 54.2931 0.006973
 54.4767 0.007083
 54.6644 0.007139
 54.8566 0.007241
 55.0533 0.007298
 55.2581 0.007451
 55.4695 0.007523
 55.6884 0.007651
 55.9152 0.007916
 56.1509 0.008064
 56.3984 0.008175
 56.6516 0.008167
 56.9191 0.008333
 57.1972 0.008593
 57.4925 0.008742
 57.7970 0.008777
 58.1226 0.008867
 58.4667 0.008984
 58.8372 0.009480
 59.2371 0.009708
 59.6697 0.010287
 60.1463 0.010643
 60.6732 0.011033
 61.2580 0.011499
 61.9198 0.012880
 62.6849 0.013571
 63.6059 0.014631
 64.7659 0.017121
 66.3529 0.020582
 66.7624 0.021600
 67.2176 0.022239
 67.7228 0.023931
 68.3145 0.025521
 68.9951 0.028005
 69.8110 0.031614
 70.8666 0.034571
 72.3351 0.040443
 74.7607 0.055984
 77.1418 0.077041
 80.0404 0.120718
 82.4632 0.160957
lm2s-07-3 3 1
 27.7979 0.048030
 28.5062 0.038683
 29.5228 0.026155
 30.3780 0.020767
 31.2658 0.015849
 31.8273 0.013615
 32.2418 0.012388
 32.5839 0.011596
 32.8744 0.010968
 33.1294 0.010358
 33.3541 0.009802
 33.5556 0.009328
 33.7359 0.009092
 34.4705 0.008143
 35.0383 0.007373
 35.5049 0.006921
 35.9028 0.006681
 36.2534 0.006271
 36.5673 0.006068
 36.8532 0.005891
 37.1233 0.005754
 37.3704 0.005634
 37.6010 0.005552
 37.8181 0.005454
 38.0252 0.005464
 38.2244 0.005310
 38.4124 0.005271
 38.5939 0.005119
 38.7672 0.005045
 38.9368 0.004944
 39.0987 0.004838
 39.2546 0.004802
 39.4069 0.004737
 39.5569 0.004697
 39.7014 0.004653
 39.8405 0.004716
 39.9784 0.004690
 40.1116 0.004676
 40.2413 0.004579
 40.3715 0.004533
 40.4978 0.004488
 40.6213 0.004441
 40.7431 0.004395
 40.8605 0.004348
 40.9792 0.004293
 41.0952 0.004306
 41.2107 0.004288
 41.3241 0.004280
 41.4353 0.004279
 41.5439 0.004271
 41.6523 0.004186
 41.7588 0.004171
 41.8640 0.004211
 41.9687 0.004194
 42.0735 0.004210
 42.1759 0.004203
 42.2771 0.004275
 42.3781 0.004283
 42.4761 0.004279
 42.5739 0.004295
 42.6727 0.004268
 42.7699 0.004248
 42.8668 0.004247
 42.9626 0.004256
 43.0576 0.004284
 43.1523 0.004308
 43.2463 0.004323
 43.3389 0.004319
 43.4311 0.004351
 43.5229 0.004352
 43.6149 0.004365
 43.7061 0.004421
 43.7978 0.004390
 43.8882 0.004461
 43.9778 0.004496
 44.0665 0.004496
 44.1562 0.004500
 44.2460 0.004495
 44.3353 0.004514
 44.4238 0.004536
 44.5110 0.004518
 44.5981 0.004537
 44.6860 0.004560
 44.7737 0.004644
 44.8608 0.004671
 44.9481 0.004690
 45.0345 0.004691
 45.1208 0.004710
 45.2065 0.004737
 45.2935 0.004770
 45.3814 0.004781
 45.4683 0.004775
 45.5539 0.004764
 45.6397 0.004793
 45.7267 0.004829
 45.8139 0.004828
 45.9015 0.004801
 45.9883 0.004821
 46.0736 0.004809
 46.1602 0.004861
 46.2470 0.004834
 46.3328 0.004891
 46.4197 0.004908
 46.5056 0.004923
 46.5914 0.004940
 46.6772 0.004939
 46.7638 0.004944
 46.8503 0.004946
 46.9374 0.004972
 47.0255 0.004924
 47.1125 0.004920
 47.1997 0.004877
 47.2876 0.004900
 47.3761 0.004889
 47.4653 0.004894
 47.5536 0.004962
 47.6431 0.004963
 47.7329 0.004940
 47.8221 0.004941
 47.9111 0.004961
 48.0016 0.004960
 48.0915 0.004996
 48.1812 0.004975
 48.2718 0.004999
 48.3635 0.005029
 48.4559 0.005050
 48.5490 0.005102
 48.6425 0.005064
 48.7354 0.005044
 48.8285 0.005038
 48.9239 0.005037
 49.0193 0.005066
 49.1140 0.005100
 49.2094 0.005138
 49.3044 0.005190
 49.4015 0.005277
 49.5001 0.005261
 49.5990 0.005275
 49.6994 0.005261
 49.7978 0.005298
 49.8993 0.005289
 50.0010 0.005318
 50.1024 0.005326
 50.2041 0.005394
 50.3083 0.005425
 50.4123 0.005456
 50.5181 0.005409
 50.6263 0.005377
 50.7332 0.005415
 50.8425 0.005389
 50.9523 0.005427
 51.0625 0.005446
 51.1744 0.005435
 51.2876 0.005429
 51.4009 0.005501
 51.5160 0.005545
 51.6321 0.005570
 51.7508 0.005617
 51.8718 0.005600
 51.9934 0.005614
 52.1176 0.005638
 52.2434 0.005748
 52.3710 0.005780
 52.5002 0.005753
 52.6282 0.005841
 52.7600 0.005869
 52.8945 0.005954
 53.0300 0.006014
 53.1671 0.006095
 53.3071 0.006110
 53.4497 0.006179
 53.5958 0.006289
 53.7441 0.006441
 53.8976 0.006464
 54.0528 0.006517
 54.2111 0.006579
 54.3711 0.006634
 54.5368 0.006757
 54.7074 0.006843
 54.8815 0.006827
 55.0580 0.006881
 55.2409 0.006958
 55.4267 0.006974
 55.6177 0.007080
 55.8168 0.007281
 56.0193 0.007402
 56.2298 0.007622
 56.4504 0.007713
 56.6790 0.007750
 56.9149 0.007957
 57.1591 0.008145
 57.4173 0.008406
 57.6827 0.008407
 57.9605 0.008465
 58.2474 0.008642
 58.5570 0.008750
 58.8818 0.008944
 59.2304 0.009221
 59.6049 0.009681
 60.0040 0.009873
 60.4407 0.010087
 60.9134 0.010454
 61.4363 0.011130
 62.0193 0.011935
 62.6821 0.012614
 63.4528 0.013240
 64.3680 0.014863
 65.5161 0.016776
 67.1323 0.020853
 67.5284 0.021482
 67.9778 0.022469
 68.4885 0.023659
 69.0736 0.024817
 69.7513 0.026828
 70.5591 0.029995
 71.6012 0.033959
 73.0534 0.040633
 75.4938 0.055422
 77.7626 0.079321
 80.8783 0.118461
 83.1268 0.160859
 tr0-07-3 3 1
 84.3298 0.137096
 86.3210 0.104719
 89.1551 0.070210
 91.4532 0.054047
 93.9139 0.041018
 95.3700 0.034640
 96.4952 0.032756
 97.3993 0.030192
 98.1691 0.028190
 98.8410 0.027347
 99.4389 0.026333
 99.9653 0.025029
100.4632 0.023972
102.3865 0.020761
103.8527 0.018719
105.0472 0.017353
106.0457 0.016575
106.9286 0.015675
107.7268 0.015069
108.4545 0.014427
109.1234 0.013898
109.7312 0.013559
110.3131 0.013503
110.8626 0.013215
111.3734 0.012970
111.8651 0.012855
112.3280 0.012766
112.7659 0.012637
113.1846 0.012395
113.5935 0.012039
113.9911 0.011810
114.3687 0.011674
114.7339 0.011403
115.0873 0.011353
115.4299 0.011204
115.7675 0.011215
116.0968 0.011254
116.4176 0.011153
116.7317 0.011026
117.0351 0.010833
117.3327 0.010616
117.6254 0.010403
117.9154 0.010409
118.1972 0.010181
118.4739 0.010063
118.7528 0.009897
119.0217 0.009941
119.2898 0.009800
119.5499 0.009770
119.8050 0.009780
120.0571 0.009808
120.3059 0.009689
120.5520 0.009575
120.7986 0.009583
121.0404 0.009688
121.2788 0.009654
121.5137 0.009589
121.7487 0.009401
121.9833 0.009481
122.2109 0.009451
122.4355 0.009289
122.6566 0.009373
122.8792 0.009387
123.1031 0.009496
123.3213 0.009406
123.5388 0.009276
123.7573 0.009239
123.9700 0.009178
124.1795 0.009172
124.3883 0.009171
124.5983 0.009182
124.8064 0.009243
125.0110 0.009309
125.2164 0.009402
125.4226 0.009382
125.6251 0.009316
125.8260 0.009327
126.0279 0.009332
126.2303 0.009250
126.4317 0.009248
126.6289 0.009207
126.8271 0.009275
127.0241 0.009313
127.2225 0.009370
127.4178 0.009452
127.6102 0.009523
127.8062 0.009581
127.9985 0.009547
128.1923 0.009542
128.3874 0.009652
128.5783 0.009680
128.7697 0.009718
128.9622 0.009671
129.1549 0.009695
129.3452 0.009752
129.5354 0.009765
129.7243 0.009777
129.9157 0.009839
130.1075 0.009874
130.2959 0.009943
130.4883 0.009985
130.6759 0.009987
130.8662 0.010033
131.0551 0.009980
131.2446 0.009994
131.4337 0.010083
131.6225 0.010097
131.8117 0.010109
131.9998 0.010112
132.1929 0.010069
132.3805 0.010110
132.5715 0.010151
132.7652 0.010221
132.9544 0.010210
133.1454 0.010140
133.3380 0.010259
133.5313 0.010439
133.7235 0.010402
133.9156 0.010442
134.1096 0.010484
134.3058 0.010592
134.4977 0.010555
134.6930 0.010589
134.8861 0.010655
135.0822 0.010734
135.2787 0.010759
135.4768 0.010673
135.6730 0.010679
135.8713 0.010667
136.0714 0.010655
136.2702 0.010636
136.4698 0.010623
136.6717 0.010763
136.8747 0.010788
137.0817 0.010728
137.2843 0.010715
137.4914 0.010850
137.6986 0.010759
137.9067 0.010806
138.1161 0.010871
138.3265 0.010839
138.5393 0.010866
138.7519 0.010778
138.9659 0.010865
139.1822 0.010970
139.4009 0.010859
139.6226 0.010890
139.8442 0.010915
140.0688 0.011031
140.2928 0.011049
140.5203 0.011125
140.7491 0.011125
140.9796 0.011084
141.2128 0.011051
141.4503 0.010929
141.6882 0.011057
141.9306 0.011139
142.1734 0.011092
142.4178 0.011227
142.6658 0.011404
142.9136 0.011350
143.1694 0.011368
143.4236 0.011573
143.6832 0.011569
143.9471 0.011655
144.2150 0.011859
144.4879 0.011783
144.7611 0.011916
145.0404 0.011839
145.3239 0.012106
145.6152 0.012248
145.9064 0.012615
146.2065 0.012683
146.5114 0.012872
146.8223 0.013039
147.1361 0.012816
147.4608 0.013011
147.7923 0.013308
148.1257 0.013392
148.4683 0.013573
148.8140 0.013678
149.1708 0.013610
149.5412 0.013855
149.9174 0.013898
150.3060 0.013885
150.7020 0.014158
151.1141 0.014345
151.5366 0.014539
151.9737 0.014795
152.4292 0.015194
152.9035 0.015584
153.3932 0.015615
153.9007 0.015912
154.4324 0.016234
154.9850 0.016509
155.5800 0.016792
156.2053 0.017086
156.8501 0.017273
157.5540 0.017591
158.3048 0.018359
159.1232 0.018869
159.9938 0.019465
160.9714 0.020128
162.0479 0.021790
163.2584 0.022740
164.6656 0.024056
166.3511 0.025781
168.4259 0.029511
171.2615 0.034143
171.9896 0.035212
172.7790 0.037185
173.6769 0.039056
174.6996 0.041620
175.8708 0.045054
177.3078 0.049576
179.1328 0.057114
181.6034 0.068339
185.6610 0.092680
189.5179 0.133005
194.5355 0.198648
198.1821 0.271612
 tr1-07-3 3 1
 95.8325 0.146725
 97.8687 0.109982
100.8566 0.073437
103.3791 0.054976
105.9277 0.044143
107.4835 0.037964
108.6664 0.033231
109.6340 0.030909
110.4598 0.028877
111.1528 0.028069
111.7593 0.026495
112.3203 0.024929
112.8233 0.024019
114.8721 0.021333
116.4147 0.020088
117.6809 0.018790
118.7453 0.018251
119.6809 0.017331
120.5126 0.016328
121.2654 0.015737
121.9735 0.015147
122.6141 0.014684
123.2274 0.014361
123.7971 0.013885
124.3356 0.013660
124.8462 0.013218
125.3328 0.013249
125.7938 0.013071
126.2431 0.012810
126.6729 0.012788
127.0832 0.012657
127.4851 0.012498
127.8744 0.012338
128.2443 0.012162
128.6048 0.012111
128.9582 0.012103
129.3076 0.012099
129.6388 0.012051
129.9692 0.011818
130.2949 0.011753
130.6082 0.011693
130.9157 0.011510
131.2198 0.011410
131.5193 0.011156
131.8110 0.011087
132.1023 0.010933
132.3840 0.010873
132.6593 0.010892
132.9324 0.010952
133.2021 0.010966
133.4712 0.010929
133.7355 0.010977
133.9965 0.010890
134.2516 0.010838
134.5063 0.010797
134.7591 0.010783
135.0078 0.010722
135.2464 0.010660
135.4895 0.010705
135.7275 0.010534
135.9622 0.010512
136.1971 0.010432
136.4320 0.010344
136.6598 0.010367
136.8886 0.010500
137.1166 0.010570
137.3428 0.010577
137.5630 0.010471
137.7875 0.010536
138.0083 0.010522
138.2282 0.010430
138.4483 0.010382
138.6631 0.010515
138.8795 0.010478
139.0932 0.010385
139.3066 0.010333
139.5166 0.010385
139.7272 0.010410
139.9360 0.010406
140.1445 0.010257
140.3504 0.010144
140.5556 0.010082
140.7634 0.010079
140.9687 0.010102
141.1733 0.010182
141.3794 0.010136
141.5825 0.010118
141.7870 0.010132
141.9864 0.010096
142.1891 0.010171
142.3916 0.010198
142.5904 0.010203
142.7926 0.010219
142.9952 0.010296
143.1948 0.010232
143.3971 0.010223
143.5963 0.010220
143.7982 0.010165
143.9977 0.010129
144.1951 0.010072
144.3926 0.010143
144.5914 0.010220
144.7904 0.010245
144.9868 0.010357
145.1848 0.010284
145.3834 0.010358
145.5804 0.010358
145.7792 0.010358
145.9752 0.010379
146.1726 0.010474
146.3707 0.010466
146.5685 0.010402
146.7691 0.010347
146.9680 0.010232
147.1682 0.010194
147.3661 0.010260
147.5657 0.010252
147.7678 0.010315
147.9698 0.010372
148.1738 0.010412
148.3726 0.010365
148.5739 0.010453
148.7803 0.010426
148.9834 0.010481
149.1873 0.010568
149.3925 0.010604
149.5978 0.010723
149.8052 0.010751
150.0124 0.010850
150.2191 0.010989
150.4267 0.011028
150.6381 0.011070
150.8503 0.011095
151.0619 0.011043
151.2768 0.010983
151.4922 0.010919
151.7070 0.010960
151.9222 0.010953
152.1416 0.010962
152.3597 0.010929
152.5802 0.010887
152.8017 0.010747
153.0226 0.010721
153.2475 0.010890
153.4741 0.011024
153.7010 0.010991
153.9314 0.011053
154.1608 0.011185
154.3953 0.011185
154.6300 0.011240
154.8698 0.011226
155.1105 0.011102
155.3511 0.011039
155.5962 0.011143
155.8408 0.011296
156.0914 0.011385
156.3394 0.011532
156.5900 0.011635
156.8422 0.011725
157.1035 0.011776
157.3661 0.011735
157.6320 0.011823
157.8996 0.011906
158.1732 0.011954
158.4478 0.012064
158.7271 0.012029
159.0080 0.012228
159.2930 0.012297
159.5837 0.012469
159.8777 0.012637
160.1779 0.012760
160.4833 0.012781
160.7938 0.012886
161.1096 0.012913
161.4370 0.012843
161.7699 0.012953
162.1022 0.013120
162.4448 0.013336
162.7962 0.013254
163.1503 0.013569
163.5105 0.013634
163.8853 0.013798
164.2649 0.013781
164.6565 0.013995
165.0597 0.014162
165.4774 0.014527
165.9069 0.014810
166.3524 0.015147
166.8070 0.015388
167.2777 0.015386
167.7693 0.016025
168.2810 0.016256
168.8154 0.016476
169.3682 0.016620
169.9479 0.016847
170.5658 0.016982
171.2149 0.017436
171.8962 0.018018
172.6290 0.018719
173.4112 0.019164
174.2499 0.019606
175.1757 0.019813
176.1802 0.020592
177.2952 0.022250
178.5636 0.024178
180.0218 0.025757
181.7676 0.027417
183.9491 0.030648
186.8672 0.036040
187.6194 0.037068
188.4581 0.039303
189.3883 0.040740
190.4395 0.043675
191.7064 0.047399
193.1861 0.052791
195.0357 0.060161
197.5903 0.071487
201.6904 0.096431
205.8638 0.137976
210.8551 0.203079
214.5939 0.260968
tr1s-07-3 3 1
102.2066 0.148863
104.3714 0.112299
107.3786 0.077910
109.9220 0.058765
112.4573 0.042671
114.0710 0.037257
115.2981 0.033079
116.2521 0.030978
117.0747 0.028621
117.7645 0.027145
118.3820 0.025387
118.9445 0.024106
119.4606 0.023719
121.5788 0.021452
123.1392 0.019962
124.4116 0.018666
125.4791 0.017597
126.4267 0.016983
127.2807 0.016206
128.0486 0.015527
128.7540 0.015228
129.4079 0.015007
130.0174 0.014514
130.5886 0.013994
131.1331 0.014008
131.6481 0.013786
132.1411 0.013633
132.6107 0.012881
133.0617 0.012643
133.4899 0.012417
133.9085 0.012329
134.3124 0.012029
134.7031 0.011764
135.0827 0.011749
135.4518 0.011618
135.8068 0.011442
136.1566 0.011449
136.4993 0.011236
136.8338 0.011479
137.1563 0.011545
137.4771 0.011459
137.7879 0.011373
138.0940 0.011358
138.3934 0.011154
138.6883 0.011161
138.9787 0.011199
139.2639 0.010974
139.5431 0.010829
139.8206 0.010831
140.0957 0.010698
140.3660 0.010697
140.6299 0.010567
140.8909 0.010639
141.1508 0.010696
141.4041 0.010697
141.6533 0.010632
141.9035 0.010533
142.1507 0.010426
142.3986 0.010408
142.6395 0.010368
142.8825 0.010282
143.1187 0.010218
143.3517 0.010237
143.5839 0.010178
143.8161 0.010081
144.0469 0.010083
144.2740 0.010292
144.4989 0.010310
144.7217 0.010334
144.9423 0.010440
145.1653 0.010548
145.3852 0.010567
145.6030 0.010553
145.8190 0.010491
146.0361 0.010513
146.2515 0.010516
146.4694 0.010625
146.6836 0.010674
146.8962 0.010613
147.1060 0.010559
147.3150 0.010578
147.5254 0.010621
147.7338 0.010549
147.9424 0.010489
148.1480 0.010444
148.3541 0.010478
148.5603 0.010407
148.7667 0.010437
148.9691 0.010344
149.1704 0.010400
149.3708 0.010421
149.5710 0.010457
149.7741 0.010591
149.9741 0.010638
150.1789 0.010690
150.3809 0.010698
150.5802 0.010721
150.7807 0.010666
150.9833 0.010627
151.1829 0.010721
151.3813 0.010774
151.5822 0.010815
151.7806 0.010912
151.9805 0.011002
152.1791 0.010902
152.3802 0.010844
152.5837 0.010726
152.7846 0.010690
152.9840 0.010726
153.1842 0.010672
153.3826 0.010712
153.5819 0.010798
153.7811 0.010861
153.9837 0.010817
154.1834 0.010782
154.3873 0.010748
154.5889 0.010684
154.7894 0.010763
154.9914 0.010774
155.1942 0.010831
155.4000 0.010819
155.6042 0.010937
155.8076 0.010925
156.0123 0.010881
156.2178 0.010787
156.4259 0.010820
156.6304 0.010809
156.8392 0.010779
157.0480 0.010704
157.2619 0.010749
157.4723 0.010687
157.6845 0.010671
157.8977 0.010690
158.1108 0.010824
158.3250 0.010882
158.5404 0.011023
158.7578 0.011212
158.9730 0.011154
159.1901 0.011267
159.4093 0.011203
159.6333 0.011218
159.8540 0.011302
160.0808 0.011312
160.3089 0.011247
160.5360 0.011375
160.7671 0.011295
160.9976 0.011315
161.2317 0.011286
161.4671 0.011324
161.7033 0.011359
161.9416 0.011308
162.1819 0.011341
162.4243 0.011459
162.6676 0.011511
162.9185 0.011407
163.1688 0.011358
163.4223 0.011524
163.6773 0.011647
163.9380 0.011620
164.1972 0.011751
164.4583 0.011911
164.7269 0.011848
165.0015 0.011948
165.2777 0.012101
165.5512 0.012206
165.8324 0.012188
166.1152 0.012257
166.4042 0.012380
166.7021 0.012294
167.0003 0.012407
167.3032 0.012408
167.6127 0.012559
167.9238 0.012663
168.2399 0.012710
168.5676 0.012891
168.8994 0.013091
169.2370 0.013276
169.5821 0.013511
169.9345 0.013534
170.2904 0.013650
170.6563 0.013663
171.0349 0.013830
171.4188 0.013871
171.8162 0.013954
172.2185 0.014239
172.6387 0.014739
173.0714 0.014842
173.5149 0.014953
173.9801 0.015160
174.4542 0.015710
174.9527 0.015605
175.4646 0.016123
176.0027 0.016408
176.5605 0.016790
177.1457 0.017221
177.7531 0.017815
178.4001 0.018168
179.0955 0.018496
179.8295 0.018736
180.6170 0.019273
181.4640 0.020004
182.3956 0.020572
183.4075 0.021598
184.5294 0.022883
185.7991 0.024017
187.2744 0.025329
189.0190 0.028285
191.1912 0.030830
194.1330 0.036246
194.8923 0.036989
195.7048 0.038437
196.6242 0.042241
197.7042 0.044935
198.9393 0.048441
200.4186 0.052070
202.2999 0.058504
204.8720 0.070438
209.1113 0.096150
213.2396 0.131602
218.4174 0.209808
221.9173 0.275085
 tr2-07-3 3 1
108.0343 0.146063
110.1168 0.115735
113.1908 0.083637
115.6802 0.062359
118.4970 0.047140
120.2331 0.040266
121.4855 0.036562
122.4784 0.032348
123.3280 0.029636
124.0679 0.029272
124.7353 0.029228
125.3235 0.027708
125.8534 0.027071
128.0405 0.022579
129.6627 0.020436
130.9766 0.019415
132.0732 0.017216
133.0525 0.016911
133.9329 0.016664
134.7309 0.015957
135.4637 0.015676
136.1428 0.015418
136.7769 0.014840
137.3711 0.014465
137.9327 0.014201
138.4608 0.013910
138.9750 0.013791
139.4637 0.013693
139.9215 0.013428
140.3716 0.012874
140.8071 0.012817
141.2275 0.012793
141.6314 0.012728
142.0248 0.012603
142.4051 0.012487
142.7759 0.012303
143.1398 0.012346
143.4920 0.012219
143.8399 0.012318
144.1818 0.012281
144.5142 0.011976
144.8352 0.012036
145.1531 0.012004
145.4664 0.011991
145.7768 0.011716
146.0750 0.011946
146.3690 0.011831
146.6558 0.011757
146.9451 0.011779
147.2238 0.011919
147.5020 0.011768
147.7764 0.011784
148.0463 0.011939
148.3107 0.011819
148.5780 0.011873
148.8374 0.011907
149.0913 0.011832
149.3453 0.011747
149.5979 0.011801
149.8507 0.011752
150.0963 0.011742
150.3436 0.011776
150.5865 0.011745
150.8318 0.011576
151.0719 0.011595
151.3103 0.011408
151.5462 0.011316
151.7809 0.011325
152.0116 0.011235
152.2453 0.011253
152.4727 0.011179
152.7012 0.011068
152.9265 0.011099
153.1507 0.011131
153.3746 0.011053
153.5963 0.010986
153.8201 0.011022
154.0428 0.010862
154.2624 0.010906
154.4797 0.010900
154.7007 0.010879
154.9156 0.010885
155.1317 0.010977
155.3465 0.011049
155.5626 0.011032
155.7798 0.011072
155.9957 0.011036
156.2074 0.011003
156.4195 0.010940
156.6277 0.010990
156.8359 0.010899
157.0468 0.010887
157.2553 0.010844
157.4643 0.010789
157.6734 0.010875
157.8818 0.010838
158.0900 0.010740
158.2982 0.010825
158.5069 0.010763
158.7136 0.010813
158.9205 0.010869
159.1267 0.010950
159.3337 0.010892
159.5422 0.010997
159.7528 0.010989
159.9605 0.011048
160.1678 0.011084
160.3782 0.011012
160.5862 0.011082
160.7933 0.011119
161.0008 0.011152
161.2109 0.011249
161.4161 0.011310
161.6243 0.011301
161.8341 0.011303
162.0435 0.011319
162.2513 0.011352
162.4601 0.011314
162.6660 0.011352
162.8767 0.011379
163.0877 0.011285
163.2996 0.011190
163.5115 0.011195
163.7225 0.011193
163.9374 0.011200
164.1502 0.011194
164.3670 0.011216
164.5820 0.011258
164.7965 0.011397
165.0152 0.011414
165.2333 0.011374
165.4571 0.011368
165.6790 0.011420
165.9026 0.011423
166.1263 0.011386
166.3455 0.011542
166.5684 0.011499
166.7936 0.011594
167.0206 0.011526
167.2479 0.011405
167.4723 0.011367
167.7049 0.011263
167.9358 0.011331
168.1712 0.011363
168.4052 0.011423
168.6431 0.011535
168.8819 0.011652
169.1235 0.011785
169.3666 0.011777
169.6121 0.011785
169.8583 0.011828
170.1097 0.011798
170.3585 0.011806
170.6143 0.011711
170.8680 0.011862
171.1286 0.011959
171.3888 0.012008
171.6521 0.012008
171.9171 0.012287
172.1896 0.012315
172.4640 0.012470
172.7394 0.012609
173.0174 0.012745
173.3011 0.012722
173.5848 0.012744
173.8753 0.012847
174.1676 0.013051
174.4649 0.013259
174.7645 0.013342
175.0742 0.013460
175.3905 0.013615
175.7034 0.013556
176.0265 0.013696
176.3575 0.013859
176.6924 0.014009
177.0341 0.013814
177.3814 0.013812
177.7365 0.013902
178.1009 0.013975
178.4716 0.013932
178.8499 0.013966
179.2434 0.014082
179.6409 0.014291
180.0497 0.014344
180.4703 0.014502
180.9065 0.014512
181.3517 0.015074
181.8119 0.015485
182.2899 0.015532
182.7849 0.015789
183.2945 0.015694
183.8272 0.016109
184.3795 0.016297
184.9571 0.016536
185.5637 0.017064
186.2006 0.017350
186.8681 0.017936
187.5824 0.018695
188.3457 0.019442
189.1489 0.020204
190.0227 0.020815
190.9656 0.021665
192.0036 0.022022
193.1632 0.023630
194.4673 0.024719
195.9771 0.026823
197.7718 0.028524
200.0161 0.032286
203.0654 0.037160
203.8438 0.039606
204.6913 0.042490
205.6537 0.043769
206.7305 0.046262
208.0152 0.049259
209.5738 0.053529
211.4515 0.062067
214.0753 0.071659
218.5072 0.098257
222.7544 0.132236
228.1719 0.192287
232.2968 0.278449
tr2s-07-3 3 1
114.7525 0.156850
117.0226 0.122453
120.0977 0.083312
122.5647 0.064316
125.3749 0.046066
127.1099 0.041426
128.3317 0.037489
129.3508 0.034608
130.2184 0.031576
130.9791 0.030260
131.6393 0.028888
132.2140 0.026982
132.7498 0.026026
134.9174 0.023530
136.5261 0.021143
137.8623 0.019808
138.9863 0.018067
139.9678 0.016831
140.8360 0.016420
141.6324 0.015918
142.3769 0.015627
143.0553 0.014880
143.6941 0.014384
144.2893 0.014267
144.8572 0.014009
145.3970 0.014069
145.9004 0.014013
146.3955 0.013826
146.8661 0.013706
147.3179 0.013380
147.7586 0.013408
148.1833 0.013132
148.5863 0.013091
148.9778 0.012858
149.3588 0.012897
149.7301 0.012591
150.0985 0.012560
150.4520 0.012698
150.7990 0.012575
151.1337 0.012662
151.4650 0.012514
151.7879 0.012504
152.1061 0.012214
152.4149 0.012200
152.7208 0.012190
153.0221 0.012101
153.3187 0.012029
153.6143 0.011885
153.9010 0.011705
154.1834 0.011759
154.4640 0.011746
154.7417 0.011847
155.0134 0.011757
155.2808 0.011730
155.5443 0.011703
155.8071 0.011613
156.0671 0.011457
156.3221 0.011453
156.5769 0.011489
156.8289 0.011371
157.0793 0.011363
157.3286 0.011396
157.5742 0.011522
157.8139 0.011423
158.0535 0.011449
158.2937 0.011368
158.5304 0.011424
158.7622 0.011415
158.9965 0.011379
159.2308 0.011258
159.4610 0.011289
159.6903 0.011240
159.9164 0.011359
160.1448 0.011362
160.3710 0.011324
160.5910 0.011395
160.8129 0.011438
161.0348 0.011347
161.2561 0.011303
161.4745 0.011261
161.6937 0.011209
161.9110 0.011107
162.1296 0.011040
162.3443 0.011115
162.5569 0.011022
162.7721 0.011093
162.9854 0.011121
163.1975 0.011059
163.4096 0.011134
163.6201 0.011123
163.8313 0.011143
164.0405 0.011124
164.2511 0.011204
164.4606 0.011104
164.6736 0.011115
164.8838 0.010990
165.0918 0.010991
165.2998 0.010969
165.5067 0.010991
165.7127 0.011104
165.9196 0.011087
166.1296 0.011144
166.3369 0.011159
166.5469 0.011183
166.7531 0.011085
166.9612 0.011130
167.1701 0.011045
167.3785 0.011091
167.5893 0.011040
167.7975 0.010915
168.0061 0.010957
168.2140 0.011065
168.4240 0.011098
168.6280 0.011113
168.8372 0.011129
169.0462 0.011209
169.2558 0.011140
169.4644 0.011146
169.6749 0.011115
169.8844 0.011086
170.0942 0.011092
170.3075 0.011148
170.5198 0.011051
170.7344 0.011160
170.9455 0.011131
171.1600 0.011077
171.3793 0.011082
171.5929 0.011116
171.8107 0.011157
172.0268 0.011110
172.2464 0.011142
172.4649 0.011097
172.6853 0.011142
172.9046 0.011144
173.1260 0.011273
173.3517 0.011399
173.5775 0.011466
173.8030 0.011442
174.0297 0.011433
174.2582 0.011497
174.4863 0.011615
174.7209 0.011503
174.9551 0.011505
175.1909 0.011547
175.4256 0.011652
175.6657 0.011606
175.9044 0.011784
176.1450 0.011852
176.3872 0.011894
176.6298 0.011928
176.8762 0.011905
177.1229 0.012122
177.3766 0.012283
177.6293 0.012407
177.8853 0.012709
178.1400 0.012985
178.4016 0.012895
178.6668 0.013069
178.9328 0.013136
179.2056 0.013214
179.4794 0.013152
179.7572 0.013215
180.0375 0.013128
180.3229 0.013160
180.6123 0.013020
180.8990 0.013246
181.1941 0.013229
181.4916 0.013252
181.7972 0.013525
182.1104 0.013518
182.4232 0.013606
182.7417 0.013552
183.0697 0.013638
183.3985 0.013877
183.7398 0.014020
184.0833 0.014142
184.4334 0.014309
184.7941 0.014279
185.1564 0.014490
185.5289 0.014439
185.9108 0.014483
186.3005 0.014727
186.7002 0.014796
187.1050 0.014960
187.5274 0.014838
187.9595 0.014989
188.4074 0.015237
188.8657 0.015686
189.3413 0.015867
189.8354 0.015783
190.3501 0.015959
190.8831 0.016479
191.4382 0.016507
192.0143 0.017043
192.6139 0.017507
193.2516 0.017491
193.9219 0.017982
194.6409 0.018616
195.3980 0.019708
196.2033 0.020178
197.0719 0.021280
198.0243 0.021804
199.0570 0.022934
200.2009 0.023622
201.5085 0.024261
203.0188 0.027109
204.8366 0.028672
207.0821 0.032456
210.1514 0.038602
210.9616 0.040741
211.8250 0.043535
212.7783 0.044922
213.8701 0.046920
215.1267 0.050840
216.6418 0.054829
218.5405 0.061683
221.1653 0.071355
225.6853 0.097185
230.0963 0.139104
235.0810 0.197348
238.9263 0.283171
