Copyright (C) 1998 James G. MacKinnon, Alfred A. Haug, and Leo Michelis.
 lm0-07-0 2 1
 15.8343 0.021769
 16.3745 0.016538
 17.1448 0.011676
 17.7620 0.008858
 18.4445 0.007283
 18.8845 0.006296
 19.2166 0.005749
 19.4846 0.005445
 19.7096 0.004973
 19.9083 0.004849
 20.0822 0.004572
 20.2407 0.004374
 20.3840 0.004217
 20.9711 0.003764
 21.4178 0.003436
 21.7852 0.003220
 22.1027 0.003067
 22.3826 0.002939
 22.6337 0.002780
 22.8626 0.002761
 23.0745 0.002674
 23.2723 0.002535
 23.4590 0.002519
 23.6348 0.002504
 23.8015 0.002468
 23.9606 0.002468
 24.1117 0.002391
 24.2581 0.002339
 24.3985 0.002330
 24.5335 0.002319
 24.6644 0.002302
 24.7915 0.002320
 24.9163 0.002318
 25.0365 0.002332
 25.1544 0.002314
 25.2697 0.002287
 25.3815 0.002293
 25.4915 0.002259
 25.5989 0.002230
 25.7034 0.002217
 25.8069 0.002189
 25.9070 0.002213
 26.0069 0.002236
 26.1057 0.002205
 26.2017 0.002178
 26.2973 0.002152
 26.3915 0.002149
 26.4838 0.002152
 26.5754 0.002141
 26.6654 0.002131
 26.7553 0.002157
 26.8428 0.002142
 26.9300 0.002120
 27.0156 0.002101
 27.1011 0.002125
 27.1862 0.002111
 27.2698 0.002120
 27.3529 0.002090
 27.4352 0.002110
 27.5167 0.002100
 27.5976 0.002117
 27.6783 0.002128
 27.7575 0.002147
 27.8363 0.002168
 27.9152 0.002152
 27.9934 0.002147
 28.0711 0.002127
 28.1486 0.002122
 28.2255 0.002130
 28.3028 0.002120
 28.3792 0.002125
 28.4548 0.002121
 28.5309 0.002117
 28.6066 0.002113
 28.6821 0.002121
 28.7571 0.002125
 28.8314 0.002139
 28.9053 0.002132
 28.9796 0.002157
 29.0530 0.002162
 29.1267 0.002149
 29.2003 0.002143
 29.2735 0.002178
 29.3469 0.002170
 29.4201 0.002198
 29.4929 0.002215
 29.5655 0.002201
 29.6384 0.002178
 29.7109 0.002198
 29.7833 0.002195
 29.8550 0.002155
 29.9271 0.002180
 29.9995 0.002191
 30.0720 0.002211
 30.1440 0.002184
 30.2161 0.002156
 30.2888 0.002169
 30.3612 0.002168
 30.4332 0.002163
 30.5053 0.002186
 30.5782 0.002187
 30.6507 0.002202
 30.7235 0.002219
 30.7961 0.002226
 30.8688 0.002244
 30.9416 0.002225
 31.0146 0.002233
 31.0882 0.002246
 31.1614 0.002246
 31.2346 0.002278
 31.3081 0.002292
 31.3819 0.002302
 31.4556 0.002311
 31.5295 0.002322
 31.6039 0.002312
 31.6784 0.002334
 31.7530 0.002342
 31.8284 0.002354
 31.9043 0.002375
 31.9806 0.002389
 32.0567 0.002378
 32.1330 0.002381
 32.2096 0.002394
 32.2864 0.002426
 32.3637 0.002427
 32.4411 0.002445
 32.5199 0.002440
 32.5984 0.002437
 32.6774 0.002423
 32.7568 0.002424
 32.8369 0.002438
 32.9170 0.002445
 32.9975 0.002468
 33.0794 0.002500
 33.1610 0.002479
 33.2437 0.002492
 33.3259 0.002493
 33.4095 0.002487
 33.4939 0.002507
 33.5786 0.002524
 33.6643 0.002532
 33.7505 0.002536
 33.8373 0.002503
 33.9252 0.002507
 34.0138 0.002491
 34.1036 0.002504
 34.1939 0.002539
 34.2837 0.002570
 34.3752 0.002609
 34.4676 0.002650
 34.5624 0.002653
 34.6572 0.002679
 34.7526 0.002707
 34.8492 0.002683
 34.9473 0.002686
 35.0461 0.002704
 35.1462 0.002713
 35.2472 0.002749
 35.3494 0.002748
 35.4536 0.002772
 35.5588 0.002784
 35.6656 0.002823
 35.7744 0.002861
 35.8843 0.002880
 35.9959 0.002954
 36.1099 0.003012
 36.2254 0.003037
 36.3420 0.003032
 36.4615 0.003080
 36.5821 0.003102
 36.7059 0.003126
 36.8315 0.003157
 36.9592 0.003163
 37.0905 0.003186
 37.2237 0.003266
 37.3594 0.003309
 37.4984 0.003346
 37.6414 0.003369
 37.7878 0.003381
 37.9368 0.003462
 38.0901 0.003502
 38.2476 0.003509
 38.4084 0.003592
 38.5745 0.003608
 38.7464 0.003678
 38.9228 0.003709
 39.1040 0.003790
 39.2921 0.003875
 39.4874 0.003950
 39.6912 0.003997
 39.9027 0.003984
 40.1240 0.004072
 40.3548 0.004133
 40.5976 0.004282
 40.8509 0.004332
 41.1190 0.004389
 41.4050 0.004508
 41.7055 0.004781
 42.0283 0.004895
 42.3774 0.004992
 42.7551 0.005177
 43.1702 0.005448
 43.6247 0.005785
 44.1358 0.006090
 44.7159 0.006725
 45.3911 0.007349
 46.2111 0.008203
 47.2479 0.009313
 48.6675 0.010902
 49.0223 0.011041
 49.4211 0.011952
 49.8713 0.012599
 50.3966 0.013419
 51.0150 0.014799
 51.7480 0.016613
 52.6836 0.018885
 53.9817 0.022891
 56.1389 0.030358
 58.2420 0.041346
 60.9234 0.062701
 62.8729 0.088897
 lm1-07-0 2 1
 18.2541 0.022696
 18.8079 0.017370
 19.6057 0.012308
 20.2863 0.009553
 21.0280 0.007425
 21.4857 0.006430
 21.8270 0.006029
 22.1113 0.005478
 22.3499 0.005239
 22.5588 0.005000
 22.7420 0.004756
 22.9097 0.004618
 23.0633 0.004436
 23.6787 0.004004
 24.1465 0.003668
 24.5326 0.003435
 24.8651 0.003358
 25.1584 0.003234
 25.4216 0.003131
 25.6629 0.003130
 25.8858 0.003045
 26.0945 0.002918
 26.2896 0.002748
 26.4753 0.002671
 26.6509 0.002654
 26.8163 0.002653
 26.9754 0.002606
 27.1289 0.002580
 27.2772 0.002544
 27.4183 0.002479
 27.5559 0.002470
 27.6888 0.002494
 27.8188 0.002488
 27.9444 0.002458
 28.0660 0.002425
 28.1850 0.002426
 28.3024 0.002424
 28.4172 0.002421
 28.5293 0.002417
 28.6397 0.002401
 28.7485 0.002391
 28.8543 0.002376
 28.9587 0.002347
 29.0605 0.002344
 29.1614 0.002330
 29.2607 0.002323
 29.3587 0.002356
 29.4548 0.002322
 29.5499 0.002347
 29.6439 0.002338
 29.7375 0.002375
 29.8290 0.002364
 29.9203 0.002338
 30.0107 0.002363
 30.0996 0.002321
 30.1880 0.002289
 30.2752 0.002287
 30.3612 0.002275
 30.4474 0.002270
 30.5326 0.002256
 30.6172 0.002241
 30.7016 0.002261
 30.7853 0.002242
 30.8680 0.002246
 30.9501 0.002241
 31.0322 0.002220
 31.1130 0.002215
 31.1934 0.002228
 31.2741 0.002250
 31.3534 0.002281
 31.4329 0.002298
 31.5121 0.002289
 31.5910 0.002279
 31.6682 0.002303
 31.7459 0.002298
 31.8238 0.002285
 31.9011 0.002283
 31.9791 0.002307
 32.0562 0.002319
 32.1327 0.002309
 32.2094 0.002284
 32.2859 0.002308
 32.3615 0.002306
 32.4370 0.002312
 32.5135 0.002312
 32.5894 0.002307
 32.6654 0.002293
 32.7402 0.002281
 32.8157 0.002281
 32.8908 0.002260
 32.9669 0.002280
 33.0420 0.002261
 33.1174 0.002249
 33.1928 0.002236
 33.2677 0.002203
 33.3425 0.002197
 33.4174 0.002213
 33.4928 0.002225
 33.5680 0.002260
 33.6438 0.002255
 33.7187 0.002236
 33.7944 0.002263
 33.8704 0.002256
 33.9460 0.002255
 34.0216 0.002279
 34.0976 0.002286
 34.1726 0.002289
 34.2485 0.002300
 34.3245 0.002308
 34.4003 0.002314
 34.4767 0.002315
 34.5532 0.002341
 34.6303 0.002349
 34.7076 0.002379
 34.7854 0.002405
 34.8628 0.002418
 34.9405 0.002447
 35.0186 0.002412
 35.0967 0.002428
 35.1752 0.002433
 35.2535 0.002455
 35.3323 0.002458
 35.4119 0.002472
 35.4919 0.002456
 35.5724 0.002462
 35.6527 0.002444
 35.7338 0.002445
 35.8161 0.002486
 35.8978 0.002514
 35.9801 0.002522
 36.0633 0.002531
 36.1469 0.002524
 36.2304 0.002516
 36.3142 0.002539
 36.3994 0.002567
 36.4851 0.002549
 36.5714 0.002580
 36.6578 0.002615
 36.7457 0.002652
 36.8337 0.002641
 36.9222 0.002632
 37.0116 0.002637
 37.1020 0.002650
 37.1931 0.002667
 37.2841 0.002683
 37.3766 0.002688
 37.4699 0.002739
 37.5637 0.002788
 37.6589 0.002831
 37.7541 0.002870
 37.8512 0.002863
 37.9490 0.002862
 38.0479 0.002880
 38.1478 0.002891
 38.2490 0.002880
 38.3512 0.002884
 38.4549 0.002885
 38.5597 0.002869
 38.6664 0.002886
 38.7736 0.002908
 38.8827 0.002944
 38.9937 0.002983
 39.1064 0.003011
 39.2199 0.003029
 39.3362 0.003037
 39.4538 0.003055
 39.5729 0.003076
 39.6931 0.003128
 39.8154 0.003168
 39.9400 0.003250
 40.0683 0.003270
 40.1972 0.003264
 40.3299 0.003297
 40.4651 0.003303
 40.6034 0.003350
 40.7439 0.003348
 40.8885 0.003302
 41.0350 0.003361
 41.1847 0.003460
 41.3393 0.003568
 41.4975 0.003613
 41.6588 0.003727
 41.8261 0.003755
 41.9982 0.003792
 42.1743 0.003773
 42.3568 0.003847
 42.5452 0.003930
 42.7403 0.004027
 42.9431 0.004091
 43.1518 0.004087
 43.3713 0.004165
 43.5985 0.004234
 43.8364 0.004313
 44.0858 0.004497
 44.3488 0.004671
 44.6245 0.004807
 44.9178 0.004884
 45.2297 0.005034
 45.5650 0.005231
 45.9231 0.005397
 46.3101 0.005560
 46.7342 0.005721
 47.2049 0.006024
 47.7285 0.006687
 48.3287 0.007079
 49.0269 0.007321
 49.8612 0.008064
 50.9127 0.009023
 52.3668 0.010520
 52.7374 0.011024
 53.1546 0.011707
 53.6147 0.012677
 54.1435 0.013879
 54.7668 0.015095
 55.5280 0.016191
 56.4940 0.018051
 57.8163 0.021839
 60.0275 0.030720
 62.1323 0.040046
 64.8405 0.065811
 67.0214 0.089468
lm1s-07-0 2 1
 18.8693 0.023061
 19.4504 0.017823
 20.2494 0.012498
 20.9376 0.009688
 21.6739 0.007741
 22.1409 0.006797
 22.4902 0.006101
 22.7788 0.005553
 23.0156 0.005125
 23.2254 0.004892
 23.4122 0.004683
 23.5805 0.004519
 23.7335 0.004430
 24.3556 0.003752
 24.8278 0.003569
 25.2175 0.003366
 25.5505 0.003323
 25.8463 0.003268
 26.1126 0.003068
 26.3547 0.002922
 26.5799 0.002796
 26.7889 0.002773
 26.9863 0.002736
 27.1703 0.002665
 27.3463 0.002619
 27.5140 0.002579
 27.6741 0.002545
 27.8287 0.002562
 27.9773 0.002572
 28.1200 0.002535
 28.2561 0.002549
 28.3901 0.002530
 28.5201 0.002489
 28.6469 0.002479
 28.7712 0.002503
 28.8927 0.002472
 29.0101 0.002427
 29.1257 0.002434
 29.2386 0.002406
 29.3491 0.002462
 29.4579 0.002422
 29.5639 0.002399
 29.6672 0.002404
 29.7704 0.002406
 29.8718 0.002393
 29.9714 0.002430
 30.0699 0.002428
 30.1669 0.002450
 30.2631 0.002449
 30.3577 0.002429
 30.4514 0.002379
 30.5440 0.002350
 30.6358 0.002368
 30.7257 0.002358
 30.8156 0.002353
 30.9041 0.002343
 30.9919 0.002326
 31.0794 0.002330
 31.1653 0.002318
 31.2506 0.002316
 31.3354 0.002333
 31.4191 0.002327
 31.5028 0.002341
 31.5859 0.002348
 31.6681 0.002371
 31.7500 0.002341
 31.8316 0.002314
 31.9124 0.002304
 31.9933 0.002302
 32.0731 0.002304
 32.1535 0.002284
 32.2328 0.002293
 32.3118 0.002296
 32.3907 0.002295
 32.4686 0.002312
 32.5464 0.002349
 32.6244 0.002354
 32.7019 0.002339
 32.7784 0.002330
 32.8554 0.002312
 32.9324 0.002306
 33.0090 0.002285
 33.0859 0.002269
 33.1623 0.002252
 33.2382 0.002263
 33.3137 0.002266
 33.3893 0.002273
 33.4653 0.002272
 33.5409 0.002289
 33.6168 0.002284
 33.6923 0.002272
 33.7682 0.002269
 33.8437 0.002261
 33.9190 0.002276
 33.9948 0.002254
 34.0703 0.002237
 34.1455 0.002226
 34.2208 0.002240
 34.2964 0.002234
 34.3720 0.002225
 34.4474 0.002214
 34.5227 0.002232
 34.5983 0.002242
 34.6739 0.002251
 34.7497 0.002248
 34.8258 0.002297
 34.9018 0.002295
 34.9781 0.002296
 35.0539 0.002289
 35.1302 0.002313
 35.2068 0.002334
 35.2836 0.002350
 35.3605 0.002358
 35.4378 0.002364
 35.5154 0.002381
 35.5933 0.002403
 35.6718 0.002403
 35.7505 0.002406
 35.8289 0.002422
 35.9077 0.002438
 35.9866 0.002455
 36.0664 0.002475
 36.1458 0.002455
 36.2256 0.002486
 36.3056 0.002466
 36.3871 0.002472
 36.4683 0.002487
 36.5503 0.002470
 36.6326 0.002505
 36.7151 0.002503
 36.7975 0.002533
 36.8814 0.002543
 36.9658 0.002576
 37.0503 0.002580
 37.1361 0.002558
 37.2210 0.002578
 37.3073 0.002604
 37.3945 0.002626
 37.4825 0.002659
 37.5704 0.002704
 37.6595 0.002705
 37.7491 0.002724
 37.8391 0.002743
 37.9307 0.002704
 38.0221 0.002713
 38.1147 0.002745
 38.2079 0.002768
 38.3024 0.002743
 38.3980 0.002753
 38.4943 0.002774
 38.5912 0.002788
 38.6894 0.002790
 38.7890 0.002784
 38.8890 0.002826
 38.9907 0.002836
 39.0936 0.002853
 39.1978 0.002905
 39.3027 0.002943
 39.4093 0.002960
 39.5168 0.002982
 39.6255 0.003040
 39.7356 0.003047
 39.8477 0.003055
 39.9615 0.003052
 40.0773 0.003098
 40.1949 0.003087
 40.3142 0.003166
 40.4344 0.003158
 40.5593 0.003201
 40.6849 0.003197
 40.8134 0.003227
 40.9436 0.003239
 41.0765 0.003278
 41.2104 0.003361
 41.3491 0.003365
 41.4895 0.003464
 41.6327 0.003523
 41.7796 0.003585
 41.9296 0.003632
 42.0844 0.003670
 42.2426 0.003674
 42.4053 0.003740
 42.5722 0.003773
 42.7459 0.003809
 42.9232 0.003768
 43.1055 0.003806
 43.2942 0.003884
 43.4900 0.003943
 43.6917 0.004026
 43.9036 0.004149
 44.1212 0.004277
 44.3492 0.004343
 44.5864 0.004532
 44.8375 0.004720
 45.1011 0.004873
 45.3782 0.004955
 45.6708 0.005169
 45.9813 0.005230
 46.3142 0.005280
 46.6727 0.005510
 47.0618 0.005610
 47.4885 0.005903
 47.9581 0.006355
 48.4872 0.006539
 49.0876 0.006901
 49.7860 0.007267
 50.6179 0.007844
 51.6781 0.009246
 53.1301 0.010600
 53.5039 0.011041
 53.9160 0.011839
 54.3757 0.012794
 54.9099 0.013874
 55.5350 0.014786
 56.3005 0.016403
 57.2560 0.018368
 58.5665 0.021995
 60.7797 0.030389
 62.8918 0.041136
 65.6349 0.065587
 67.7397 0.089232
 lm2-07-0 2 1
 20.6606 0.021859
 21.2413 0.017757
 22.1037 0.012928
 22.8072 0.010609
 23.5789 0.008250
 24.0698 0.006972
 24.4307 0.006497
 24.7228 0.005844
 24.9698 0.005345
 25.1895 0.005073
 25.3846 0.005134
 25.5589 0.004880
 25.7186 0.004692
 26.3661 0.004204
 26.8596 0.003840
 27.2664 0.003626
 27.6141 0.003478
 27.9206 0.003253
 28.1949 0.003152
 28.4464 0.003048
 28.6799 0.002968
 28.8963 0.002970
 29.0994 0.002907
 29.2921 0.002779
 29.4737 0.002718
 29.6469 0.002692
 29.8133 0.002678
 29.9740 0.002657
 30.1276 0.002620
 30.2754 0.002607
 30.4198 0.002536
 30.5589 0.002525
 30.6936 0.002551
 30.8256 0.002553
 30.9540 0.002563
 31.0788 0.002523
 31.2012 0.002470
 31.3207 0.002466
 31.4380 0.002423
 31.5529 0.002403
 31.6656 0.002377
 31.7751 0.002344
 31.8837 0.002357
 31.9905 0.002371
 32.0947 0.002387
 32.1987 0.002360
 32.2999 0.002327
 32.4005 0.002351
 32.4992 0.002320
 32.5977 0.002326
 32.6944 0.002324
 32.7900 0.002299
 32.8850 0.002256
 32.9796 0.002259
 33.0729 0.002264
 33.1647 0.002258
 33.2560 0.002248
 33.3466 0.002246
 33.4364 0.002257
 33.5251 0.002263
 33.6128 0.002265
 33.7001 0.002265
 33.7870 0.002268
 33.8731 0.002281
 33.9578 0.002287
 34.0426 0.002307
 34.1265 0.002305
 34.2102 0.002287
 34.2928 0.002306
 34.3758 0.002302
 34.4582 0.002268
 34.5398 0.002278
 34.6221 0.002263
 34.7037 0.002301
 34.7846 0.002301
 34.8655 0.002327
 34.9458 0.002360
 35.0260 0.002357
 35.1059 0.002355
 35.1858 0.002370
 35.2649 0.002370
 35.3441 0.002390
 35.4236 0.002385
 35.5025 0.002361
 35.5812 0.002335
 35.6597 0.002358
 35.7383 0.002360
 35.8162 0.002359
 35.8941 0.002353
 35.9720 0.002333
 36.0504 0.002355
 36.1287 0.002367
 36.2066 0.002377
 36.2846 0.002420
 36.3629 0.002427
 36.4405 0.002468
 36.5189 0.002467
 36.5965 0.002472
 36.6740 0.002475
 36.7518 0.002458
 36.8302 0.002491
 36.9076 0.002490
 36.9852 0.002481
 37.0634 0.002484
 37.1417 0.002493
 37.2209 0.002505
 37.2993 0.002492
 37.3782 0.002511
 37.4573 0.002527
 37.5361 0.002525
 37.6161 0.002529
 37.6954 0.002527
 37.7744 0.002540
 37.8536 0.002546
 37.9344 0.002551
 38.0149 0.002526
 38.0959 0.002537
 38.1766 0.002515
 38.2578 0.002508
 38.3390 0.002527
 38.4208 0.002523
 38.5025 0.002544
 38.5854 0.002550
 38.6676 0.002587
 38.7510 0.002580
 38.8344 0.002608
 38.9183 0.002598
 39.0027 0.002627
 39.0875 0.002632
 39.1738 0.002624
 39.2594 0.002657
 39.3457 0.002673
 39.4327 0.002700
 39.5196 0.002717
 39.6082 0.002741
 39.6965 0.002780
 39.7850 0.002796
 39.8749 0.002817
 39.9654 0.002850
 40.0560 0.002854
 40.1481 0.002855
 40.2407 0.002891
 40.3338 0.002905
 40.4276 0.002922
 40.5230 0.002919
 40.6177 0.002908
 40.7135 0.002924
 40.8110 0.002947
 40.9088 0.002909
 41.0079 0.002898
 41.1085 0.002893
 41.2097 0.002916
 41.3115 0.002918
 41.4142 0.002932
 41.5184 0.002941
 41.6245 0.002934
 41.7320 0.002958
 41.8400 0.002990
 41.9499 0.002967
 42.0610 0.003021
 42.1732 0.003010
 42.2880 0.003033
 42.4039 0.003083
 42.5213 0.003100
 42.6396 0.003142
 42.7599 0.003172
 42.8828 0.003209
 43.0068 0.003233
 43.1334 0.003251
 43.2619 0.003284
 43.3934 0.003331
 43.5271 0.003367
 43.6645 0.003363
 43.8036 0.003399
 43.9462 0.003421
 44.0916 0.003453
 44.2396 0.003556
 44.3912 0.003608
 44.5468 0.003684
 44.7056 0.003763
 44.8672 0.003763
 45.0338 0.003783
 45.2064 0.003861
 45.3829 0.003931
 45.5660 0.003949
 45.7553 0.004094
 45.9494 0.004136
 46.1508 0.004209
 46.3580 0.004321
 46.5742 0.004404
 46.7985 0.004542
 47.0326 0.004616
 47.2776 0.004712
 47.5342 0.004882
 47.8036 0.004917
 48.0901 0.005086
 48.3923 0.005183
 48.7146 0.005390
 49.0543 0.005485
 49.4259 0.005646
 49.8284 0.005785
 50.2673 0.005961
 50.7501 0.006380
 51.2881 0.006833
 51.9038 0.007152
 52.6157 0.007847
 53.4850 0.008648
 54.5762 0.009775
 56.0722 0.011689
 56.4491 0.012021
 56.8723 0.012524
 57.3510 0.012881
 57.8941 0.013862
 58.5276 0.015350
 59.3001 0.016787
 60.2656 0.018764
 61.6211 0.021957
 63.8520 0.030311
 66.0965 0.041711
 68.8713 0.062437
 71.1022 0.089502
lm2s-07-0 2 1
 21.3334 0.023068
 21.9128 0.018166
 22.7683 0.012895
 23.4893 0.010396
 24.2624 0.008329
 24.7519 0.006981
 25.1187 0.006114
 25.4170 0.005781
 25.6711 0.005567
 25.8933 0.005396
 26.0871 0.005174
 26.2628 0.004897
 26.4228 0.004776
 27.0736 0.004089
 27.5720 0.003783
 27.9771 0.003626
 28.3268 0.003464
 28.6339 0.003398
 28.9113 0.003260
 29.1640 0.003205
 29.3984 0.002999
 29.6161 0.002922
 29.8199 0.002858
 30.0139 0.002861
 30.1957 0.002807
 30.3700 0.002767
 30.5365 0.002708
 30.6972 0.002649
 30.8517 0.002614
 31.0009 0.002571
 31.1452 0.002513
 31.2845 0.002486
 31.4194 0.002445
 31.5512 0.002424
 31.6796 0.002417
 31.8046 0.002407
 31.9276 0.002394
 32.0475 0.002390
 32.1650 0.002416
 32.2791 0.002439
 32.3916 0.002433
 32.5022 0.002415
 32.6107 0.002419
 32.7184 0.002369
 32.8228 0.002345
 32.9267 0.002330
 33.0300 0.002345
 33.1308 0.002374
 33.2300 0.002361
 33.3284 0.002366
 33.4254 0.002378
 33.5212 0.002358
 33.6167 0.002299
 33.7111 0.002314
 33.8042 0.002326
 33.8966 0.002296
 33.9885 0.002306
 34.0778 0.002301
 34.1681 0.002266
 34.2572 0.002274
 34.3453 0.002292
 34.4327 0.002268
 34.5197 0.002265
 34.6055 0.002265
 34.6912 0.002258
 34.7761 0.002244
 34.8600 0.002269
 34.9439 0.002280
 35.0285 0.002311
 35.1117 0.002270
 35.1943 0.002285
 35.2774 0.002280
 35.3590 0.002292
 35.4403 0.002319
 35.5223 0.002354
 35.6028 0.002348
 35.6831 0.002350
 35.7630 0.002337
 35.8432 0.002326
 35.9233 0.002324
 36.0026 0.002316
 36.0817 0.002298
 36.1601 0.002291
 36.2392 0.002305
 36.3185 0.002306
 36.3977 0.002295
 36.4764 0.002312
 36.5549 0.002320
 36.6340 0.002319
 36.7118 0.002348
 36.7895 0.002382
 36.8674 0.002384
 36.9455 0.002364
 37.0231 0.002385
 37.1015 0.002424
 37.1789 0.002442
 37.2569 0.002442
 37.3349 0.002459
 37.4132 0.002466
 37.4918 0.002452
 37.5700 0.002458
 37.6494 0.002459
 37.7276 0.002479
 37.8059 0.002525
 37.8841 0.002532
 37.9624 0.002495
 38.0410 0.002489
 38.1198 0.002507
 38.1979 0.002515
 38.2773 0.002532
 38.3573 0.002538
 38.4367 0.002546
 38.5167 0.002550
 38.5966 0.002552
 38.6767 0.002578
 38.7570 0.002589
 38.8376 0.002589
 38.9184 0.002597
 38.9998 0.002576
 39.0817 0.002579
 39.1636 0.002597
 39.2455 0.002607
 39.3291 0.002589
 39.4116 0.002568
 39.4952 0.002589
 39.5788 0.002592
 39.6629 0.002597
 39.7474 0.002608
 39.8327 0.002632
 39.9179 0.002648
 40.0045 0.002686
 40.0909 0.002723
 40.1779 0.002726
 40.2651 0.002763
 40.3524 0.002773
 40.4407 0.002825
 40.5298 0.002793
 40.6189 0.002837
 40.7093 0.002865
 40.8005 0.002872
 40.8926 0.002897
 40.9853 0.002895
 41.0784 0.002867
 41.1728 0.002879
 41.2677 0.002888
 41.3630 0.002908
 41.4590 0.002932
 41.5565 0.002918
 41.6551 0.002902
 41.7542 0.002910
 41.8548 0.002898
 41.9557 0.002879
 42.0582 0.002907
 42.1622 0.002929
 42.2664 0.002926
 42.3718 0.002942
 42.4787 0.002985
 42.5866 0.003027
 42.6958 0.003033
 42.8065 0.003058
 42.9193 0.003079
 43.0343 0.003084
 43.1500 0.003068
 43.2678 0.003076
 43.3873 0.003115
 43.5078 0.003159
 43.6310 0.003205
 43.7563 0.003219
 43.8836 0.003259
 44.0126 0.003296
 44.1434 0.003290
 44.2770 0.003342
 44.4139 0.003402
 44.5532 0.003414
 44.6948 0.003477
 44.8394 0.003486
 44.9863 0.003550
 45.1383 0.003623
 45.2939 0.003664
 45.4539 0.003657
 45.6175 0.003670
 45.7869 0.003763
 45.9585 0.003867
 46.1358 0.003923
 46.3179 0.004015
 46.5048 0.004073
 46.6986 0.004220
 46.8997 0.004281
 47.1066 0.004418
 47.3243 0.004468
 47.5490 0.004545
 47.7836 0.004653
 48.0296 0.004690
 48.2884 0.004834
 48.5593 0.005020
 48.8456 0.005054
 49.1463 0.005049
 49.4687 0.005288
 49.8127 0.005444
 50.1855 0.005637
 50.5860 0.005783
 51.0232 0.005944
 51.5029 0.006415
 52.0444 0.006879
 52.6560 0.007275
 53.3736 0.007644
 54.2443 0.008567
 55.3346 0.009443
 56.8272 0.011192
 57.2034 0.011470
 57.6317 0.012058
 58.1099 0.013102
 58.6529 0.013952
 59.2936 0.015392
 60.0628 0.016807
 61.0352 0.018692
 62.3830 0.021343
 64.6090 0.029078
 66.8330 0.041035
 69.6344 0.060760
 71.7983 0.088625
 tr0-07-0 2 1
 54.1795 0.060798
 55.5728 0.042928
 57.6335 0.031102
 59.2573 0.023657
 61.0451 0.018472
 62.1712 0.014907
 63.0194 0.013049
 63.6944 0.012348
 64.2628 0.011556
 64.7545 0.011090
 65.1870 0.010561
 65.5788 0.010625
 65.9342 0.010065
 67.3842 0.009118
 68.4712 0.008472
 69.3668 0.007704
 70.1300 0.007387
 70.7975 0.006885
 71.3989 0.006521
 71.9435 0.006300
 72.4425 0.006411
 72.9069 0.006292
 73.3383 0.006164
 73.7450 0.006120
 74.1347 0.006143
 74.5033 0.005831
 74.8546 0.005691
 75.1919 0.005635
 75.5152 0.005565
 75.8260 0.005523
 76.1245 0.005418
 76.4148 0.005391
 76.6956 0.005375
 76.9693 0.005179
 77.2332 0.005097
 77.4922 0.005022
 77.7458 0.005056
 77.9943 0.005036
 78.2333 0.005004
 78.4688 0.005029
 78.6983 0.004981
 78.9255 0.004951
 79.1480 0.005057
 79.3675 0.004963
 79.5831 0.004923
 79.7962 0.005033
 80.0051 0.005067
 80.2090 0.005072
 80.4096 0.005045
 80.6078 0.005024
 80.8015 0.004954
 80.9948 0.004931
 81.1846 0.004918
 81.3727 0.004882
 81.5591 0.004800
 81.7428 0.004840
 81.9264 0.004736
 82.1050 0.004736
 82.2835 0.004640
 82.4614 0.004559
 82.6357 0.004526
 82.8099 0.004532
 82.9807 0.004539
 83.1520 0.004482
 83.3212 0.004516
 83.4885 0.004503
 83.6551 0.004457
 83.8203 0.004422
 83.9846 0.004356
 84.1479 0.004358
 84.3112 0.004440
 84.4739 0.004402
 84.6339 0.004434
 84.7963 0.004461
 84.9542 0.004476
 85.1136 0.004437
 85.2707 0.004445
 85.4267 0.004477
 85.5833 0.004489
 85.7396 0.004484
 85.8940 0.004474
 86.0491 0.004434
 86.2028 0.004395
 86.3558 0.004402
 86.5087 0.004410
 86.6616 0.004407
 86.8137 0.004417
 86.9651 0.004439
 87.1156 0.004477
 87.2664 0.004452
 87.4159 0.004508
 87.5658 0.004537
 87.7155 0.004579
 87.8653 0.004578
 88.0151 0.004606
 88.1646 0.004608
 88.3132 0.004597
 88.4619 0.004598
 88.6104 0.004621
 88.7601 0.004643
 88.9089 0.004671
 89.0575 0.004636
 89.2056 0.004628
 89.3547 0.004597
 89.5029 0.004591
 89.6524 0.004608
 89.8021 0.004606
 89.9518 0.004575
 90.1018 0.004613
 90.2505 0.004602
 90.3996 0.004579
 90.5492 0.004539
 90.6980 0.004513
 90.8482 0.004553
 90.9993 0.004605
 91.1497 0.004597
 91.3008 0.004580
 91.4522 0.004573
 91.6031 0.004557
 91.7551 0.004584
 91.9077 0.004587
 92.0607 0.004555
 92.2131 0.004578
 92.3680 0.004621
 92.5230 0.004585
 92.6769 0.004626
 92.8319 0.004602
 92.9885 0.004628
 93.1455 0.004600
 93.3034 0.004593
 93.4618 0.004582
 93.6209 0.004677
 93.7796 0.004763
 93.9381 0.004835
 94.1000 0.004810
 94.2626 0.004830
 94.4268 0.004878
 94.5900 0.004932
 94.7544 0.004995
 94.9211 0.005043
 95.0898 0.005115
 95.2581 0.005133
 95.4281 0.005197
 95.5986 0.005182
 95.7712 0.005267
 95.9448 0.005286
 96.1193 0.005253
 96.2959 0.005316
 96.4729 0.005309
 96.6518 0.005327
 96.8328 0.005374
 97.0156 0.005436
 97.2000 0.005517
 97.3858 0.005545
 97.5730 0.005534
 97.7625 0.005568
 97.9534 0.005543
 98.1453 0.005552
 98.3401 0.005549
 98.5377 0.005567
 98.7395 0.005665
 98.9438 0.005714
 99.1482 0.005679
 99.3571 0.005770
 99.5686 0.005731
 99.7834 0.005740
 99.9984 0.005783
100.2178 0.005852
100.4404 0.005886
100.6684 0.005939
100.8989 0.005848
101.1342 0.005931
101.3741 0.006007
101.6189 0.006039
101.8656 0.006046
102.1168 0.006040
102.3749 0.006106
102.6373 0.006150
102.9071 0.006182
103.1826 0.006160
103.4621 0.006145
103.7509 0.006186
104.0473 0.006237
104.3502 0.006319
104.6599 0.006369
104.9809 0.006460
105.3132 0.006643
105.6583 0.006590
106.0111 0.006609
106.3752 0.006633
106.7545 0.006789
107.1515 0.006929
107.5641 0.007091
107.9958 0.007130
108.4469 0.007207
108.9248 0.007352
109.4261 0.007570
109.9587 0.007872
110.5265 0.008133
111.1343 0.008498
111.7915 0.008735
112.5003 0.009008
113.2923 0.009582
114.1723 0.010226
115.1577 0.011499
116.3127 0.011787
117.6806 0.012710
119.3907 0.013912
121.7412 0.016775
122.3362 0.017447
122.9916 0.018874
123.7100 0.019944
124.5584 0.020786
125.5459 0.021884
126.7182 0.024369
128.2136 0.028174
130.2431 0.035365
133.6875 0.047385
136.8872 0.062762
141.0816 0.099670
144.2927 0.138094
 tr1-07-0 2 1
 65.3738 0.064470
 66.8501 0.051136
 69.0751 0.033841
 70.8786 0.027466
 72.8473 0.021384
 74.0620 0.018025
 74.9705 0.016185
 75.7145 0.014937
 76.3354 0.013798
 76.8669 0.012905
 77.3378 0.012258
 77.7644 0.011336
 78.1502 0.010812
 79.7217 0.009612
 80.9039 0.009004
 81.8699 0.008293
 82.6851 0.007707
 83.4013 0.007437
 84.0499 0.007027
 84.6347 0.006871
 85.1752 0.006857
 85.6780 0.006406
 86.1423 0.006273
 86.5780 0.006262
 86.9924 0.006108
 87.3862 0.005979
 87.7631 0.005954
 88.1272 0.005852
 88.4741 0.005831
 88.8057 0.005800
 89.1284 0.005735
 89.4400 0.005639
 89.7405 0.005604
 90.0337 0.005610
 90.3194 0.005555
 90.5971 0.005564
 90.8672 0.005502
 91.1329 0.005469
 91.3912 0.005480
 91.6441 0.005415
 91.8914 0.005399
 92.1342 0.005483
 92.3725 0.005392
 92.6059 0.005391
 92.8353 0.005375
 93.0601 0.005373
 93.2813 0.005341
 93.5009 0.005249
 93.7168 0.005254
 93.9297 0.005237
 94.1389 0.005187
 94.3454 0.005204
 94.5485 0.005259
 94.7501 0.005324
 94.9505 0.005305
 95.1478 0.005265
 95.3431 0.005257
 95.5366 0.005188
 95.7291 0.005191
 95.9185 0.005226
 96.1067 0.005231
 96.2912 0.005250
 96.4754 0.005209
 96.6582 0.005187
 96.8394 0.005194
 97.0194 0.005191
 97.1978 0.005196
 97.3750 0.005108
 97.5506 0.005121
 97.7260 0.005104
 97.9001 0.005060
 98.0725 0.005002
 98.2441 0.004976
 98.4146 0.004955
 98.5856 0.005018
 98.7554 0.005017
 98.9229 0.004994
 99.0898 0.004956
 99.2565 0.004957
 99.4229 0.004938
 99.5878 0.004916
 99.7520 0.004922
 99.9162 0.004897
100.0803 0.004834
100.2439 0.004827
100.4058 0.004852
100.5675 0.004827
100.7292 0.004811
100.8897 0.004866
101.0513 0.004907
101.2105 0.004864
101.3704 0.004854
101.5301 0.004839
101.6892 0.004819
101.8491 0.004820
102.0075 0.004857
102.1656 0.004900
102.3248 0.004910
102.4829 0.004962
102.6421 0.004950
102.8008 0.004980
102.9595 0.004944
103.1179 0.004922
103.2771 0.004960
103.4351 0.004936
103.5935 0.004934
103.7522 0.004952
103.9115 0.004974
104.0703 0.005009
104.2305 0.004997
104.3894 0.004980
104.5493 0.004938
104.7095 0.004943
104.8699 0.004950
105.0304 0.004946
105.1900 0.004996
105.3506 0.004972
105.5113 0.004923
105.6721 0.004912
105.8349 0.004923
105.9958 0.004927
106.1590 0.005013
106.3229 0.005042
106.4854 0.005033
106.6507 0.005104
106.8158 0.005086
106.9823 0.005089
107.1484 0.005106
107.3159 0.005151
107.4839 0.005151
107.6512 0.005139
107.8202 0.005127
107.9897 0.005175
108.1600 0.005182
108.3310 0.005206
108.5041 0.005213
108.6770 0.005246
108.8513 0.005204
109.0254 0.005212
109.2021 0.005209
109.3795 0.005171
109.5580 0.005218
109.7391 0.005247
109.9188 0.005320
110.0995 0.005326
110.2834 0.005328
110.4681 0.005301
110.6537 0.005293
110.8409 0.005297
111.0300 0.005280
111.2217 0.005362
111.4148 0.005365
111.6113 0.005347
111.8073 0.005373
112.0072 0.005386
112.2081 0.005420
112.4102 0.005448
112.6161 0.005367
112.8239 0.005400
113.0318 0.005395
113.2428 0.005481
113.4563 0.005573
113.6741 0.005609
113.8927 0.005590
114.1165 0.005740
114.3430 0.005821
114.5747 0.005921
114.8085 0.005965
115.0439 0.006042
115.2840 0.006046
115.5287 0.006091
115.7764 0.006150
116.0295 0.006259
116.2885 0.006223
116.5504 0.006249
116.8167 0.006275
117.0915 0.006399
117.3697 0.006436
117.6539 0.006583
117.9451 0.006587
118.2429 0.006638
118.5474 0.006743
118.8616 0.006917
119.1810 0.007001
119.5133 0.007080
119.8541 0.007179
120.2018 0.007195
120.5651 0.007282
120.9384 0.007250
121.3274 0.007336
121.7303 0.007432
122.1493 0.007575
122.5841 0.007681
123.0412 0.007877
123.5189 0.007902
124.0194 0.007977
124.5515 0.008160
125.1132 0.008250
125.7111 0.008453
126.3553 0.008815
127.0556 0.008963
127.8056 0.009319
128.6412 0.009739
129.5652 0.010111
130.6051 0.010610
131.8167 0.011645
133.2534 0.013213
135.0509 0.014997
137.5140 0.018183
138.1437 0.018994
138.8316 0.019500
139.6123 0.020843
140.5048 0.021776
141.5210 0.023394
142.7637 0.024942
144.3139 0.028901
146.4659 0.035165
150.0332 0.047970
153.4056 0.069368
157.6925 0.104520
160.8030 0.133354
tr1s-07-0 2 1
 70.9807 0.065783
 72.5008 0.051922
 74.7885 0.036286
 76.7130 0.027351
 78.7539 0.021144
 80.0175 0.018275
 80.9682 0.016079
 81.7308 0.014951
 82.3606 0.013782
 82.9107 0.013066
 83.4046 0.012440
 83.8467 0.011908
 84.2537 0.011473
 85.8739 0.010545
 87.1002 0.009889
 88.0959 0.008813
 88.9461 0.008143
 89.6953 0.007829
 90.3605 0.007611
 90.9685 0.007301
 91.5270 0.007146
 92.0498 0.006765
 92.5361 0.006585
 92.9930 0.006433
 93.4252 0.006343
 93.8353 0.006376
 94.2259 0.006366
 94.5974 0.006224
 94.9562 0.006137
 95.3003 0.006135
 95.6346 0.006075
 95.9588 0.006000
 96.2703 0.005912
 96.5744 0.005882
 96.8676 0.005754
 97.1543 0.005744
 97.4330 0.005639
 97.7051 0.005585
 97.9725 0.005502
 98.2336 0.005536
 98.4894 0.005449
 98.7397 0.005358
 98.9873 0.005348
 99.2296 0.005360
 99.4674 0.005336
 99.7015 0.005289
 99.9316 0.005331
100.1573 0.005308
100.3807 0.005305
100.5990 0.005285
100.8161 0.005309
101.0296 0.005384
101.2400 0.005376
101.4480 0.005401
101.6546 0.005406
101.8575 0.005354
102.0605 0.005340
102.2597 0.005282
102.4571 0.005251
102.6523 0.005212
102.8446 0.005176
103.0379 0.005143
103.2275 0.005049
103.4169 0.005114
103.6036 0.005085
103.7889 0.005075
103.9747 0.005135
104.1576 0.005110
104.3396 0.005183
104.5191 0.005197
104.6997 0.005176
104.8779 0.005195
105.0565 0.005171
105.2334 0.005111
105.4088 0.005079
105.5826 0.005111
105.7566 0.005074
105.9305 0.005025
106.1016 0.005007
106.2739 0.004993
106.4430 0.005006
106.6141 0.004970
106.7832 0.004992
106.9522 0.004949
107.1208 0.004967
107.2893 0.005048
107.4558 0.005045
107.6232 0.004978
107.7907 0.004941
107.9569 0.004995
108.1225 0.005045
108.2879 0.005030
108.4523 0.005061
108.6165 0.005107
108.7803 0.005109
108.9442 0.005111
109.1072 0.005056
109.2701 0.005075
109.4336 0.005061
109.5973 0.005031
109.7613 0.005061
109.9240 0.005110
110.0879 0.005103
110.2504 0.005045
110.4141 0.005081
110.5776 0.005080
110.7397 0.005103
110.9036 0.005148
111.0692 0.005185
111.2330 0.005188
111.3964 0.005239
111.5606 0.005275
111.7248 0.005292
111.8897 0.005300
112.0541 0.005334
112.2193 0.005263
112.3843 0.005298
112.5498 0.005312
112.7153 0.005293
112.8826 0.005250
113.0507 0.005238
113.2180 0.005219
113.3857 0.005231
113.5556 0.005267
113.7251 0.005255
113.8943 0.005272
114.0639 0.005272
114.2367 0.005252
114.4083 0.005300
114.5809 0.005247
114.7546 0.005291
114.9273 0.005305
115.1035 0.005328
115.2776 0.005331
115.4534 0.005432
115.6308 0.005413
115.8098 0.005448
115.9893 0.005453
116.1708 0.005459
116.3519 0.005471
116.5350 0.005426
116.7179 0.005354
116.9029 0.005418
117.0893 0.005475
117.2758 0.005494
117.4643 0.005430
117.6538 0.005531
117.8466 0.005536
118.0396 0.005578
118.2350 0.005704
118.4304 0.005707
118.6295 0.005752
118.8304 0.005734
119.0342 0.005744
119.2379 0.005783
119.4451 0.005880
119.6527 0.005822
119.8640 0.005912
120.0776 0.005874
120.2927 0.005933
120.5107 0.005978
120.7310 0.006068
120.9553 0.006073
121.1821 0.006083
121.4102 0.006107
121.6430 0.006160
121.8805 0.006168
122.1208 0.006303
122.3638 0.006275
122.6108 0.006257
122.8619 0.006250
123.1173 0.006265
123.3763 0.006308
123.6403 0.006316
123.9109 0.006357
124.1850 0.006515
124.4656 0.006660
124.7509 0.006674
125.0433 0.006693
125.3421 0.006740
125.6459 0.006700
125.9599 0.006843
126.2805 0.006910
126.6123 0.006785
126.9518 0.006774
127.2992 0.006914
127.6596 0.007021
128.0309 0.006907
128.4137 0.007066
128.8117 0.007222
129.2242 0.007266
129.6541 0.007334
130.1010 0.007328
130.5688 0.007273
131.0623 0.007405
131.5817 0.007638
132.1284 0.007846
132.7047 0.008065
133.3214 0.008366
133.9836 0.008503
134.6931 0.008991
135.4714 0.009498
136.3219 0.010108
137.2668 0.010655
138.3300 0.011347
139.5597 0.012368
141.0373 0.013720
142.8953 0.015488
145.4224 0.018719
146.0567 0.019231
146.7638 0.019916
147.5443 0.021114
148.4442 0.022978
149.4991 0.024780
150.7699 0.026355
152.3332 0.029244
154.5258 0.035456
158.1345 0.048134
161.6196 0.068860
166.0057 0.105602
169.2728 0.134619
 tr2-07-0 3 1
 77.1278 0.130379
 78.7546 0.097046
 81.0996 0.064439
 83.0926 0.049406
 85.2174 0.038511
 86.5780 0.032531
 87.5697 0.029552
 88.3499 0.027517
 89.0114 0.025698
 89.5825 0.023954
 90.1006 0.023199
 90.5638 0.022548
 90.9905 0.022243
 92.6999 0.018749
 93.9875 0.017028
 95.0282 0.015857
 95.9203 0.015301
 96.7069 0.014988
 97.4040 0.014400
 98.0346 0.013769
 98.6202 0.013032
 99.1630 0.012708
 99.6658 0.012547
100.1470 0.012130
100.5945 0.011793
101.0207 0.011638
101.4275 0.011554
101.8179 0.011492
102.1899 0.011204
102.5476 0.011121
102.8974 0.010958
103.2384 0.010984
103.5620 0.010787
103.8757 0.010905
104.1789 0.010934
104.4752 0.010795
104.7658 0.010691
105.0509 0.010584
105.3280 0.010584
105.6040 0.010595
105.8707 0.010433
106.1326 0.010222
106.3846 0.010111
106.6370 0.010094
106.8826 0.010044
107.1239 0.009962
107.3617 0.009890
107.5975 0.009912
107.8285 0.009844
108.0545 0.009850
108.2784 0.009810
108.4993 0.009668
108.7191 0.009642
108.9371 0.009531
109.1518 0.009528
109.3609 0.009508
109.5691 0.009392
109.7735 0.009262
109.9785 0.009271
110.1827 0.009154
110.3837 0.009134
110.5802 0.009187
110.7772 0.009045
110.9739 0.009028
111.1694 0.009047
111.3637 0.009112
111.5537 0.009053
111.7456 0.009060
111.9330 0.009015
112.1201 0.008929
112.3088 0.008940
112.4933 0.008783
112.6772 0.008800
112.8592 0.008745
113.0415 0.008648
113.2220 0.008700
113.4018 0.008776
113.5782 0.008851
113.7596 0.008898
113.9355 0.008925
114.1129 0.008981
114.2892 0.009055
114.4651 0.008928
114.6404 0.008851
114.8140 0.008819
114.9869 0.008834
115.1592 0.008866
115.3327 0.008938
115.5075 0.008971
115.6788 0.008997
115.8482 0.009010
116.0190 0.009041
116.1893 0.008976
116.3603 0.009029
116.5303 0.009125
116.6998 0.009107
116.8702 0.009070
117.0395 0.009052
117.2101 0.009077
117.3806 0.009173
117.5493 0.009223
117.7170 0.009207
117.8868 0.009189
118.0556 0.009228
118.2266 0.009240
118.3960 0.009257
118.5642 0.009407
118.7350 0.009501
118.9038 0.009466
119.0728 0.009564
119.2424 0.009564
119.4119 0.009486
119.5816 0.009553
119.7495 0.009503
119.9202 0.009490
120.0933 0.009548
120.2638 0.009509
120.4354 0.009504
120.6090 0.009642
120.7832 0.009701
120.9581 0.009581
121.1305 0.009545
121.3036 0.009615
121.4784 0.009646
121.6534 0.009659
121.8300 0.009684
122.0085 0.009720
122.1851 0.009789
122.3605 0.009756
122.5385 0.009754
122.7169 0.009643
122.8958 0.009753
123.0751 0.009727
123.2564 0.009712
123.4378 0.009795
123.6201 0.009723
123.8030 0.009633
123.9877 0.009761
124.1725 0.009808
124.3600 0.009821
124.5490 0.009909
124.7390 0.009955
124.9311 0.009959
125.1234 0.010034
125.3175 0.010090
125.5109 0.010078
125.7067 0.010056
125.9038 0.010140
126.1066 0.010140
126.3071 0.010050
126.5136 0.010124
126.7175 0.010159
126.9245 0.010163
127.1312 0.010142
127.3432 0.010194
127.5566 0.010205
127.7727 0.010159
127.9894 0.010178
128.2090 0.010188
128.4322 0.010384
128.6558 0.010309
128.8809 0.010208
129.1129 0.010251
129.3436 0.010377
129.5817 0.010446
129.8254 0.010556
130.0709 0.010730
130.3174 0.010750
130.5701 0.010801
130.8270 0.010892
131.0878 0.010991
131.3514 0.011074
131.6176 0.011034
131.8862 0.011023
132.1687 0.011233
132.4544 0.011329
132.7432 0.011436
133.0380 0.011449
133.3369 0.011716
133.6433 0.011862
133.9613 0.011989
134.2856 0.012088
134.6206 0.012056
134.9620 0.012231
135.3108 0.012373
135.6715 0.012432
136.0397 0.012715
136.4234 0.012848
136.8174 0.012844
137.2326 0.013056
137.6585 0.013332
138.1013 0.013437
138.5682 0.013907
139.0510 0.014268
139.5612 0.014704
140.0891 0.015341
140.6428 0.015351
141.2387 0.015793
141.8738 0.015782
142.5602 0.016471
143.2949 0.016786
144.0896 0.017076
144.9570 0.017793
145.9155 0.018933
147.0120 0.019922
148.2784 0.022015
149.8049 0.024129
151.7170 0.027145
154.2860 0.031351
154.9476 0.032776
155.6851 0.033889
156.4841 0.036654
157.4366 0.039188
158.5319 0.041772
159.8318 0.047440
161.4480 0.054525
163.7251 0.067038
167.4817 0.092921
171.0701 0.122719
175.4507 0.189457
178.4029 0.240861
tr2s-07-0 2 1
 83.2618 0.072338
 85.0206 0.055712
 87.4526 0.038824
 89.5103 0.029004
 91.7039 0.022266
 93.0723 0.018864
 94.0829 0.017019
 94.8926 0.016063
 95.5778 0.015120
 96.1620 0.014570
 96.6855 0.013768
 97.1572 0.013335
 97.5898 0.012924
 99.3040 0.011383
100.6205 0.010252
101.6727 0.009584
102.5775 0.009263
103.3690 0.008746
104.0767 0.008433
104.7241 0.008128
105.3129 0.007851
105.8589 0.007367
106.3729 0.007265
106.8530 0.007104
107.3099 0.006933
107.7446 0.006764
108.1576 0.006642
108.5566 0.006654
108.9348 0.006441
109.2963 0.006373
109.6493 0.006294
109.9882 0.006224
110.3196 0.006078
110.6392 0.006022
110.9501 0.006076
111.2528 0.006024
111.5472 0.006013
111.8378 0.005966
112.1204 0.006031
112.3974 0.006032
112.6681 0.005926
112.9327 0.005853
113.1905 0.005877
113.4464 0.005911
113.6975 0.005939
113.9434 0.005925
114.1853 0.005792
114.4219 0.005708
114.6558 0.005709
114.8865 0.005771
115.1143 0.005674
115.3418 0.005621
115.5650 0.005595
115.7850 0.005606
116.0022 0.005586
116.2165 0.005556
116.4283 0.005519
116.6385 0.005471
116.8459 0.005450
117.0514 0.005483
117.2560 0.005449
117.4584 0.005408
117.6575 0.005394
117.8560 0.005324
118.0527 0.005350
118.2488 0.005359
118.4422 0.005328
118.6356 0.005312
118.8261 0.005348
119.0167 0.005362
119.2042 0.005386
119.3924 0.005367
119.5778 0.005397
119.7636 0.005434
119.9484 0.005414
120.1312 0.005349
120.3132 0.005290
120.4949 0.005337
120.6748 0.005386
120.8546 0.005432
121.0336 0.005427
121.2121 0.005443
121.3899 0.005471
121.5669 0.005514
121.7442 0.005453
121.9207 0.005424
122.0967 0.005352
122.2723 0.005370
122.4473 0.005331
122.6212 0.005355
122.7948 0.005408
122.9685 0.005441
123.1415 0.005445
123.3146 0.005399
123.4860 0.005419
123.6572 0.005439
123.8291 0.005352
124.0016 0.005399
124.1730 0.005435
124.3447 0.005463
124.5179 0.005456
124.6881 0.005549
124.8601 0.005570
125.0310 0.005528
125.2027 0.005599
125.3746 0.005592
125.5453 0.005576
125.7170 0.005524
125.8888 0.005516
126.0609 0.005569
126.2320 0.005534
126.4029 0.005503
126.5742 0.005554
126.7473 0.005519
126.9204 0.005449
127.0929 0.005475
127.2659 0.005506
127.4409 0.005517
127.6163 0.005517
127.7911 0.005497
127.9658 0.005530
128.1419 0.005529
128.3187 0.005452
128.4964 0.005462
128.6729 0.005479
128.8500 0.005524
129.0284 0.005598
129.2069 0.005546
129.3879 0.005545
129.5681 0.005554
129.7484 0.005560
129.9301 0.005577
130.1126 0.005604
130.2957 0.005618
130.4802 0.005711
130.6654 0.005681
130.8514 0.005734
131.0389 0.005776
131.2276 0.005813
131.4180 0.005790
131.6081 0.005820
131.8017 0.005812
131.9959 0.005825
132.1901 0.005810
132.3848 0.005800
132.5830 0.005875
132.7816 0.005966
132.9824 0.005940
133.1848 0.005943
133.3902 0.005912
133.5961 0.005922
133.8038 0.005994
134.0129 0.006003
134.2247 0.006004
134.4373 0.006017
134.6520 0.006105
134.8705 0.006082
135.0896 0.006073
135.3136 0.006058
135.5420 0.006095
135.7696 0.006108
136.0003 0.006203
136.2333 0.006210
136.4688 0.006304
136.7086 0.006387
136.9514 0.006458
137.1959 0.006392
137.4458 0.006425
137.6999 0.006382
137.9563 0.006405
138.2178 0.006344
138.4844 0.006418
138.7574 0.006582
139.0322 0.006612
139.3159 0.006709
139.5997 0.006763
139.8924 0.006896
140.1908 0.006940
140.4956 0.006967
140.8063 0.007034
141.1260 0.007123
141.4534 0.007373
141.7919 0.007522
142.1375 0.007536
142.4912 0.007691
142.8565 0.007856
143.2337 0.007859
143.6235 0.007842
144.0238 0.007918
144.4406 0.007949
144.8695 0.007946
145.3177 0.008097
145.7837 0.008309
146.2712 0.008410
146.7807 0.008418
147.3142 0.008555
147.8814 0.008775
148.4802 0.009083
149.1156 0.009360
149.8041 0.009744
150.5461 0.010000
151.3530 0.010488
152.2416 0.010820
153.2163 0.011236
154.3281 0.012406
155.6169 0.013695
157.1571 0.014400
159.0859 0.015321
161.6927 0.018394
162.3537 0.019693
163.0943 0.020759
163.9191 0.021876
164.8501 0.022760
165.9382 0.024459
167.2331 0.026630
168.8941 0.031813
171.1789 0.038676
174.9960 0.054053
178.6652 0.070572
183.2500 0.102696
186.6552 0.144938
