Copyright (C) 1998 James G. MacKinnon, Alfred A. Haug, and Leo Michelis.
 lm0-06-3 2 1
 18.0293 0.023690
 18.5899 0.019290
 19.4368 0.012774
 20.1355 0.010362
 20.9127 0.007977
 21.3937 0.007107
 21.7531 0.006478
 22.0436 0.006119
 22.2939 0.005568
 22.5142 0.005286
 22.7041 0.004978
 22.8788 0.004796
 23.0378 0.004562
 23.6784 0.004101
 24.1680 0.003925
 24.5718 0.003688
 24.9166 0.003405
 25.2200 0.003285
 25.4942 0.003081
 25.7434 0.003005
 25.9742 0.002981
 26.1895 0.002948
 26.3917 0.002877
 26.5818 0.002798
 26.7633 0.002807
 26.9360 0.002710
 27.1011 0.002675
 27.2589 0.002665
 27.4112 0.002663
 27.5581 0.002667
 27.7000 0.002648
 27.8379 0.002599
 27.9717 0.002605
 28.1025 0.002579
 28.2300 0.002570
 28.3542 0.002534
 28.4751 0.002539
 28.5932 0.002498
 28.7086 0.002486
 28.8228 0.002481
 28.9339 0.002470
 29.0425 0.002468
 29.1496 0.002459
 29.2557 0.002491
 29.3597 0.002454
 29.4622 0.002424
 29.5623 0.002409
 29.6616 0.002402
 29.7598 0.002412
 29.8572 0.002383
 29.9535 0.002355
 30.0496 0.002348
 30.1435 0.002332
 30.2367 0.002343
 30.3290 0.002375
 30.4200 0.002384
 30.5096 0.002355
 30.5989 0.002355
 30.6873 0.002374
 30.7749 0.002347
 30.8618 0.002322
 30.9483 0.002291
 31.0344 0.002281
 31.1194 0.002261
 31.2044 0.002274
 31.2884 0.002256
 31.3725 0.002272
 31.4553 0.002260
 31.5380 0.002232
 31.6202 0.002254
 31.7017 0.002254
 31.7838 0.002249
 31.8650 0.002219
 31.9456 0.002183
 32.0257 0.002226
 32.1057 0.002206
 32.1850 0.002225
 32.2648 0.002231
 32.3448 0.002230
 32.4241 0.002231
 32.5031 0.002237
 32.5814 0.002254
 32.6595 0.002262
 32.7376 0.002287
 32.8161 0.002286
 32.8942 0.002254
 32.9720 0.002261
 33.0499 0.002244
 33.1278 0.002239
 33.2049 0.002269
 33.2825 0.002281
 33.3600 0.002282
 33.4377 0.002278
 33.5149 0.002289
 33.5923 0.002266
 33.6692 0.002270
 33.7468 0.002274
 33.8241 0.002317
 33.9014 0.002312
 33.9779 0.002294
 34.0548 0.002295
 34.1316 0.002309
 34.2088 0.002342
 34.2859 0.002298
 34.3635 0.002322
 34.4409 0.002309
 34.5191 0.002324
 34.5969 0.002335
 34.6750 0.002333
 34.7532 0.002346
 34.8311 0.002392
 34.9099 0.002386
 34.9889 0.002391
 35.0678 0.002432
 35.1470 0.002440
 35.2261 0.002452
 35.3059 0.002459
 35.3858 0.002457
 35.4659 0.002488
 35.5470 0.002521
 35.6280 0.002525
 35.7091 0.002533
 35.7912 0.002555
 35.8726 0.002546
 35.9552 0.002541
 36.0379 0.002569
 36.1202 0.002588
 36.2036 0.002610
 36.2881 0.002636
 36.3719 0.002671
 36.4563 0.002689
 36.5419 0.002691
 36.6274 0.002690
 36.7145 0.002674
 36.8015 0.002653
 36.8890 0.002679
 36.9768 0.002676
 37.0662 0.002681
 37.1557 0.002697
 37.2451 0.002698
 37.3359 0.002747
 37.4281 0.002775
 37.5205 0.002769
 37.6137 0.002766
 37.7076 0.002740
 37.8023 0.002770
 37.8986 0.002779
 37.9948 0.002791
 38.0920 0.002774
 38.1904 0.002816
 38.2895 0.002830
 38.3887 0.002830
 38.4898 0.002840
 38.5922 0.002837
 38.6966 0.002842
 38.8009 0.002851
 38.9071 0.002860
 39.0150 0.002923
 39.1234 0.002944
 39.2328 0.002970
 39.3443 0.002987
 39.4564 0.003032
 39.5714 0.003020
 39.6877 0.003061
 39.8057 0.003086
 39.9248 0.003146
 40.0476 0.003165
 40.1703 0.003183
 40.2961 0.003213
 40.4244 0.003258
 40.5548 0.003283
 40.6878 0.003357
 40.8217 0.003410
 40.9587 0.003384
 41.0998 0.003402
 41.2424 0.003410
 41.3885 0.003441
 41.5379 0.003414
 41.6913 0.003452
 41.8487 0.003493
 42.0117 0.003530
 42.1780 0.003559
 42.3482 0.003571
 42.5240 0.003573
 42.7040 0.003625
 42.8902 0.003693
 43.0823 0.003746
 43.2810 0.003776
 43.4876 0.003904
 43.7023 0.003918
 43.9250 0.003959
 44.1570 0.004024
 44.3997 0.004101
 44.6547 0.004225
 44.9218 0.004473
 45.2051 0.004639
 45.5024 0.004785
 45.8226 0.004872
 46.1620 0.005042
 46.5319 0.005278
 46.9308 0.005330
 47.3612 0.005692
 47.8381 0.005836
 48.3716 0.006214
 48.9818 0.006655
 49.6882 0.007100
 50.5402 0.008112
 51.6152 0.009345
 53.0952 0.010926
 53.4706 0.011488
 53.8908 0.011969
 54.3590 0.012667
 54.8973 0.013863
 55.5282 0.015266
 56.2876 0.016454
 57.2481 0.018762
 58.5977 0.021283
 60.8679 0.029727
 63.0783 0.041832
 65.8544 0.063594
 67.9249 0.088580
 lm1-06-3 3 1
 20.2794 0.042408
 20.8882 0.033764
 21.7445 0.022952
 22.4819 0.018576
 23.2639 0.014439
 23.7706 0.012416
 24.1481 0.011057
 24.4645 0.010192
 24.7205 0.009654
 24.9418 0.009276
 25.1468 0.008999
 25.3252 0.008641
 25.4897 0.008039
 26.1625 0.007064
 26.6742 0.006417
 27.0975 0.006070
 27.4583 0.005802
 27.7788 0.005552
 28.0625 0.005485
 28.3255 0.005396
 28.5671 0.005249
 28.7893 0.005083
 28.9992 0.005004
 29.1963 0.004912
 29.3832 0.004906
 29.5634 0.004817
 29.7350 0.004845
 29.9002 0.004707
 30.0594 0.004765
 30.2093 0.004719
 30.3577 0.004634
 30.5008 0.004622
 30.6400 0.004552
 30.7752 0.004485
 30.9082 0.004440
 31.0361 0.004335
 31.1615 0.004325
 31.2853 0.004233
 31.4061 0.004210
 31.5240 0.004195
 31.6415 0.004125
 31.7555 0.004064
 31.8686 0.004056
 31.9773 0.004097
 32.0861 0.004063
 32.1940 0.003978
 32.2976 0.003984
 32.4010 0.003988
 32.5041 0.004035
 32.6053 0.004086
 32.7054 0.004088
 32.8046 0.004103
 32.9021 0.004104
 32.9991 0.004120
 33.0938 0.004115
 33.1869 0.004102
 33.2805 0.004136
 33.3727 0.004086
 33.4645 0.004040
 33.5562 0.004046
 33.6462 0.004054
 33.7374 0.004026
 33.8257 0.004055
 33.9141 0.004063
 34.0018 0.004082
 34.0887 0.004067
 34.1747 0.004086
 34.2600 0.004085
 34.3454 0.004103
 34.4303 0.004143
 34.5150 0.004148
 34.5994 0.004115
 34.6835 0.004148
 34.7669 0.004174
 34.8491 0.004226
 34.9323 0.004217
 35.0161 0.004243
 35.0975 0.004239
 35.1796 0.004278
 35.2614 0.004288
 35.3420 0.004288
 35.4242 0.004264
 35.5056 0.004294
 35.5869 0.004264
 35.6685 0.004296
 35.7486 0.004342
 35.8289 0.004333
 35.9089 0.004400
 35.9886 0.004361
 36.0684 0.004362
 36.1488 0.004342
 36.2294 0.004364
 36.3089 0.004332
 36.3875 0.004320
 36.4680 0.004314
 36.5477 0.004305
 36.6282 0.004276
 36.7083 0.004205
 36.7892 0.004242
 36.8688 0.004251
 36.9500 0.004256
 37.0292 0.004211
 37.1093 0.004238
 37.1884 0.004223
 37.2681 0.004231
 37.3486 0.004243
 37.4295 0.004268
 37.5101 0.004276
 37.5913 0.004257
 37.6719 0.004306
 37.7537 0.004291
 37.8350 0.004325
 37.9169 0.004347
 37.9986 0.004372
 38.0813 0.004375
 38.1629 0.004376
 38.2464 0.004382
 38.3282 0.004385
 38.4107 0.004387
 38.4955 0.004356
 38.5786 0.004357
 38.6627 0.004385
 38.7469 0.004403
 38.8321 0.004369
 38.9160 0.004397
 39.0022 0.004441
 39.0887 0.004469
 39.1765 0.004429
 39.2627 0.004460
 39.3507 0.004458
 39.4383 0.004492
 39.5275 0.004538
 39.6146 0.004561
 39.7035 0.004562
 39.7917 0.004589
 39.8825 0.004657
 39.9733 0.004667
 40.0650 0.004719
 40.1581 0.004730
 40.2508 0.004764
 40.3447 0.004789
 40.4397 0.004761
 40.5347 0.004760
 40.6315 0.004802
 40.7286 0.004756
 40.8257 0.004734
 40.9236 0.004774
 41.0222 0.004785
 41.1217 0.004750
 41.2239 0.004785
 41.3260 0.004810
 41.4286 0.004840
 41.5328 0.004871
 41.6382 0.004881
 41.7433 0.004923
 41.8502 0.005005
 41.9596 0.005116
 42.0694 0.005143
 42.1799 0.005199
 42.2927 0.005196
 42.4078 0.005243
 42.5235 0.005277
 42.6422 0.005342
 42.7624 0.005354
 42.8843 0.005339
 43.0078 0.005391
 43.1340 0.005401
 43.2613 0.005452
 43.3902 0.005522
 43.5213 0.005522
 43.6565 0.005583
 43.7950 0.005643
 43.9359 0.005692
 44.0777 0.005804
 44.2240 0.005805
 44.3718 0.005978
 44.5227 0.005958
 44.6771 0.005996
 44.8341 0.006022
 44.9956 0.006191
 45.1606 0.006286
 45.3319 0.006318
 45.5067 0.006487
 45.6873 0.006626
 45.8726 0.006562
 46.0632 0.006583
 46.2619 0.006790
 46.4681 0.006813
 46.6795 0.006813
 46.8988 0.006835
 47.1274 0.007047
 47.3622 0.007364
 47.6113 0.007426
 47.8719 0.007593
 48.1469 0.007783
 48.4357 0.007887
 48.7418 0.008069
 49.0712 0.008386
 49.4188 0.008775
 49.7920 0.008905
 50.2018 0.009473
 50.6470 0.009916
 51.1372 0.010764
 51.6927 0.011083
 52.3251 0.012031
 53.0585 0.012723
 53.9435 0.014202
 55.0511 0.015848
 56.5627 0.018795
 56.9519 0.019756
 57.3776 0.021158
 57.8625 0.022164
 58.4106 0.024354
 59.0643 0.026799
 59.8444 0.029461
 60.8279 0.033722
 62.2120 0.038987
 64.5913 0.051484
 66.8325 0.075057
 69.6740 0.109661
 71.8323 0.151483
lm1s-06-3 3 1
 21.0194 0.043014
 21.6005 0.033827
 22.4775 0.024005
 23.1895 0.019020
 23.9900 0.014072
 24.5050 0.012287
 24.8844 0.011470
 25.1915 0.010397
 25.4512 0.009908
 25.6764 0.009204
 25.8808 0.008744
 26.0623 0.008175
 26.2318 0.008061
 26.9077 0.007069
 27.4224 0.006519
 27.8412 0.006190
 28.1995 0.005851
 28.5205 0.005570
 28.8069 0.005324
 29.0703 0.005098
 29.3095 0.005154
 29.5340 0.005050
 29.7445 0.004976
 29.9445 0.004873
 30.1324 0.004852
 30.3104 0.004748
 30.4805 0.004692
 30.6456 0.004648
 30.8057 0.004608
 30.9575 0.004444
 31.1058 0.004494
 31.2495 0.004383
 31.3895 0.004329
 31.5262 0.004338
 31.6592 0.004321
 31.7908 0.004278
 31.9182 0.004257
 32.0415 0.004266
 32.1613 0.004219
 32.2801 0.004156
 32.3952 0.004201
 32.5095 0.004199
 32.6208 0.004171
 32.7312 0.004222
 32.8402 0.004238
 32.9471 0.004185
 33.0522 0.004109
 33.1554 0.004111
 33.2562 0.004130
 33.3573 0.004084
 33.4567 0.004048
 33.5564 0.004044
 33.6540 0.004008
 33.7500 0.004027
 33.8460 0.004025
 33.9406 0.004080
 34.0345 0.004082
 34.1263 0.004059
 34.2171 0.004110
 34.3088 0.004063
 34.3987 0.004110
 34.4888 0.004090
 34.5781 0.004096
 34.6669 0.004122
 34.7543 0.004084
 34.8425 0.004105
 34.9271 0.004141
 35.0137 0.004154
 35.0993 0.004200
 35.1849 0.004152
 35.2696 0.004150
 35.3552 0.004124
 35.4390 0.004118
 35.5217 0.004111
 35.6049 0.004097
 35.6893 0.004147
 35.7718 0.004199
 35.8547 0.004229
 35.9366 0.004243
 36.0184 0.004216
 36.1002 0.004200
 36.1818 0.004202
 36.2621 0.004199
 36.3430 0.004190
 36.4238 0.004232
 36.5038 0.004285
 36.5852 0.004326
 36.6655 0.004313
 36.7461 0.004254
 36.8264 0.004219
 36.9074 0.004240
 36.9869 0.004186
 37.0666 0.004182
 37.1458 0.004196
 37.2249 0.004178
 37.3046 0.004210
 37.3843 0.004268
 37.4637 0.004251
 37.5443 0.004325
 37.6253 0.004360
 37.7060 0.004358
 37.7852 0.004374
 37.8654 0.004379
 37.9459 0.004377
 38.0264 0.004393
 38.1075 0.004378
 38.1875 0.004340
 38.2683 0.004347
 38.3481 0.004342
 38.4296 0.004350
 38.5114 0.004337
 38.5925 0.004315
 38.6750 0.004349
 38.7584 0.004292
 38.8419 0.004296
 38.9249 0.004290
 39.0084 0.004315
 39.0921 0.004335
 39.1748 0.004363
 39.2584 0.004376
 39.3421 0.004397
 39.4262 0.004389
 39.5118 0.004397
 39.5956 0.004408
 39.6803 0.004451
 39.7644 0.004458
 39.8502 0.004505
 39.9368 0.004495
 40.0246 0.004574
 40.1122 0.004606
 40.2002 0.004628
 40.2892 0.004659
 40.3791 0.004627
 40.4685 0.004624
 40.5577 0.004633
 40.6486 0.004684
 40.7404 0.004652
 40.8320 0.004649
 40.9237 0.004695
 41.0154 0.004679
 41.1092 0.004662
 41.2035 0.004630
 41.2979 0.004633
 41.3938 0.004648
 41.4902 0.004678
 41.5867 0.004681
 41.6863 0.004705
 41.7841 0.004774
 41.8841 0.004843
 41.9858 0.004847
 42.0883 0.004917
 42.1905 0.004962
 42.2942 0.005009
 42.3985 0.005030
 42.5061 0.005076
 42.6137 0.005106
 42.7228 0.005198
 42.8331 0.005171
 42.9453 0.005223
 43.0581 0.005254
 43.1725 0.005269
 43.2877 0.005353
 43.4063 0.005290
 43.5262 0.005353
 43.6499 0.005359
 43.7733 0.005431
 43.8988 0.005462
 44.0267 0.005459
 44.1560 0.005486
 44.2891 0.005547
 44.4239 0.005621
 44.5609 0.005683
 44.7003 0.005738
 44.8422 0.005736
 44.9858 0.005793
 45.1325 0.005858
 45.2835 0.005969
 45.4377 0.006071
 45.5950 0.006231
 45.7585 0.006286
 45.9253 0.006385
 46.0958 0.006328
 46.2697 0.006457
 46.4511 0.006490
 46.6370 0.006524
 46.8293 0.006538
 47.0279 0.006654
 47.2309 0.006721
 47.4392 0.006839
 47.6641 0.006959
 47.8904 0.007018
 48.1261 0.007239
 48.3736 0.007377
 48.6337 0.007456
 48.9091 0.007581
 49.2003 0.007798
 49.5113 0.008022
 49.8386 0.008111
 50.1890 0.008393
 50.5635 0.008969
 50.9732 0.009438
 51.4098 0.010062
 51.9076 0.010556
 52.4578 0.011386
 53.0909 0.011713
 53.8236 0.012438
 54.7035 0.013795
 55.8052 0.015943
 57.3194 0.019209
 57.7049 0.020228
 58.1365 0.020558
 58.6228 0.022341
 59.1853 0.024210
 59.8112 0.026461
 60.5877 0.028920
 61.5869 0.033719
 63.0144 0.039154
 65.3050 0.052894
 67.5366 0.073766
 70.4414 0.110589
 72.4869 0.155188
 lm2-06-3 3 1
 22.4149 0.048272
 23.0800 0.035234
 24.0332 0.025142
 24.7898 0.018547
 25.6415 0.013949
 26.1766 0.012814
 26.5657 0.011682
 26.8888 0.010816
 27.1586 0.010349
 27.3947 0.009844
 27.6024 0.009188
 27.7904 0.009027
 27.9592 0.008927
 28.6526 0.007881
 29.1961 0.007361
 29.6394 0.007063
 30.0162 0.006563
 30.3452 0.006115
 30.6466 0.005781
 30.9172 0.005651
 31.1655 0.005468
 31.3971 0.005282
 31.6142 0.005014
 31.8198 0.004987
 32.0156 0.005002
 32.2026 0.004972
 32.3808 0.004938
 32.5515 0.004862
 32.7161 0.004701
 32.8773 0.004729
 33.0309 0.004668
 33.1813 0.004623
 33.3271 0.004574
 33.4681 0.004489
 33.6040 0.004436
 33.7372 0.004322
 33.8673 0.004320
 33.9948 0.004340
 34.1201 0.004381
 34.2411 0.004339
 34.3598 0.004378
 34.4778 0.004387
 34.5936 0.004375
 34.7070 0.004383
 34.8199 0.004388
 34.9287 0.004396
 35.0377 0.004414
 35.1444 0.004390
 35.2510 0.004385
 35.3551 0.004416
 35.4576 0.004424
 35.5590 0.004464
 35.6605 0.004443
 35.7588 0.004461
 35.8573 0.004411
 35.9552 0.004430
 36.0517 0.004442
 36.1474 0.004392
 36.2423 0.004389
 36.3363 0.004376
 36.4294 0.004363
 36.5219 0.004320
 36.6138 0.004314
 36.7050 0.004266
 36.7963 0.004242
 36.8871 0.004252
 36.9761 0.004218
 37.0637 0.004179
 37.1533 0.004153
 37.2409 0.004160
 37.3277 0.004170
 37.4153 0.004161
 37.5030 0.004180
 37.5880 0.004131
 37.6753 0.004156
 37.7599 0.004123
 37.8442 0.004106
 37.9284 0.004121
 38.0138 0.004151
 38.0984 0.004180
 38.1828 0.004214
 38.2664 0.004232
 38.3510 0.004222
 38.4342 0.004185
 38.5177 0.004155
 38.6003 0.004161
 38.6837 0.004187
 38.7665 0.004186
 38.8485 0.004204
 38.9309 0.004161
 39.0137 0.004141
 39.0967 0.004192
 39.1794 0.004240
 39.2625 0.004277
 39.3449 0.004309
 39.4268 0.004319
 39.5102 0.004328
 39.5930 0.004306
 39.6761 0.004289
 39.7587 0.004370
 39.8392 0.004414
 39.9207 0.004431
 40.0039 0.004383
 40.0864 0.004328
 40.1697 0.004340
 40.2524 0.004312
 40.3341 0.004337
 40.4172 0.004375
 40.5010 0.004370
 40.5836 0.004384
 40.6678 0.004373
 40.7519 0.004340
 40.8359 0.004349
 40.9204 0.004358
 41.0052 0.004379
 41.0894 0.004387
 41.1743 0.004368
 41.2583 0.004361
 41.3439 0.004397
 41.4300 0.004466
 41.5161 0.004462
 41.6027 0.004485
 41.6888 0.004522
 41.7762 0.004538
 41.8633 0.004556
 41.9520 0.004540
 42.0406 0.004556
 42.1293 0.004552
 42.2187 0.004595
 42.3079 0.004581
 42.3982 0.004572
 42.4886 0.004570
 42.5803 0.004557
 42.6734 0.004595
 42.7662 0.004629
 42.8589 0.004711
 42.9527 0.004776
 43.0466 0.004867
 43.1425 0.004919
 43.2381 0.004925
 43.3356 0.004911
 43.4321 0.004879
 43.5295 0.004886
 43.6283 0.004842
 43.7293 0.004865
 43.8308 0.004852
 43.9333 0.004826
 44.0365 0.004802
 44.1394 0.004817
 44.2439 0.004857
 44.3484 0.004933
 44.4541 0.004996
 44.5617 0.005039
 44.6699 0.005115
 44.7787 0.005080
 44.8896 0.005088
 45.0030 0.005074
 45.1173 0.005107
 45.2314 0.005141
 45.3479 0.005155
 45.4671 0.005146
 45.5869 0.005205
 45.7091 0.005213
 45.8324 0.005265
 45.9583 0.005319
 46.0854 0.005325
 46.2154 0.005404
 46.3460 0.005372
 46.4783 0.005526
 46.6125 0.005554
 46.7497 0.005514
 46.8908 0.005532
 47.0344 0.005639
 47.1804 0.005676
 47.3293 0.005772
 47.4797 0.005822
 47.6362 0.005928
 47.7954 0.005983
 47.9577 0.006071
 48.1240 0.006176
 48.2962 0.006259
 48.4698 0.006433
 48.6488 0.006455
 48.8335 0.006531
 49.0229 0.006559
 49.2170 0.006710
 49.4200 0.006918
 49.6305 0.007007
 49.8474 0.006989
 50.0740 0.007078
 50.3069 0.007216
 50.5506 0.007320
 50.8057 0.007500
 51.0787 0.007747
 51.3641 0.007811
 51.6635 0.008281
 51.9810 0.008759
 52.3169 0.008806
 52.6756 0.008994
 53.0633 0.009302
 53.4802 0.009644
 53.9334 0.010078
 54.4379 0.010689
 55.0005 0.011307
 55.6461 0.012324
 56.3951 0.013266
 57.2886 0.014943
 58.4159 0.017057
 59.9610 0.019987
 60.3631 0.020360
 60.8114 0.021459
 61.3119 0.023093
 61.8773 0.024900
 62.5596 0.026406
 63.3734 0.029206
 64.4137 0.033731
 65.8321 0.041857
 68.1830 0.055764
 70.4139 0.076722
 73.1898 0.121324
 75.4176 0.167545
lm2s-06-3 3 1
 23.1388 0.048138
 23.8483 0.035464
 24.7620 0.024777
 25.5434 0.018750
 26.3930 0.014546
 26.9175 0.012822
 27.3200 0.011639
 27.6365 0.010840
 27.9094 0.010527
 28.1406 0.010057
 28.3511 0.009708
 28.5452 0.009314
 28.7132 0.008935
 29.4255 0.007945
 29.9612 0.007317
 30.3973 0.006882
 30.7761 0.006366
 31.1089 0.006176
 31.4049 0.005916
 31.6746 0.005702
 31.9248 0.005431
 32.1583 0.005324
 32.3761 0.005243
 32.5830 0.005136
 32.7800 0.004963
 32.9680 0.004987
 33.1501 0.004902
 33.3215 0.004858
 33.4868 0.004751
 33.6468 0.004729
 33.7992 0.004655
 33.9474 0.004586
 34.0916 0.004555
 34.2315 0.004626
 34.3670 0.004608
 34.5006 0.004636
 34.6297 0.004607
 34.7580 0.004621
 34.8827 0.004604
 35.0041 0.004570
 35.1243 0.004538
 35.2422 0.004585
 35.3579 0.004626
 35.4730 0.004593
 35.5849 0.004611
 35.6942 0.004524
 35.8019 0.004543
 35.9073 0.004519
 36.0132 0.004511
 36.1181 0.004473
 36.2208 0.004446
 36.3211 0.004495
 36.4220 0.004443
 36.5209 0.004412
 36.6187 0.004410
 36.7179 0.004362
 36.8149 0.004368
 36.9104 0.004366
 37.0063 0.004310
 37.0999 0.004320
 37.1935 0.004320
 37.2862 0.004317
 37.3781 0.004295
 37.4689 0.004283
 37.5609 0.004282
 37.6505 0.004256
 37.7409 0.004260
 37.8296 0.004202
 37.9169 0.004213
 38.0057 0.004236
 38.0932 0.004288
 38.1802 0.004292
 38.2676 0.004259
 38.3546 0.004196
 38.4402 0.004148
 38.5257 0.004134
 38.6108 0.004171
 38.6961 0.004164
 38.7812 0.004111
 38.8662 0.004142
 38.9512 0.004147
 39.0349 0.004159
 39.1174 0.004206
 39.2020 0.004181
 39.2860 0.004227
 39.3689 0.004199
 39.4527 0.004189
 39.5357 0.004217
 39.6187 0.004249
 39.7016 0.004268
 39.7841 0.004307
 39.8672 0.004324
 39.9492 0.004350
 40.0310 0.004386
 40.1128 0.004326
 40.1944 0.004294
 40.2770 0.004320
 40.3590 0.004324
 40.4408 0.004299
 40.5238 0.004334
 40.6062 0.004310
 40.6890 0.004337
 40.7726 0.004316
 40.8550 0.004292
 40.9378 0.004257
 41.0207 0.004276
 41.1034 0.004228
 41.1871 0.004208
 41.2703 0.004174
 41.3545 0.004190
 41.4377 0.004224
 41.5207 0.004256
 41.6044 0.004339
 41.6891 0.004345
 41.7740 0.004325
 41.8593 0.004359
 41.9442 0.004355
 42.0285 0.004371
 42.1133 0.004447
 42.1990 0.004463
 42.2849 0.004472
 42.3712 0.004450
 42.4580 0.004450
 42.5451 0.004409
 42.6331 0.004487
 42.7200 0.004534
 42.8087 0.004514
 42.8974 0.004557
 42.9857 0.004558
 43.0752 0.004625
 43.1644 0.004675
 43.2553 0.004661
 43.3480 0.004657
 43.4395 0.004700
 43.5321 0.004643
 43.6253 0.004644
 43.7193 0.004732
 43.8150 0.004794
 43.9111 0.004842
 44.0074 0.004841
 44.1043 0.004830
 44.2023 0.004854
 44.3004 0.004860
 44.3999 0.004884
 44.4992 0.004956
 44.6000 0.004949
 44.7012 0.004970
 44.8033 0.004949
 44.9062 0.004974
 45.0109 0.004966
 45.1160 0.004912
 45.2232 0.004963
 45.3306 0.004982
 45.4407 0.005008
 45.5504 0.005031
 45.6614 0.005090
 45.7752 0.005150
 45.8886 0.005139
 46.0039 0.005140
 46.1201 0.005223
 46.2389 0.005290
 46.3590 0.005308
 46.4785 0.005429
 46.6014 0.005459
 46.7267 0.005416
 46.8535 0.005399
 46.9829 0.005422
 47.1134 0.005492
 47.2465 0.005438
 47.3825 0.005534
 47.5183 0.005683
 47.6586 0.005793
 47.8012 0.005811
 47.9479 0.005895
 48.0978 0.005946
 48.2505 0.005970
 48.4038 0.006111
 48.5637 0.006150
 48.7266 0.006217
 48.8910 0.006272
 49.0606 0.006313
 49.2356 0.006348
 49.4150 0.006460
 49.6010 0.006600
 49.7904 0.006724
 49.9875 0.006804
 50.1907 0.006860
 50.3989 0.006992
 50.6184 0.007136
 50.8441 0.007172
 51.0795 0.007391
 51.3275 0.007526
 51.5825 0.007649
 51.8501 0.007833
 52.1341 0.008029
 52.4337 0.008328
 52.7466 0.008555
 53.0838 0.008849
 53.4412 0.009062
 53.8235 0.009169
 54.2393 0.009659
 54.6914 0.010088
 55.2005 0.010548
 55.7655 0.011168
 56.4068 0.012301
 57.1594 0.012987
 58.0561 0.014620
 59.1734 0.016871
 60.7211 0.019863
 61.1150 0.021173
 61.5627 0.022425
 62.0668 0.023902
 62.6518 0.024815
 63.3367 0.026422
 64.1416 0.029388
 65.1874 0.034753
 66.5752 0.041588
 68.9792 0.055027
 71.1633 0.077142
 74.0278 0.120699
 76.3200 0.160767
 tr0-06-3 2 1
 60.0423 0.069666
 61.6676 0.050615
 63.9405 0.034339
 65.8514 0.026062
 67.9397 0.021684
 69.2372 0.018977
 70.2112 0.016956
 70.9777 0.015684
 71.6434 0.015053
 72.2101 0.014295
 72.7142 0.013680
 73.1618 0.013231
 73.5815 0.012550
 75.2333 0.010898
 76.4864 0.009363
 77.5131 0.008571
 78.3811 0.008095
 79.1455 0.007882
 79.8296 0.007543
 80.4542 0.007359
 81.0233 0.007099
 81.5584 0.006896
 82.0571 0.006576
 82.5237 0.006364
 82.9642 0.006298
 83.3825 0.006183
 83.7841 0.006146
 84.1660 0.006019
 84.5346 0.005955
 84.8873 0.005969
 85.2301 0.005889
 85.5577 0.005949
 85.8767 0.005842
 86.1862 0.005759
 86.4887 0.005691
 86.7821 0.005697
 87.0712 0.005697
 87.3510 0.005635
 87.6230 0.005633
 87.8927 0.005610
 88.1549 0.005446
 88.4111 0.005352
 88.6644 0.005298
 88.9128 0.005319
 89.1560 0.005317
 89.3951 0.005179
 89.6303 0.005178
 89.8622 0.005192
 90.0891 0.005175
 90.3151 0.005211
 90.5360 0.005201
 90.7553 0.005144
 90.9721 0.005168
 91.1841 0.005130
 91.3941 0.005154
 91.6033 0.005140
 91.8100 0.005197
 92.0136 0.005248
 92.2169 0.005250
 92.4176 0.005250
 92.6168 0.005233
 92.8147 0.005238
 93.0093 0.005154
 93.2016 0.005197
 93.3930 0.005247
 93.5843 0.005146
 93.7742 0.005177
 93.9611 0.005211
 94.1481 0.005229
 94.3339 0.005252
 94.5177 0.005243
 94.7002 0.005274
 94.8796 0.005211
 95.0597 0.005176
 95.2400 0.005133
 95.4178 0.005098
 95.5955 0.005091
 95.7726 0.005144
 95.9495 0.005077
 96.1254 0.005028
 96.3005 0.005050
 96.4741 0.005097
 96.6462 0.005061
 96.8178 0.005079
 96.9906 0.005114
 97.1615 0.005140
 97.3326 0.005108
 97.5028 0.005080
 97.6731 0.005131
 97.8431 0.005103
 98.0122 0.005113
 98.1798 0.005081
 98.3480 0.005098
 98.5164 0.005072
 98.6845 0.005086
 98.8538 0.005136
 99.0207 0.005129
 99.1905 0.005137
 99.3592 0.005134
 99.5262 0.005180
 99.6941 0.005169
 99.8600 0.005257
100.0278 0.005229
100.1957 0.005232
100.3626 0.005258
100.5301 0.005252
100.6971 0.005254
100.8652 0.005271
101.0329 0.005293
101.2005 0.005283
101.3676 0.005306
101.5363 0.005292
101.7041 0.005257
101.8720 0.005238
102.0411 0.005264
102.2096 0.005221
102.3792 0.005184
102.5490 0.005226
102.7184 0.005209
102.8899 0.005201
103.0610 0.005172
103.2309 0.005169
103.4029 0.005185
103.5747 0.005225
103.7493 0.005256
103.9232 0.005216
104.0972 0.005192
104.2722 0.005265
104.4479 0.005329
104.6243 0.005377
104.8015 0.005450
104.9797 0.005457
105.1592 0.005494
105.3392 0.005443
105.5182 0.005420
105.6989 0.005478
105.8794 0.005507
106.0626 0.005463
106.2476 0.005441
106.4340 0.005407
106.6230 0.005428
106.8108 0.005495
107.0008 0.005542
107.1909 0.005570
107.3833 0.005529
107.5767 0.005512
107.7725 0.005583
107.9695 0.005557
108.1681 0.005626
108.3658 0.005611
108.5675 0.005694
108.7704 0.005739
108.9751 0.005777
109.1829 0.005753
109.3913 0.005746
109.6019 0.005751
109.8156 0.005710
110.0309 0.005772
110.2504 0.005773
110.4711 0.005833
110.6945 0.005818
110.9203 0.005842
111.1485 0.005885
111.3811 0.005880
111.6148 0.005830
111.8527 0.005967
112.0928 0.006052
112.3381 0.006028
112.5873 0.005988
112.8404 0.006033
113.0985 0.006100
113.3589 0.006150
113.6244 0.006278
113.8953 0.006388
114.1688 0.006464
114.4508 0.006521
114.7356 0.006596
115.0290 0.006738
115.3282 0.006834
115.6352 0.006840
115.9453 0.007059
116.2663 0.007012
116.5944 0.007114
116.9331 0.007168
117.2776 0.007213
117.6357 0.007394
117.9998 0.007623
118.3793 0.007732
118.7687 0.007799
119.1734 0.007896
119.5971 0.008081
120.0371 0.008233
120.4905 0.008320
120.9705 0.008746
121.4727 0.009031
121.9955 0.009273
122.5553 0.009592
123.1440 0.009734
123.7752 0.009981
124.4480 0.010221
125.1739 0.010554
125.9661 0.010717
126.8324 0.011277
127.7905 0.011734
128.8768 0.012555
130.1317 0.013481
131.6427 0.013937
133.5344 0.015459
136.0971 0.017635
136.7496 0.018917
137.4823 0.020179
138.2781 0.021126
139.1908 0.022927
140.2693 0.025221
141.5606 0.028094
143.1670 0.032422
145.4257 0.038525
149.1045 0.052726
152.6386 0.069452
157.1176 0.103346
160.3159 0.136619
 tr1-06-3 2 1
 69.6084 0.074199
 71.3199 0.053460
 73.7585 0.038117
 75.7752 0.028442
 77.9580 0.021527
 79.3452 0.018171
 80.3780 0.015784
 81.1968 0.014438
 81.8933 0.013303
 82.4999 0.013126
 83.0280 0.012307
 83.5094 0.011904
 83.9455 0.011881
 85.7207 0.010341
 87.0557 0.009886
 88.1373 0.009042
 89.0653 0.008356
 89.8782 0.008042
 90.6021 0.007717
 91.2620 0.007345
 91.8719 0.007350
 92.4363 0.007158
 92.9632 0.007072
 93.4553 0.006830
 93.9230 0.006462
 94.3721 0.006254
 94.7974 0.006122
 95.2046 0.006156
 95.5918 0.006107
 95.9664 0.005930
 96.3284 0.006027
 96.6823 0.005932
 97.0203 0.005820
 97.3484 0.005827
 97.6699 0.005858
 97.9810 0.005781
 98.2857 0.005699
 98.5812 0.005583
 98.8717 0.005681
 99.1548 0.005729
 99.4321 0.005698
 99.7033 0.005657
 99.9683 0.005703
100.2296 0.005642
100.4860 0.005591
100.7381 0.005672
100.9869 0.005615
101.2322 0.005634
101.4747 0.005636
101.7114 0.005609
101.9462 0.005601
102.1786 0.005535
102.4081 0.005539
102.6338 0.005521
102.8561 0.005575
103.0770 0.005506
103.2949 0.005556
103.5094 0.005496
103.7222 0.005589
103.9340 0.005530
104.1419 0.005495
104.3478 0.005436
104.5523 0.005375
104.7559 0.005347
104.9585 0.005444
105.1585 0.005367
105.3586 0.005312
105.5556 0.005247
105.7523 0.005251
105.9475 0.005267
106.1402 0.005202
106.3321 0.005161
106.5222 0.005237
106.7128 0.005237
106.9040 0.005185
107.0933 0.005184
107.2809 0.005172
107.4686 0.005159
107.6538 0.005172
107.8386 0.005209
108.0221 0.005261
108.2052 0.005251
108.3870 0.005244
108.5690 0.005205
108.7503 0.005183
108.9306 0.005186
109.1104 0.005197
109.2891 0.005206
109.4699 0.005274
109.6493 0.005247
109.8271 0.005216
110.0049 0.005235
110.1834 0.005290
110.3592 0.005279
110.5358 0.005320
110.7123 0.005284
110.8875 0.005323
111.0646 0.005349
111.2414 0.005358
111.4175 0.005360
111.5941 0.005320
111.7707 0.005333
111.9465 0.005331
112.1223 0.005373
112.2991 0.005395
112.4766 0.005438
112.6521 0.005347
112.8295 0.005419
113.0068 0.005502
113.1833 0.005492
113.3607 0.005484
113.5389 0.005492
113.7170 0.005540
113.8924 0.005593
114.0679 0.005506
114.2444 0.005537
114.4222 0.005510
114.6008 0.005557
114.7812 0.005664
114.9609 0.005657
115.1413 0.005625
115.3206 0.005600
115.5020 0.005629
115.6828 0.005695
115.8651 0.005651
116.0480 0.005712
116.2303 0.005750
116.4136 0.005756
116.5977 0.005754
116.7827 0.005776
116.9689 0.005807
117.1557 0.005740
117.3442 0.005727
117.5333 0.005737
117.7238 0.005809
117.9137 0.005802
118.1053 0.005805
118.2971 0.005846
118.4913 0.005823
118.6881 0.005846
118.8853 0.005881
119.0816 0.005845
119.2804 0.005828
119.4820 0.005838
119.6827 0.005927
119.8845 0.006012
120.0899 0.006043
120.2955 0.006018
120.5036 0.006004
120.7134 0.006045
120.9249 0.006107
121.1373 0.006119
121.3530 0.006187
121.5701 0.006199
121.7897 0.006258
122.0109 0.006320
122.2338 0.006348
122.4606 0.006391
122.6881 0.006403
122.9177 0.006414
123.1519 0.006461
123.3885 0.006408
123.6274 0.006530
123.8713 0.006561
124.1176 0.006579
124.3677 0.006591
124.6204 0.006565
124.8769 0.006644
125.1394 0.006730
125.4053 0.006835
125.6734 0.006930
125.9463 0.006885
126.2253 0.006885
126.5067 0.006972
126.7933 0.007051
127.0900 0.007114
127.3916 0.007054
127.6975 0.007138
128.0108 0.007238
128.3297 0.007251
128.6587 0.007304
128.9930 0.007358
129.3377 0.007324
129.6904 0.007544
130.0542 0.007761
130.4233 0.007754
130.8100 0.007852
131.2058 0.007921
131.6167 0.008038
132.0403 0.008334
132.4830 0.008585
132.9412 0.008617
133.4192 0.008691
133.9196 0.008843
134.4455 0.009160
134.9927 0.009619
135.5716 0.009826
136.1850 0.010019
136.8407 0.010300
137.5395 0.010421
138.2917 0.010686
139.1160 0.011389
140.0249 0.012058
141.0329 0.012512
142.1738 0.012997
143.4850 0.013401
145.0571 0.014889
147.0098 0.016549
149.6823 0.018692
150.3661 0.019871
151.1181 0.021117
151.9632 0.022250
152.9051 0.023435
154.0269 0.025364
155.3835 0.027945
157.0941 0.032993
159.3921 0.039435
163.2303 0.051496
166.9427 0.069849
171.6660 0.104187
174.9550 0.142226
tr1s-06-3 2 1
 75.0848 0.074847
 76.8122 0.056892
 79.2990 0.040245
 81.3614 0.030024
 83.5989 0.022550
 84.9957 0.018536
 86.0531 0.017045
 86.8922 0.015530
 87.5902 0.014548
 88.2046 0.013831
 88.7394 0.013335
 89.2263 0.012801
 89.6748 0.012255
 91.4651 0.010949
 92.8144 0.009402
 93.9177 0.008953
 94.8540 0.008910
 95.6773 0.008423
 96.4158 0.008010
 97.0858 0.007799
 97.6992 0.007406
 98.2677 0.007265
 98.7958 0.007142
 99.2972 0.006790
 99.7691 0.006738
100.2212 0.006433
100.6485 0.006338
101.0588 0.006254
101.4518 0.006023
101.8318 0.005964
102.1981 0.006018
102.5512 0.006099
102.8949 0.006006
103.2288 0.005970
103.5519 0.005795
103.8670 0.005736
104.1751 0.005763
104.4717 0.005727
104.7644 0.005714
105.0495 0.005659
105.3305 0.005621
105.6040 0.005569
105.8716 0.005546
106.1343 0.005566
106.3951 0.005565
106.6496 0.005573
106.8988 0.005550
107.1460 0.005566
107.3890 0.005564
107.6283 0.005626
107.8662 0.005656
108.0982 0.005611
108.3275 0.005639
108.5557 0.005563
108.7805 0.005668
109.0048 0.005608
109.2244 0.005629
109.4417 0.005535
109.6556 0.005505
109.8681 0.005418
110.0795 0.005332
110.2893 0.005352
110.4972 0.005412
110.7025 0.005385
110.9061 0.005386
111.1082 0.005459
111.3090 0.005473
111.5090 0.005594
111.7065 0.005614
111.9021 0.005672
112.0971 0.005646
112.2917 0.005617
112.4827 0.005609
112.6746 0.005639
112.8656 0.005657
113.0566 0.005665
113.2454 0.005629
113.4327 0.005648
113.6195 0.005628
113.8047 0.005620
113.9900 0.005625
114.1741 0.005617
114.3591 0.005575
114.5428 0.005487
114.7247 0.005457
114.9067 0.005485
115.0894 0.005424
115.2696 0.005428
115.4503 0.005444
115.6316 0.005447
115.8103 0.005390
115.9900 0.005376
116.1702 0.005337
116.3493 0.005277
116.5264 0.005294
116.7056 0.005219
116.8830 0.005157
117.0609 0.005189
117.2387 0.005138
117.4165 0.005113
117.5933 0.005173
117.7708 0.005198
117.9474 0.005227
118.1247 0.005222
118.3015 0.005275
118.4788 0.005293
118.6568 0.005354
118.8348 0.005331
119.0120 0.005356
119.1894 0.005390
119.3668 0.005361
119.5434 0.005345
119.7225 0.005362
119.9012 0.005426
120.0795 0.005487
120.2585 0.005500
120.4373 0.005597
120.6182 0.005567
120.7981 0.005620
120.9794 0.005676
121.1625 0.005674
121.3435 0.005663
121.5262 0.005652
121.7082 0.005688
121.8909 0.005685
122.0751 0.005681
122.2597 0.005656
122.4442 0.005639
122.6296 0.005697
122.8159 0.005746
123.0041 0.005737
123.1925 0.005780
123.3807 0.005775
123.5705 0.005851
123.7616 0.005817
123.9536 0.005752
124.1474 0.005781
124.3409 0.005797
124.5364 0.005808
124.7336 0.005883
124.9315 0.005915
125.1310 0.005971
125.3319 0.006014
125.5330 0.006063
125.7355 0.006036
125.9401 0.006075
126.1459 0.006141
126.3530 0.006088
126.5624 0.006054
126.7714 0.006035
126.9845 0.006049
127.1993 0.006129
127.4158 0.006121
127.6330 0.006207
127.8536 0.006288
128.0756 0.006276
128.3005 0.006324
128.5278 0.006290
128.7571 0.006246
128.9916 0.006359
129.2248 0.006401
129.4624 0.006460
129.7044 0.006482
129.9493 0.006529
130.1957 0.006642
130.4448 0.006705
130.7011 0.006670
130.9579 0.006753
131.2197 0.006682
131.4854 0.006712
131.7556 0.006758
132.0316 0.006752
132.3105 0.006896
132.5965 0.006954
132.8864 0.006975
133.1819 0.007115
133.4828 0.007054
133.7902 0.007192
134.1069 0.007294
134.4273 0.007224
134.7567 0.007248
135.0933 0.007298
135.4392 0.007383
135.7954 0.007652
136.1623 0.007666
136.5396 0.007773
136.9263 0.008128
137.3272 0.008350
137.7385 0.008377
138.1665 0.008558
138.6083 0.008560
139.0686 0.008611
139.5522 0.008739
140.0545 0.008901
140.5777 0.009142
141.1293 0.009351
141.7093 0.009416
142.3329 0.009643
142.9931 0.009730
143.6957 0.010169
144.4572 0.010500
145.2820 0.010960
146.1876 0.011502
147.1960 0.012117
148.3352 0.012747
149.6576 0.013647
151.2463 0.014602
153.2175 0.016096
155.9117 0.018822
156.5957 0.019583
157.3532 0.020989
158.1963 0.022668
159.1672 0.024158
160.2575 0.025797
161.5940 0.028630
163.3131 0.032639
165.6304 0.040757
169.4391 0.052538
173.1908 0.071014
177.8931 0.103336
181.2504 0.138410
 tr2-06-3 2 1
 79.4841 0.073687
 81.3666 0.056150
 84.0080 0.037996
 86.1837 0.029838
 88.5546 0.024893
 90.0061 0.021170
 91.0929 0.019175
 91.9818 0.017241
 92.7265 0.015497
 93.3615 0.014606
 93.9448 0.014424
 94.4576 0.013521
 94.9268 0.013478
 96.7983 0.011885
 98.2098 0.010271
 99.3643 0.009495
100.3470 0.008943
101.2069 0.008161
101.9765 0.007960
102.6767 0.007628
103.3171 0.007238
103.9154 0.007092
104.4721 0.006911
104.9931 0.006751
105.4904 0.006872
105.9599 0.006891
106.4120 0.006652
106.8436 0.006514
107.2554 0.006405
107.6517 0.006322
108.0338 0.006252
108.4012 0.006116
108.7599 0.006159
109.1068 0.006147
109.4458 0.006103
109.7731 0.006117
110.0922 0.006132
110.4036 0.006133
110.7091 0.006012
111.0063 0.006068
111.2974 0.006018
111.5845 0.005980
111.8641 0.005973
112.1410 0.005858
112.4130 0.005782
112.6798 0.005642
112.9419 0.005563
113.1997 0.005669
113.4524 0.005679
113.7043 0.005685
113.9508 0.005648
114.1931 0.005695
114.4330 0.005658
114.6711 0.005640
114.9061 0.005545
115.1368 0.005581
115.3667 0.005515
115.5930 0.005371
115.8173 0.005363
116.0394 0.005291
116.2587 0.005387
116.4777 0.005392
116.6941 0.005408
116.9076 0.005369
117.1188 0.005402
117.3300 0.005419
117.5390 0.005385
117.7470 0.005373
117.9533 0.005409
118.1602 0.005378
118.3653 0.005452
118.5676 0.005422
118.7672 0.005466
118.9663 0.005454
119.1655 0.005478
119.3637 0.005404
119.5598 0.005413
119.7540 0.005461
119.9489 0.005451
120.1444 0.005543
120.3377 0.005634
120.5303 0.005644
120.7218 0.005615
120.9129 0.005637
121.1041 0.005646
121.2938 0.005654
121.4848 0.005693
121.6733 0.005725
121.8629 0.005786
122.0503 0.005768
122.2368 0.005687
122.4247 0.005669
122.6109 0.005670
122.7979 0.005648
122.9837 0.005664
123.1683 0.005660
123.3542 0.005617
123.5399 0.005634
123.7260 0.005634
123.9093 0.005663
124.0949 0.005612
124.2796 0.005671
124.4636 0.005725
124.6483 0.005702
124.8330 0.005717
125.0180 0.005675
125.2028 0.005747
125.3872 0.005742
125.5732 0.005669
125.7584 0.005677
125.9430 0.005736
126.1279 0.005767
126.3130 0.005820
126.4988 0.005797
126.6838 0.005854
126.8699 0.005854
127.0567 0.005829
127.2433 0.005836
127.4308 0.005841
127.6190 0.005896
127.8079 0.005896
127.9960 0.005849
128.1853 0.005920
128.3748 0.005958
128.5665 0.005914
128.7588 0.005973
128.9507 0.005988
129.1439 0.006005
129.3387 0.006018
129.5334 0.005990
129.7276 0.005997
129.9223 0.005999
130.1193 0.006012
130.3172 0.006012
130.5169 0.006056
130.7174 0.006065
130.9182 0.006075
131.1196 0.006060
131.3237 0.006096
131.5275 0.006143
131.7325 0.006102
131.9395 0.006113
132.1465 0.006099
132.3560 0.006040
132.5658 0.006045
132.7789 0.006021
132.9916 0.005994
133.2063 0.006008
133.4234 0.005963
133.6426 0.006104
133.8646 0.006191
134.0895 0.006222
134.3152 0.006229
134.5438 0.006180
134.7735 0.006235
135.0038 0.006278
135.2387 0.006329
135.4741 0.006411
135.7134 0.006496
135.9554 0.006527
136.2013 0.006416
136.4475 0.006403
136.6965 0.006504
136.9501 0.006507
137.2086 0.006556
137.4704 0.006538
137.7345 0.006489
138.0014 0.006575
138.2735 0.006658
138.5501 0.006801
138.8310 0.006822
139.1169 0.006935
139.4068 0.007151
139.7020 0.007280
140.0037 0.007325
140.3098 0.007352
140.6242 0.007314
140.9429 0.007392
141.2692 0.007485
141.6020 0.007494
141.9427 0.007502
142.2914 0.007676
142.6484 0.007849
143.0167 0.007882
143.3937 0.007966
143.7838 0.008048
144.1834 0.008082
144.5967 0.008207
145.0237 0.008328
145.4642 0.008529
145.9252 0.008715
146.4024 0.008987
146.9011 0.009093
147.4221 0.009144
147.9670 0.009392
148.5407 0.009807
149.1453 0.009913
149.7864 0.010001
150.4703 0.010066
151.2015 0.010295
151.9904 0.010698
152.8415 0.010924
153.7896 0.011429
154.8457 0.012217
156.0354 0.012832
157.3999 0.013484
159.0280 0.014755
161.0738 0.016161
163.8564 0.018742
164.5656 0.019680
165.3343 0.021133
166.2006 0.021900
167.2018 0.023982
168.3753 0.026158
169.7681 0.028252
171.5141 0.031327
173.9367 0.039225
177.9192 0.051627
181.6321 0.067196
186.4974 0.104112
190.0529 0.148461
tr2s-06-3 2 1
 85.3013 0.082768
 87.2833 0.057707
 89.9705 0.039368
 92.1428 0.031159
 94.4593 0.025407
 95.9638 0.020842
 97.0805 0.018867
 97.9564 0.017968
 98.7047 0.016315
 99.3424 0.015335
 99.9193 0.014620
100.4303 0.014186
100.8913 0.013541
102.7659 0.011755
104.1757 0.010524
105.3328 0.009675
106.3250 0.008956
107.1828 0.008499
107.9525 0.008035
108.6577 0.007734
109.3046 0.007345
109.8986 0.006975
110.4557 0.006768
110.9779 0.006726
111.4745 0.006669
111.9456 0.006686
112.3962 0.006687
112.8255 0.006465
113.2359 0.006530
113.6331 0.006558
114.0154 0.006490
114.3865 0.006383
114.7465 0.006322
115.0956 0.006280
115.4339 0.006196
115.7615 0.006233
116.0824 0.006170
116.3963 0.006241
116.7003 0.006060
116.9998 0.006019
117.2908 0.006055
117.5792 0.006026
117.8573 0.005931
118.1335 0.005898
118.4046 0.005914
118.6715 0.005928
118.9327 0.005969
119.1900 0.005972
119.4433 0.005893
119.6935 0.005849
119.9403 0.005900
120.1852 0.005800
120.4253 0.005773
120.6632 0.005746
120.8987 0.005755
121.1290 0.005728
121.3579 0.005739
121.5842 0.005737
121.8088 0.005706
122.0327 0.005662
122.2528 0.005543
122.4714 0.005583
122.6896 0.005572
122.9036 0.005616
123.1160 0.005605
123.3263 0.005683
123.5354 0.005706
123.7418 0.005705
123.9486 0.005642
124.1523 0.005627
124.3565 0.005588
124.5595 0.005626
124.7613 0.005642
124.9620 0.005671
125.1601 0.005701
125.3578 0.005698
125.5556 0.005610
125.7515 0.005555
125.9464 0.005481
126.1418 0.005480
126.3335 0.005451
126.5250 0.005390
126.7169 0.005384
126.9072 0.005418
127.0978 0.005426
127.2879 0.005428
127.4761 0.005405
127.6661 0.005402
127.8559 0.005383
128.0444 0.005424
128.2318 0.005494
128.4198 0.005490
128.6072 0.005473
128.7932 0.005533
128.9794 0.005608
129.1663 0.005582
129.3520 0.005628
129.5378 0.005587
129.7223 0.005584
129.9093 0.005607
130.0947 0.005673
130.2793 0.005612
130.4628 0.005663
130.6480 0.005685
130.8317 0.005711
131.0164 0.005734
131.2020 0.005740
131.3876 0.005798
131.5738 0.005851
131.7588 0.005895
131.9454 0.005914
132.1301 0.005959
132.3161 0.005930
132.4998 0.005951
132.6855 0.005964
132.8726 0.005907
133.0590 0.005907
133.2470 0.005933
133.4369 0.006008
133.6241 0.006024
133.8123 0.005986
134.0014 0.005993
134.1915 0.005999
134.3804 0.006003
134.5703 0.005968
134.7626 0.006030
134.9555 0.006065
135.1468 0.006030
135.3412 0.006023
135.5365 0.006103
135.7316 0.006092
135.9276 0.006045
136.1241 0.006033
136.3234 0.006038
136.5207 0.006024
136.7210 0.006002
136.9211 0.006015
137.1224 0.005977
137.3260 0.006006
137.5305 0.006126
137.7367 0.006120
137.9448 0.006107
138.1528 0.006156
138.3623 0.006182
138.5743 0.006209
138.7863 0.006238
139.0009 0.006312
139.2184 0.006319
139.4353 0.006264
139.6543 0.006345
139.8755 0.006382
140.0987 0.006401
140.3238 0.006395
140.5507 0.006524
140.7809 0.006505
141.0132 0.006518
141.2472 0.006505
141.4832 0.006492
141.7216 0.006486
141.9638 0.006512
142.2101 0.006542
142.4570 0.006567
142.7062 0.006535
142.9599 0.006638
143.2181 0.006702
143.4780 0.006711
143.7453 0.006732
144.0119 0.006720
144.2827 0.006738
144.5558 0.006886
144.8372 0.006891
145.1226 0.006863
145.4134 0.006874
145.7103 0.006905
146.0093 0.006922
146.3190 0.007018
146.6339 0.007101
146.9546 0.007195
147.2806 0.007245
147.6140 0.007470
147.9550 0.007643
148.3061 0.007745
148.6643 0.007784
149.0355 0.007989
149.4142 0.007948
149.8016 0.008020
150.2014 0.008186
150.6125 0.008387
151.0419 0.008356
151.4833 0.008601
151.9414 0.008666
152.4177 0.008770
152.9131 0.009044
153.4334 0.009315
153.9796 0.009440
154.5546 0.009690
155.1570 0.010028
155.7975 0.010168
156.4790 0.010378
157.2148 0.010654
158.0095 0.011149
158.8635 0.011482
159.8072 0.011924
160.8608 0.012501
162.0467 0.012671
163.4113 0.013711
165.0481 0.014958
167.1036 0.016467
169.8791 0.019508
170.5886 0.020478
171.3673 0.021370
172.2439 0.022762
173.2288 0.024314
174.3858 0.026834
175.7708 0.029101
177.5416 0.032724
179.9542 0.037452
183.9563 0.050901
187.7064 0.067975
192.5472 0.107281
196.0610 0.149084
