Copyright (C) 1998 James G. MacKinnon, Alfred A. Haug, and Leo Michelis.
 lm0-08-1 3 1
 22.3187 0.044511
 22.9746 0.033131
 23.8216 0.023477
 24.5933 0.017654
 25.4117 0.013712
 25.9177 0.011864
 26.2932 0.011216
 26.5978 0.010381
 26.8670 0.009939
 27.0959 0.009501
 27.2966 0.008858
 27.4806 0.008445
 27.6420 0.008114
 28.3143 0.007253
 28.8297 0.006641
 29.2510 0.006251
 29.6196 0.005959
 29.9387 0.005807
 30.2248 0.005679
 30.4913 0.005412
 30.7339 0.005238
 30.9596 0.005169
 31.1695 0.005055
 31.3682 0.004978
 31.5594 0.004859
 31.7401 0.004760
 31.9130 0.004715
 32.0782 0.004623
 32.2363 0.004537
 32.3889 0.004505
 32.5372 0.004438
 32.6809 0.004381
 32.8192 0.004467
 32.9546 0.004376
 33.0864 0.004349
 33.2162 0.004254
 33.3440 0.004201
 33.4680 0.004255
 33.5896 0.004313
 33.7083 0.004293
 33.8241 0.004281
 33.9364 0.004227
 34.0475 0.004191
 34.1586 0.004162
 34.2674 0.004121
 34.3743 0.004110
 34.4807 0.004057
 34.5845 0.004078
 34.6855 0.004062
 34.7852 0.004018
 34.8858 0.004021
 34.9852 0.004036
 35.0825 0.004000
 35.1771 0.004042
 35.2727 0.004094
 35.3674 0.004112
 35.4620 0.004094
 35.5547 0.004142
 35.6475 0.004211
 35.7392 0.004221
 35.8296 0.004248
 35.9199 0.004219
 36.0101 0.004219
 36.0983 0.004267
 36.1873 0.004243
 36.2754 0.004220
 36.3616 0.004253
 36.4462 0.004195
 36.5316 0.004206
 36.6171 0.004222
 36.7025 0.004235
 36.7874 0.004254
 36.8709 0.004274
 36.9549 0.004273
 37.0377 0.004203
 37.1203 0.004204
 37.2032 0.004169
 37.2858 0.004202
 37.3686 0.004217
 37.4507 0.004307
 37.5325 0.004286
 37.6135 0.004277
 37.6949 0.004232
 37.7753 0.004208
 37.8566 0.004233
 37.9378 0.004253
 38.0189 0.004268
 38.0989 0.004278
 38.1791 0.004283
 38.2584 0.004245
 38.3382 0.004269
 38.4180 0.004266
 38.4979 0.004253
 38.5770 0.004292
 38.6570 0.004267
 38.7359 0.004244
 38.8167 0.004258
 38.8968 0.004234
 38.9773 0.004276
 39.0576 0.004306
 39.1371 0.004317
 39.2173 0.004338
 39.2974 0.004378
 39.3773 0.004402
 39.4588 0.004377
 39.5395 0.004424
 39.6198 0.004398
 39.7001 0.004465
 39.7811 0.004524
 39.8615 0.004512
 39.9421 0.004484
 40.0237 0.004518
 40.1055 0.004502
 40.1864 0.004512
 40.2681 0.004503
 40.3506 0.004453
 40.4333 0.004424
 40.5149 0.004458
 40.5973 0.004479
 40.6793 0.004502
 40.7628 0.004492
 40.8459 0.004490
 40.9296 0.004447
 41.0147 0.004432
 41.0993 0.004457
 41.1849 0.004442
 41.2700 0.004443
 41.3559 0.004458
 41.4429 0.004470
 41.5307 0.004476
 41.6190 0.004507
 41.7061 0.004498
 41.7932 0.004476
 41.8821 0.004542
 41.9708 0.004541
 42.0614 0.004643
 42.1533 0.004674
 42.2462 0.004657
 42.3382 0.004615
 42.4318 0.004619
 42.5266 0.004652
 42.6217 0.004670
 42.7168 0.004659
 42.8127 0.004652
 42.9103 0.004668
 43.0077 0.004646
 43.1075 0.004647
 43.2068 0.004627
 43.3083 0.004721
 43.4099 0.004739
 43.5117 0.004801
 43.6159 0.004798
 43.7187 0.004791
 43.8242 0.004862
 43.9314 0.004851
 44.0399 0.004874
 44.1481 0.004877
 44.2604 0.004963
 44.3725 0.004942
 44.4869 0.005020
 44.6012 0.004998
 44.7171 0.005011
 44.8352 0.005083
 44.9547 0.005108
 45.0766 0.005188
 45.2021 0.005291
 45.3263 0.005416
 45.4527 0.005423
 45.5821 0.005453
 45.7138 0.005452
 45.8478 0.005430
 45.9858 0.005395
 46.1235 0.005428
 46.2665 0.005498
 46.4132 0.005536
 46.5615 0.005569
 46.7114 0.005715
 46.8648 0.005822
 47.0225 0.005936
 47.1827 0.006048
 47.3493 0.006142
 47.5195 0.006264
 47.6932 0.006341
 47.8725 0.006479
 48.0583 0.006556
 48.2524 0.006666
 48.4507 0.006794
 48.6547 0.006937
 48.8642 0.006988
 49.0832 0.007206
 49.3119 0.007333
 49.5521 0.007621
 49.7974 0.007747
 50.0593 0.008030
 50.3332 0.008348
 50.6225 0.008548
 50.9300 0.008856
 51.2609 0.008915
 51.6072 0.009190
 51.9899 0.009444
 52.3941 0.009568
 52.8375 0.010141
 53.3356 0.010515
 53.8924 0.011224
 54.5146 0.011883
 55.2352 0.012902
 56.1061 0.013905
 57.1884 0.015494
 58.7352 0.018446
 59.1159 0.019324
 59.5515 0.020557
 60.0333 0.021582
 60.5977 0.022734
 61.2404 0.023959
 62.0284 0.028280
 63.0167 0.032389
 64.3657 0.038721
 66.6441 0.056084
 68.9452 0.079230
 71.8646 0.111133
 74.1026 0.161484
 lm1-08-1 3 1
 24.8589 0.049503
 25.5006 0.037678
 26.4048 0.025243
 27.1631 0.019126
 27.9996 0.015211
 28.5555 0.013091
 28.9475 0.011954
 29.2619 0.010916
 29.5351 0.009982
 29.7758 0.009600
 29.9867 0.009245
 30.1725 0.008837
 30.3508 0.008414
 31.0518 0.007439
 31.5895 0.006987
 32.0267 0.006625
 32.4054 0.006294
 32.7377 0.005924
 33.0358 0.005814
 33.3085 0.005630
 33.5576 0.005395
 33.7918 0.005438
 34.0090 0.005254
 34.2154 0.005149
 34.4120 0.005029
 34.5974 0.004841
 34.7765 0.004680
 34.9469 0.004619
 35.1111 0.004581
 35.2714 0.004635
 35.4250 0.004572
 35.5728 0.004604
 35.7165 0.004559
 35.8557 0.004495
 35.9921 0.004508
 36.1255 0.004445
 36.2550 0.004377
 36.3821 0.004373
 36.5071 0.004323
 36.6299 0.004276
 36.7506 0.004338
 36.8693 0.004382
 36.9854 0.004376
 37.0982 0.004378
 37.2081 0.004408
 37.3185 0.004464
 37.4278 0.004409
 37.5359 0.004401
 37.6417 0.004414
 37.7445 0.004405
 37.8487 0.004408
 37.9513 0.004361
 38.0513 0.004338
 38.1518 0.004348
 38.2495 0.004365
 38.3475 0.004295
 38.4440 0.004250
 38.5400 0.004256
 38.6342 0.004232
 38.7294 0.004256
 38.8236 0.004256
 38.9171 0.004249
 39.0092 0.004215
 39.1002 0.004231
 39.1903 0.004196
 39.2807 0.004186
 39.3702 0.004144
 39.4590 0.004197
 39.5466 0.004195
 39.6344 0.004158
 39.7219 0.004132
 39.8086 0.004161
 39.8950 0.004195
 39.9817 0.004177
 40.0664 0.004147
 40.1521 0.004129
 40.2368 0.004214
 40.3215 0.004239
 40.4065 0.004242
 40.4905 0.004215
 40.5751 0.004215
 40.6583 0.004215
 40.7421 0.004221
 40.8250 0.004269
 40.9071 0.004286
 40.9897 0.004311
 41.0745 0.004298
 41.1558 0.004287
 41.2384 0.004220
 41.3225 0.004231
 41.4057 0.004224
 41.4883 0.004200
 41.5712 0.004214
 41.6529 0.004212
 41.7349 0.004225
 41.8168 0.004242
 41.8975 0.004261
 41.9796 0.004273
 42.0621 0.004259
 42.1449 0.004290
 42.2285 0.004335
 42.3107 0.004378
 42.3933 0.004354
 42.4758 0.004388
 42.5584 0.004389
 42.6408 0.004396
 42.7243 0.004397
 42.8068 0.004453
 42.8899 0.004442
 42.9730 0.004417
 43.0554 0.004465
 43.1389 0.004478
 43.2232 0.004467
 43.3074 0.004468
 43.3916 0.004507
 43.4769 0.004513
 43.5621 0.004465
 43.6470 0.004426
 43.7335 0.004424
 43.8195 0.004445
 43.9058 0.004473
 43.9923 0.004497
 44.0788 0.004576
 44.1655 0.004537
 44.2529 0.004597
 44.3409 0.004574
 44.4293 0.004591
 44.5184 0.004638
 44.6074 0.004624
 44.6967 0.004595
 44.7868 0.004657
 44.8774 0.004699
 44.9688 0.004674
 45.0614 0.004682
 45.1550 0.004701
 45.2479 0.004692
 45.3415 0.004718
 45.4356 0.004742
 45.5288 0.004723
 45.6246 0.004755
 45.7220 0.004721
 45.8191 0.004672
 45.9160 0.004695
 46.0153 0.004641
 46.1151 0.004669
 46.2166 0.004683
 46.3187 0.004696
 46.4208 0.004682
 46.5251 0.004712
 46.6290 0.004771
 46.7347 0.004760
 46.8405 0.004823
 46.9482 0.004855
 47.0562 0.004914
 47.1654 0.004967
 47.2774 0.005016
 47.3903 0.005050
 47.5036 0.005121
 47.6190 0.005159
 47.7356 0.005190
 47.8530 0.005240
 47.9720 0.005306
 48.0920 0.005312
 48.2137 0.005377
 48.3385 0.005562
 48.4637 0.005593
 48.5928 0.005567
 48.7224 0.005649
 48.8553 0.005708
 48.9919 0.005793
 49.1317 0.005743
 49.2718 0.005775
 49.4159 0.005814
 49.5637 0.005829
 49.7117 0.005904
 49.8637 0.005995
 50.0191 0.006032
 50.1764 0.006073
 50.3362 0.006185
 50.5011 0.006464
 50.6725 0.006464
 50.8467 0.006588
 51.0253 0.006723
 51.2088 0.006811
 51.3959 0.006870
 51.5938 0.007098
 51.7959 0.007140
 52.0070 0.007122
 52.2264 0.007200
 52.4535 0.007224
 52.6894 0.007218
 52.9321 0.007595
 53.1854 0.007803
 53.4551 0.008007
 53.7371 0.008204
 54.0338 0.008326
 54.3491 0.008750
 54.6841 0.009072
 55.0412 0.009463
 55.4224 0.009744
 55.8429 0.010093
 56.2973 0.010428
 56.7964 0.010700
 57.3614 0.011497
 57.9952 0.012226
 58.7423 0.012883
 59.6423 0.014674
 60.7592 0.016557
 62.3261 0.019225
 62.7229 0.019618
 63.1601 0.020987
 63.6453 0.022622
 64.2137 0.024005
 64.8528 0.026046
 65.6709 0.029842
 66.7002 0.033318
 68.1129 0.039347
 70.4841 0.053644
 72.7455 0.074038
 75.7192 0.121715
 77.8244 0.157388
lm1s-08-1 3 1
 25.4927 0.049611
 26.1179 0.038462
 27.0675 0.025247
 27.8526 0.020142
 28.6963 0.015628
 29.2309 0.013758
 29.6345 0.011944
 29.9566 0.010782
 30.2307 0.010254
 30.4667 0.009747
 30.6807 0.009223
 30.8673 0.009102
 31.0344 0.008696
 31.7434 0.007815
 32.2857 0.007215
 32.7294 0.006812
 33.1108 0.006533
 33.4449 0.006276
 33.7462 0.006100
 34.0196 0.005945
 34.2666 0.005669
 34.4998 0.005329
 34.7199 0.005217
 34.9265 0.004943
 35.1238 0.004903
 35.3122 0.004942
 35.4903 0.004876
 35.6621 0.004821
 35.8267 0.004816
 35.9837 0.004821
 36.1385 0.004728
 36.2884 0.004649
 36.4325 0.004562
 36.5731 0.004519
 36.7101 0.004519
 36.8451 0.004417
 36.9765 0.004435
 37.1042 0.004489
 37.2301 0.004508
 37.3525 0.004487
 37.4719 0.004530
 37.5903 0.004533
 37.7069 0.004558
 37.8204 0.004562
 37.9320 0.004573
 38.0418 0.004550
 38.1519 0.004514
 38.2582 0.004446
 38.3643 0.004375
 38.4690 0.004303
 38.5729 0.004344
 38.6748 0.004301
 38.7765 0.004327
 38.8768 0.004300
 38.9762 0.004358
 39.0749 0.004326
 39.1708 0.004319
 39.2671 0.004224
 39.3623 0.004209
 39.4551 0.004199
 39.5477 0.004220
 39.6416 0.004199
 39.7326 0.004159
 39.8252 0.004185
 39.9160 0.004219
 40.0074 0.004203
 40.0970 0.004237
 40.1852 0.004216
 40.2743 0.004218
 40.3618 0.004274
 40.4496 0.004247
 40.5357 0.004323
 40.6214 0.004315
 40.7066 0.004308
 40.7926 0.004300
 40.8785 0.004314
 40.9639 0.004317
 41.0479 0.004300
 41.1335 0.004258
 41.2171 0.004255
 41.3008 0.004222
 41.3850 0.004206
 41.4697 0.004286
 41.5538 0.004272
 41.6369 0.004239
 41.7209 0.004246
 41.8040 0.004217
 41.8869 0.004240
 41.9686 0.004229
 42.0513 0.004201
 42.1347 0.004238
 42.2183 0.004212
 42.3016 0.004211
 42.3851 0.004217
 42.4681 0.004286
 42.5495 0.004270
 42.6320 0.004315
 42.7136 0.004367
 42.7961 0.004393
 42.8788 0.004408
 42.9616 0.004401
 43.0441 0.004401
 43.1270 0.004364
 43.2091 0.004319
 43.2924 0.004362
 43.3758 0.004353
 43.4592 0.004400
 43.5426 0.004411
 43.6264 0.004439
 43.7100 0.004382
 43.7939 0.004344
 43.8775 0.004331
 43.9614 0.004346
 44.0456 0.004387
 44.1305 0.004397
 44.2149 0.004362
 44.2998 0.004353
 44.3851 0.004346
 44.4704 0.004379
 44.5563 0.004431
 44.6427 0.004417
 44.7299 0.004407
 44.8171 0.004412
 44.9044 0.004445
 44.9913 0.004467
 45.0805 0.004496
 45.1691 0.004526
 45.2583 0.004571
 45.3481 0.004561
 45.4368 0.004585
 45.5258 0.004586
 45.6179 0.004576
 45.7092 0.004592
 45.8002 0.004578
 45.8937 0.004631
 45.9869 0.004611
 46.0807 0.004555
 46.1758 0.004513
 46.2705 0.004483
 46.3665 0.004575
 46.4631 0.004585
 46.5613 0.004533
 46.6597 0.004513
 46.7585 0.004576
 46.8581 0.004660
 46.9582 0.004644
 47.0582 0.004646
 47.1595 0.004693
 47.2629 0.004700
 47.3680 0.004726
 47.4743 0.004802
 47.5806 0.004810
 47.6877 0.004842
 47.7959 0.004902
 47.9069 0.004950
 48.0177 0.005012
 48.1309 0.005036
 48.2425 0.005057
 48.3569 0.005099
 48.4733 0.005158
 48.5920 0.005182
 48.7114 0.005306
 48.8322 0.005332
 48.9561 0.005499
 49.0820 0.005510
 49.2078 0.005550
 49.3365 0.005583
 49.4681 0.005629
 49.6004 0.005689
 49.7365 0.005673
 49.8773 0.005802
 50.0182 0.005881
 50.1600 0.005981
 50.3038 0.006084
 50.4499 0.006141
 50.6041 0.006150
 50.7582 0.006259
 50.9185 0.006336
 51.0801 0.006464
 51.2463 0.006556
 51.4143 0.006631
 51.5870 0.006824
 51.7659 0.006869
 51.9528 0.006955
 52.1430 0.006884
 52.3395 0.006891
 52.5466 0.006927
 52.7567 0.006928
 52.9741 0.007069
 53.1992 0.007197
 53.4313 0.007264
 53.6766 0.007546
 53.9324 0.007838
 54.2002 0.007935
 54.4817 0.007955
 54.7787 0.008224
 55.0981 0.008504
 55.4299 0.008922
 55.7879 0.009563
 56.1690 0.009706
 56.5870 0.009938
 57.0404 0.010376
 57.5448 0.010713
 58.1020 0.011352
 58.7470 0.012406
 59.4923 0.013485
 60.3811 0.014188
 61.5162 0.016093
 63.0748 0.019138
 63.4651 0.020327
 63.9073 0.020855
 64.3933 0.022422
 64.9501 0.024342
 65.6091 0.026297
 66.3957 0.028945
 67.4392 0.031919
 68.8721 0.039245
 71.2612 0.054861
 73.6033 0.073738
 76.4964 0.119135
 78.5335 0.157427
 lm2-08-1 3 1
 27.3873 0.047839
 28.0109 0.038340
 28.9727 0.027042
 29.7479 0.020973
 30.6359 0.015825
 31.1912 0.013220
 31.6055 0.012381
 31.9353 0.011214
 32.2086 0.010535
 32.4545 0.009928
 32.6722 0.009350
 32.8737 0.008987
 33.0596 0.008733
 33.7881 0.007650
 34.3424 0.007133
 34.7954 0.006655
 35.1813 0.006183
 35.5202 0.005974
 35.8292 0.005512
 36.1088 0.005524
 36.3694 0.005490
 36.6091 0.005668
 36.8354 0.005457
 37.0469 0.005290
 37.2492 0.005197
 37.4427 0.005045
 37.6248 0.004983
 37.8004 0.005025
 37.9718 0.004964
 38.1344 0.004985
 38.2946 0.004874
 38.4490 0.004798
 38.5986 0.004737
 38.7423 0.004715
 38.8832 0.004702
 39.0211 0.004614
 39.1559 0.004631
 39.2869 0.004520
 39.4145 0.004553
 39.5409 0.004588
 39.6637 0.004587
 39.7872 0.004544
 39.9066 0.004514
 40.0244 0.004507
 40.1397 0.004455
 40.2524 0.004415
 40.3658 0.004376
 40.4761 0.004438
 40.5846 0.004424
 40.6929 0.004381
 40.7981 0.004400
 40.9017 0.004389
 41.0053 0.004386
 41.1076 0.004400
 41.2084 0.004365
 41.3088 0.004352
 41.4091 0.004334
 41.5077 0.004305
 41.6054 0.004292
 41.7027 0.004263
 41.7975 0.004231
 41.8937 0.004201
 41.9881 0.004211
 42.0820 0.004199
 42.1747 0.004211
 42.2654 0.004160
 42.3578 0.004151
 42.4508 0.004129
 42.5412 0.004141
 42.6314 0.004121
 42.7215 0.004108
 42.8109 0.004142
 42.9003 0.004180
 42.9899 0.004136
 43.0776 0.004094
 43.1661 0.004096
 43.2533 0.004098
 43.3405 0.004130
 43.4282 0.004120
 43.5151 0.004133
 43.6034 0.004114
 43.6903 0.004044
 43.7767 0.003938
 43.8625 0.003960
 43.9489 0.003960
 44.0342 0.003980
 44.1200 0.004027
 44.2052 0.004076
 44.2909 0.004104
 44.3760 0.004133
 44.4617 0.004137
 44.5465 0.004184
 44.6306 0.004220
 44.7142 0.004249
 44.7987 0.004224
 44.8836 0.004215
 44.9686 0.004291
 45.0536 0.004285
 45.1373 0.004259
 45.2225 0.004284
 45.3070 0.004325
 45.3917 0.004289
 45.4760 0.004301
 45.5621 0.004303
 45.6468 0.004288
 45.7329 0.004281
 45.8181 0.004291
 45.9032 0.004311
 45.9877 0.004319
 46.0741 0.004318
 46.1598 0.004316
 46.2451 0.004311
 46.3299 0.004337
 46.4172 0.004334
 46.5032 0.004353
 46.5903 0.004390
 46.6760 0.004407
 46.7639 0.004385
 46.8529 0.004419
 46.9405 0.004389
 47.0291 0.004437
 47.1185 0.004464
 47.2082 0.004422
 47.2982 0.004454
 47.3892 0.004467
 47.4815 0.004524
 47.5716 0.004502
 47.6635 0.004510
 47.7554 0.004508
 47.8481 0.004575
 47.9404 0.004615
 48.0334 0.004661
 48.1272 0.004623
 48.2215 0.004672
 48.3172 0.004737
 48.4127 0.004745
 48.5091 0.004768
 48.6056 0.004779
 48.7039 0.004811
 48.8015 0.004832
 48.9020 0.004859
 49.0025 0.004901
 49.1034 0.004875
 49.2037 0.004956
 49.3073 0.005002
 49.4107 0.005005
 49.5154 0.005027
 49.6206 0.005038
 49.7273 0.005065
 49.8330 0.005147
 49.9416 0.005202
 50.0520 0.005257
 50.1624 0.005281
 50.2735 0.005361
 50.3858 0.005414
 50.4997 0.005492
 50.6158 0.005516
 50.7316 0.005549
 50.8497 0.005645
 50.9680 0.005652
 51.0895 0.005734
 51.2131 0.005763
 51.3368 0.005835
 51.4629 0.005861
 51.5917 0.005793
 51.7215 0.005778
 51.8547 0.005717
 51.9885 0.005829
 52.1272 0.005907
 52.2649 0.005986
 52.4040 0.006032
 52.5502 0.006076
 52.6973 0.006176
 52.8475 0.006205
 52.9990 0.006211
 53.1530 0.006216
 53.3131 0.006286
 53.4769 0.006267
 53.6434 0.006332
 53.8134 0.006507
 53.9885 0.006538
 54.1660 0.006584
 54.3486 0.006630
 54.5365 0.006656
 54.7333 0.006744
 54.9343 0.006941
 55.1456 0.006954
 55.3622 0.006988
 55.5844 0.007144
 55.8140 0.007322
 56.0534 0.007428
 56.3022 0.007663
 56.5644 0.007888
 56.8385 0.008088
 57.1267 0.008151
 57.4308 0.008564
 57.7550 0.008746
 58.0970 0.009041
 58.4626 0.009274
 58.8565 0.009516
 59.2861 0.009935
 59.7494 0.010517
 60.2690 0.011251
 60.8319 0.011899
 61.4823 0.013012
 62.2347 0.014065
 63.1540 0.015185
 64.3068 0.017173
 65.8710 0.019617
 66.2711 0.020586
 66.7188 0.022014
 67.2158 0.022959
 67.7998 0.024674
 68.4789 0.026710
 69.3021 0.028724
 70.3474 0.032735
 71.7753 0.039706
 74.1095 0.054720
 76.5253 0.078195
 79.5859 0.116568
 81.8973 0.169399
lm2s-08-1 3 1
 28.0657 0.050882
 28.7273 0.038120
 29.6684 0.028071
 30.4527 0.021791
 31.3395 0.015636
 31.8862 0.013191
 32.3031 0.011992
 32.6413 0.010617
 32.9252 0.010499
 33.1795 0.010141
 33.3952 0.009678
 33.5966 0.009139
 33.7826 0.008807
 34.5119 0.007894
 35.0640 0.007197
 35.5136 0.006638
 35.9023 0.006288
 36.2471 0.006153
 36.5584 0.006092
 36.8386 0.006026
 37.0950 0.005782
 37.3342 0.005704
 37.5615 0.005559
 37.7758 0.005411
 37.9819 0.005293
 38.1741 0.005263
 38.3584 0.005160
 38.5348 0.005091
 38.7060 0.005035
 38.8697 0.004989
 39.0298 0.004919
 39.1844 0.004865
 39.3327 0.004816
 39.4798 0.004796
 39.6208 0.004794
 39.7588 0.004857
 39.8933 0.004791
 40.0248 0.004725
 40.1531 0.004673
 40.2800 0.004631
 40.4042 0.004617
 40.5258 0.004622
 40.6464 0.004533
 40.7631 0.004510
 40.8780 0.004546
 40.9903 0.004513
 41.1027 0.004483
 41.2140 0.004466
 41.3242 0.004475
 41.4297 0.004510
 41.5355 0.004535
 41.6392 0.004467
 41.7435 0.004464
 41.8460 0.004442
 41.9461 0.004390
 42.0468 0.004404
 42.1462 0.004349
 42.2446 0.004300
 42.3423 0.004336
 42.4400 0.004324
 42.5364 0.004307
 42.6314 0.004293
 42.7251 0.004278
 42.8188 0.004188
 42.9129 0.004175
 43.0058 0.004150
 43.0986 0.004117
 43.1901 0.004116
 43.2821 0.004142
 43.3729 0.004115
 43.4631 0.004069
 43.5546 0.004062
 43.6439 0.004078
 43.7331 0.004119
 43.8218 0.004077
 43.9104 0.004087
 43.9990 0.004041
 44.0864 0.004050
 44.1737 0.004110
 44.2604 0.004110
 44.3466 0.004088
 44.4336 0.004100
 44.5199 0.004110
 44.6057 0.004143
 44.6922 0.004166
 44.7769 0.004165
 44.8616 0.004208
 44.9464 0.004225
 45.0323 0.004239
 45.1167 0.004263
 45.2016 0.004260
 45.2875 0.004261
 45.3715 0.004265
 45.4564 0.004255
 45.5422 0.004268
 45.6266 0.004265
 45.7121 0.004256
 45.7970 0.004279
 45.8813 0.004291
 45.9664 0.004288
 46.0507 0.004264
 46.1347 0.004272
 46.2183 0.004247
 46.3031 0.004253
 46.3879 0.004313
 46.4735 0.004327
 46.5589 0.004348
 46.6432 0.004374
 46.7284 0.004405
 46.8146 0.004429
 46.9017 0.004448
 46.9873 0.004418
 47.0743 0.004429
 47.1621 0.004438
 47.2487 0.004392
 47.3357 0.004391
 47.4234 0.004417
 47.5120 0.004437
 47.6008 0.004453
 47.6886 0.004438
 47.7781 0.004470
 47.8675 0.004529
 47.9571 0.004532
 48.0465 0.004561
 48.1368 0.004632
 48.2272 0.004641
 48.3185 0.004633
 48.4099 0.004639
 48.5009 0.004675
 48.5935 0.004682
 48.6865 0.004678
 48.7806 0.004695
 48.8742 0.004766
 48.9695 0.004739
 49.0654 0.004754
 49.1612 0.004757
 49.2575 0.004801
 49.3550 0.004786
 49.4529 0.004836
 49.5515 0.004844
 49.6517 0.004873
 49.7513 0.004940
 49.8523 0.004984
 49.9537 0.004985
 50.0570 0.005005
 50.1603 0.005079
 50.2634 0.005057
 50.3680 0.005111
 50.4724 0.005153
 50.5814 0.005274
 50.6891 0.005259
 50.7989 0.005285
 50.9082 0.005336
 51.0191 0.005386
 51.1315 0.005430
 51.2462 0.005485
 51.3626 0.005436
 51.4793 0.005507
 51.5982 0.005596
 51.7178 0.005636
 51.8400 0.005696
 51.9619 0.005743
 52.0859 0.005765
 52.2112 0.005900
 52.3399 0.005940
 52.4697 0.005959
 52.6001 0.005966
 52.7341 0.005990
 52.8708 0.005956
 53.0105 0.005989
 53.1515 0.006014
 53.2971 0.006045
 53.4438 0.006075
 53.5937 0.006142
 53.7448 0.006287
 53.9005 0.006370
 54.0607 0.006414
 54.2241 0.006440
 54.3890 0.006456
 54.5599 0.006477
 54.7358 0.006537
 54.9132 0.006631
 55.0967 0.006680
 55.2875 0.006750
 55.4837 0.006744
 55.6850 0.006943
 55.8922 0.007021
 56.1066 0.007211
 56.3275 0.007374
 56.5583 0.007470
 56.8014 0.007711
 57.0514 0.007789
 57.3135 0.008049
 57.5902 0.008375
 57.8786 0.008560
 58.1830 0.008855
 58.5051 0.008839
 58.8492 0.009121
 59.2156 0.009457
 59.6088 0.009665
 60.0320 0.010016
 60.5009 0.010523
 61.0125 0.011236
 61.5827 0.012130
 62.2411 0.013041
 62.9991 0.014194
 63.9126 0.015319
 65.0601 0.016466
 66.6230 0.019542
 67.0201 0.020559
 67.4784 0.021619
 67.9723 0.022991
 68.5542 0.024632
 69.2404 0.026867
 70.0430 0.028642
 71.1014 0.033531
 72.5150 0.039260
 74.9068 0.055704
 77.2284 0.079302
 80.3535 0.116886
 82.5345 0.168495
 tr0-08-1 2 1
 88.4538 0.079599
 90.3363 0.059278
 93.1153 0.042528
 95.3316 0.033515
 97.7019 0.023968
 99.2050 0.019978
100.3143 0.018432
101.2161 0.017965
101.9605 0.017026
102.6117 0.016049
103.1875 0.014819
103.7033 0.014071
104.1724 0.013869
106.0573 0.011840
107.4835 0.010595
108.6533 0.009398
109.6406 0.009097
110.5126 0.008625
111.2807 0.008545
111.9861 0.008218
112.6330 0.007946
113.2252 0.007707
113.7893 0.007679
114.3167 0.007589
114.8140 0.007351
115.2855 0.007093
115.7382 0.007195
116.1696 0.007050
116.5824 0.007157
116.9822 0.007091
117.3643 0.006932
117.7376 0.006894
118.0996 0.006880
118.4494 0.006787
118.7864 0.006869
119.1163 0.006995
119.4363 0.006989
119.7499 0.006979
120.0576 0.006952
120.3600 0.006801
120.6549 0.006666
120.9426 0.006557
121.2224 0.006412
121.5005 0.006452
121.7742 0.006392
122.0410 0.006323
122.3040 0.006284
122.5637 0.006150
122.8203 0.006192
123.0710 0.006141
123.3209 0.006140
123.5666 0.006140
123.8080 0.006168
124.0465 0.006143
124.2814 0.006116
124.5140 0.006109
124.7438 0.006012
124.9696 0.006025
125.1971 0.006066
125.4206 0.005970
125.6441 0.005944
125.8621 0.006049
126.0816 0.006049
126.2970 0.006065
126.5115 0.006070
126.7230 0.006096
126.9329 0.006131
127.1417 0.006110
127.3497 0.006215
127.5544 0.006184
127.7597 0.006166
127.9636 0.006092
128.1668 0.006182
128.3674 0.006122
128.5681 0.006084
128.7664 0.006082
128.9628 0.006044
129.1577 0.006053
129.3533 0.006027
129.5481 0.005969
129.7429 0.005960
129.9374 0.005955
130.1308 0.005929
130.3233 0.005896
130.5148 0.005919
130.7051 0.005880
130.8953 0.005783
131.0854 0.005776
131.2743 0.005733
131.4640 0.005734
131.6508 0.005743
131.8386 0.005750
132.0255 0.005794
132.2132 0.005724
132.3988 0.005719
132.5834 0.005810
132.7693 0.005799
132.9555 0.005783
133.1416 0.005794
133.3269 0.005782
133.5130 0.005766
133.6983 0.005734
133.8850 0.005641
134.0682 0.005638
134.2528 0.005659
134.4375 0.005655
134.6242 0.005650
134.8104 0.005622
134.9960 0.005660
135.1814 0.005661
135.3687 0.005674
135.5550 0.005648
135.7402 0.005684
135.9279 0.005691
136.1164 0.005741
136.3042 0.005743
136.4918 0.005780
136.6808 0.005715
136.8693 0.005738
137.0582 0.005745
137.2475 0.005799
137.4391 0.005813
137.6284 0.005852
137.8196 0.005889
138.0111 0.005859
138.2044 0.005911
138.3982 0.005907
138.5906 0.005925
138.7854 0.005861
138.9795 0.005909
139.1747 0.005923
139.3707 0.005926
139.5670 0.006011
139.7666 0.006061
139.9663 0.006128
140.1687 0.006126
140.3708 0.006185
140.5722 0.006195
140.7781 0.006247
140.9839 0.006266
141.1904 0.006211
141.3971 0.006228
141.6063 0.006237
141.8169 0.006283
142.0283 0.006352
142.2423 0.006361
142.4567 0.006351
142.6722 0.006391
142.8917 0.006444
143.1118 0.006516
143.3333 0.006567
143.5575 0.006632
143.7839 0.006672
144.0115 0.006717
144.2418 0.006696
144.4746 0.006743
144.7087 0.006783
144.9472 0.006749
145.1884 0.006875
145.4317 0.006874
145.6776 0.006992
145.9262 0.007013
146.1761 0.007024
146.4319 0.007156
146.6894 0.007217
146.9503 0.007282
147.2156 0.007253
147.4847 0.007381
147.7586 0.007604
148.0378 0.007704
148.3198 0.007731
148.6067 0.007799
148.8977 0.007800
149.1938 0.007885
149.4971 0.007955
149.8086 0.008003
150.1247 0.007979
150.4461 0.008141
150.7735 0.008156
151.1099 0.008272
151.4560 0.008362
151.8072 0.008550
152.1692 0.008662
152.5408 0.008821
152.9199 0.008922
153.3110 0.008911
153.7177 0.008980
154.1324 0.009218
154.5633 0.009228
155.0111 0.009328
155.4741 0.009426
155.9584 0.009742
156.4570 0.009855
156.9816 0.009830
157.5267 0.009910
158.1027 0.010140
158.7157 0.010364
159.3630 0.010671
160.0502 0.010924
160.7883 0.011291
161.5870 0.011773
162.4488 0.012133
163.3958 0.012590
164.4544 0.013047
165.6419 0.014182
167.0159 0.015017
168.6567 0.016041
170.6950 0.016892
173.4797 0.019995
174.1841 0.020766
174.9802 0.022158
175.8496 0.023499
176.8433 0.025001
177.9976 0.026926
179.3907 0.029765
181.1670 0.034856
183.5917 0.041851
187.5770 0.055196
191.4570 0.074251
196.3786 0.113788
199.9306 0.152854
 tr1-08-1 3 1
101.8204 0.144501
103.8830 0.105490
106.8178 0.073844
109.0816 0.059396
111.6111 0.045062
113.1963 0.038776
114.3768 0.036098
115.3313 0.031859
116.1612 0.028932
116.8228 0.027010
117.4389 0.025402
117.9908 0.024676
118.4859 0.023688
120.5001 0.020247
122.0021 0.018477
123.2207 0.017204
124.2571 0.016078
125.1652 0.015951
125.9845 0.015881
126.7377 0.015070
127.4262 0.014371
128.0596 0.014189
128.6526 0.014137
129.2172 0.013665
129.7450 0.013613
130.2419 0.013376
130.7224 0.013086
131.1802 0.012979
131.6118 0.012955
132.0312 0.012901
132.4395 0.012770
132.8326 0.012780
133.2107 0.012476
133.5764 0.012330
133.9312 0.012307
134.2791 0.012345
134.6187 0.012220
134.9469 0.011833
135.2704 0.011579
135.5904 0.011562
135.9006 0.011612
136.2050 0.011285
136.5025 0.011272
136.7913 0.011200
137.0787 0.011068
137.3599 0.011023
137.6373 0.011023
137.9097 0.010945
138.1810 0.011062
138.4498 0.011161
138.7106 0.011117
138.9691 0.011086
139.2224 0.011078
139.4760 0.011035
139.7258 0.010984
139.9730 0.010866
140.2198 0.010768
140.4615 0.010687
140.6980 0.010568
140.9327 0.010424
141.1632 0.010416
141.3973 0.010449
141.6254 0.010336
141.8518 0.010307
142.0770 0.010343
142.3046 0.010352
142.5266 0.010491
142.7458 0.010415
142.9627 0.010485
143.1789 0.010534
143.3952 0.010592
143.6060 0.010748
143.8178 0.010665
144.0302 0.010669
144.2399 0.010698
144.4487 0.010649
144.6564 0.010662
144.8648 0.010573
145.0725 0.010596
145.2757 0.010681
145.4781 0.010505
145.6782 0.010489
145.8804 0.010385
146.0845 0.010353
146.2862 0.010265
146.4856 0.010271
146.6848 0.010295
146.8816 0.010356
147.0800 0.010299
147.2791 0.010237
147.4757 0.010305
147.6736 0.010407
147.8680 0.010371
148.0622 0.010262
148.2566 0.010246
148.4513 0.010226
148.6477 0.010280
148.8429 0.010271
149.0386 0.010244
149.2343 0.010235
149.4291 0.010174
149.6238 0.010149
149.8172 0.010140
150.0108 0.010145
150.2070 0.010242
150.4016 0.010278
150.5993 0.010154
150.7929 0.010212
150.9874 0.010213
151.1805 0.010209
151.3751 0.010282
151.5714 0.010353
151.7680 0.010326
151.9647 0.010131
152.1613 0.010078
152.3569 0.010269
152.5552 0.010305
152.7544 0.010352
152.9500 0.010339
153.1475 0.010302
153.3468 0.010247
153.5467 0.010279
153.7469 0.010369
153.9445 0.010444
154.1474 0.010509
154.3527 0.010490
154.5518 0.010560
154.7538 0.010565
154.9544 0.010716
155.1607 0.010777
155.3663 0.010741
155.5703 0.010817
155.7790 0.010887
155.9861 0.010991
156.1921 0.011043
156.3994 0.011030
156.6103 0.010981
156.8240 0.010956
157.0364 0.011136
157.2518 0.011217
157.4701 0.011206
157.6873 0.011137
157.9076 0.011171
158.1261 0.011236
158.3506 0.011292
158.5751 0.011424
158.8009 0.011491
159.0296 0.011592
159.2575 0.011763
159.4856 0.011829
159.7158 0.011900
159.9522 0.012046
160.1878 0.012057
160.4269 0.012101
160.6680 0.012185
160.9146 0.012241
161.1590 0.012223
161.4111 0.012180
161.6665 0.012113
161.9215 0.012139
162.1781 0.012173
162.4377 0.012321
162.7002 0.012347
162.9626 0.012518
163.2351 0.012484
163.5097 0.012682
163.7869 0.012671
164.0693 0.012677
164.3565 0.012682
164.6495 0.012915
164.9461 0.013027
165.2475 0.012909
165.5523 0.013053
165.8662 0.013320
166.1836 0.013551
166.5108 0.013664
166.8388 0.013728
167.1756 0.013947
167.5169 0.013977
167.8675 0.014214
168.2231 0.014529
168.5889 0.014644
168.9647 0.014828
169.3555 0.015082
169.7493 0.015386
170.1584 0.015589
170.5798 0.015773
171.0146 0.015785
171.4689 0.016379
171.9427 0.016573
172.4299 0.016653
172.9364 0.017159
173.4593 0.017373
174.0143 0.017749
174.5827 0.017812
175.1888 0.017878
175.8237 0.018208
176.4961 0.018778
177.2046 0.019220
177.9676 0.019867
178.7947 0.020912
179.6986 0.021875
180.6893 0.022209
181.7958 0.022912
183.0374 0.024374
184.4815 0.026292
186.2169 0.028513
188.3510 0.032922
191.2638 0.038856
191.9895 0.040257
192.7977 0.041653
193.7035 0.044102
194.7378 0.045706
195.9451 0.050234
197.4578 0.055405
199.3313 0.063558
201.8410 0.073953
205.9751 0.103638
210.0054 0.135834
215.1679 0.199301
218.6549 0.273399
tr1s-08-1 3 1
108.7288 0.151874
110.8664 0.110230
113.7437 0.078073
116.0734 0.060062
118.7161 0.044714
120.3425 0.039080
121.5472 0.033918
122.5199 0.031067
123.3270 0.029126
124.0313 0.028033
124.6574 0.026874
125.2213 0.025301
125.7083 0.024226
127.7813 0.021727
129.3346 0.019700
130.6068 0.019260
131.6819 0.017949
132.6109 0.017045
133.4493 0.016649
134.2070 0.016017
134.9037 0.014953
135.5568 0.014288
136.1673 0.014130
136.7449 0.013981
137.2790 0.013858
137.7866 0.013678
138.2727 0.013844
138.7338 0.013681
139.1809 0.013758
139.6148 0.013390
140.0359 0.013411
140.4361 0.013316
140.8235 0.013369
141.1990 0.013172
141.5642 0.012976
141.9208 0.012749
142.2701 0.012472
142.6075 0.012641
142.9415 0.012538
143.2661 0.012299
143.5806 0.012233
143.8874 0.012137
144.1969 0.012075
144.4970 0.011834
144.7922 0.011613
145.0831 0.011479
145.3663 0.011375
145.6491 0.011345
145.9232 0.011388
146.1950 0.011292
146.4628 0.011163
146.7297 0.011264
146.9879 0.011228
147.2448 0.011251
147.4990 0.011138
147.7483 0.011153
147.9945 0.011109
148.2398 0.011175
148.4796 0.011116
148.7201 0.010943
148.9595 0.010924
149.1963 0.010939
149.4278 0.010916
149.6614 0.010799
149.8875 0.010868
150.1165 0.010825
150.3430 0.010780
150.5673 0.010802
150.7887 0.010882
151.0076 0.010932
151.2258 0.010904
151.4476 0.010886
151.6664 0.010849
151.8833 0.010875
152.0964 0.010943
152.3112 0.011032
152.5234 0.011180
152.7352 0.011062
152.9438 0.011120
153.1535 0.011130
153.3613 0.011080
153.5708 0.011091
153.7746 0.011145
153.9797 0.011093
154.1842 0.011014
154.3885 0.010846
154.5903 0.010887
154.7920 0.010844
154.9967 0.010855
155.1980 0.010824
155.3980 0.010830
155.6000 0.010689
155.8001 0.010641
156.0004 0.010706
156.2038 0.010672
156.4042 0.010560
156.6010 0.010508
156.7998 0.010497
156.9958 0.010594
157.1943 0.010579
157.3955 0.010539
157.5951 0.010504
157.7927 0.010393
157.9921 0.010444
158.1899 0.010488
158.3873 0.010426
158.5857 0.010467
158.7832 0.010428
158.9832 0.010452
159.1831 0.010488
159.3821 0.010444
159.5813 0.010503
159.7813 0.010517
159.9781 0.010584
160.1779 0.010581
160.3787 0.010604
160.5820 0.010581
160.7838 0.010564
160.9868 0.010548
161.1871 0.010639
161.3901 0.010700
161.5925 0.010779
161.7945 0.010801
161.9986 0.010904
162.2058 0.011111
162.4104 0.011061
162.6160 0.011107
162.8197 0.011167
163.0289 0.011230
163.2401 0.011209
163.4489 0.011230
163.6620 0.011142
163.8722 0.011102
164.0848 0.011197
164.2982 0.011194
164.5132 0.011222
164.7299 0.011358
164.9452 0.011402
165.1647 0.011455
165.3842 0.011444
165.6033 0.011341
165.8235 0.011475
166.0451 0.011529
166.2691 0.011567
166.4950 0.011667
166.7214 0.011704
166.9487 0.011828
167.1802 0.011790
167.4131 0.011815
167.6459 0.011973
167.8843 0.012125
168.1244 0.012153
168.3676 0.012139
168.6136 0.012326
168.8613 0.012444
169.1081 0.012495
169.3601 0.012499
169.6134 0.012414
169.8693 0.012434
170.1268 0.012482
170.3892 0.012483
170.6581 0.012473
170.9255 0.012445
171.1971 0.012653
171.4699 0.012887
171.7463 0.012989
172.0322 0.013125
172.3176 0.013202
172.6072 0.013043
172.9018 0.013242
173.2046 0.013535
173.5091 0.013740
173.8190 0.013921
174.1353 0.013907
174.4581 0.013959
174.7863 0.014053
175.1220 0.014198
175.4648 0.014225
175.8158 0.014210
176.1722 0.014169
176.5382 0.014557
176.9100 0.014779
177.2959 0.014884
177.6909 0.015093
178.0987 0.015097
178.5130 0.015033
178.9378 0.015030
179.3808 0.015119
179.8454 0.015544
180.3160 0.015738
180.8083 0.016062
181.3156 0.016678
181.8431 0.016864
182.4066 0.017389
182.9891 0.017690
183.6089 0.018187
184.2495 0.018595
184.9327 0.019195
185.6628 0.019619
186.4423 0.020232
187.2864 0.021077
188.2043 0.021604
189.2220 0.022291
190.3439 0.024123
191.6078 0.025020
193.0744 0.026652
194.8100 0.028331
196.9728 0.032560
199.9193 0.036495
200.6709 0.038820
201.4901 0.040353
202.4071 0.043159
203.4768 0.046880
204.6999 0.048654
206.1936 0.055575
208.0389 0.061481
210.6418 0.074708
214.8823 0.103641
218.9549 0.136966
224.1062 0.209017
227.6450 0.277323
 tr2-08-1 3 1
115.8929 0.162119
118.0789 0.120299
121.1433 0.085604
123.5581 0.060566
126.1812 0.046048
127.9047 0.038949
129.1729 0.034442
130.1670 0.032345
131.0402 0.030013
131.7378 0.028499
132.3748 0.026896
132.9466 0.026458
133.4791 0.025746
135.6065 0.022689
137.1825 0.020450
138.4818 0.018845
139.5958 0.017802
140.5576 0.017277
141.4264 0.016765
142.2217 0.016097
142.9482 0.015719
143.6145 0.015469
144.2509 0.015096
144.8334 0.014575
145.3861 0.013999
145.9119 0.014031
146.4203 0.013608
146.9006 0.013383
147.3654 0.013425
147.8093 0.013412
148.2398 0.013307
148.6559 0.013068
149.0523 0.012913
149.4420 0.012627
149.8182 0.012330
150.1803 0.012362
150.5392 0.012282
150.8900 0.012342
151.2273 0.012182
151.5592 0.012093
151.8838 0.012088
152.2079 0.012047
152.5213 0.011832
152.8307 0.011700
153.1366 0.011582
153.4363 0.011703
153.7262 0.011650
154.0110 0.011685
154.2967 0.011584
154.5737 0.011394
154.8481 0.011364
155.1192 0.011532
155.3890 0.011683
155.6564 0.011621
155.9187 0.011547
156.1775 0.011521
156.4353 0.011403
156.6843 0.011373
156.9346 0.011386
157.1840 0.011253
157.4312 0.011200
157.6751 0.011301
157.9125 0.011298
158.1515 0.011209
158.3904 0.011233
158.6247 0.011241
158.8564 0.011117
159.0890 0.011057
159.3201 0.010944
159.5469 0.010945
159.7743 0.010822
160.0007 0.010760
160.2256 0.010862
160.4489 0.010882
160.6727 0.010885
160.8918 0.010791
161.1093 0.010698
161.3272 0.010675
161.5434 0.010716
161.7614 0.010647
161.9754 0.010558
162.1871 0.010492
162.4000 0.010519
162.6120 0.010502
162.8230 0.010504
163.0351 0.010591
163.2467 0.010541
163.4557 0.010559
163.6655 0.010423
163.8709 0.010288
164.0780 0.010383
164.2852 0.010388
164.4887 0.010347
164.6940 0.010335
164.8969 0.010448
165.1012 0.010477
165.3048 0.010416
165.5079 0.010369
165.7147 0.010452
165.9182 0.010458
166.1228 0.010544
166.3279 0.010516
166.5337 0.010496
166.7377 0.010497
166.9401 0.010426
167.1441 0.010363
167.3484 0.010319
167.5517 0.010313
167.7548 0.010423
167.9591 0.010346
168.1667 0.010496
168.3692 0.010616
168.5728 0.010727
168.7762 0.010751
168.9848 0.010880
169.1909 0.010848
169.3990 0.010802
169.6067 0.010958
169.8144 0.010962
170.0250 0.010963
170.2316 0.010841
170.4424 0.010946
170.6503 0.011007
170.8591 0.010999
171.0691 0.011010
171.2791 0.010966
171.4910 0.010946
171.7046 0.011009
171.9212 0.011129
172.1377 0.011075
172.3499 0.010989
172.5635 0.010970
172.7841 0.010971
173.0055 0.011000
173.2223 0.011021
173.4438 0.011032
173.6632 0.011126
173.8898 0.011127
174.1123 0.011087
174.3366 0.011137
174.5617 0.011186
174.7919 0.011245
175.0223 0.011246
175.2536 0.011333
175.4820 0.011320
175.7176 0.011315
175.9529 0.011372
176.1897 0.011319
176.4302 0.011442
176.6688 0.011507
176.9111 0.011513
177.1547 0.011515
177.4010 0.011688
177.6497 0.011674
177.8977 0.011737
178.1518 0.011834
178.4090 0.011955
178.6682 0.012209
178.9331 0.012346
179.1987 0.012428
179.4717 0.012510
179.7503 0.012570
180.0262 0.012751
180.3135 0.012916
180.5969 0.013075
180.8819 0.013228
181.1746 0.013353
181.4679 0.013372
181.7697 0.013638
182.0717 0.013644
182.3829 0.013364
182.6962 0.013285
183.0164 0.013514
183.3444 0.013683
183.6763 0.013958
184.0165 0.013933
184.3618 0.013876
184.7111 0.013906
185.0722 0.014059
185.4364 0.014146
185.8137 0.014438
186.1987 0.014793
186.5849 0.014995
186.9847 0.015153
187.3999 0.015426
187.8265 0.015511
188.2712 0.015868
188.7298 0.015997
189.1972 0.016057
189.6863 0.016287
190.1928 0.016446
190.7177 0.016431
191.2589 0.016874
191.8250 0.017107
192.4181 0.017686
193.0460 0.018018
193.7082 0.018339
194.4192 0.019256
195.1749 0.019806
195.9692 0.020808
196.8371 0.021487
197.7801 0.022147
198.8028 0.023252
199.9436 0.023951
201.2386 0.024935
202.7191 0.026407
204.5205 0.029109
206.7719 0.033271
209.8240 0.038633
210.5972 0.039987
211.4398 0.041733
212.3684 0.044103
213.4387 0.046987
214.6702 0.049203
216.1750 0.054904
218.0873 0.062988
220.7376 0.074847
225.1377 0.104389
229.3631 0.144130
234.4800 0.211691
238.0636 0.286473
tr2s-08-1 3 1
123.1908 0.159842
125.4221 0.126881
128.5098 0.081193
130.9823 0.060443
133.7185 0.047703
135.4501 0.040890
136.7276 0.034998
137.7380 0.032204
138.5627 0.030161
139.3076 0.029055
139.9711 0.028217
140.5579 0.026834
141.0920 0.025984
143.2251 0.023027
144.8265 0.021113
146.1541 0.019294
147.2872 0.018362
148.2807 0.017759
149.1665 0.017144
149.9625 0.016654
150.6902 0.016116
151.3682 0.015673
151.9929 0.015757
152.5875 0.015334
153.1432 0.014977
153.6778 0.014518
154.1874 0.014410
154.6715 0.014268
155.1394 0.013956
155.5915 0.013613
156.0301 0.013365
156.4525 0.013135
156.8559 0.012654
157.2468 0.012817
157.6289 0.012697
157.9999 0.012530
158.3627 0.012526
158.7169 0.012353
159.0627 0.012319
159.3986 0.012236
159.7274 0.012064
160.0478 0.012156
160.3674 0.012160
160.6792 0.011955
160.9849 0.012012
161.2829 0.012029
161.5759 0.012034
161.8669 0.012015
162.1544 0.011851
162.4353 0.011829
162.7129 0.011829
162.9914 0.011701
163.2608 0.011618
163.5291 0.011551
163.7934 0.011464
164.0591 0.011438
164.3184 0.011508
164.5766 0.011424
164.8317 0.011395
165.0816 0.011381
165.3278 0.011432
165.5733 0.011340
165.8131 0.011387
166.0554 0.011322
166.2966 0.011264
166.5327 0.011411
166.7701 0.011373
167.0020 0.011357
167.2342 0.011323
167.4669 0.011386
167.6953 0.011282
167.9239 0.011082
168.1475 0.010988
168.3721 0.010909
168.5967 0.010883
168.8182 0.010823
169.0392 0.010764
169.2573 0.010750
169.4785 0.010738
169.6949 0.010700
169.9143 0.010731
170.1322 0.010654
170.3455 0.010679
170.5566 0.010630
170.7702 0.010621
170.9810 0.010671
171.1917 0.010675
171.4018 0.010664
171.6152 0.010594
171.8239 0.010501
172.0343 0.010427
172.2431 0.010444
172.4515 0.010493
172.6574 0.010366
172.8637 0.010345
173.0687 0.010330
173.2742 0.010259
173.4831 0.010323
173.6896 0.010319
173.8953 0.010482
174.1012 0.010520
174.3065 0.010645
174.5129 0.010635
174.7214 0.010661
174.9281 0.010782
175.1344 0.010813
175.3387 0.010758
175.5453 0.010703
175.7500 0.010709
175.9552 0.010720
176.1592 0.010746
176.3678 0.010717
176.5763 0.010636
176.7843 0.010621
176.9926 0.010533
177.1999 0.010593
177.4097 0.010571
177.6191 0.010618
177.8288 0.010600
178.0392 0.010543
178.2485 0.010510
178.4600 0.010610
178.6754 0.010526
178.8882 0.010485
179.0994 0.010437
179.3122 0.010506
179.5241 0.010614
179.7389 0.010691
179.9549 0.010744
180.1705 0.010866
180.3874 0.010890
180.6068 0.010859
180.8234 0.010834
181.0420 0.011010
181.2617 0.011015
181.4833 0.011079
181.7071 0.011043
181.9300 0.011013
182.1560 0.011112
182.3843 0.011139
182.6130 0.011156
182.8450 0.011209
183.0763 0.011338
183.3101 0.011375
183.5473 0.011333
183.7801 0.011425
184.0192 0.011529
184.2603 0.011573
184.5035 0.011493
184.7470 0.011660
184.9945 0.011681
185.2470 0.011769
185.4958 0.011838
185.7445 0.011877
185.9968 0.011889
186.2517 0.012064
186.5136 0.012300
186.7749 0.012307
187.0434 0.012427
187.3133 0.012294
187.5829 0.012252
187.8610 0.012349
188.1433 0.012476
188.4269 0.012562
188.7115 0.012501
188.9992 0.012686
189.2921 0.013078
189.5908 0.013154
189.8958 0.013239
190.2033 0.013364
190.5150 0.013388
190.8279 0.013565
191.1512 0.013618
191.4828 0.013743
191.8160 0.013882
192.1540 0.014056
192.5010 0.014123
192.8538 0.014238
193.2137 0.014380
193.5847 0.014498
193.9656 0.014527
194.3533 0.014617
194.7490 0.014642
195.1565 0.014676
195.5704 0.014992
196.0093 0.015440
196.4515 0.015671
196.9059 0.015830
197.3826 0.015894
197.8679 0.015970
198.3793 0.016299
198.9044 0.016760
199.4603 0.017422
200.0297 0.017913
200.6306 0.018156
201.2664 0.018424
201.9404 0.018889
202.6575 0.019773
203.4171 0.020426
204.2195 0.021003
205.0889 0.021397
206.0302 0.021609
207.0625 0.022231
208.2197 0.023672
209.5317 0.025393
211.0446 0.027027
212.8358 0.028669
215.0851 0.032299
218.1668 0.037786
218.9373 0.040536
219.7761 0.041739
220.7199 0.043303
221.8384 0.047403
223.0675 0.049773
224.5977 0.054928
226.5507 0.063502
229.2143 0.077335
233.6286 0.109162
237.8542 0.143045
243.2164 0.213087
247.0550 0.288185
