Copyright (C) 1998 James G. MacKinnon, Alfred A. Haug, and Leo Michelis.
 tr0-01-2 2 2
 1.44542E-02 2.77105E-04
 2.24688E-02 3.04012E-04
 4.10989E-02 3.72913E-04
 6.53454E-02 4.23186E-04
 1.04116E-01 4.82509E-04
 1.36217E-01 5.28662E-04
 1.65203E-01 5.38914E-04
 1.91451E-01 5.42401E-04
 2.16242E-01 5.78163E-04
 2.39499E-01 5.96719E-04
 2.61777E-01 5.93481E-04
 2.83038E-01 6.17721E-04
 3.03987E-01 6.34219E-04
 3.98552E-01 6.72779E-04
 4.82249E-01 7.08198E-04
 5.58736E-01 7.18728E-04
 6.29786E-01 7.30268E-04
 6.97249E-01 7.38192E-04
 7.61841E-01 7.69132E-04
 8.23435E-01 7.87642E-04
 8.82001E-01 8.09442E-04
 9.39394E-01 8.19624E-04
 9.94586E-01 8.27896E-04
 1.04801E+00 8.45442E-04
 1.09998E+00 8.50475E-04
 1.15056E+00 8.40048E-04
 1.20022E+00 8.42862E-04
 1.24871E+00 8.51768E-04
 1.29685E+00 8.64139E-04
 1.34348E+00 8.73589E-04
 1.38917E+00 8.42522E-04
 1.43429E+00 8.30426E-04
 1.47886E+00 8.34564E-04
 1.52262E+00 8.47949E-04
 1.56588E+00 8.53554E-04
 1.60839E+00 8.73433E-04
 1.65050E+00 8.82863E-04
 1.69209E+00 8.89929E-04
 1.73339E+00 9.04013E-04
 1.77413E+00 9.09919E-04
 1.81459E+00 9.08114E-04
 1.85433E+00 9.06682E-04
 1.89394E+00 9.17102E-04
 1.93334E+00 9.25267E-04
 1.97236E+00 9.30347E-04
 2.01109E+00 9.33176E-04
 2.04953E+00 9.44821E-04
 2.08766E+00 9.50679E-04
 2.12571E+00 9.58261E-04
 2.16345E+00 9.60065E-04
 2.20114E+00 9.69905E-04
 2.23843E+00 9.70698E-04
 2.27535E+00 9.79258E-04
 2.31257E+00 9.88654E-04
 2.34942E+00 9.80487E-04
 2.38585E+00 9.88713E-04
 2.42246E+00 9.88611E-04
 2.45884E+00 9.79572E-04
 2.49510E+00 9.83057E-04
 2.53132E+00 9.82445E-04
 2.56716E+00 9.85256E-04
 2.60295E+00 9.89483E-04
 2.63861E+00 9.96670E-04
 2.67451E+00 1.00486E-03
 2.71023E+00 1.00144E-03
 2.74599E+00 9.90797E-04
 2.78144E+00 9.81850E-04
 2.81694E+00 9.80956E-04
 2.85242E+00 9.83184E-04
 2.88786E+00 9.92297E-04
 2.92355E+00 9.92952E-04
 2.95905E+00 1.00267E-03
 2.99456E+00 1.01196E-03
 3.03038E+00 1.02705E-03
 3.06571E+00 1.02561E-03
 3.10103E+00 1.03189E-03
 3.13641E+00 1.03552E-03
 3.17194E+00 1.04755E-03
 3.20773E+00 1.04894E-03
 3.24339E+00 1.06261E-03
 3.27885E+00 1.06720E-03
 3.31427E+00 1.08175E-03
 3.35017E+00 1.08400E-03
 3.38565E+00 1.10405E-03
 3.42127E+00 1.10537E-03
 3.45689E+00 1.09858E-03
 3.49276E+00 1.08802E-03
 3.52878E+00 1.09019E-03
 3.56466E+00 1.10161E-03
 3.60053E+00 1.10907E-03
 3.63675E+00 1.11307E-03
 3.67292E+00 1.11054E-03
 3.70917E+00 1.10599E-03
 3.74544E+00 1.10936E-03
 3.78187E+00 1.10395E-03
 3.81834E+00 1.11130E-03
 3.85526E+00 1.10940E-03
 3.89209E+00 1.11139E-03
 3.92907E+00 1.11067E-03
 3.96611E+00 1.13122E-03
 4.00323E+00 1.12646E-03
 4.04053E+00 1.13621E-03
 4.07809E+00 1.16003E-03
 4.11568E+00 1.15921E-03
 4.15350E+00 1.15854E-03
 4.19122E+00 1.16333E-03
 4.22959E+00 1.16376E-03
 4.26792E+00 1.17733E-03
 4.30604E+00 1.18035E-03
 4.34482E+00 1.17170E-03
 4.38375E+00 1.17777E-03
 4.42291E+00 1.18664E-03
 4.46223E+00 1.18923E-03
 4.50157E+00 1.17729E-03
 4.54114E+00 1.17284E-03
 4.58116E+00 1.16836E-03
 4.62144E+00 1.16569E-03
 4.66208E+00 1.17720E-03
 4.70280E+00 1.18344E-03
 4.74350E+00 1.17639E-03
 4.78495E+00 1.18557E-03
 4.82646E+00 1.19477E-03
 4.86810E+00 1.20984E-03
 4.91017E+00 1.22276E-03
 4.95261E+00 1.24062E-03
 4.99547E+00 1.24730E-03
 5.03871E+00 1.24681E-03
 5.08178E+00 1.25659E-03
 5.12538E+00 1.26232E-03
 5.16956E+00 1.27346E-03
 5.21384E+00 1.27356E-03
 5.25894E+00 1.30015E-03
 5.30409E+00 1.29870E-03
 5.34930E+00 1.30863E-03
 5.39528E+00 1.32025E-03
 5.44149E+00 1.32646E-03
 5.48808E+00 1.35289E-03
 5.53489E+00 1.35677E-03
 5.58225E+00 1.35454E-03
 5.63039E+00 1.34966E-03
 5.67907E+00 1.38078E-03
 5.72814E+00 1.39820E-03
 5.77782E+00 1.39242E-03
 5.82828E+00 1.39673E-03
 5.87892E+00 1.42863E-03
 5.92977E+00 1.44123E-03
 5.98158E+00 1.45037E-03
 6.03380E+00 1.47000E-03
 6.08668E+00 1.49273E-03
 6.14069E+00 1.50787E-03
 6.19515E+00 1.51805E-03
 6.25034E+00 1.53345E-03
 6.30645E+00 1.55218E-03
 6.36287E+00 1.58819E-03
 6.42018E+00 1.60625E-03
 6.47863E+00 1.60998E-03
 6.53790E+00 1.60695E-03
 6.59738E+00 1.64143E-03
 6.65814E+00 1.66205E-03
 6.71946E+00 1.66907E-03
 6.78223E+00 1.69921E-03
 6.84565E+00 1.71421E-03
 6.91097E+00 1.76083E-03
 6.97666E+00 1.80132E-03
 7.04326E+00 1.81108E-03
 7.11116E+00 1.83729E-03
 7.18008E+00 1.87757E-03
 7.25096E+00 1.91144E-03
 7.32368E+00 1.94611E-03
 7.39680E+00 1.97691E-03
 7.47219E+00 1.99003E-03
 7.54909E+00 2.02801E-03
 7.62786E+00 2.03948E-03
 7.70774E+00 2.08534E-03
 7.78968E+00 2.10872E-03
 7.87408E+00 2.14317E-03
 7.96032E+00 2.16373E-03
 8.04901E+00 2.16938E-03
 8.13980E+00 2.16524E-03
 8.23351E+00 2.20415E-03
 8.32958E+00 2.22125E-03
 8.42902E+00 2.28949E-03
 8.53059E+00 2.33553E-03
 8.63617E+00 2.39894E-03
 8.74553E+00 2.40857E-03
 8.85722E+00 2.44594E-03
 8.97349E+00 2.52802E-03
 9.09486E+00 2.56506E-03
 9.21995E+00 2.62627E-03
 9.35118E+00 2.67322E-03
 9.48672E+00 2.73465E-03
 9.62986E+00 2.82431E-03
 9.77894E+00 2.91792E-03
 9.93648E+00 3.00207E-03
 1.01038E+01 3.04822E-03
 1.02796E+01 3.12741E-03
 1.04675E+01 3.16248E-03
 1.06681E+01 3.26501E-03
 1.08825E+01 3.38248E-03
 1.11150E+01 3.48616E-03
 1.13680E+01 3.67395E-03
 1.16455E+01 3.85796E-03
 1.19550E+01 4.04499E-03
 1.23036E+01 4.23463E-03
 1.27015E+01 4.52645E-03
 1.31693E+01 4.96926E-03
 1.37328E+01 5.66492E-03
 1.44557E+01 6.56836E-03
 1.54599E+01 7.83213E-03
 1.57191E+01 8.04473E-03
 1.60074E+01 8.38120E-03
 1.63328E+01 9.19912E-03
 1.67116E+01 9.88480E-03
 1.71531E+01 1.05376E-02
 1.76945E+01 1.20924E-02
 1.83838E+01 1.35010E-02
 1.93444E+01 1.58786E-02
 2.09777E+01 2.30370E-02
 2.25928E+01 3.25837E-02
 2.46964E+01 5.01211E-02
 2.63029E+01 6.98454E-02
 tr1-01-2 2 2
 3.59937E-02 6.80203E-04
 5.51860E-02 7.37068E-04
 9.79045E-02 8.24548E-04
 1.51995E-01 9.36779E-04
 2.37823E-01 1.07060E-03
 3.08217E-01 1.11100E-03
 3.70645E-01 1.14404E-03
 4.28135E-01 1.18210E-03
 4.80225E-01 1.15591E-03
 5.28924E-01 1.18627E-03
 5.74689E-01 1.17948E-03
 6.17960E-01 1.16519E-03
 6.59020E-01 1.17773E-03
 8.45485E-01 1.18664E-03
 1.00507E+00 1.22448E-03
 1.14719E+00 1.29938E-03
 1.27709E+00 1.30536E-03
 1.39591E+00 1.26563E-03
 1.50676E+00 1.22907E-03
 1.61175E+00 1.21337E-03
 1.71030E+00 1.18296E-03
 1.80438E+00 1.14634E-03
 1.89461E+00 1.14689E-03
 1.98083E+00 1.16828E-03
 2.06328E+00 1.16782E-03
 2.14334E+00 1.17562E-03
 2.21988E+00 1.19642E-03
 2.29435E+00 1.18707E-03
 2.36694E+00 1.16429E-03
 2.43761E+00 1.17964E-03
 2.50619E+00 1.17577E-03
 2.57289E+00 1.17757E-03
 2.63892E+00 1.15758E-03
 2.70328E+00 1.15535E-03
 2.76643E+00 1.16178E-03
 2.82758E+00 1.14121E-03
 2.88818E+00 1.12631E-03
 2.94783E+00 1.11744E-03
 3.00550E+00 1.11640E-03
 3.06315E+00 1.12845E-03
 3.12022E+00 1.12770E-03
 3.17589E+00 1.12941E-03
 3.23104E+00 1.12226E-03
 3.28589E+00 1.13676E-03
 3.33984E+00 1.13274E-03
 3.39292E+00 1.11788E-03
 3.44546E+00 1.12891E-03
 3.49782E+00 1.13291E-03
 3.54893E+00 1.14693E-03
 3.60020E+00 1.16293E-03
 3.65094E+00 1.14683E-03
 3.70111E+00 1.15062E-03
 3.75084E+00 1.15119E-03
 3.79985E+00 1.14001E-03
 3.84894E+00 1.14286E-03
 3.89778E+00 1.13286E-03
 3.94655E+00 1.11838E-03
 3.99441E+00 1.12023E-03
 4.04180E+00 1.13510E-03
 4.08930E+00 1.15099E-03
 4.13655E+00 1.17193E-03
 4.18355E+00 1.18624E-03
 4.23035E+00 1.19735E-03
 4.27702E+00 1.17768E-03
 4.32328E+00 1.18239E-03
 4.36977E+00 1.17650E-03
 4.41552E+00 1.17696E-03
 4.46125E+00 1.17090E-03
 4.50730E+00 1.15269E-03
 4.55305E+00 1.15966E-03
 4.59889E+00 1.16315E-03
 4.64421E+00 1.16253E-03
 4.68934E+00 1.16801E-03
 4.73454E+00 1.17098E-03
 4.77960E+00 1.18967E-03
 4.82486E+00 1.19064E-03
 4.86959E+00 1.18651E-03
 4.91450E+00 1.18899E-03
 4.95949E+00 1.19251E-03
 5.00431E+00 1.18255E-03
 5.04925E+00 1.19544E-03
 5.09385E+00 1.19732E-03
 5.13858E+00 1.20724E-03
 5.18326E+00 1.20770E-03
 5.22782E+00 1.21017E-03
 5.27248E+00 1.22074E-03
 5.31714E+00 1.24068E-03
 5.36173E+00 1.23501E-03
 5.40642E+00 1.24823E-03
 5.45125E+00 1.24628E-03
 5.49596E+00 1.26156E-03
 5.54058E+00 1.26111E-03
 5.58560E+00 1.28228E-03
 5.63040E+00 1.28882E-03
 5.67526E+00 1.29906E-03
 5.72024E+00 1.30955E-03
 5.76519E+00 1.30494E-03
 5.81021E+00 1.31066E-03
 5.85559E+00 1.30096E-03
 5.90135E+00 1.30048E-03
 5.94687E+00 1.29789E-03
 5.99247E+00 1.31093E-03
 6.03815E+00 1.32593E-03
 6.08409E+00 1.34243E-03
 6.12987E+00 1.33890E-03
 6.17616E+00 1.33518E-03
 6.22236E+00 1.34185E-03
 6.26870E+00 1.35433E-03
 6.31523E+00 1.36411E-03
 6.36203E+00 1.36464E-03
 6.40885E+00 1.37592E-03
 6.45587E+00 1.37319E-03
 6.50311E+00 1.39961E-03
 6.55068E+00 1.39225E-03
 6.59868E+00 1.39727E-03
 6.64686E+00 1.40167E-03
 6.69527E+00 1.40597E-03
 6.74348E+00 1.42898E-03
 6.79237E+00 1.44693E-03
 6.84124E+00 1.45429E-03
 6.89048E+00 1.46666E-03
 6.94000E+00 1.48898E-03
 6.98938E+00 1.51762E-03
 7.03941E+00 1.54718E-03
 7.08980E+00 1.54138E-03
 7.14058E+00 1.55672E-03
 7.19185E+00 1.55664E-03
 7.24319E+00 1.55503E-03
 7.29476E+00 1.57804E-03
 7.34694E+00 1.60945E-03
 7.40001E+00 1.61251E-03
 7.45298E+00 1.63988E-03
 7.50592E+00 1.63366E-03
 7.55969E+00 1.63732E-03
 7.61346E+00 1.62989E-03
 7.66790E+00 1.64747E-03
 7.72284E+00 1.64933E-03
 7.77835E+00 1.64920E-03
 7.83413E+00 1.63602E-03
 7.89085E+00 1.62938E-03
 7.94830E+00 1.62749E-03
 8.00614E+00 1.62976E-03
 8.06421E+00 1.64445E-03
 8.12269E+00 1.63257E-03
 8.18165E+00 1.64930E-03
 8.24144E+00 1.67632E-03
 8.30232E+00 1.68870E-03
 8.36391E+00 1.69368E-03
 8.42611E+00 1.68801E-03
 8.48841E+00 1.69901E-03
 8.55144E+00 1.71730E-03
 8.61503E+00 1.74530E-03
 8.68009E+00 1.76282E-03
 8.74588E+00 1.76951E-03
 8.81240E+00 1.78216E-03
 8.87958E+00 1.80981E-03
 8.94699E+00 1.83456E-03
 9.01622E+00 1.87247E-03
 9.08662E+00 1.87042E-03
 9.15784E+00 1.91979E-03
 9.23000E+00 1.93067E-03
 9.30277E+00 1.92994E-03
 9.37704E+00 1.95127E-03
 9.45255E+00 1.97734E-03
 9.52956E+00 2.01367E-03
 9.60773E+00 2.04761E-03
 9.68721E+00 2.08358E-03
 9.76748E+00 2.09410E-03
 9.84969E+00 2.10443E-03
 9.93385E+00 2.09398E-03
 1.00197E+01 2.13623E-03
 1.01070E+01 2.15811E-03
 1.01969E+01 2.17814E-03
 1.02888E+01 2.20395E-03
 1.03828E+01 2.26186E-03
 1.04786E+01 2.29003E-03
 1.05768E+01 2.27920E-03
 1.06779E+01 2.31253E-03
 1.07812E+01 2.36054E-03
 1.08862E+01 2.36968E-03
 1.09951E+01 2.39689E-03
 1.11067E+01 2.47180E-03
 1.12212E+01 2.49191E-03
 1.13404E+01 2.50368E-03
 1.14623E+01 2.55119E-03
 1.15892E+01 2.59462E-03
 1.17189E+01 2.63638E-03
 1.18543E+01 2.66352E-03
 1.19954E+01 2.70485E-03
 1.21425E+01 2.72348E-03
 1.22962E+01 2.74131E-03
 1.24553E+01 2.78251E-03
 1.26227E+01 2.84427E-03
 1.27990E+01 2.86240E-03
 1.29841E+01 2.99001E-03
 1.31805E+01 3.10961E-03
 1.33875E+01 3.18785E-03
 1.36111E+01 3.35230E-03
 1.38500E+01 3.43562E-03
 1.41089E+01 3.58338E-03
 1.43891E+01 3.90225E-03
 1.46940E+01 4.19539E-03
 1.50357E+01 4.42972E-03
 1.54179E+01 4.73733E-03
 1.58562E+01 5.05466E-03
 1.63661E+01 5.48886E-03
 1.69862E+01 5.77011E-03
 1.77681E+01 6.69813E-03
 1.88598E+01 8.06964E-03
 1.91454E+01 8.53153E-03
 1.94576E+01 9.09977E-03
 1.98125E+01 9.74094E-03
 2.02171E+01 1.03810E-02
 2.06872E+01 1.13337E-02
 2.12744E+01 1.25460E-02
 2.20073E+01 1.48985E-02
 2.30341E+01 1.79231E-02
 2.47379E+01 2.48978E-02
 2.64196E+01 3.30422E-02
 2.86753E+01 5.08628E-02
 3.02973E+01 6.68125E-02
tr1s-01-2 2 1
  0.6997 0.003939
  0.7960 0.003345
  0.9565 0.002606
  1.1033 0.002216
  1.2834 0.001973
  1.4085 0.001810
  1.5060 0.001732
  1.5879 0.001610
  1.6601 0.001584
  1.7237 0.001534
  1.7815 0.001430
  1.8353 0.001384
  1.8847 0.001364
  2.0943 0.001319
  2.2621 0.001264
  2.4049 0.001220
  2.5322 0.001212
  2.6461 0.001182
  2.7505 0.001147
  2.8485 0.001108
  2.9402 0.001092
  3.0267 0.001063
  3.1099 0.001046
  3.1888 0.001032
  3.2648 0.001048
  3.3377 0.001046
  3.4078 0.001062
  3.4762 0.001064
  3.5426 0.001058
  3.6070 0.001065
  3.6708 0.001076
  3.7326 0.001069
  3.7929 0.001059
  3.8522 0.001059
  3.9100 0.001046
  3.9663 0.001025
  4.0220 0.001036
  4.0766 0.001029
  4.1310 0.001026
  4.1846 0.001034
  4.2375 0.001034
  4.2896 0.001051
  4.3413 0.001052
  4.3923 0.001043
  4.4422 0.001049
  4.4919 0.001065
  4.5412 0.001040
  4.5901 0.001055
  4.6385 0.001065
  4.6864 0.001057
  4.7337 0.001060
  4.7810 0.001064
  4.8278 0.001046
  4.8744 0.001034
  4.9206 0.001032
  4.9668 0.001042
  5.0126 0.001050
  5.0581 0.001060
  5.1037 0.001077
  5.1490 0.001079
  5.1939 0.001088
  5.2385 0.001089
  5.2830 0.001102
  5.3271 0.001126
  5.3711 0.001141
  5.4153 0.001128
  5.4590 0.001126
  5.5026 0.001132
  5.5461 0.001122
  5.5896 0.001148
  5.6330 0.001142
  5.6764 0.001148
  5.7198 0.001164
  5.7630 0.001160
  5.8058 0.001156
  5.8490 0.001143
  5.8917 0.001146
  5.9347 0.001149
  5.9775 0.001146
  6.0205 0.001148
  6.0636 0.001149
  6.1065 0.001145
  6.1495 0.001153
  6.1923 0.001162
  6.2355 0.001157
  6.2785 0.001161
  6.3218 0.001166
  6.3645 0.001159
  6.4078 0.001166
  6.4508 0.001178
  6.4939 0.001187
  6.5373 0.001196
  6.5808 0.001193
  6.6240 0.001205
  6.6676 0.001228
  6.7109 0.001250
  6.7544 0.001243
  6.7977 0.001238
  6.8420 0.001234
  6.8858 0.001257
  6.9300 0.001271
  6.9740 0.001279
  7.0182 0.001282
  7.0628 0.001290
  7.1072 0.001305
  7.1522 0.001326
  7.1970 0.001334
  7.2422 0.001347
  7.2876 0.001347
  7.3333 0.001361
  7.3789 0.001386
  7.4252 0.001392
  7.4715 0.001403
  7.5180 0.001406
  7.5645 0.001433
  7.6113 0.001438
  7.6586 0.001442
  7.7060 0.001438
  7.7537 0.001451
  7.8018 0.001462
  7.8502 0.001477
  7.8990 0.001482
  7.9476 0.001492
  7.9964 0.001491
  8.0458 0.001507
  8.0956 0.001510
  8.1456 0.001512
  8.1958 0.001502
  8.2467 0.001501
  8.2979 0.001500
  8.3494 0.001518
  8.4015 0.001507
  8.4535 0.001519
  8.5060 0.001530
  8.5592 0.001515
  8.6135 0.001511
  8.6675 0.001520
  8.7222 0.001535
  8.7776 0.001549
  8.8332 0.001559
  8.8892 0.001577
  8.9455 0.001586
  9.0026 0.001612
  9.0606 0.001629
  9.1191 0.001635
  9.1780 0.001640
  9.2377 0.001651
  9.2980 0.001664
  9.3594 0.001674
  9.4209 0.001711
  9.4832 0.001734
  9.5464 0.001760
  9.6104 0.001803
  9.6751 0.001823
  9.7409 0.001842
  9.8071 0.001850
  9.8743 0.001869
  9.9424 0.001869
 10.0115 0.001881
 10.0816 0.001899
 10.1529 0.001932
 10.2257 0.001954
 10.2996 0.001990
 10.3745 0.002021
 10.4506 0.002043
 10.5278 0.002047
 10.6069 0.002051
 10.6875 0.002115
 10.7696 0.002145
 10.8526 0.002169
 10.9376 0.002173
 11.0246 0.002192
 11.1132 0.002219
 11.2040 0.002268
 11.2972 0.002266
 11.3917 0.002282
 11.4890 0.002318
 11.5879 0.002340
 11.6897 0.002367
 11.7935 0.002400
 11.9018 0.002434
 12.0133 0.002408
 12.1282 0.002460
 12.2458 0.002479
 12.3674 0.002498
 12.4926 0.002498
 12.6223 0.002558
 12.7572 0.002550
 12.8971 0.002603
 13.0431 0.002660
 13.1952 0.002728
 13.3536 0.002778
 13.5202 0.002825
 13.6962 0.002859
 13.8797 0.002953
 14.0752 0.003092
 14.2834 0.003170
 14.5058 0.003337
 14.7432 0.003490
 14.9984 0.003677
 15.2751 0.003807
 15.5823 0.004010
 15.9226 0.004119
 16.3029 0.004611
 16.7412 0.004637
 17.2535 0.005062
 17.8675 0.005629
 18.6542 0.006506
 19.7473 0.007913
 20.0303 0.008422
 20.3435 0.008894
 20.6983 0.009589
 21.1031 0.010270
 21.5754 0.010996
 22.1475 0.012706
 22.8843 0.014501
 23.9134 0.018282
 25.6037 0.024338
 27.2897 0.032825
 29.5420 0.049893
 31.1663 0.067588
 tr2-01-2 2 2
 1.24035E-01 2.32592E-03
 1.86374E-01 2.49012E-03
 3.19590E-01 2.56787E-03
 4.72313E-01 2.61934E-03
 6.91580E-01 2.53644E-03
 8.54455E-01 2.41359E-03
 9.89679E-01 2.25854E-03
 1.10705E+00 2.22589E-03
 1.21101E+00 2.19717E-03
 1.30457E+00 2.17926E-03
 1.38999E+00 2.24733E-03
 1.46904E+00 2.25298E-03
 1.54435E+00 2.20982E-03
 1.85901E+00 2.11107E-03
 2.11023E+00 2.06535E-03
 2.32485E+00 2.00023E-03
 2.51279E+00 1.87244E-03
 2.67952E+00 1.81717E-03
 2.83096E+00 1.78416E-03
 2.97121E+00 1.74145E-03
 3.10200E+00 1.68930E-03
 3.22281E+00 1.65590E-03
 3.33865E+00 1.64440E-03
 3.44837E+00 1.66584E-03
 3.55254E+00 1.61770E-03
 3.65294E+00 1.57161E-03
 3.74928E+00 1.52412E-03
 3.84165E+00 1.54283E-03
 3.93070E+00 1.52232E-03
 4.01692E+00 1.52665E-03
 4.10114E+00 1.50412E-03
 4.18245E+00 1.50516E-03
 4.26275E+00 1.48815E-03
 4.34025E+00 1.49064E-03
 4.41579E+00 1.48864E-03
 4.48906E+00 1.46198E-03
 4.56160E+00 1.42806E-03
 4.63259E+00 1.39024E-03
 4.70213E+00 1.38001E-03
 4.77065E+00 1.39560E-03
 4.83854E+00 1.39508E-03
 4.90472E+00 1.40024E-03
 4.97041E+00 1.38820E-03
 5.03416E+00 1.38942E-03
 5.09742E+00 1.36527E-03
 5.16011E+00 1.36726E-03
 5.22207E+00 1.36805E-03
 5.28310E+00 1.38906E-03
 5.34347E+00 1.37489E-03
 5.40353E+00 1.36866E-03
 5.46282E+00 1.37485E-03
 5.52130E+00 1.37906E-03
 5.57941E+00 1.35655E-03
 5.63699E+00 1.36643E-03
 5.69396E+00 1.37512E-03
 5.75118E+00 1.39373E-03
 5.80751E+00 1.40332E-03
 5.86354E+00 1.39615E-03
 5.91914E+00 1.40900E-03
 5.97478E+00 1.39355E-03
 6.02943E+00 1.39463E-03
 6.08388E+00 1.39921E-03
 6.13775E+00 1.40895E-03
 6.19166E+00 1.42906E-03
 6.24534E+00 1.41589E-03
 6.29849E+00 1.42578E-03
 6.35202E+00 1.41871E-03
 6.40485E+00 1.42523E-03
 6.45759E+00 1.42334E-03
 6.51026E+00 1.41363E-03
 6.56242E+00 1.40464E-03
 6.61443E+00 1.41270E-03
 6.66630E+00 1.41230E-03
 6.71791E+00 1.43533E-03
 6.76956E+00 1.43017E-03
 6.82124E+00 1.45305E-03
 6.87261E+00 1.45816E-03
 6.92403E+00 1.47229E-03
 6.97530E+00 1.48960E-03
 7.02613E+00 1.49345E-03
 7.07754E+00 1.48937E-03
 7.12899E+00 1.50216E-03
 7.17977E+00 1.50135E-03
 7.23083E+00 1.52306E-03
 7.28194E+00 1.51666E-03
 7.33309E+00 1.50865E-03
 7.38409E+00 1.50955E-03
 7.43483E+00 1.50733E-03
 7.48535E+00 1.50068E-03
 7.53602E+00 1.51190E-03
 7.58712E+00 1.53483E-03
 7.63810E+00 1.54639E-03
 7.68883E+00 1.54337E-03
 7.73978E+00 1.53498E-03
 7.79073E+00 1.54605E-03
 7.84163E+00 1.55349E-03
 7.89311E+00 1.57256E-03
 7.94423E+00 1.56343E-03
 7.99546E+00 1.56447E-03
 8.04721E+00 1.56196E-03
 8.09904E+00 1.55212E-03
 8.15061E+00 1.56771E-03
 8.20265E+00 1.56772E-03
 8.25436E+00 1.57159E-03
 8.30593E+00 1.57008E-03
 8.35841E+00 1.56396E-03
 8.41107E+00 1.55100E-03
 8.46306E+00 1.55886E-03
 8.51556E+00 1.55931E-03
 8.56810E+00 1.56733E-03
 8.62115E+00 1.58206E-03
 8.67394E+00 1.59781E-03
 8.72718E+00 1.58971E-03
 8.78081E+00 1.60087E-03
 8.83459E+00 1.59723E-03
 8.88876E+00 1.60588E-03
 8.94333E+00 1.61777E-03
 8.99754E+00 1.60823E-03
 9.05203E+00 1.61306E-03
 9.10712E+00 1.60580E-03
 9.16250E+00 1.60463E-03
 9.21870E+00 1.58283E-03
 9.27444E+00 1.58158E-03
 9.33107E+00 1.59252E-03
 9.38788E+00 1.60061E-03
 9.44471E+00 1.63043E-03
 9.50169E+00 1.63488E-03
 9.55901E+00 1.66311E-03
 9.61731E+00 1.66330E-03
 9.67577E+00 1.67890E-03
 9.73420E+00 1.68183E-03
 9.79328E+00 1.67074E-03
 9.85276E+00 1.65213E-03
 9.91240E+00 1.64935E-03
 9.97260E+00 1.67592E-03
 1.00332E+01 1.66868E-03
 1.00943E+01 1.68949E-03
 1.01559E+01 1.72327E-03
 1.02177E+01 1.75019E-03
 1.02805E+01 1.77910E-03
 1.03440E+01 1.77943E-03
 1.04081E+01 1.79127E-03
 1.04726E+01 1.80536E-03
 1.05380E+01 1.79600E-03
 1.06038E+01 1.80582E-03
 1.06701E+01 1.77671E-03
 1.07375E+01 1.75508E-03
 1.08056E+01 1.76046E-03
 1.08740E+01 1.78626E-03
 1.09436E+01 1.80801E-03
 1.10142E+01 1.84173E-03
 1.10856E+01 1.82882E-03
 1.11570E+01 1.82498E-03
 1.12298E+01 1.85455E-03
 1.13032E+01 1.89138E-03
 1.13775E+01 1.90148E-03
 1.14534E+01 1.93557E-03
 1.15302E+01 1.93948E-03
 1.16070E+01 1.93698E-03
 1.16858E+01 1.94266E-03
 1.17657E+01 1.95380E-03
 1.18466E+01 1.95012E-03
 1.19292E+01 1.97887E-03
 1.20122E+01 2.01160E-03
 1.20969E+01 2.03849E-03
 1.21836E+01 2.03706E-03
 1.22711E+01 2.07060E-03
 1.23602E+01 2.10751E-03
 1.24516E+01 2.12453E-03
 1.25435E+01 2.16281E-03
 1.26381E+01 2.19744E-03
 1.27344E+01 2.17600E-03
 1.28329E+01 2.18631E-03
 1.29337E+01 2.22832E-03
 1.30358E+01 2.28783E-03
 1.31402E+01 2.31371E-03
 1.32471E+01 2.34382E-03
 1.33575E+01 2.39265E-03
 1.34703E+01 2.42725E-03
 1.35862E+01 2.44423E-03
 1.37053E+01 2.52755E-03
 1.38267E+01 2.59012E-03
 1.39533E+01 2.58964E-03
 1.40835E+01 2.60353E-03
 1.42169E+01 2.62584E-03
 1.43537E+01 2.68406E-03
 1.44965E+01 2.72732E-03
 1.46448E+01 2.81797E-03
 1.47990E+01 2.88661E-03
 1.49589E+01 2.98285E-03
 1.51253E+01 3.05546E-03
 1.52994E+01 3.14053E-03
 1.54814E+01 3.23166E-03
 1.56725E+01 3.30603E-03
 1.58734E+01 3.46343E-03
 1.60853E+01 3.62533E-03
 1.63115E+01 3.67968E-03
 1.65522E+01 3.74982E-03
 1.68081E+01 3.89963E-03
 1.70867E+01 4.02236E-03
 1.73880E+01 4.11570E-03
 1.77184E+01 4.33064E-03
 1.80852E+01 4.72719E-03
 1.84985E+01 4.91039E-03
 1.89684E+01 5.35064E-03
 1.95193E+01 5.89403E-03
 2.01763E+01 6.36883E-03
 2.10217E+01 7.15839E-03
 2.21769E+01 8.59029E-03
 2.24751E+01 9.01316E-03
 2.28108E+01 9.70986E-03
 2.31858E+01 9.91885E-03
 2.36181E+01 1.05227E-02
 2.41215E+01 1.18334E-02
 2.47388E+01 1.27627E-02
 2.55283E+01 1.56950E-02
 2.65977E+01 1.79761E-02
 2.84236E+01 2.61431E-02
 3.02136E+01 3.47983E-02
 3.24911E+01 5.18435E-02
 3.41717E+01 7.78656E-02
tr2s-01-2 2 1
  1.4356 0.005948
  1.5835 0.004727
  1.8194 0.003747
  2.0277 0.003094
  2.2815 0.002626
  2.4491 0.002308
  2.5814 0.002226
  2.6891 0.002064
  2.7845 0.001999
  2.8678 0.001923
  2.9442 0.001917
  3.0139 0.001814
  3.0777 0.001786
  3.3448 0.001703
  3.5575 0.001607
  3.7366 0.001527
  3.8945 0.001525
  4.0369 0.001503
  4.1669 0.001474
  4.2864 0.001458
  4.3991 0.001433
  4.5057 0.001358
  4.6062 0.001329
  4.7016 0.001322
  4.7929 0.001354
  4.8814 0.001343
  4.9672 0.001327
  5.0496 0.001310
  5.1295 0.001283
  5.2067 0.001288
  5.2818 0.001268
  5.3559 0.001285
  5.4281 0.001277
  5.4986 0.001293
  5.5678 0.001299
  5.6356 0.001298
  5.7019 0.001307
  5.7673 0.001308
  5.8319 0.001303
  5.8952 0.001289
  5.9578 0.001283
  6.0194 0.001259
  6.0803 0.001264
  6.1401 0.001273
  6.1996 0.001269
  6.2576 0.001275
  6.3151 0.001268
  6.3725 0.001242
  6.4292 0.001256
  6.4854 0.001257
  6.5412 0.001259
  6.5964 0.001262
  6.6509 0.001255
  6.7053 0.001273
  6.7592 0.001272
  6.8130 0.001288
  6.8659 0.001287
  6.9188 0.001299
  6.9711 0.001303
  7.0232 0.001322
  7.0752 0.001319
  7.1270 0.001313
  7.1784 0.001321
  7.2298 0.001319
  7.2812 0.001343
  7.3323 0.001341
  7.3832 0.001347
  7.4340 0.001355
  7.4845 0.001344
  7.5348 0.001350
  7.5850 0.001333
  7.6351 0.001358
  7.6845 0.001397
  7.7342 0.001415
  7.7838 0.001419
  7.8333 0.001419
  7.8827 0.001423
  7.9321 0.001438
  7.9814 0.001451
  8.0309 0.001437
  8.0804 0.001425
  8.1297 0.001434
  8.1791 0.001424
  8.2283 0.001417
  8.2774 0.001423
  8.3264 0.001433
  8.3756 0.001431
  8.4248 0.001445
  8.4742 0.001450
  8.5233 0.001436
  8.5724 0.001449
  8.6217 0.001445
  8.6710 0.001446
  8.7205 0.001453
  8.7701 0.001457
  8.8197 0.001455
  8.8695 0.001453
  8.9195 0.001459
  8.9690 0.001467
  9.0192 0.001469
  9.0692 0.001482
  9.1190 0.001485
  9.1693 0.001477
  9.2199 0.001480
  9.2704 0.001465
  9.3217 0.001495
  9.3730 0.001499
  9.4241 0.001489
  9.4752 0.001484
  9.5265 0.001489
  9.5783 0.001503
  9.6303 0.001510
  9.6823 0.001515
  9.7346 0.001523
  9.7872 0.001550
  9.8397 0.001553
  9.8926 0.001548
  9.9459 0.001573
  9.9993 0.001566
 10.0533 0.001576
 10.1075 0.001592
 10.1617 0.001615
 10.2165 0.001622
 10.2716 0.001645
 10.3268 0.001646
 10.3826 0.001662
 10.4389 0.001658
 10.4948 0.001665
 10.5514 0.001689
 10.6084 0.001709
 10.6660 0.001678
 10.7237 0.001676
 10.7826 0.001695
 10.8417 0.001704
 10.9008 0.001705
 10.9608 0.001737
 11.0217 0.001750
 11.0827 0.001762
 11.1442 0.001771
 11.2060 0.001784
 11.2686 0.001813
 11.3319 0.001820
 11.3956 0.001832
 11.4599 0.001820
 11.5251 0.001821
 11.5907 0.001842
 11.6570 0.001844
 11.7240 0.001834
 11.7915 0.001842
 11.8598 0.001865
 11.9291 0.001867
 11.9989 0.001850
 12.0698 0.001878
 12.1412 0.001887
 12.2134 0.001873
 12.2873 0.001878
 12.3619 0.001899
 12.4377 0.001921
 12.5140 0.001927
 12.5920 0.001949
 12.6705 0.001965
 12.7509 0.001964
 12.8325 0.001991
 12.9160 0.002024
 13.0003 0.002023
 13.0852 0.002023
 13.1723 0.002045
 13.2606 0.002053
 13.3497 0.002119
 13.4413 0.002143
 13.5349 0.002197
 13.6298 0.002221
 13.7268 0.002256
 13.8263 0.002279
 13.9281 0.002322
 14.0325 0.002327
 14.1393 0.002371
 14.2480 0.002356
 14.3601 0.002402
 14.4749 0.002432
 14.5929 0.002530
 14.7136 0.002579
 14.8384 0.002621
 14.9676 0.002637
 15.1006 0.002728
 15.2386 0.002822
 15.3800 0.002889
 15.5267 0.002902
 15.6796 0.002895
 15.8381 0.002968
 16.0033 0.003059
 16.1752 0.003133
 16.3562 0.003187
 16.5459 0.003246
 16.7450 0.003257
 16.9562 0.003408
 17.1804 0.003572
 17.4206 0.003607
 17.6758 0.003759
 17.9532 0.003995
 18.2549 0.004211
 18.5859 0.004378
 18.9499 0.004572
 19.3616 0.004896
 19.8328 0.005260
 20.3781 0.005766
 21.0386 0.006238
 21.8758 0.007009
 23.0337 0.008510
 23.3313 0.008978
 23.6628 0.009119
 24.0359 0.009735
 24.4619 0.010370
 24.9682 0.011076
 25.5816 0.012885
 26.3638 0.014955
 27.4378 0.018511
 29.2279 0.026407
 31.0328 0.033504
 33.2968 0.053362
 35.0047 0.079868
