Copyright (C) 1998 James G. MacKinnon, Alfred A. Haug, and Leo Michelis.
 lm0-11-0 3 1
 33.5538 0.049824
 34.1927 0.038308
 35.2185 0.028452
 36.0778 0.022571
 37.0149 0.016162
 37.6039 0.013835
 38.0553 0.011520
 38.4043 0.010917
 38.7052 0.010384
 38.9690 0.010028
 39.1954 0.009839
 39.4085 0.009636
 39.5964 0.009139
 40.3678 0.007966
 40.9655 0.007666
 41.4508 0.007265
 41.8619 0.007100
 42.2277 0.006827
 42.5538 0.006595
 42.8541 0.006503
 43.1298 0.006313
 43.3856 0.006201
 43.6236 0.006074
 43.8465 0.005899
 44.0616 0.005702
 44.2629 0.005743
 44.4564 0.005627
 44.6447 0.005511
 44.8239 0.005479
 44.9977 0.005439
 45.1637 0.005376
 45.3249 0.005272
 45.4833 0.005218
 45.6361 0.005180
 45.7882 0.005131
 45.9341 0.004988
 46.0765 0.004939
 46.2158 0.004961
 46.3502 0.005031
 46.4831 0.005059
 46.6126 0.004962
 46.7408 0.004903
 46.8659 0.004853
 46.9897 0.004770
 47.1118 0.004717
 47.2304 0.004728
 47.3467 0.004714
 47.4638 0.004719
 47.5782 0.004670
 47.6922 0.004717
 47.8053 0.004778
 47.9159 0.004817
 48.0258 0.004765
 48.1359 0.004762
 48.2425 0.004737
 48.3477 0.004691
 48.4521 0.004636
 48.5561 0.004660
 48.6592 0.004654
 48.7609 0.004654
 48.8610 0.004631
 48.9619 0.004631
 49.0616 0.004565
 49.1595 0.004556
 49.2566 0.004560
 49.3546 0.004595
 49.4514 0.004555
 49.5471 0.004499
 49.6421 0.004487
 49.7378 0.004445
 49.8323 0.004449
 49.9259 0.004460
 50.0197 0.004421
 50.1124 0.004442
 50.2049 0.004483
 50.2975 0.004487
 50.3891 0.004470
 50.4802 0.004462
 50.5726 0.004524
 50.6636 0.004558
 50.7548 0.004598
 50.8461 0.004620
 50.9364 0.004644
 51.0264 0.004664
 51.1166 0.004665
 51.2069 0.004608
 51.2961 0.004664
 51.3853 0.004709
 51.4739 0.004683
 51.5627 0.004749
 51.6515 0.004722
 51.7409 0.004693
 51.8293 0.004714
 51.9186 0.004737
 52.0072 0.004721
 52.0956 0.004752
 52.1830 0.004786
 52.2731 0.004807
 52.3612 0.004854
 52.4497 0.004892
 52.5382 0.004877
 52.6259 0.004923
 52.7145 0.004920
 52.8035 0.004913
 52.8920 0.004923
 52.9808 0.004876
 53.0704 0.004853
 53.1585 0.004891
 53.2489 0.004925
 53.3391 0.005000
 53.4280 0.005029
 53.5191 0.005059
 53.6094 0.005044
 53.7006 0.005032
 53.7914 0.004994
 53.8815 0.004981
 53.9725 0.004988
 54.0634 0.004980
 54.1552 0.004985
 54.2491 0.004967
 54.3410 0.004975
 54.4333 0.004995
 54.5276 0.004938
 54.6210 0.004953
 54.7162 0.004947
 54.8097 0.004950
 54.9054 0.005042
 55.0009 0.005041
 55.0976 0.005065
 55.1924 0.005065
 55.2877 0.005077
 55.3855 0.005100
 55.4830 0.005109
 55.5810 0.005060
 55.6809 0.005044
 55.7807 0.005040
 55.8805 0.005011
 55.9806 0.005044
 56.0832 0.005105
 56.1859 0.005146
 56.2902 0.005090
 56.3950 0.005105
 56.5000 0.005139
 56.6049 0.005168
 56.7111 0.005209
 56.8182 0.005275
 56.9265 0.005244
 57.0355 0.005255
 57.1462 0.005287
 57.2594 0.005312
 57.3725 0.005337
 57.4865 0.005339
 57.6008 0.005389
 57.7174 0.005403
 57.8339 0.005487
 57.9520 0.005470
 58.0732 0.005482
 58.1952 0.005494
 58.3175 0.005548
 58.4419 0.005564
 58.5685 0.005589
 58.6960 0.005616
 58.8251 0.005738
 58.9546 0.005813
 59.0853 0.005812
 59.2212 0.005836
 59.3591 0.005861
 59.4985 0.005952
 59.6413 0.006061
 59.7863 0.006129
 59.9323 0.006155
 60.0858 0.006126
 60.2388 0.006182
 60.3935 0.006189
 60.5507 0.006240
 60.7128 0.006286
 60.8770 0.006384
 61.0441 0.006442
 61.2181 0.006486
 61.3946 0.006619
 61.5746 0.006887
 61.7614 0.006909
 61.9534 0.007068
 62.1487 0.007144
 62.3487 0.007272
 62.5588 0.007254
 62.7739 0.007347
 62.9966 0.007373
 63.2291 0.007502
 63.4670 0.007790
 63.7155 0.007889
 63.9739 0.007951
 64.2486 0.008013
 64.5345 0.008284
 64.8352 0.008468
 65.1505 0.008805
 65.4821 0.009159
 65.8367 0.009159
 66.2160 0.009200
 66.6204 0.009595
 67.0625 0.010144
 67.5402 0.010714
 68.0694 0.011293
 68.6661 0.011970
 69.3437 0.012835
 70.1443 0.013318
 71.0853 0.014682
 72.2826 0.016783
 73.8979 0.020852
 74.3211 0.021785
 74.7990 0.023007
 75.3089 0.025009
 75.9088 0.026685
 76.6098 0.029204
 77.4569 0.032223
 78.5158 0.036394
 80.0086 0.041169
 82.3836 0.058112
 84.8497 0.079780
 87.9085 0.123929
 90.2226 0.171938
 lm1-11-0 3 1
 36.2020 0.052511
 36.8796 0.039965
 37.9086 0.028833
 38.8294 0.020713
 39.7937 0.015680
 40.4083 0.013714
 40.8773 0.012773
 41.2456 0.012128
 41.5521 0.011592
 41.8209 0.011003
 42.0676 0.010222
 42.2823 0.009652
 42.4764 0.009198
 43.2798 0.007981
 43.8782 0.007491
 44.3724 0.007179
 44.7970 0.006609
 45.1716 0.006400
 45.5081 0.006005
 45.8146 0.005962
 46.0989 0.005698
 46.3629 0.005649
 46.6101 0.005816
 46.8393 0.005753
 47.0615 0.005785
 47.2708 0.005671
 47.4689 0.005585
 47.6596 0.005416
 47.8460 0.005408
 48.0233 0.005367
 48.1929 0.005271
 48.3589 0.005233
 48.5183 0.005222
 48.6742 0.005151
 48.8275 0.005044
 48.9770 0.004993
 49.1231 0.004988
 49.2653 0.005014
 49.4082 0.004980
 49.5449 0.004970
 49.6765 0.004940
 49.8085 0.004920
 49.9379 0.004896
 50.0640 0.004829
 50.1884 0.004780
 50.3111 0.004765
 50.4318 0.004746
 50.5505 0.004776
 50.6671 0.004781
 50.7828 0.004760
 50.8979 0.004798
 51.0122 0.004849
 51.1251 0.004823
 51.2370 0.004834
 51.3458 0.004795
 51.4524 0.004770
 51.5587 0.004734
 51.6642 0.004770
 51.7708 0.004731
 51.8758 0.004731
 51.9794 0.004713
 52.0825 0.004738
 52.1832 0.004749
 52.2838 0.004768
 52.3839 0.004766
 52.4835 0.004782
 52.5823 0.004781
 52.6815 0.004805
 52.7802 0.004774
 52.8789 0.004765
 52.9761 0.004751
 53.0728 0.004757
 53.1686 0.004755
 53.2639 0.004731
 53.3591 0.004750
 53.4527 0.004686
 53.5478 0.004704
 53.6425 0.004675
 53.7352 0.004667
 53.8285 0.004752
 53.9209 0.004752
 54.0140 0.004693
 54.1078 0.004659
 54.1998 0.004678
 54.2916 0.004677
 54.3836 0.004735
 54.4742 0.004757
 54.5655 0.004767
 54.6576 0.004733
 54.7494 0.004728
 54.8400 0.004757
 54.9309 0.004709
 55.0218 0.004751
 55.1129 0.004708
 55.2045 0.004731
 55.2956 0.004699
 55.3870 0.004711
 55.4783 0.004710
 55.5697 0.004771
 55.6608 0.004820
 55.7511 0.004808
 55.8423 0.004833
 55.9330 0.004790
 56.0231 0.004776
 56.1141 0.004757
 56.2050 0.004742
 56.2968 0.004769
 56.3890 0.004824
 56.4801 0.004817
 56.5723 0.004865
 56.6642 0.004855
 56.7564 0.004871
 56.8480 0.004883
 56.9402 0.004868
 57.0333 0.004866
 57.1268 0.004912
 57.2196 0.004896
 57.3139 0.004915
 57.4087 0.004961
 57.5016 0.005039
 57.5965 0.005034
 57.6908 0.004983
 57.7851 0.004929
 57.8809 0.004964
 57.9764 0.005022
 58.0728 0.005075
 58.1683 0.005069
 58.2646 0.005044
 58.3629 0.005113
 58.4609 0.005138
 58.5594 0.005179
 58.6587 0.005208
 58.7587 0.005240
 58.8598 0.005247
 58.9615 0.005321
 59.0625 0.005387
 59.1652 0.005484
 59.2685 0.005485
 59.3729 0.005525
 59.4788 0.005538
 59.5848 0.005614
 59.6926 0.005564
 59.7995 0.005560
 59.9074 0.005519
 60.0171 0.005540
 60.1278 0.005564
 60.2384 0.005595
 60.3502 0.005644
 60.4630 0.005575
 60.5768 0.005647
 60.6906 0.005714
 60.8079 0.005707
 60.9250 0.005711
 61.0434 0.005706
 61.1641 0.005673
 61.2845 0.005644
 61.4071 0.005667
 61.5294 0.005698
 61.6526 0.005719
 61.7796 0.005765
 61.9087 0.005747
 62.0409 0.005833
 62.1741 0.005845
 62.3074 0.005876
 62.4438 0.005948
 62.5811 0.006029
 62.7194 0.006074
 62.8622 0.006076
 63.0079 0.006154
 63.1557 0.006140
 63.3052 0.006061
 63.4585 0.006163
 63.6146 0.006205
 63.7713 0.006275
 63.9340 0.006266
 64.0996 0.006373
 64.2678 0.006329
 64.4399 0.006426
 64.6157 0.006515
 64.7970 0.006610
 64.9801 0.006774
 65.1707 0.006926
 65.3688 0.006972
 65.5700 0.006984
 65.7766 0.007128
 65.9877 0.007189
 66.2054 0.007327
 66.4347 0.007418
 66.6718 0.007374
 66.9172 0.007340
 67.1725 0.007420
 67.4423 0.007572
 67.7216 0.007770
 68.0101 0.007945
 68.3116 0.008119
 68.6311 0.008498
 68.9733 0.008584
 69.3367 0.009085
 69.7237 0.009511
 70.1409 0.009831
 70.5927 0.010206
 71.0823 0.010613
 71.6275 0.011328
 72.2284 0.012000
 72.9207 0.012793
 73.7227 0.014374
 74.6765 0.015139
 75.8774 0.017111
 77.5416 0.020589
 77.9607 0.021679
 78.4330 0.022841
 78.9704 0.024326
 79.5773 0.026216
 80.2807 0.029046
 81.1358 0.032646
 82.2410 0.038267
 83.7563 0.046346
 86.2564 0.058328
 88.6092 0.076885
 91.7475 0.117395
 94.1709 0.164105
lm1s-11-0 3 1
 36.7932 0.050041
 37.5468 0.040157
 38.6007 0.027405
 39.5375 0.020696
 40.4875 0.016426
 41.0990 0.014245
 41.5687 0.013773
 41.9291 0.012561
 42.2486 0.011677
 42.5138 0.010777
 42.7561 0.010116
 42.9770 0.009710
 43.1714 0.009366
 43.9690 0.008050
 44.5722 0.007709
 45.0712 0.007248
 45.4963 0.006913
 45.8709 0.006555
 46.2082 0.006330
 46.5151 0.006067
 46.8005 0.006038
 47.0602 0.005913
 47.3074 0.005768
 47.5411 0.005793
 47.7605 0.005753
 47.9721 0.005599
 48.1742 0.005522
 48.3654 0.005475
 48.5507 0.005473
 48.7283 0.005303
 48.9005 0.005138
 49.0663 0.005088
 49.2286 0.005198
 49.3871 0.005158
 49.5391 0.005110
 49.6889 0.005076
 49.8350 0.005028
 49.9788 0.005018
 50.1183 0.004948
 50.2556 0.004913
 50.3881 0.004841
 50.5189 0.004837
 50.6505 0.004809
 50.7772 0.004723
 50.9012 0.004737
 51.0239 0.004776
 51.1451 0.004723
 51.2641 0.004769
 51.3821 0.004750
 51.4993 0.004726
 51.6131 0.004772
 51.7261 0.004711
 51.8378 0.004723
 51.9488 0.004766
 52.0584 0.004790
 52.1669 0.004786
 52.2740 0.004755
 52.3803 0.004746
 52.4852 0.004830
 52.5900 0.004912
 52.6948 0.004851
 52.7966 0.004842
 52.8982 0.004863
 52.9996 0.004800
 53.1001 0.004825
 53.2003 0.004830
 53.2997 0.004895
 53.3984 0.004885
 53.4963 0.004805
 53.5943 0.004816
 53.6914 0.004776
 53.7880 0.004764
 53.8852 0.004798
 53.9810 0.004790
 54.0768 0.004771
 54.1724 0.004790
 54.2663 0.004785
 54.3608 0.004830
 54.4540 0.004805
 54.5473 0.004788
 54.6398 0.004774
 54.7330 0.004750
 54.8255 0.004788
 54.9182 0.004848
 55.0099 0.004810
 55.1017 0.004779
 55.1939 0.004784
 55.2853 0.004752
 55.3768 0.004806
 55.4684 0.004798
 55.5595 0.004837
 55.6504 0.004803
 55.7428 0.004789
 55.8341 0.004777
 55.9256 0.004734
 56.0161 0.004716
 56.1064 0.004707
 56.1972 0.004684
 56.2885 0.004733
 56.3794 0.004759
 56.4691 0.004753
 56.5605 0.004741
 56.6521 0.004744
 56.7434 0.004745
 56.8344 0.004749
 56.9262 0.004785
 57.0169 0.004796
 57.1082 0.004764
 57.1996 0.004814
 57.2930 0.004759
 57.3843 0.004807
 57.4765 0.004862
 57.5687 0.004878
 57.6608 0.004857
 57.7534 0.004816
 57.8467 0.004814
 57.9403 0.004836
 58.0339 0.004941
 58.1278 0.004990
 58.2221 0.004950
 58.3167 0.004992
 58.4121 0.005032
 58.5067 0.005021
 58.6020 0.005054
 58.6971 0.005073
 58.7953 0.005057
 58.8930 0.005113
 58.9891 0.005162
 59.0860 0.005239
 59.1841 0.005292
 59.2839 0.005339
 59.3846 0.005327
 59.4842 0.005359
 59.5848 0.005354
 59.6856 0.005362
 59.7876 0.005363
 59.8903 0.005370
 59.9945 0.005391
 60.0986 0.005427
 60.2048 0.005426
 60.3107 0.005501
 60.4172 0.005500
 60.5259 0.005511
 60.6341 0.005505
 60.7440 0.005587
 60.8551 0.005633
 60.9664 0.005566
 61.0768 0.005559
 61.1879 0.005497
 61.3013 0.005461
 61.4166 0.005554
 61.5320 0.005566
 61.6501 0.005634
 61.7673 0.005646
 61.8882 0.005705
 62.0082 0.005756
 62.1319 0.005821
 62.2569 0.005836
 62.3824 0.005876
 62.5083 0.005937
 62.6363 0.005986
 62.7677 0.006014
 62.8994 0.006014
 63.0336 0.006011
 63.1698 0.006045
 63.3100 0.006046
 63.4497 0.006095
 63.5927 0.006186
 63.7383 0.006208
 63.8851 0.006231
 64.0344 0.006228
 64.1867 0.006249
 64.3436 0.006343
 64.5048 0.006332
 64.6668 0.006362
 64.8338 0.006528
 65.0038 0.006627
 65.1768 0.006643
 65.3538 0.006630
 65.5346 0.006575
 65.7196 0.006660
 65.9081 0.006718
 66.1028 0.006815
 66.3018 0.006865
 66.5096 0.006949
 66.7247 0.007036
 66.9434 0.007148
 67.1733 0.007179
 67.4097 0.007299
 67.6537 0.007458
 67.9099 0.007585
 68.1749 0.007671
 68.4487 0.007890
 68.7411 0.008033
 69.0486 0.008199
 69.3722 0.008474
 69.7156 0.008805
 70.0738 0.009036
 70.4639 0.009399
 70.8766 0.009712
 71.3285 0.010267
 71.8161 0.010931
 72.3584 0.011651
 72.9624 0.012320
 73.6520 0.013150
 74.4496 0.014138
 75.4102 0.015088
 76.6184 0.017149
 78.2760 0.020790
 78.6977 0.021799
 79.1618 0.023378
 79.6905 0.024568
 80.3021 0.026730
 81.0127 0.029384
 81.8560 0.032878
 82.9487 0.037832
 84.4621 0.045014
 86.9934 0.059988
 89.4540 0.076270
 92.4329 0.118137
 94.6404 0.167268
 lm2-11-0 3 1
 38.7510 0.055004
 39.5310 0.040096
 40.6591 0.030202
 41.5938 0.022977
 42.5928 0.017717
 43.2394 0.014936
 43.7004 0.013448
 44.0823 0.012354
 44.4027 0.011568
 44.6796 0.011090
 44.9212 0.010331
 45.1411 0.010336
 45.3435 0.009790
 46.1613 0.008297
 46.7852 0.007519
 47.3031 0.007486
 47.7344 0.007149
 48.1178 0.006790
 48.4613 0.006396
 48.7724 0.006168
 49.0653 0.006103
 49.3348 0.005952
 49.5882 0.005836
 49.8227 0.005649
 50.0477 0.005577
 50.2612 0.005449
 50.4674 0.005359
 50.6670 0.005299
 50.8588 0.005315
 51.0397 0.005420
 51.2158 0.005409
 51.3861 0.005368
 51.5532 0.005300
 51.7140 0.005319
 51.8703 0.005402
 52.0228 0.005413
 52.1719 0.005435
 52.3175 0.005285
 52.4597 0.005247
 52.5991 0.005248
 52.7364 0.005288
 52.8712 0.005274
 53.0024 0.005263
 53.1321 0.005253
 53.2594 0.005226
 53.3846 0.005246
 53.5088 0.005187
 53.6313 0.005147
 53.7503 0.005109
 53.8685 0.005134
 53.9861 0.005115
 54.1030 0.005045
 54.2159 0.005080
 54.3294 0.005097
 54.4417 0.005103
 54.5531 0.005089
 54.6619 0.005091
 54.7704 0.005104
 54.8785 0.005104
 54.9849 0.005074
 55.0903 0.005051
 55.1962 0.005025
 55.3008 0.005008
 55.4034 0.004947
 55.5070 0.004920
 55.6088 0.004874
 55.7121 0.004905
 55.8132 0.004890
 55.9134 0.004965
 56.0127 0.004948
 56.1135 0.004880
 56.2121 0.004886
 56.3101 0.004912
 56.4074 0.004877
 56.5050 0.004863
 56.6016 0.004908
 56.6979 0.004933
 56.7931 0.004927
 56.8891 0.004871
 56.9847 0.004870
 57.0794 0.004889
 57.1740 0.004858
 57.2677 0.004836
 57.3625 0.004873
 57.4553 0.004878
 57.5498 0.004944
 57.6432 0.004921
 57.7362 0.004983
 57.8282 0.004924
 57.9214 0.004883
 58.0138 0.004892
 58.1084 0.004901
 58.2017 0.004905
 58.2935 0.004967
 58.3863 0.004966
 58.4799 0.005007
 58.5730 0.004998
 58.6674 0.005035
 58.7600 0.005058
 58.8529 0.005108
 58.9461 0.005067
 59.0391 0.005070
 59.1316 0.005095
 59.2247 0.005113
 59.3175 0.005098
 59.4110 0.005086
 59.5047 0.005087
 59.5981 0.005074
 59.6915 0.005105
 59.7857 0.005129
 59.8788 0.005118
 59.9742 0.005073
 60.0693 0.005050
 60.1650 0.005023
 60.2593 0.005033
 60.3539 0.005062
 60.4491 0.005029
 60.5457 0.005053
 60.6419 0.005071
 60.7379 0.005135
 60.8342 0.005145
 60.9306 0.005142
 61.0278 0.005187
 61.1266 0.005233
 61.2242 0.005335
 61.3237 0.005355
 61.4234 0.005339
 61.5222 0.005322
 61.6228 0.005357
 61.7239 0.005385
 61.8249 0.005380
 61.9274 0.005386
 62.0289 0.005313
 62.1303 0.005329
 62.2334 0.005294
 62.3379 0.005296
 62.4423 0.005324
 62.5470 0.005276
 62.6542 0.005280
 62.7612 0.005353
 62.8686 0.005316
 62.9775 0.005353
 63.0861 0.005411
 63.1959 0.005461
 63.3074 0.005504
 63.4206 0.005502
 63.5323 0.005518
 63.6458 0.005512
 63.7616 0.005530
 63.8782 0.005537
 63.9941 0.005608
 64.1135 0.005571
 64.2343 0.005569
 64.3554 0.005515
 64.4784 0.005497
 64.6019 0.005524
 64.7261 0.005573
 64.8529 0.005498
 64.9804 0.005536
 65.1083 0.005612
 65.2427 0.005647
 65.3764 0.005725
 65.5099 0.005706
 65.6480 0.005736
 65.7878 0.005771
 65.9291 0.005749
 66.0704 0.005797
 66.2151 0.005927
 66.3647 0.005905
 66.5135 0.005909
 66.6635 0.005989
 66.8201 0.006083
 66.9795 0.006050
 67.1407 0.006132
 67.3054 0.006214
 67.4723 0.006309
 67.6444 0.006538
 67.8217 0.006615
 68.0016 0.006719
 68.1858 0.006830
 68.3751 0.006910
 68.5677 0.007001
 68.7653 0.007032
 68.9709 0.007190
 69.1826 0.007277
 69.3997 0.007402
 69.6232 0.007589
 69.8554 0.007666
 70.0964 0.007727
 70.3467 0.007886
 70.6046 0.008064
 70.8759 0.008274
 71.1634 0.008400
 71.4638 0.008548
 71.7731 0.008514
 72.0991 0.008591
 72.4482 0.008819
 72.8143 0.009093
 73.2118 0.009577
 73.6378 0.010271
 74.0968 0.010713
 74.5963 0.011183
 75.1531 0.011660
 75.7783 0.012154
 76.4837 0.012911
 77.2806 0.014551
 78.2723 0.015320
 79.5061 0.017664
 81.2036 0.021107
 81.6296 0.022204
 82.0998 0.023385
 82.6326 0.025409
 83.2401 0.026703
 83.9791 0.028203
 84.8365 0.032279
 85.9452 0.036269
 87.4877 0.042092
 90.0024 0.057653
 92.4398 0.078005
 95.6453 0.124003
 97.7467 0.163722
lm2s-11-0 3 1
 39.4409 0.058999
 40.2465 0.041796
 41.3379 0.028552
 42.2732 0.023511
 43.2944 0.017201
 43.9298 0.014517
 44.4047 0.013539
 44.7788 0.012490
 45.0957 0.011995
 45.3704 0.011471
 45.6191 0.010805
 45.8478 0.010590
 46.0546 0.010123
 46.8675 0.008528
 47.4953 0.007897
 48.0013 0.007236
 48.4408 0.006800
 48.8258 0.006520
 49.1725 0.006290
 49.4876 0.006229
 49.7775 0.006045
 50.0449 0.005804
 50.2935 0.005690
 50.5327 0.005484
 50.7627 0.005540
 50.9777 0.005556
 51.1853 0.005571
 51.3840 0.005536
 51.5747 0.005420
 51.7578 0.005358
 51.9344 0.005375
 52.1054 0.005455
 52.2699 0.005369
 52.4297 0.005268
 52.5864 0.005254
 52.7405 0.005276
 52.8894 0.005213
 53.0350 0.005235
 53.1772 0.005174
 53.3175 0.005187
 53.4555 0.005285
 53.5895 0.005246
 53.7206 0.005218
 53.8506 0.005187
 53.9786 0.005149
 54.1046 0.005125
 54.2290 0.005090
 54.3502 0.005140
 54.4712 0.005050
 54.5893 0.005060
 54.7065 0.005020
 54.8243 0.005003
 54.9376 0.004995
 55.0518 0.004999
 55.1643 0.004983
 55.2755 0.004908
 55.3862 0.004923
 55.4963 0.004955
 55.6047 0.004865
 55.7130 0.004867
 55.8193 0.004930
 55.9243 0.004967
 56.0288 0.005014
 56.1328 0.004981
 56.2354 0.004951
 56.3379 0.004909
 56.4388 0.004902
 56.5393 0.004901
 56.6397 0.004918
 56.7393 0.004931
 56.8380 0.004892
 56.9374 0.004877
 57.0354 0.004860
 57.1335 0.004842
 57.2309 0.004830
 57.3271 0.004829
 57.4244 0.004866
 57.5220 0.004891
 57.6158 0.004904
 57.7113 0.004903
 57.8060 0.004893
 57.9007 0.004933
 57.9951 0.004896
 58.0892 0.004926
 58.1826 0.004908
 58.2768 0.004946
 58.3702 0.004933
 58.4637 0.004911
 58.5584 0.004911
 58.6526 0.004954
 58.7443 0.004995
 58.8367 0.005035
 58.9289 0.005067
 59.0227 0.005074
 59.1173 0.005102
 59.2094 0.005073
 59.3024 0.005091
 59.3951 0.005142
 59.4884 0.005107
 59.5818 0.005110
 59.6755 0.005121
 59.7698 0.005091
 59.8635 0.005105
 59.9573 0.005059
 60.0510 0.005004
 60.1441 0.005003
 60.2379 0.005027
 60.3316 0.005051
 60.4251 0.005004
 60.5196 0.005018
 60.6129 0.004988
 60.7067 0.005024
 60.8013 0.005055
 60.8957 0.005065
 60.9907 0.005094
 61.0850 0.005110
 61.1810 0.005147
 61.2770 0.005176
 61.3731 0.005186
 61.4685 0.005275
 61.5654 0.005297
 61.6628 0.005328
 61.7599 0.005331
 61.8575 0.005308
 61.9559 0.005304
 62.0548 0.005310
 62.1559 0.005305
 62.2549 0.005279
 62.3546 0.005271
 62.4553 0.005276
 62.5553 0.005286
 62.6564 0.005262
 62.7581 0.005229
 62.8614 0.005211
 62.9645 0.005209
 63.0682 0.005224
 63.1737 0.005308
 63.2793 0.005361
 63.3848 0.005357
 63.4907 0.005347
 63.5975 0.005360
 63.7078 0.005403
 63.8164 0.005423
 63.9272 0.005427
 64.0382 0.005505
 64.1505 0.005522
 64.2654 0.005497
 64.3797 0.005473
 64.4952 0.005544
 64.6117 0.005551
 64.7290 0.005572
 64.8479 0.005631
 64.9674 0.005691
 65.0895 0.005717
 65.2124 0.005736
 65.3365 0.005731
 65.4607 0.005741
 65.5890 0.005779
 65.7150 0.005763
 65.8453 0.005756
 65.9768 0.005764
 66.1100 0.005856
 66.2450 0.005921
 66.3812 0.006008
 66.5186 0.006011
 66.6589 0.006061
 66.8027 0.005992
 66.9474 0.006028
 67.0952 0.006044
 67.2463 0.006159
 67.3989 0.006126
 67.5562 0.006205
 67.7163 0.006204
 67.8764 0.006254
 68.0406 0.006333
 68.2095 0.006378
 68.3809 0.006492
 68.5570 0.006596
 68.7370 0.006630
 68.9210 0.006753
 69.1108 0.006753
 69.3046 0.006744
 69.5041 0.006942
 69.7053 0.007081
 69.9166 0.007163
 70.1336 0.007331
 70.3599 0.007460
 70.5910 0.007584
 70.8317 0.007736
 71.0817 0.007947
 71.3380 0.008198
 71.6113 0.008383
 71.8945 0.008522
 72.1902 0.008496
 72.5053 0.008792
 72.8305 0.008729
 73.1825 0.009028
 73.5530 0.009462
 73.9444 0.010110
 74.3729 0.010073
 74.8381 0.010615
 75.3335 0.010970
 75.8891 0.011294
 76.5070 0.012338
 77.2059 0.013384
 78.0246 0.014488
 79.0088 0.015742
 80.2498 0.017821
 81.9240 0.021402
 82.3669 0.022298
 82.8366 0.023698
 83.3712 0.024811
 84.0001 0.026048
 84.7098 0.028853
 85.5956 0.032865
 86.6737 0.036546
 88.2177 0.042437
 90.7307 0.058205
 93.1367 0.080033
 96.3313 0.122576
 98.5799 0.163278
 tr0-11-0 3 1
168.3910 0.190007
170.9799 0.146388
175.0150 0.103073
177.9560 0.077635
181.0646 0.057912
183.0874 0.049280
184.5819 0.042068
185.7849 0.037576
186.7629 0.035012
187.6203 0.032807
188.4251 0.032150
189.1177 0.030926
189.7536 0.029540
192.2737 0.026266
194.1821 0.024684
195.7404 0.023234
197.0445 0.021780
198.1972 0.020593
199.2149 0.020087
200.1390 0.019223
200.9865 0.018715
201.7751 0.018284
202.5129 0.017167
203.2138 0.016708
203.8623 0.016267
204.4873 0.016077
205.0738 0.015831
205.6369 0.015597
206.1764 0.015320
206.6984 0.015237
207.1950 0.014965
207.6805 0.014917
208.1486 0.014696
208.6022 0.014747
209.0440 0.014353
209.4738 0.014148
209.8937 0.014153
210.3035 0.013987
210.7034 0.013901
211.0978 0.013900
211.4781 0.013741
211.8513 0.013776
212.2136 0.013491
212.5723 0.013480
212.9268 0.013424
213.2787 0.013226
213.6180 0.013190
213.9537 0.013188
214.2846 0.013240
214.6098 0.013328
214.9308 0.013447
215.2427 0.013320
215.5592 0.013399
215.8673 0.013389
216.1730 0.013526
216.4754 0.013420
216.7725 0.013457
217.0679 0.013474
217.3559 0.013432
217.6424 0.013326
217.9296 0.013343
218.2149 0.013389
218.4947 0.013491
218.7712 0.013496
219.0479 0.013546
219.3158 0.013444
219.5869 0.013404
219.8574 0.013054
220.1200 0.013019
220.3845 0.013029
220.6532 0.013000
220.9142 0.013018
221.1763 0.012975
221.4308 0.013021
221.6862 0.012930
221.9423 0.012904
222.1983 0.012802
222.4534 0.012828
222.7032 0.012718
222.9548 0.012658
223.2056 0.012658
223.4519 0.012696
223.7022 0.012746
223.9521 0.012723
224.1963 0.012726
224.4385 0.012716
224.6802 0.012741
224.9252 0.012608
225.1666 0.012681
225.4084 0.012664
225.6478 0.012584
225.8873 0.012617
226.1285 0.012627
226.3676 0.012571
226.6043 0.012455
226.8409 0.012362
227.0792 0.012327
227.3188 0.012294
227.5514 0.012286
227.7872 0.012176
228.0244 0.012077
228.2604 0.012139
228.4940 0.012124
228.7286 0.012118
228.9640 0.012197
229.1973 0.012094
229.4332 0.012059
229.6709 0.012179
229.9078 0.012199
230.1433 0.012139
230.3839 0.012298
230.6190 0.012341
230.8558 0.012364
231.0936 0.012414
231.3321 0.012497
231.5710 0.012522
231.8108 0.012655
232.0482 0.012623
232.2893 0.012734
232.5310 0.012958
232.7719 0.012942
233.0150 0.012908
233.2561 0.012883
233.4974 0.012812
233.7427 0.012951
233.9887 0.013030
234.2361 0.013135
234.4832 0.013207
234.7308 0.013153
234.9784 0.013166
235.2289 0.013233
235.4777 0.013164
235.7305 0.013290
235.9814 0.013207
236.2340 0.013150
236.4859 0.013210
236.7404 0.013205
236.9958 0.013312
237.2551 0.013357
237.5164 0.013344
237.7742 0.013377
238.0372 0.013516
238.3041 0.013613
238.5713 0.013846
238.8407 0.013755
239.1118 0.013923
239.3853 0.014006
239.6581 0.013985
239.9332 0.013937
240.2103 0.013876
240.4902 0.013888
240.7706 0.014121
241.0516 0.014286
241.3384 0.014216
241.6283 0.014340
241.9204 0.014431
242.2135 0.014575
242.5132 0.014617
242.8150 0.014619
243.1195 0.014601
243.4308 0.014799
243.7440 0.014838
244.0630 0.014870
244.3828 0.014885
244.7067 0.014922
245.0395 0.015000
245.3729 0.015008
245.7122 0.014963
246.0580 0.014853
246.4061 0.014858
246.7603 0.015008
247.1195 0.014789
247.4910 0.014859
247.8610 0.015077
248.2380 0.015283
248.6244 0.015595
249.0191 0.015919
249.4221 0.016217
249.8353 0.016684
250.2587 0.016856
250.6875 0.017111
251.1296 0.017266
251.5815 0.017450
252.0448 0.017419
252.5202 0.017454
253.0181 0.017617
253.5262 0.017781
254.0449 0.017908
254.5835 0.018194
255.1440 0.018178
255.7249 0.018523
256.3225 0.018513
256.9485 0.018775
257.5894 0.019241
258.2626 0.019576
258.9744 0.020266
259.7338 0.020896
260.5271 0.021896
261.3779 0.022269
262.2787 0.022846
263.2532 0.023643
264.3162 0.024361
265.4695 0.025274
266.7677 0.026425
268.2381 0.028358
269.9513 0.029521
271.9636 0.031417
274.4642 0.035874
277.8873 0.044020
278.7516 0.045989
279.7265 0.047043
280.8037 0.050473
282.0240 0.054629
283.4413 0.059205
285.1659 0.066262
287.2812 0.073819
290.1786 0.085666
295.0346 0.113904
299.5328 0.149013
305.5109 0.229278
309.6155 0.312986
 tr1-11-0 3 1
187.8130 0.191168
190.6059 0.151634
194.6457 0.102518
197.8136 0.078408
201.1403 0.058572
203.2090 0.051316
204.7427 0.044511
205.9723 0.041997
207.0518 0.038848
207.9475 0.036417
208.7501 0.034586
209.4728 0.032901
210.1328 0.030627
212.7690 0.027631
214.7306 0.024854
216.3361 0.023394
217.6941 0.021916
218.8771 0.021277
219.9369 0.021017
220.8974 0.020341
221.7872 0.019383
222.6141 0.018870
223.3837 0.018086
224.1102 0.017461
224.7883 0.017341
225.4425 0.017010
226.0628 0.016740
226.6505 0.016434
227.2120 0.015851
227.7534 0.015502
228.2767 0.015585
228.7791 0.015218
229.2724 0.015105
229.7452 0.015195
230.2016 0.015080
230.6447 0.014838
231.0818 0.014625
231.5119 0.014679
231.9274 0.014750
232.3289 0.014541
232.7275 0.014052
233.1156 0.013812
233.4920 0.013799
233.8607 0.013748
234.2287 0.013525
234.5859 0.013768
234.9407 0.013734
235.2917 0.013748
235.6380 0.013811
235.9744 0.013909
236.3058 0.013759
236.6421 0.013886
236.9678 0.014019
237.2876 0.013911
237.6010 0.014039
237.9174 0.013945
238.2316 0.013831
238.5351 0.013782
238.8370 0.013634
239.1404 0.013599
239.4396 0.013633
239.7338 0.013625
240.0251 0.013544
240.3119 0.013658
240.5998 0.013652
240.8835 0.013658
241.1628 0.013544
241.4408 0.013791
241.7175 0.013814
241.9956 0.013798
242.2691 0.013914
242.5419 0.013829
242.8094 0.013639
243.0794 0.013567
243.3501 0.013494
243.6166 0.013544
243.8793 0.013381
244.1426 0.013293
244.4041 0.013191
244.6630 0.013229
244.9205 0.013281
245.1779 0.013196
245.4355 0.013206
245.6898 0.013200
245.9446 0.013086
246.1970 0.013207
246.4504 0.013170
246.7044 0.013075
246.9564 0.013097
247.2082 0.013188
247.4593 0.013214
247.7073 0.013086
247.9554 0.013068
248.2014 0.013169
248.4477 0.013072
248.6952 0.012931
248.9420 0.012860
249.1890 0.012830
249.4333 0.012744
249.6774 0.012790
249.9249 0.012780
250.1693 0.012734
250.4111 0.012658
250.6601 0.012754
250.9056 0.012746
251.1505 0.012603
251.3911 0.012463
251.6351 0.012561
251.8775 0.012647
252.1219 0.012737
252.3705 0.012758
252.6164 0.012715
252.8611 0.012852
253.1078 0.012792
253.3548 0.012667
253.6014 0.012554
253.8515 0.012501
254.1017 0.012548
254.3503 0.012607
254.5982 0.012785
254.8463 0.012815
255.0922 0.012826
255.3451 0.012943
255.5961 0.012993
255.8499 0.013003
256.1034 0.012982
256.3579 0.012859
256.6138 0.012873
256.8682 0.012890
257.1284 0.012889
257.3804 0.012964
257.6376 0.012907
257.8958 0.012880
258.1576 0.012940
258.4214 0.012891
258.6836 0.013028
258.9488 0.013191
259.2150 0.013370
259.4850 0.013440
259.7563 0.013586
260.0254 0.013811
260.2972 0.013845
260.5722 0.013882
260.8445 0.014012
261.1235 0.014186
261.4025 0.014270
261.6825 0.014349
261.9667 0.014465
262.2487 0.014293
262.5375 0.014155
262.8268 0.014268
263.1197 0.014458
263.4137 0.014675
263.7151 0.014982
264.0150 0.014901
264.3218 0.014962
264.6277 0.014796
264.9389 0.014765
265.2558 0.014874
265.5721 0.014855
265.8952 0.014850
266.2234 0.015057
266.5527 0.015144
266.8879 0.015146
267.2234 0.015242
267.5640 0.015183
267.9095 0.015338
268.2627 0.015418
268.6224 0.015523
268.9788 0.015674
269.3435 0.016059
269.7169 0.016339
270.0981 0.016315
270.4824 0.016213
270.8772 0.016352
271.2797 0.016544
271.6898 0.016740
272.1038 0.016928
272.5300 0.016978
272.9672 0.016976
273.4121 0.017090
273.8725 0.017118
274.3342 0.017499
274.8104 0.017666
275.3007 0.017444
275.7990 0.017561
276.3168 0.017667
276.8500 0.017754
277.4064 0.017725
277.9784 0.017939
278.5714 0.018416
279.1860 0.018777
279.8319 0.019149
280.5055 0.019287
281.2120 0.019481
281.9516 0.019719
282.7393 0.020375
283.5607 0.020790
284.4356 0.021954
285.3731 0.022464
286.3775 0.022966
287.4945 0.023787
288.7011 0.024229
290.0472 0.025772
291.5652 0.027663
293.3113 0.029598
295.3858 0.032599
298.0218 0.036454
301.5206 0.043014
302.4065 0.045184
303.4088 0.047372
304.4915 0.050702
305.7033 0.055004
307.1836 0.057750
308.9258 0.064971
311.2060 0.075713
314.2280 0.091996
319.2945 0.120041
324.0942 0.157142
330.3268 0.235213
334.9529 0.322811
tr1s-11-0 3 1
197.1851 0.213516
200.0453 0.154992
204.1589 0.102470
207.3800 0.077624
210.8005 0.059996
212.9449 0.049451
214.5714 0.044348
215.8764 0.040344
216.9471 0.038363
217.8595 0.036873
218.6742 0.035386
219.4207 0.033718
220.0786 0.032743
222.7733 0.027599
224.8062 0.026243
226.4525 0.024340
227.8647 0.022761
229.0776 0.021337
230.1554 0.020392
231.1531 0.019711
232.0622 0.019400
232.9001 0.018988
233.6936 0.018779
234.4320 0.018426
235.1292 0.017920
235.7849 0.017156
236.4213 0.016917
237.0244 0.016811
237.6011 0.016639
238.1641 0.016598
238.7010 0.016215
239.2179 0.016304
239.7215 0.016417
240.2067 0.016056
240.6837 0.015819
241.1407 0.015501
241.5848 0.015102
242.0163 0.014771
242.4437 0.014661
242.8595 0.014550
243.2668 0.014404
243.6617 0.014118
244.0504 0.014173
244.4333 0.014308
244.8095 0.014169
245.1796 0.014100
245.5456 0.014380
245.8995 0.014435
246.2558 0.014359
246.6030 0.014409
246.9449 0.014512
247.2825 0.014249
247.6138 0.014049
247.9420 0.013987
248.2687 0.013979
248.5878 0.014033
248.9040 0.014085
249.2158 0.014069
249.5266 0.014103
249.8374 0.014144
250.1440 0.014239
250.4468 0.014221
250.7469 0.014190
251.0456 0.014219
251.3380 0.014107
251.6236 0.013950
251.9127 0.013859
252.1967 0.013788
252.4808 0.013951
252.7631 0.014043
253.0438 0.014025
253.3212 0.014053
253.5973 0.014101
253.8723 0.014167
254.1477 0.014100
254.4176 0.013983
254.6853 0.013921
254.9549 0.013999
255.2194 0.013878
255.4836 0.013796
255.7476 0.013706
256.0112 0.013697
256.2715 0.013625
256.5308 0.013578
256.7908 0.013606
257.0497 0.013377
257.3105 0.013280
257.5657 0.013278
257.8223 0.013211
258.0814 0.013279
258.3344 0.013449
258.5910 0.013416
258.8482 0.013399
259.1025 0.013321
259.3563 0.013242
259.6096 0.013105
259.8658 0.013116
260.1151 0.013048
260.3693 0.013082
260.6217 0.013077
260.8717 0.013056
261.1183 0.013118
261.3701 0.013157
261.6190 0.013048
261.8702 0.013159
262.1206 0.013187
262.3731 0.013376
262.6233 0.013452
262.8718 0.013466
263.1262 0.013281
263.3764 0.013283
263.6309 0.013081
263.8807 0.012962
264.1316 0.012915
264.3876 0.012879
264.6371 0.012987
264.8904 0.012909
265.1435 0.013036
265.3949 0.013087
265.6553 0.013343
265.9126 0.013404
266.1700 0.013439
266.4250 0.013562
266.6811 0.013618
266.9376 0.013684
267.1940 0.013760
267.4515 0.013602
267.7080 0.013636
267.9691 0.013486
268.2342 0.013528
268.4972 0.013772
268.7631 0.013886
269.0298 0.013774
269.3001 0.013801
269.5676 0.013773
269.8330 0.013846
270.1042 0.014016
270.3770 0.014035
270.6533 0.014221
270.9283 0.014338
271.2030 0.014219
271.4799 0.014202
271.7629 0.014221
272.0449 0.014283
272.3287 0.014322
272.6151 0.014384
272.9029 0.014358
273.1921 0.014438
273.4831 0.014364
273.7795 0.014321
274.0776 0.014301
274.3765 0.014492
274.6790 0.014796
274.9832 0.014838
275.2913 0.014759
275.6036 0.015032
275.9143 0.014989
276.2312 0.015067
276.5508 0.015053
276.8740 0.015104
277.2002 0.015241
277.5310 0.015329
277.8691 0.015323
278.2048 0.015714
278.5503 0.015789
278.9034 0.015815
279.2597 0.016042
279.6188 0.016186
279.9798 0.016423
280.3523 0.016635
280.7268 0.016637
281.1085 0.016796
281.4971 0.016859
281.8875 0.016839
282.2850 0.017012
282.6937 0.017048
283.1105 0.016922
283.5397 0.016840
283.9726 0.016873
284.4122 0.017030
284.8604 0.017051
285.3230 0.017306
285.7992 0.017441
286.2906 0.017387
286.7916 0.017561
287.3055 0.017391
287.8408 0.017826
288.3921 0.018329
288.9645 0.018436
289.5438 0.018750
290.1536 0.018902
290.7866 0.019285
291.4427 0.019350
292.1310 0.020010
292.8509 0.020759
293.6192 0.020921
294.4136 0.020895
295.2609 0.021353
296.1550 0.021748
297.1057 0.023174
298.1492 0.024217
299.2812 0.025004
300.5115 0.026055
301.8917 0.027519
303.4272 0.029305
305.1800 0.030453
307.2971 0.033146
309.9739 0.037794
313.5579 0.045751
314.4839 0.046810
315.4770 0.049709
316.5759 0.052005
317.8792 0.054549
319.3948 0.061097
321.1981 0.068076
323.4974 0.080084
326.6038 0.092265
331.6640 0.126497
336.7749 0.160927
342.8122 0.243222
347.6643 0.323125
 tr2-11-0 3 1
208.0645 0.213555
211.1428 0.163547
215.0000 0.116130
218.1515 0.082882
221.6980 0.056578
223.8975 0.048966
225.5598 0.045785
226.8859 0.041710
227.9818 0.039839
228.9205 0.038088
229.7671 0.035634
230.4982 0.034097
231.1858 0.032656
233.9757 0.027670
236.0222 0.026123
237.7052 0.024373
239.1482 0.023512
240.3796 0.022393
241.4961 0.021670
242.5039 0.020498
243.4325 0.019239
244.3026 0.019039
245.1136 0.018596
245.8653 0.018056
246.5682 0.017616
247.2428 0.017285
247.8849 0.016831
248.4918 0.016588
249.0816 0.016084
249.6451 0.016070
250.1821 0.015917
250.6989 0.015849
251.2074 0.015644
251.7024 0.015224
252.1855 0.015229
252.6515 0.014988
253.1039 0.014862
253.5526 0.014825
253.9844 0.014506
254.4047 0.014455
254.8184 0.014380
255.2235 0.014482
255.6211 0.014205
256.0063 0.014104
256.3912 0.014279
256.7670 0.014384
257.1410 0.014264
257.5055 0.014321
257.8647 0.014128
258.2183 0.013994
258.5657 0.014138
258.9088 0.013802
259.2485 0.013733
259.5787 0.013640
259.9073 0.013658
260.2343 0.013692
260.5554 0.013615
260.8749 0.013565
261.1905 0.013661
261.5024 0.013523
261.8109 0.013514
262.1163 0.013627
262.4150 0.013680
262.7179 0.013734
263.0159 0.013860
263.3136 0.013752
263.6097 0.013785
263.9018 0.013722
264.1901 0.013789
264.4782 0.013805
264.7631 0.013899
265.0443 0.013919
265.3243 0.013898
265.6061 0.013749
265.8828 0.013785
266.1589 0.013725
266.4310 0.013533
266.7044 0.013718
266.9751 0.013735
267.2486 0.013878
267.5168 0.014069
267.7858 0.014104
268.0533 0.014145
268.3194 0.014165
268.5873 0.014363
268.8536 0.014263
269.1149 0.014293
269.3790 0.014356
269.6403 0.014255
269.9049 0.014288
270.1677 0.014382
270.4317 0.014275
270.6901 0.014254
270.9488 0.014250
271.2036 0.014390
271.4617 0.014334
271.7189 0.014382
271.9706 0.014413
272.2300 0.014314
272.4860 0.014159
272.7422 0.014173
272.9989 0.014293
273.2550 0.014442
273.5060 0.014354
273.7630 0.014423
274.0134 0.014346
274.2669 0.014402
274.5198 0.014373
274.7721 0.014360
275.0277 0.014405
275.2839 0.014314
275.5406 0.014198
275.7980 0.014184
276.0531 0.014192
276.3097 0.014174
276.5639 0.014094
276.8250 0.014263
277.0835 0.014293
277.3416 0.014253
277.6006 0.014347
277.8600 0.014385
278.1183 0.014477
278.3820 0.014478
278.6411 0.014550
278.9045 0.014547
279.1666 0.014414
279.4284 0.014268
279.6907 0.014359
279.9559 0.014201
280.2228 0.014410
280.4924 0.014619
280.7618 0.014734
281.0320 0.014685
281.3016 0.014793
281.5754 0.014842
281.8490 0.014910
282.1217 0.015028
282.3953 0.014922
282.6733 0.015010
282.9492 0.014951
283.2288 0.014944
283.5085 0.015024
283.7965 0.015025
284.0802 0.015066
284.3654 0.015148
284.6591 0.015032
284.9511 0.015209
285.2460 0.015239
285.5413 0.015280
285.8433 0.015395
286.1440 0.015594
286.4474 0.015578
286.7536 0.015847
287.0630 0.015849
287.3742 0.015896
287.6915 0.015981
288.0109 0.016099
288.3332 0.016012
288.6613 0.016034
288.9847 0.016048
289.3206 0.016203
289.6603 0.016226
289.9967 0.016281
290.3400 0.016470
290.6871 0.016488
291.0435 0.016689
291.4036 0.016610
291.7708 0.016479
292.1382 0.016768
292.5107 0.017002
292.8941 0.017138
293.2827 0.017180
293.6759 0.017341
294.0831 0.017406
294.4938 0.017499
294.9079 0.017719
295.3320 0.017939
295.7640 0.018161
296.2089 0.018211
296.6613 0.018499
297.1195 0.018596
297.5902 0.018613
298.0721 0.018480
298.5632 0.018602
299.0700 0.018850
299.5972 0.018933
300.1343 0.019364
300.6873 0.019045
301.2697 0.019509
301.8716 0.019755
302.4799 0.019968
303.1201 0.020258
303.7886 0.020604
304.4818 0.020770
305.2086 0.021115
305.9698 0.021555
306.7646 0.022038
307.6215 0.022631
308.5276 0.023242
309.5121 0.023830
310.5542 0.024604
311.6999 0.025796
312.9423 0.026736
314.3132 0.028677
315.8924 0.029899
317.6991 0.031612
319.8931 0.033549
322.5677 0.035705
326.1957 0.042048
327.1103 0.045179
328.1300 0.047632
329.2743 0.051565
330.5515 0.056004
331.9985 0.061480
333.8227 0.066389
336.1276 0.075605
339.2958 0.090106
344.4821 0.116376
349.4103 0.158138
355.8548 0.237331
360.9209 0.326845
tr2s-11-0 3 1
217.7386 0.222650
220.8933 0.166586
225.0475 0.110622
228.2397 0.085738
231.8768 0.062068
234.1401 0.050482
235.7893 0.046924
237.1081 0.043617
238.2113 0.040113
239.2049 0.038244
240.0461 0.036340
240.8048 0.035831
241.5176 0.034126
244.3383 0.028390
246.4298 0.027902
248.1357 0.025800
249.5923 0.024248
250.8659 0.023036
251.9943 0.021415
253.0194 0.020557
253.9485 0.020564
254.8356 0.019465
255.6498 0.018729
256.4113 0.018141
257.1317 0.017881
257.8137 0.017654
258.4610 0.017621
259.0825 0.017537
259.6835 0.017411
260.2552 0.016821
260.8070 0.016559
261.3418 0.016456
261.8596 0.016024
262.3601 0.016007
262.8502 0.015870
263.3149 0.016036
263.7713 0.015856
264.2237 0.015786
264.6626 0.015625
265.0887 0.015653
265.5061 0.015473
265.9173 0.015223
266.3294 0.015176
266.7311 0.014963
267.1184 0.014935
267.4990 0.014847
267.8742 0.014709
268.2420 0.014668
268.6027 0.014510
268.9601 0.014610
269.3156 0.014600
269.6647 0.014527
270.0074 0.014475
270.3474 0.014230
270.6792 0.014183
271.0106 0.014037
271.3362 0.014035
271.6616 0.013897
271.9782 0.013839
272.2994 0.013687
272.6151 0.013703
272.9279 0.013730
273.2327 0.013710
273.5358 0.013570
273.8408 0.013558
274.1433 0.013669
274.4396 0.013813
274.7332 0.013890
275.0239 0.013903
275.3162 0.013900
275.6043 0.013865
275.8895 0.013860
276.1743 0.013886
276.4575 0.013863
276.7371 0.013946
277.0184 0.013939
277.3008 0.014078
277.5795 0.014102
277.8557 0.014226
278.1323 0.014334
278.4097 0.014342
278.6833 0.014376
278.9566 0.014340
279.2305 0.014250
279.4982 0.014299
279.7664 0.014162
280.0334 0.014092
280.3003 0.014080
280.5623 0.014140
280.8261 0.014068
281.0886 0.014163
281.3524 0.014209
281.6150 0.014222
281.8748 0.014235
282.1361 0.014043
282.4007 0.014091
282.6638 0.014056
282.9242 0.013949
283.1861 0.014004
283.4439 0.014007
283.7028 0.014182
283.9623 0.014062
284.2218 0.014066
284.4788 0.014193
284.7385 0.014069
284.9970 0.014182
285.2574 0.014087
285.5163 0.014106
285.7735 0.014028
286.0327 0.013973
286.2929 0.014111
286.5520 0.013985
286.8113 0.013862
287.0703 0.013768
287.3336 0.013801
287.5946 0.013912
287.8551 0.014017
288.1110 0.013867
288.3739 0.013984
288.6339 0.014066
288.8973 0.014102
289.1566 0.014106
289.4213 0.014043
289.6862 0.014055
289.9535 0.014111
290.2165 0.013999
290.4872 0.014017
290.7555 0.014089
291.0221 0.014195
291.2943 0.014354
291.5645 0.014455
291.8354 0.014380
292.1101 0.014330
292.3821 0.014548
292.6620 0.014533
292.9420 0.014508
293.2195 0.014497
293.5010 0.014438
293.7837 0.014521
294.0695 0.014616
294.3527 0.014733
294.6368 0.014803
294.9256 0.014919
295.2147 0.015012
295.5049 0.015000
295.7989 0.014879
296.0951 0.014931
296.3945 0.015028
296.6944 0.015252
296.9975 0.015312
297.3043 0.015456
297.6139 0.015445
297.9277 0.015603
298.2412 0.015638
298.5571 0.015932
298.8695 0.016019
299.1909 0.016133
299.5156 0.016205
299.8475 0.016237
300.1807 0.016360
300.5170 0.016379
300.8597 0.016655
301.2089 0.016805
301.5554 0.016769
301.9122 0.016870
302.2700 0.016929
302.6378 0.016943
303.0095 0.017207
303.3838 0.017364
303.7670 0.017395
304.1514 0.017699
304.5435 0.017766
304.9433 0.017695
305.3471 0.017958
305.7610 0.017992
306.1791 0.018154
306.6125 0.018134
307.0537 0.018407
307.4980 0.018493
307.9532 0.018464
308.4238 0.018809
308.9002 0.018704
309.3894 0.018739
309.8956 0.018912
310.4127 0.018956
310.9453 0.019019
311.4937 0.019239
312.0604 0.019293
312.6427 0.019455
313.2408 0.020025
313.8663 0.020373
314.5087 0.020583
315.1853 0.020846
315.8884 0.021120
316.6162 0.021024
317.3985 0.021656
318.2137 0.022230
319.0806 0.022653
319.9869 0.023681
320.9741 0.023941
322.0184 0.025579
323.1718 0.026093
324.4341 0.027302
325.8434 0.027507
327.4234 0.029375
329.2533 0.031042
331.4403 0.033609
334.1750 0.037216
337.8425 0.045658
338.7836 0.047802
339.8221 0.049377
340.9890 0.051990
342.2729 0.057070
343.7713 0.062287
345.6107 0.068434
347.9080 0.079118
351.0804 0.094608
356.3008 0.121395
361.4974 0.162333
367.9299 0.247320
372.6856 0.337803
