Copyright (C) 1998 James G. MacKinnon, Alfred A. Haug, and Leo Michelis.
 lm0-08-6 3 1
 33.7856 0.054243
 34.5641 0.040780
 35.6825 0.028619
 36.5657 0.021907
 37.5935 0.017942
 38.2221 0.014983
 38.7002 0.013679
 39.0758 0.012681
 39.3955 0.012110
 39.6667 0.011527
 39.9110 0.011135
 40.1360 0.010808
 40.3331 0.010394
 41.1414 0.008692
 41.7596 0.008118
 42.2684 0.007694
 42.7013 0.007446
 43.0882 0.007072
 43.4331 0.006544
 43.7443 0.006563
 44.0358 0.006340
 44.3055 0.006071
 44.5573 0.005970
 44.7973 0.005949
 45.0220 0.005898
 45.2350 0.005836
 45.4387 0.005708
 45.6371 0.005681
 45.8266 0.005503
 46.0093 0.005358
 46.1851 0.005197
 46.3561 0.005162
 46.5188 0.005167
 46.6815 0.005127
 46.8374 0.005055
 46.9898 0.005017
 47.1392 0.004946
 47.2840 0.004927
 47.4257 0.004956
 47.5625 0.004930
 47.6979 0.004827
 47.8330 0.004849
 47.9630 0.004847
 48.0909 0.004910
 48.2183 0.004873
 48.3433 0.004853
 48.4654 0.004852
 48.5878 0.004849
 48.7064 0.004788
 48.8234 0.004750
 48.9406 0.004710
 49.0563 0.004699
 49.1710 0.004677
 49.2821 0.004674
 49.3946 0.004679
 49.5060 0.004703
 49.6165 0.004664
 49.7257 0.004610
 49.8327 0.004571
 49.9391 0.004578
 50.0450 0.004595
 50.1499 0.004551
 50.2524 0.004524
 50.3565 0.004493
 50.4592 0.004513
 50.5612 0.004526
 50.6623 0.004520
 50.7630 0.004549
 50.8630 0.004572
 50.9625 0.004567
 51.0608 0.004553
 51.1590 0.004546
 51.2571 0.004611
 51.3545 0.004555
 51.4511 0.004500
 51.5468 0.004484
 51.6428 0.004514
 51.7376 0.004553
 51.8329 0.004506
 51.9279 0.004499
 52.0231 0.004470
 52.1172 0.004456
 52.2115 0.004417
 52.3046 0.004420
 52.3976 0.004393
 52.4907 0.004417
 52.5850 0.004395
 52.6772 0.004371
 52.7694 0.004449
 52.8618 0.004494
 52.9545 0.004512
 53.0474 0.004533
 53.1390 0.004560
 53.2326 0.004542
 53.3248 0.004606
 53.4170 0.004554
 53.5090 0.004540
 53.6009 0.004535
 53.6938 0.004516
 53.7858 0.004532
 53.8786 0.004546
 53.9713 0.004534
 54.0628 0.004519
 54.1554 0.004562
 54.2488 0.004569
 54.3417 0.004607
 54.4342 0.004623
 54.5270 0.004679
 54.6193 0.004684
 54.7121 0.004646
 54.8049 0.004687
 54.8985 0.004701
 54.9934 0.004743
 55.0878 0.004672
 55.1830 0.004664
 55.2770 0.004651
 55.3711 0.004699
 55.4653 0.004686
 55.5610 0.004685
 55.6578 0.004724
 55.7532 0.004733
 55.8504 0.004750
 55.9465 0.004774
 56.0433 0.004767
 56.1417 0.004813
 56.2392 0.004863
 56.3367 0.004868
 56.4354 0.004899
 56.5357 0.004830
 56.6361 0.004892
 56.7372 0.004864
 56.8381 0.004873
 56.9399 0.004845
 57.0433 0.004817
 57.1461 0.004826
 57.2493 0.004893
 57.3540 0.004943
 57.4587 0.004952
 57.5648 0.004983
 57.6700 0.004945
 57.7770 0.004931
 57.8855 0.005006
 57.9948 0.005064
 58.1057 0.005087
 58.2168 0.005059
 58.3292 0.005056
 58.4423 0.005123
 58.5551 0.005207
 58.6707 0.005226
 58.7851 0.005271
 58.9028 0.005366
 59.0198 0.005450
 59.1404 0.005571
 59.2615 0.005611
 59.3846 0.005588
 59.5074 0.005538
 59.6328 0.005614
 59.7580 0.005634
 59.8857 0.005652
 60.0145 0.005658
 60.1440 0.005699
 60.2773 0.005789
 60.4123 0.005837
 60.5483 0.005848
 60.6879 0.005949
 60.8289 0.005966
 60.9721 0.006040
 61.1183 0.006098
 61.2645 0.006103
 61.4153 0.006259
 61.5677 0.006254
 61.7213 0.006265
 61.8797 0.006411
 62.0408 0.006449
 62.2052 0.006473
 62.3738 0.006548
 62.5406 0.006560
 62.7162 0.006668
 62.8952 0.006818
 63.0788 0.006942
 63.2662 0.007036
 63.4564 0.007218
 63.6564 0.007364
 63.8593 0.007423
 64.0672 0.007549
 64.2839 0.007650
 64.5077 0.007807
 64.7386 0.008010
 64.9787 0.008052
 65.2259 0.008223
 65.4819 0.008400
 65.7493 0.008503
 66.0281 0.008605
 66.3216 0.008663
 66.6305 0.008992
 66.9517 0.009115
 67.2949 0.009417
 67.6563 0.009502
 68.0476 0.009761
 68.4646 0.009916
 68.9167 0.010160
 69.4119 0.010617
 69.9587 0.011349
 70.5659 0.012257
 71.2646 0.013641
 72.0644 0.014894
 73.0311 0.016390
 74.2566 0.018287
 75.9316 0.021926
 76.3601 0.022824
 76.8314 0.024383
 77.3647 0.025497
 77.9893 0.027382
 78.7132 0.028610
 79.5587 0.032199
 80.6560 0.036372
 82.2128 0.042810
 84.6880 0.057111
 87.2199 0.078235
 90.3304 0.115991
 92.7063 0.164302
 lm1-08-6 3 1
 36.0706 0.055100
 36.9007 0.043391
 38.1012 0.029398
 39.0357 0.022935
 40.0743 0.016586
 40.7129 0.015060
 41.1861 0.013243
 41.5704 0.012377
 41.9024 0.012030
 42.1874 0.011271
 42.4365 0.010928
 42.6621 0.010496
 42.8724 0.010005
 43.7144 0.008760
 44.3436 0.008036
 44.8646 0.007889
 45.3153 0.007503
 45.7101 0.007068
 46.0616 0.006844
 46.3865 0.006813
 46.6838 0.006479
 46.9586 0.006276
 47.2163 0.006167
 47.4614 0.005956
 47.6895 0.005887
 47.9068 0.005896
 48.1140 0.005691
 48.3147 0.005697
 48.5081 0.005650
 48.6959 0.005641
 48.8744 0.005489
 49.0488 0.005410
 49.2180 0.005446
 49.3820 0.005428
 49.5417 0.005454
 49.6974 0.005425
 49.8499 0.005334
 50.0001 0.005361
 50.1462 0.005300
 50.2879 0.005220
 50.4254 0.005232
 50.5627 0.005180
 50.6962 0.005160
 50.8286 0.005200
 50.9581 0.005099
 51.0860 0.005083
 51.2104 0.005103
 51.3338 0.005067
 51.4580 0.005004
 51.5785 0.004988
 51.6989 0.004980
 51.8155 0.004963
 51.9312 0.004981
 52.0470 0.005023
 52.1614 0.004986
 52.2754 0.004960
 52.3866 0.004899
 52.4984 0.004849
 52.6095 0.004739
 52.7184 0.004759
 52.8250 0.004737
 52.9324 0.004696
 53.0377 0.004755
 53.1423 0.004747
 53.2470 0.004780
 53.3514 0.004734
 53.4547 0.004775
 53.5568 0.004749
 53.6591 0.004724
 53.7601 0.004729
 53.8607 0.004713
 53.9598 0.004667
 54.0592 0.004629
 54.1579 0.004652
 54.2579 0.004680
 54.3572 0.004621
 54.4549 0.004628
 54.5522 0.004642
 54.6506 0.004654
 54.7477 0.004725
 54.8438 0.004692
 54.9413 0.004670
 55.0377 0.004595
 55.1332 0.004569
 55.2288 0.004562
 55.3255 0.004544
 55.4208 0.004595
 55.5149 0.004601
 55.6106 0.004661
 55.7068 0.004646
 55.8022 0.004623
 55.8962 0.004607
 55.9904 0.004534
 56.0848 0.004534
 56.1787 0.004503
 56.2735 0.004513
 56.3669 0.004534
 56.4617 0.004538
 56.5567 0.004501
 56.6525 0.004503
 56.7470 0.004486
 56.8419 0.004522
 56.9365 0.004537
 57.0310 0.004574
 57.1249 0.004643
 57.2186 0.004597
 57.3126 0.004592
 57.4069 0.004598
 57.5015 0.004596
 57.5978 0.004649
 57.6939 0.004640
 57.7897 0.004618
 57.8854 0.004656
 57.9808 0.004668
 58.0768 0.004693
 58.1743 0.004704
 58.2709 0.004673
 58.3685 0.004626
 58.4646 0.004700
 58.5626 0.004666
 58.6602 0.004689
 58.7581 0.004714
 58.8554 0.004757
 58.9552 0.004797
 59.0543 0.004794
 59.1541 0.004827
 59.2544 0.004849
 59.3557 0.004912
 59.4582 0.004941
 59.5619 0.005015
 59.6654 0.005020
 59.7694 0.005025
 59.8724 0.005009
 59.9775 0.004960
 60.0822 0.004963
 60.1882 0.005020
 60.2946 0.005033
 60.4039 0.005077
 60.5112 0.005065
 60.6180 0.005068
 60.7277 0.005106
 60.8380 0.005197
 60.9488 0.005262
 61.0601 0.005294
 61.1731 0.005372
 61.2881 0.005314
 61.4035 0.005357
 61.5202 0.005382
 61.6382 0.005411
 61.7572 0.005452
 61.8755 0.005490
 61.9966 0.005547
 62.1182 0.005610
 62.2405 0.005656
 62.3650 0.005679
 62.4902 0.005676
 62.6175 0.005714
 62.7468 0.005822
 62.8775 0.005846
 63.0087 0.005919
 63.1422 0.005924
 63.2776 0.005974
 63.4160 0.006067
 63.5533 0.006120
 63.6950 0.006209
 63.8378 0.006379
 63.9834 0.006434
 64.1302 0.006439
 64.2795 0.006431
 64.4325 0.006492
 64.5875 0.006533
 64.7445 0.006576
 64.9050 0.006588
 65.0700 0.006649
 65.2362 0.006586
 65.4065 0.006689
 65.5822 0.006642
 65.7592 0.006738
 65.9411 0.006761
 66.1254 0.006815
 66.3174 0.006922
 66.5134 0.007053
 66.7158 0.007149
 66.9225 0.007170
 67.1359 0.007301
 67.3557 0.007456
 67.5824 0.007689
 67.8149 0.007835
 68.0579 0.007976
 68.3115 0.008080
 68.5736 0.008225
 68.8479 0.008438
 69.1336 0.008552
 69.4317 0.008669
 69.7426 0.008843
 70.0723 0.008999
 70.4248 0.009211
 70.8005 0.009416
 71.1970 0.009823
 71.6218 0.010178
 72.0877 0.010637
 72.5921 0.011386
 73.1550 0.011900
 73.7797 0.012711
 74.4911 0.013368
 75.3079 0.014372
 76.2896 0.015801
 77.5295 0.017979
 79.2286 0.021821
 79.6714 0.022720
 80.1619 0.023555
 80.7008 0.025593
 81.3171 0.028018
 82.0638 0.030011
 82.9362 0.033088
 84.0796 0.037511
 85.6517 0.043805
 88.1475 0.059531
 90.5861 0.081342
 93.7957 0.117662
 96.4252 0.172424
lm1s-08-6 3 1
 36.8955 0.055092
 37.6565 0.043895
 38.8375 0.030758
 39.7988 0.022598
 40.8112 0.017584
 41.4483 0.014549
 41.9378 0.013915
 42.3242 0.013231
 42.6475 0.012307
 42.9304 0.011473
 43.1854 0.010774
 43.4215 0.010102
 43.6306 0.009871
 44.4715 0.008992
 45.1077 0.008445
 45.6309 0.008043
 46.0769 0.007604
 46.4724 0.007242
 46.8304 0.006926
 47.1513 0.006629
 47.4446 0.006346
 47.7191 0.006294
 47.9768 0.006150
 48.2182 0.006065
 48.4488 0.006066
 48.6655 0.005887
 48.8758 0.005854
 49.0735 0.005696
 49.2667 0.005688
 49.4514 0.005609
 49.6325 0.005576
 49.8066 0.005509
 49.9752 0.005480
 50.1427 0.005414
 50.3004 0.005303
 50.4554 0.005286
 50.6077 0.005274
 50.7549 0.005384
 50.8999 0.005316
 51.0428 0.005239
 51.1836 0.005309
 51.3204 0.005280
 51.4551 0.005308
 51.5871 0.005288
 51.7162 0.005276
 51.8440 0.005228
 51.9698 0.005245
 52.0946 0.005182
 52.2176 0.005149
 52.3398 0.005133
 52.4595 0.005078
 52.5784 0.004973
 52.6956 0.004942
 52.8109 0.004953
 52.9258 0.004897
 53.0396 0.004861
 53.1513 0.004824
 53.2628 0.004821
 53.3720 0.004826
 53.4814 0.004832
 53.5894 0.004837
 53.6962 0.004811
 53.8019 0.004776
 53.9067 0.004769
 54.0101 0.004799
 54.1130 0.004783
 54.2152 0.004763
 54.3179 0.004709
 54.4192 0.004739
 54.5218 0.004704
 54.6231 0.004631
 54.7238 0.004679
 54.8235 0.004633
 54.9236 0.004610
 55.0220 0.004597
 55.1196 0.004595
 55.2184 0.004616
 55.3155 0.004607
 55.4127 0.004649
 55.5102 0.004648
 55.6062 0.004659
 55.7036 0.004662
 55.8010 0.004679
 55.8970 0.004646
 55.9935 0.004656
 56.0893 0.004686
 56.1849 0.004664
 56.2800 0.004638
 56.3753 0.004644
 56.4684 0.004666
 56.5621 0.004674
 56.6570 0.004642
 56.7511 0.004607
 56.8459 0.004598
 56.9412 0.004662
 57.0342 0.004625
 57.1284 0.004680
 57.2236 0.004645
 57.3172 0.004600
 57.4108 0.004602
 57.5053 0.004562
 57.5994 0.004569
 57.6943 0.004582
 57.7880 0.004604
 57.8818 0.004581
 57.9765 0.004663
 58.0714 0.004693
 58.1660 0.004684
 58.2608 0.004663
 58.3569 0.004613
 58.4531 0.004612
 58.5498 0.004630
 58.6462 0.004620
 58.7404 0.004657
 58.8371 0.004667
 58.9327 0.004702
 59.0295 0.004728
 59.1263 0.004788
 59.2234 0.004816
 59.3216 0.004830
 59.4202 0.004866
 59.5186 0.004857
 59.6192 0.004811
 59.7174 0.004862
 59.8174 0.004886
 59.9176 0.004897
 60.0181 0.004847
 60.1189 0.004836
 60.2201 0.004825
 60.3221 0.004912
 60.4253 0.004920
 60.5300 0.004960
 60.6342 0.005006
 60.7389 0.004987
 60.8435 0.005026
 60.9495 0.005051
 61.0558 0.005015
 61.1636 0.005038
 61.2723 0.005041
 61.3816 0.005078
 61.4911 0.005104
 61.6022 0.005170
 61.7142 0.005112
 61.8254 0.005121
 61.9375 0.005204
 62.0516 0.005271
 62.1665 0.005293
 62.2837 0.005381
 62.4028 0.005429
 62.5206 0.005430
 62.6406 0.005517
 62.7614 0.005550
 62.8833 0.005602
 63.0067 0.005538
 63.1296 0.005534
 63.2551 0.005582
 63.3822 0.005575
 63.5109 0.005638
 63.6406 0.005729
 63.7738 0.005776
 63.9075 0.005906
 64.0426 0.005966
 64.1792 0.005989
 64.3168 0.006024
 64.4568 0.006092
 64.6003 0.006136
 64.7439 0.006142
 64.8907 0.006098
 65.0424 0.006095
 65.1942 0.006104
 65.3502 0.006137
 65.5083 0.006245
 65.6686 0.006283
 65.8310 0.006266
 65.9957 0.006384
 66.1662 0.006408
 66.3429 0.006495
 66.5206 0.006653
 66.7024 0.006650
 66.8885 0.006767
 67.0776 0.006948
 67.2751 0.006983
 67.4762 0.007091
 67.6847 0.007314
 67.8981 0.007412
 68.1168 0.007533
 68.3457 0.007616
 68.5812 0.007715
 68.8256 0.007926
 69.0818 0.008132
 69.3416 0.008186
 69.6148 0.008361
 69.8981 0.008364
 70.1942 0.008593
 70.5083 0.008872
 70.8372 0.008980
 71.1826 0.009100
 71.5559 0.009379
 71.9545 0.009953
 72.3792 0.010243
 72.8433 0.011018
 73.3518 0.011424
 73.9127 0.011858
 74.5361 0.012384
 75.2366 0.013149
 76.0623 0.014185
 77.0463 0.015812
 78.2851 0.017990
 79.9973 0.021402
 80.4321 0.022396
 80.9020 0.023448
 81.4487 0.025271
 82.0834 0.026946
 82.8163 0.029640
 83.6967 0.032540
 84.8261 0.036030
 86.3580 0.044567
 88.9015 0.058645
 91.4018 0.082533
 94.6126 0.122427
 97.0860 0.169644
 lm2-08-6 3 1
 38.5049 0.058729
 39.3848 0.043687
 40.4942 0.031094
 41.4896 0.023691
 42.5442 0.018439
 43.2030 0.015492
 43.7000 0.014184
 44.0932 0.013258
 44.4311 0.012703
 44.7178 0.011727
 44.9827 0.011244
 45.2164 0.010877
 45.4297 0.010508
 46.2820 0.008984
 46.9387 0.008726
 47.4777 0.008015
 47.9338 0.007463
 48.3347 0.007323
 48.6975 0.007166
 49.0272 0.007010
 49.3312 0.006628
 49.6125 0.006583
 49.8745 0.006499
 50.1218 0.006286
 50.3564 0.006158
 50.5776 0.006090
 50.7888 0.005964
 50.9941 0.005947
 51.1924 0.005868
 51.3813 0.005918
 51.5638 0.005838
 51.7414 0.005715
 51.9149 0.005704
 52.0808 0.005616
 52.2435 0.005507
 52.4036 0.005525
 52.5593 0.005562
 52.7104 0.005461
 52.8613 0.005403
 53.0064 0.005418
 53.1492 0.005308
 53.2897 0.005341
 53.4278 0.005248
 53.5621 0.005216
 53.6950 0.005112
 53.8257 0.005153
 53.9558 0.005170
 54.0829 0.005122
 54.2095 0.005095
 54.3335 0.005035
 54.4567 0.005065
 54.5785 0.005051
 54.6974 0.005015
 54.8154 0.004979
 54.9321 0.004999
 55.0474 0.004940
 55.1616 0.004909
 55.2742 0.004868
 55.3866 0.004865
 55.4981 0.004817
 55.6079 0.004717
 55.7173 0.004678
 55.8264 0.004704
 55.9341 0.004674
 56.0414 0.004656
 56.1474 0.004653
 56.2542 0.004614
 56.3588 0.004635
 56.4637 0.004554
 56.5658 0.004559
 56.6689 0.004557
 56.7713 0.004565
 56.8734 0.004531
 56.9737 0.004531
 57.0737 0.004503
 57.1730 0.004482
 57.2735 0.004481
 57.3743 0.004424
 57.4744 0.004453
 57.5734 0.004506
 57.6721 0.004539
 57.7714 0.004568
 57.8689 0.004638
 57.9668 0.004633
 58.0656 0.004623
 58.1637 0.004619
 58.2621 0.004699
 58.3588 0.004723
 58.4553 0.004733
 58.5520 0.004736
 58.6485 0.004768
 58.7451 0.004696
 58.8429 0.004650
 58.9402 0.004691
 59.0350 0.004689
 59.1316 0.004644
 59.2295 0.004639
 59.3261 0.004663
 59.4230 0.004644
 59.5191 0.004665
 59.6164 0.004698
 59.7131 0.004716
 59.8095 0.004722
 59.9069 0.004754
 60.0028 0.004727
 60.0986 0.004725
 60.1946 0.004764
 60.2912 0.004829
 60.3883 0.004797
 60.4863 0.004783
 60.5826 0.004769
 60.6809 0.004765
 60.7785 0.004799
 60.8766 0.004891
 60.9733 0.004897
 61.0726 0.004977
 61.1723 0.005024
 61.2718 0.005037
 61.3699 0.005001
 61.4722 0.005055
 61.5742 0.005057
 61.6746 0.005089
 61.7759 0.005145
 61.8783 0.005148
 61.9794 0.005227
 62.0829 0.005261
 62.1853 0.005302
 62.2880 0.005279
 62.3923 0.005353
 62.4973 0.005362
 62.6019 0.005351
 62.7082 0.005327
 62.8129 0.005359
 62.9183 0.005371
 63.0263 0.005390
 63.1346 0.005373
 63.2431 0.005337
 63.3521 0.005375
 63.4617 0.005394
 63.5732 0.005423
 63.6854 0.005485
 63.7972 0.005527
 63.9111 0.005522
 64.0256 0.005594
 64.1407 0.005574
 64.2567 0.005652
 64.3720 0.005677
 64.4887 0.005735
 64.6081 0.005814
 64.7269 0.005792
 64.8478 0.005829
 64.9708 0.005813
 65.0944 0.005760
 65.2186 0.005753
 65.3445 0.005676
 65.4720 0.005662
 65.6025 0.005670
 65.7343 0.005708
 65.8692 0.005746
 66.0029 0.005811
 66.1379 0.005898
 66.2740 0.005964
 66.4141 0.005959
 66.5542 0.005990
 66.6977 0.006022
 66.8433 0.006083
 66.9913 0.006212
 67.1422 0.006285
 67.2951 0.006199
 67.4499 0.006215
 67.6061 0.006217
 67.7664 0.006328
 67.9292 0.006342
 68.0981 0.006480
 68.2697 0.006510
 68.4443 0.006635
 68.6215 0.006727
 68.8044 0.006815
 68.9918 0.006867
 69.1802 0.006978
 69.3754 0.007070
 69.5760 0.007142
 69.7794 0.007153
 69.9910 0.007234
 70.2079 0.007367
 70.4310 0.007465
 70.6648 0.007550
 70.9048 0.007638
 71.1538 0.007787
 71.4094 0.007951
 71.6743 0.007924
 71.9481 0.007988
 72.2368 0.008116
 72.5387 0.008475
 72.8588 0.008963
 73.1945 0.009391
 73.5538 0.009541
 73.9276 0.009845
 74.3306 0.010113
 74.7656 0.010608
 75.2348 0.011292
 75.7469 0.011967
 76.3148 0.012591
 76.9558 0.012784
 77.6701 0.013442
 78.4980 0.015006
 79.4940 0.016394
 80.7585 0.018538
 82.4985 0.021563
 82.9488 0.022374
 83.4488 0.023625
 84.0042 0.025173
 84.6317 0.026866
 85.3751 0.029518
 86.2593 0.033288
 87.3943 0.038480
 88.9668 0.044166
 91.5599 0.062621
 94.2208 0.083017
 97.5011 0.125819
 99.9030 0.172209
lm2s-08-6 3 1
 39.3233 0.058033
 40.0808 0.044398
 41.2837 0.033003
 42.2656 0.023810
 43.3141 0.017846
 43.9775 0.016116
 44.4605 0.014496
 44.8536 0.013096
 45.1917 0.012276
 45.4839 0.011628
 45.7469 0.011399
 45.9788 0.011069
 46.1931 0.010560
 47.0598 0.009364
 47.7118 0.008330
 48.2456 0.007926
 48.7030 0.007740
 49.1083 0.007481
 49.4684 0.007058
 49.7958 0.006722
 50.0992 0.006468
 50.3798 0.006461
 50.6419 0.006296
 50.8890 0.006321
 51.1237 0.006272
 51.3469 0.006185
 51.5599 0.006107
 51.7656 0.006022
 51.9635 0.005884
 52.1536 0.005806
 52.3355 0.005754
 52.5155 0.005784
 52.6901 0.005639
 52.8586 0.005596
 53.0206 0.005524
 53.1786 0.005524
 53.3331 0.005459
 53.4865 0.005351
 53.6319 0.005336
 53.7775 0.005332
 53.9222 0.005326
 54.0620 0.005334
 54.1994 0.005275
 54.3344 0.005264
 54.4687 0.005167
 54.6011 0.005111
 54.7279 0.005109
 54.8555 0.005201
 54.9813 0.005173
 55.1064 0.005117
 55.2281 0.005085
 55.3476 0.005043
 55.4659 0.005048
 55.5856 0.005003
 55.7019 0.004926
 55.8165 0.004931
 55.9300 0.004942
 56.0434 0.004886
 56.1551 0.004826
 56.2678 0.004812
 56.3777 0.004722
 56.4876 0.004719
 56.5952 0.004706
 56.7033 0.004665
 56.8111 0.004605
 56.9168 0.004577
 57.0225 0.004567
 57.1272 0.004561
 57.2295 0.004555
 57.3345 0.004583
 57.4365 0.004498
 57.5387 0.004490
 57.6400 0.004521
 57.7414 0.004533
 57.8417 0.004578
 57.9424 0.004591
 58.0433 0.004572
 58.1432 0.004597
 58.2423 0.004650
 58.3412 0.004670
 58.4408 0.004681
 58.5403 0.004691
 58.6375 0.004784
 58.7355 0.004764
 58.8343 0.004738
 58.9315 0.004738
 59.0299 0.004764
 59.1276 0.004764
 59.2241 0.004735
 59.3209 0.004713
 59.4172 0.004673
 59.5142 0.004654
 59.6101 0.004636
 59.7060 0.004638
 59.8027 0.004593
 59.9005 0.004559
 59.9963 0.004617
 60.0919 0.004583
 60.1875 0.004597
 60.2839 0.004586
 60.3809 0.004612
 60.4771 0.004609
 60.5740 0.004631
 60.6715 0.004611
 60.7678 0.004596
 60.8643 0.004629
 60.9610 0.004715
 61.0577 0.004739
 61.1538 0.004784
 61.2502 0.004808
 61.3479 0.004824
 61.4461 0.004843
 61.5457 0.004860
 61.6442 0.004917
 61.7439 0.005006
 61.8435 0.004974
 61.9425 0.004980
 62.0414 0.004982
 62.1409 0.005016
 62.2411 0.004986
 62.3420 0.005045
 62.4430 0.005075
 62.5433 0.005124
 62.6447 0.005150
 62.7455 0.005166
 62.8489 0.005230
 62.9513 0.005234
 63.0548 0.005255
 63.1590 0.005272
 63.2633 0.005325
 63.3679 0.005379
 63.4734 0.005402
 63.5793 0.005434
 63.6856 0.005402
 63.7922 0.005371
 63.9009 0.005400
 64.0103 0.005457
 64.1190 0.005458
 64.2299 0.005410
 64.3394 0.005510
 64.4514 0.005531
 64.5627 0.005511
 64.6775 0.005526
 64.7904 0.005532
 64.9051 0.005524
 65.0221 0.005590
 65.1393 0.005660
 65.2561 0.005637
 65.3742 0.005598
 65.4946 0.005592
 65.6167 0.005649
 65.7376 0.005636
 65.8615 0.005604
 65.9874 0.005605
 66.1151 0.005632
 66.2409 0.005708
 66.3694 0.005812
 66.4995 0.005866
 66.6314 0.005888
 66.7658 0.005998
 66.9032 0.006043
 67.0409 0.006029
 67.1820 0.006054
 67.3228 0.006102
 67.4659 0.006092
 67.6098 0.006177
 67.7568 0.006145
 67.9073 0.006180
 68.0610 0.006285
 68.2162 0.006379
 68.3752 0.006501
 68.5370 0.006582
 68.7020 0.006721
 68.8673 0.006897
 69.0393 0.006803
 69.2109 0.006914
 69.3887 0.006947
 69.5701 0.006938
 69.7545 0.006978
 69.9452 0.006935
 70.1379 0.007040
 70.3379 0.007085
 70.5423 0.007243
 70.7561 0.007319
 70.9708 0.007433
 71.1964 0.007564
 71.4284 0.007662
 71.6661 0.007706
 71.9131 0.007846
 72.1680 0.007873
 72.4347 0.008041
 72.7082 0.008209
 72.9995 0.008555
 73.3044 0.008783
 73.6251 0.009001
 73.9600 0.009148
 74.3117 0.009501
 74.6893 0.009723
 75.0925 0.010069
 75.5295 0.010678
 75.9957 0.011046
 76.5132 0.011748
 77.0842 0.012291
 77.7131 0.012932
 78.4281 0.014096
 79.2618 0.014974
 80.2581 0.016292
 81.5203 0.018297
 83.2756 0.021251
 83.7179 0.022177
 84.2113 0.024080
 84.7573 0.025119
 85.3841 0.027485
 86.1407 0.029376
 87.0460 0.033878
 88.1733 0.037426
 89.7438 0.043869
 92.3214 0.061423
 94.9315 0.082995
 98.1791 0.127818
100.5802 0.170119
 tr0-08-6 3 1
150.7941 0.183764
153.7580 0.142955
157.5474 0.103461
160.6650 0.080362
163.9329 0.058439
166.0295 0.050173
167.6251 0.044961
168.8701 0.040570
169.9296 0.038407
170.8299 0.036056
171.6615 0.033957
172.3914 0.032485
173.0463 0.031695
175.6829 0.027161
177.6781 0.025435
179.2914 0.023115
180.6628 0.023084
181.8546 0.021406
182.9124 0.020413
183.8872 0.019861
184.7658 0.019277
185.5876 0.018968
186.3577 0.018740
187.0731 0.018685
187.7669 0.018173
188.4188 0.017973
189.0271 0.017702
189.6206 0.017269
190.1845 0.016664
190.7326 0.016319
191.2543 0.016156
191.7543 0.016086
192.2393 0.015894
192.7135 0.015796
193.1731 0.015590
193.6201 0.015438
194.0547 0.015460
194.4805 0.015179
194.8941 0.015047
195.3011 0.015053
195.6997 0.014929
196.0879 0.014777
196.4689 0.014364
196.8446 0.014353
197.2068 0.014451
197.5668 0.014452
197.9199 0.014198
198.2699 0.014049
198.6134 0.013718
198.9519 0.013726
199.2811 0.013642
199.6076 0.013537
199.9339 0.013429
200.2556 0.013470
200.5738 0.013281
200.8876 0.013056
201.1974 0.012727
201.5020 0.012758
201.8019 0.012897
202.1021 0.012683
202.3961 0.012689
202.6896 0.012630
202.9843 0.012753
203.2706 0.012681
203.5612 0.012753
203.8481 0.012776
204.1300 0.012754
204.4091 0.012993
204.6872 0.013029
204.9622 0.013050
205.2358 0.013017
205.5126 0.012992
205.7860 0.013049
206.0528 0.013020
206.3196 0.013123
206.5823 0.013042
206.8463 0.012908
207.1076 0.012841
207.3698 0.012784
207.6293 0.012698
207.8860 0.012595
208.1448 0.012664
208.4004 0.012648
208.6547 0.012593
208.9097 0.012572
209.1643 0.012630
209.4177 0.012497
209.6728 0.012519
209.9250 0.012503
210.1782 0.012505
210.4268 0.012464
210.6752 0.012527
210.9258 0.012542
211.1752 0.012443
211.4237 0.012441
211.6716 0.012375
211.9210 0.012403
212.1634 0.012424
212.4104 0.012397
212.6555 0.012392
212.9019 0.012399
213.1460 0.012367
213.3899 0.012300
213.6339 0.012228
213.8815 0.012369
214.1264 0.012432
214.3719 0.012548
214.6188 0.012395
214.8614 0.012546
215.1055 0.012337
215.3532 0.012406
215.6023 0.012381
215.8463 0.012324
216.0953 0.012337
216.3410 0.012464
216.5879 0.012590
216.8377 0.012614
217.0882 0.012664
217.3397 0.012706
217.5905 0.012768
217.8382 0.012740
218.0870 0.012815
218.3418 0.012815
218.5959 0.012940
218.8459 0.012946
219.0992 0.013032
219.3531 0.012909
219.6091 0.013013
219.8671 0.012996
220.1235 0.013009
220.3815 0.013098
220.6387 0.013054
220.8980 0.013135
221.1549 0.013233
221.4166 0.013256
221.6805 0.013304
221.9443 0.013394
222.2096 0.013400
222.4800 0.013495
222.7503 0.013613
223.0211 0.013676
223.2929 0.013717
223.5652 0.013673
223.8445 0.013720
224.1200 0.013837
224.4039 0.013999
224.6859 0.013928
224.9731 0.014084
225.2590 0.014254
225.5472 0.014174
225.8399 0.014315
226.1327 0.014474
226.4306 0.014508
226.7315 0.014453
227.0291 0.014573
227.3338 0.014578
227.6399 0.014743
227.9512 0.014862
228.2643 0.014980
228.5816 0.015118
228.9070 0.015215
229.2291 0.015200
229.5552 0.015234
229.8917 0.015250
230.2269 0.015209
230.5679 0.015418
230.9152 0.015392
231.2661 0.015409
231.6216 0.015661
231.9833 0.015603
232.3480 0.015760
232.7221 0.015748
233.1007 0.015738
233.4889 0.015911
233.8788 0.016383
234.2818 0.016642
234.6880 0.016768
235.1070 0.017112
235.5339 0.017251
235.9719 0.017478
236.4186 0.017580
236.8781 0.017898
237.3462 0.018053
237.8289 0.018039
238.3205 0.018028
238.8296 0.018050
239.3483 0.018136
239.8852 0.018423
240.4453 0.018566
241.0129 0.018668
241.6123 0.019011
242.2259 0.019569
242.8650 0.019667
243.5340 0.020064
244.2397 0.020364
244.9724 0.020585
245.7626 0.021233
246.5872 0.021777
247.4696 0.023093
248.4135 0.023138
249.4262 0.024090
250.5387 0.025011
251.7528 0.026338
253.0993 0.027507
254.6215 0.029801
256.3665 0.033350
258.4763 0.036401
261.1131 0.041074
264.6293 0.048050
265.5290 0.049784
266.5194 0.051915
267.6262 0.054769
268.8613 0.057897
270.3323 0.063171
272.0624 0.069699
274.2661 0.078621
277.3279 0.095635
282.2003 0.121727
287.0103 0.157897
292.9520 0.244521
297.7928 0.331552
 tr1-08-6 3 1
164.4953 0.205891
167.4055 0.156388
171.4089 0.106445
174.6085 0.076668
178.1566 0.060320
180.3569 0.053458
181.9487 0.047696
183.2341 0.042393
184.3304 0.039255
185.2733 0.036325
186.1301 0.034060
186.8929 0.032674
187.5762 0.032030
190.3285 0.028566
192.3869 0.025837
194.0484 0.023990
195.4516 0.023065
196.6842 0.021974
197.7839 0.021048
198.7908 0.020565
199.7201 0.019711
200.5699 0.019209
201.3629 0.018745
202.1037 0.017909
202.8157 0.017861
203.4871 0.017133
204.1174 0.017111
204.7257 0.017162
205.3077 0.016831
205.8799 0.016440
206.4189 0.016428
206.9405 0.016330
207.4515 0.016338
207.9398 0.015913
208.4164 0.015633
208.8773 0.015362
209.3274 0.015290
209.7663 0.015446
210.2002 0.015604
210.6250 0.015446
211.0388 0.015293
211.4456 0.015159
211.8416 0.014969
212.2240 0.014704
212.6027 0.014778
212.9776 0.014730
213.3437 0.014741
213.7086 0.014745
214.0645 0.014794
214.4183 0.014640
214.7686 0.014437
215.1047 0.014281
215.4396 0.013942
215.7697 0.013788
216.0993 0.013670
216.4208 0.013698
216.7387 0.013601
217.0524 0.013614
217.3686 0.013418
217.6813 0.013430
217.9863 0.013402
218.2875 0.013338
218.5862 0.013431
218.8800 0.013434
219.1784 0.013440
219.4710 0.013280
219.7638 0.013276
220.0557 0.013314
220.3405 0.013360
220.6239 0.013345
220.9087 0.013240
221.1864 0.013240
221.4625 0.013339
221.7408 0.013248
222.0160 0.013258
222.2899 0.013223
222.5631 0.013057
222.8345 0.012979
223.1047 0.013037
223.3751 0.013095
223.6423 0.013215
223.9080 0.013060
224.1758 0.013026
224.4387 0.013044
224.7009 0.013001
224.9633 0.013088
225.2247 0.013092
225.4863 0.012862
225.7485 0.013046
226.0043 0.013068
226.2630 0.013042
226.5187 0.012998
226.7788 0.012934
227.0376 0.012841
227.2982 0.012743
227.5506 0.012728
227.8049 0.012813
228.0624 0.012656
228.3154 0.012725
228.5724 0.012812
228.8297 0.012817
229.0834 0.012771
229.3371 0.012807
229.5902 0.012748
229.8454 0.012622
230.1005 0.012668
230.3527 0.012637
230.6075 0.012504
230.8617 0.012560
231.1147 0.012502
231.3662 0.012357
231.6189 0.012382
231.8749 0.012534
232.1286 0.012544
232.3870 0.012687
232.6411 0.012938
232.8945 0.012864
233.1508 0.012989
233.4092 0.013006
233.6658 0.013086
233.9255 0.013213
234.1853 0.013317
234.4431 0.013468
234.7041 0.013474
234.9655 0.013494
235.2259 0.013593
235.4896 0.013563
235.7531 0.013675
236.0154 0.013785
236.2829 0.013627
236.5477 0.013671
236.8127 0.013718
237.0823 0.013718
237.3519 0.013848
237.6211 0.013751
237.8945 0.013893
238.1711 0.013884
238.4459 0.013936
238.7219 0.013906
239.0007 0.013892
239.2788 0.013984
239.5584 0.014020
239.8410 0.014209
240.1248 0.014306
240.4126 0.014236
240.7018 0.014237
240.9904 0.014325
241.2839 0.014458
241.5787 0.014360
241.8772 0.014444
242.1711 0.014520
242.4762 0.014478
242.7812 0.014565
243.0898 0.014669
243.4019 0.014778
243.7138 0.014970
244.0336 0.014877
244.3519 0.014767
244.6719 0.014797
244.9992 0.014823
245.3322 0.014927
245.6657 0.015208
246.0108 0.015285
246.3551 0.015770
246.7045 0.016055
247.0576 0.016270
247.4160 0.016462
247.7760 0.016575
248.1417 0.016697
248.5158 0.016767
248.8992 0.016615
249.2849 0.016666
249.6791 0.016785
250.0799 0.016690
250.4811 0.016867
250.8976 0.016762
251.3187 0.016847
251.7493 0.017172
252.1837 0.017514
252.6335 0.017603
253.0875 0.017720
253.5574 0.017979
254.0372 0.018299
254.5327 0.018392
255.0437 0.018589
255.5657 0.018475
256.1117 0.018661
256.6585 0.018938
257.2334 0.018873
257.8284 0.019344
258.4486 0.019562
259.0804 0.020101
259.7411 0.020575
260.4273 0.021146
261.1550 0.021695
261.9099 0.022015
262.7092 0.022530
263.5476 0.022977
264.4682 0.024143
265.4549 0.025253
266.5030 0.025970
267.6430 0.027065
268.8830 0.028293
270.2621 0.029983
271.8363 0.032357
273.6491 0.034366
275.8037 0.037021
278.4968 0.040528
282.1498 0.047563
283.0459 0.049330
284.0431 0.052093
285.1686 0.054149
286.4154 0.058141
287.9257 0.060599
289.7264 0.065368
291.9684 0.074981
295.0896 0.093559
300.3145 0.118151
305.3043 0.169743
311.8361 0.237315
316.4397 0.323408
tr1s-08-6 3 1
172.2818 0.204679
175.0923 0.152492
179.1386 0.106550
182.4381 0.079280
185.9714 0.058366
188.2190 0.050820
189.8251 0.044905
191.1322 0.041900
192.2207 0.039687
193.1809 0.037273
194.0362 0.035400
194.7826 0.033913
195.4661 0.032207
198.2064 0.028532
200.2630 0.026136
201.9324 0.024389
203.3445 0.023275
204.5867 0.021813
205.6961 0.021289
206.7030 0.020948
207.6260 0.020325
208.4819 0.019807
209.2719 0.019349
210.0162 0.018898
210.7319 0.018171
211.4025 0.017748
212.0503 0.017354
212.6632 0.016881
213.2507 0.016886
213.8122 0.016712
214.3547 0.016481
214.8825 0.016465
215.3911 0.016147
215.8896 0.016178
216.3719 0.015950
216.8366 0.015424
217.2825 0.015508
217.7246 0.015538
218.1564 0.015359
218.5802 0.015383
218.9936 0.015153
219.3993 0.014839
219.7977 0.014676
220.1828 0.014658
220.5599 0.014577
220.9398 0.014593
221.3091 0.014349
221.6774 0.014249
222.0355 0.014130
222.3842 0.014306
222.7302 0.014386
223.0697 0.014108
223.4059 0.014053
223.7415 0.014025
224.0708 0.014087
224.3916 0.014049
224.7138 0.013991
225.0306 0.013829
225.3419 0.013689
225.6546 0.013601
225.9586 0.013596
226.2614 0.013658
226.5608 0.013511
226.8565 0.013605
227.1526 0.013463
227.4467 0.013515
227.7347 0.013572
228.0233 0.013500
228.3098 0.013366
228.5919 0.013118
228.8765 0.013044
229.1608 0.012824
229.4436 0.012810
229.7231 0.012956
230.0024 0.012859
230.2790 0.012797
230.5517 0.012988
230.8224 0.012906
231.0911 0.012913
231.3624 0.013014
231.6317 0.013095
231.9006 0.012873
232.1713 0.012914
232.4352 0.012906
232.6988 0.012846
232.9601 0.012821
233.2213 0.012824
233.4827 0.012853
233.7431 0.012886
234.0007 0.012913
234.2578 0.012959
234.5169 0.012955
234.7753 0.012958
235.0337 0.012837
235.2913 0.012862
235.5503 0.013013
235.8070 0.012887
236.0639 0.012884
236.3195 0.012946
236.5757 0.012841
236.8284 0.012784
237.0803 0.012941
237.3352 0.012845
237.5908 0.012948
237.8457 0.012962
238.0988 0.012996
238.3499 0.013058
238.6055 0.013112
238.8580 0.013110
239.1126 0.013066
239.3649 0.013165
239.6180 0.013251
239.8723 0.013185
240.1289 0.013227
240.3823 0.013265
240.6395 0.013217
240.8977 0.013120
241.1598 0.013284
241.4194 0.013392
241.6776 0.013308
241.9381 0.013358
242.2005 0.013362
242.4572 0.013385
242.7186 0.013550
242.9777 0.013476
243.2446 0.013642
243.5085 0.013692
243.7695 0.013683
244.0330 0.013651
244.2951 0.013758
244.5632 0.013745
244.8314 0.013831
245.0981 0.013773
245.3687 0.013899
245.6375 0.013872
245.9109 0.013945
246.1864 0.014142
246.4611 0.014216
246.7390 0.014085
247.0148 0.014115
247.2938 0.014166
247.5765 0.014201
247.8568 0.014258
248.1449 0.014313
248.4289 0.014419
248.7174 0.014499
249.0087 0.014536
249.2985 0.014571
249.5919 0.014555
249.8900 0.014566
250.1935 0.014631
250.4937 0.014674
250.8000 0.014851
251.1098 0.014853
251.4233 0.014964
251.7403 0.014957
252.0574 0.014933
252.3767 0.015050
252.7031 0.015390
253.0331 0.015540
253.3629 0.015572
253.7003 0.015672
254.0385 0.015631
254.3857 0.015683
254.7333 0.015708
255.0877 0.015778
255.4439 0.015681
255.8070 0.015935
256.1775 0.015947
256.5533 0.016047
256.9298 0.016146
257.3213 0.016052
257.7093 0.016276
258.1093 0.016312
258.5116 0.016268
258.9231 0.016382
259.3450 0.016530
259.7775 0.016750
260.2158 0.017077
260.6632 0.017324
261.1279 0.017398
261.6048 0.017629
262.0843 0.017969
262.5823 0.018104
263.0946 0.018380
263.6168 0.019107
264.1569 0.019526
264.6997 0.019592
265.2757 0.020011
265.8723 0.019994
266.4915 0.019819
267.1348 0.019943
267.8022 0.020108
268.4935 0.020340
269.2146 0.021070
269.9797 0.021872
270.7891 0.022508
271.6375 0.023055
272.5373 0.023597
273.4970 0.024375
274.5509 0.025870
275.7086 0.026497
276.9635 0.028209
278.3449 0.029434
279.9050 0.031123
281.7359 0.033400
283.8907 0.036911
286.5782 0.040683
290.1879 0.048447
291.1083 0.050238
292.1362 0.053650
293.2542 0.056131
294.5088 0.058087
295.9952 0.061590
297.7695 0.069050
300.0325 0.080786
303.1261 0.093142
308.3571 0.117155
313.4496 0.166514
319.9554 0.232650
324.2890 0.324423
 tr2-08-6 3 1
178.6293 0.213697
181.5057 0.151081
185.7691 0.106073
189.1344 0.077865
192.8754 0.062441
195.1288 0.053637
196.8120 0.046847
198.1557 0.044053
199.2941 0.041025
200.2869 0.038908
201.1495 0.036776
201.9263 0.034939
202.6232 0.033880
205.4780 0.029061
207.6165 0.026758
209.3434 0.024893
210.7929 0.023259
212.0727 0.022340
213.2255 0.021588
214.2596 0.021283
215.2103 0.020734
216.0869 0.020553
216.9190 0.019644
217.7055 0.019056
218.4305 0.018569
219.1225 0.018145
219.7806 0.017843
220.4125 0.017867
221.0116 0.017718
221.5903 0.017501
222.1464 0.017551
222.6914 0.017401
223.2148 0.016836
223.7188 0.016740
224.2161 0.016641
224.6945 0.016260
225.1574 0.015988
225.6134 0.015650
226.0610 0.015553
226.4938 0.015423
226.9240 0.015208
227.3367 0.015072
227.7428 0.014804
228.1409 0.014983
228.5337 0.014994
228.9153 0.014998
229.2953 0.014987
229.6670 0.014849
230.0349 0.014629
230.3958 0.014653
230.7534 0.014415
231.1057 0.014329
231.4505 0.014216
231.7913 0.014195
232.1256 0.014016
232.4606 0.014036
232.7954 0.013979
233.1192 0.013921
233.4413 0.013619
233.7606 0.013630
234.0783 0.013671
234.3930 0.013755
234.7004 0.013727
235.0111 0.013604
235.3136 0.013629
235.6156 0.013645
235.9177 0.013571
236.2175 0.013541
236.5135 0.013460
236.8050 0.013438
237.0977 0.013319
237.3894 0.013301
237.6824 0.013162
237.9681 0.013228
238.2550 0.013359
238.5399 0.013236
238.8223 0.013196
239.1019 0.013415
239.3819 0.013410
239.6575 0.013433
239.9343 0.013415
240.2122 0.013378
240.4882 0.013394
240.7581 0.013418
241.0289 0.013421
241.3021 0.013559
241.5702 0.013608
241.8427 0.013333
242.1091 0.013296
242.3755 0.013216
242.6397 0.013310
242.9051 0.013284
243.1718 0.013204
243.4356 0.013253
243.6998 0.013318
243.9638 0.013404
244.2283 0.013392
244.4895 0.013345
244.7508 0.013424
245.0161 0.013262
245.2780 0.013297
245.5394 0.013365
245.8005 0.013499
246.0619 0.013466
246.3248 0.013290
246.5880 0.013341
246.8472 0.013310
247.1101 0.013274
247.3704 0.013206
247.6338 0.013150
247.8997 0.013136
248.1635 0.013189
248.4245 0.013292
248.6855 0.013243
248.9496 0.013315
249.2127 0.013321
249.4761 0.013366
249.7369 0.013460
249.9986 0.013446
250.2637 0.013285
250.5294 0.013398
250.7981 0.013417
251.0640 0.013406
251.3340 0.013455
251.6004 0.013630
251.8700 0.013632
252.1425 0.013512
252.4099 0.013588
252.6833 0.013579
252.9583 0.013615
253.2319 0.013592
253.5074 0.013672
253.7844 0.013737
254.0614 0.013856
254.3443 0.013921
254.6247 0.014034
254.9098 0.013972
255.1921 0.014188
255.4757 0.014240
255.7661 0.014413
256.0513 0.014491
256.3412 0.014496
256.6312 0.014688
256.9299 0.014749
257.2256 0.014992
257.5249 0.015068
257.8216 0.015113
258.1238 0.015144
258.4277 0.015285
258.7377 0.015480
259.0419 0.015501
259.3511 0.015534
259.6661 0.015582
259.9842 0.015482
260.3026 0.015338
260.6283 0.015107
260.9546 0.015353
261.2860 0.015472
261.6216 0.015554
261.9591 0.015579
262.3017 0.015588
262.6524 0.015634
263.0051 0.015647
263.3572 0.015745
263.7173 0.016016
264.0819 0.016331
264.4491 0.016237
264.8249 0.016190
265.1995 0.016388
265.5783 0.016301
265.9711 0.016400
266.3681 0.016441
266.7697 0.016661
267.1791 0.016636
267.5999 0.017061
268.0261 0.016875
268.4569 0.017255
268.9002 0.017229
269.3454 0.017362
269.8021 0.017223
270.2695 0.017329
270.7519 0.017552
271.2539 0.017636
271.7668 0.017767
272.2863 0.017910
272.8205 0.018120
273.3748 0.018268
273.9476 0.018529
274.5349 0.018866
275.1417 0.019468
275.7716 0.020086
276.4332 0.020342
277.1150 0.020797
277.8260 0.021248
278.5722 0.021681
279.3524 0.022322
280.1921 0.023144
281.0670 0.023892
282.0017 0.024342
283.0037 0.024923
284.0597 0.026608
285.2252 0.027491
286.4929 0.028444
287.9207 0.029704
289.5312 0.031079
291.3936 0.032578
293.6054 0.034717
296.3707 0.039887
300.0953 0.047939
301.0476 0.049980
302.1090 0.051271
303.2588 0.053762
304.5742 0.056745
306.0976 0.062084
307.9785 0.070472
310.2687 0.076147
313.5408 0.090862
318.8520 0.125654
323.9073 0.164504
330.3373 0.228410
335.2997 0.320191
tr2s-08-6 3 1
186.7108 0.209384
189.5986 0.151112
193.6319 0.097332
197.1385 0.079404
200.8424 0.062362
203.1366 0.053034
204.8480 0.047855
206.1972 0.043555
207.3050 0.041094
208.2841 0.037393
209.1512 0.035564
209.9519 0.034525
210.6526 0.033330
213.4993 0.029314
215.6031 0.027817
217.3313 0.025756
218.7982 0.024637
220.0743 0.023112
221.2305 0.022435
222.2694 0.021239
223.2244 0.020524
224.1087 0.019693
224.9268 0.018984
225.7033 0.018821
226.4401 0.018333
227.1317 0.018123
227.7905 0.017688
228.4162 0.017751
229.0178 0.017163
229.5890 0.016872
230.1541 0.016627
230.7063 0.016343
231.2339 0.016350
231.7400 0.016116
232.2323 0.015785
232.7095 0.015379
233.1767 0.015556
233.6291 0.015399
234.0763 0.015168
234.5083 0.014937
234.9266 0.014816
235.3417 0.014768
235.7504 0.014898
236.1521 0.014739
236.5440 0.014635
236.9307 0.014506
237.3075 0.014417
237.6763 0.014085
238.0471 0.014114
238.4074 0.014119
238.7648 0.014028
239.1130 0.013922
239.4586 0.013790
239.8010 0.013900
240.1426 0.013667
240.4701 0.013547
240.8006 0.013320
241.1234 0.013120
241.4491 0.013047
241.7672 0.013150
242.0860 0.012984
242.4001 0.013104
242.7076 0.012994
243.0144 0.012748
243.3197 0.012837
243.6212 0.012938
243.9249 0.012798
244.2265 0.012784
244.5262 0.012876
244.8215 0.012884
245.1151 0.012887
245.4035 0.012728
245.6930 0.012775
245.9775 0.012934
246.2619 0.012945
246.5459 0.013089
246.8259 0.012989
247.1051 0.013213
247.3809 0.013270
247.6607 0.013312
247.9358 0.013342
248.2113 0.013308
248.4848 0.013339
248.7600 0.013401
249.0322 0.013453
249.3041 0.013525
249.5776 0.013599
249.8461 0.013523
250.1180 0.013491
250.3821 0.013430
250.6466 0.013543
250.9132 0.013594
251.1761 0.013577
251.4376 0.013635
251.7016 0.013644
251.9635 0.013786
252.2269 0.013691
252.4888 0.013627
252.7491 0.013555
253.0112 0.013676
253.2751 0.013533
253.5360 0.013419
253.7972 0.013509
254.0583 0.013537
254.3205 0.013437
254.5824 0.013373
254.8460 0.013368
255.1089 0.013479
255.3711 0.013448
255.6294 0.013375
255.8930 0.013257
256.1557 0.013212
256.4184 0.013166
256.6813 0.013243
256.9446 0.013152
257.2058 0.013211
257.4685 0.013234
257.7318 0.013326
257.9978 0.013288
258.2625 0.013450
258.5317 0.013487
258.7998 0.013430
259.0650 0.013465
259.3329 0.013437
259.5999 0.013524
259.8679 0.013717
260.1438 0.013601
260.4147 0.013562
260.6890 0.013404
260.9636 0.013477
261.2367 0.013595
261.5078 0.013776
261.7846 0.013779
262.0618 0.013890
262.3395 0.013982
262.6170 0.013922
262.8999 0.013949
263.1841 0.014103
263.4705 0.014129
263.7597 0.014257
264.0439 0.014402
264.3370 0.014526
264.6284 0.014662
264.9225 0.014894
265.2156 0.015147
265.5112 0.015095
265.8104 0.015071
266.1125 0.015051
266.4201 0.015054
266.7255 0.015053
267.0373 0.014909
267.3505 0.014931
267.6605 0.015069
267.9788 0.015035
268.2971 0.015209
268.6185 0.015381
268.9430 0.015399
269.2742 0.015448
269.6084 0.015623
269.9470 0.015837
270.2867 0.015800
270.6298 0.015958
270.9795 0.015875
271.3354 0.016029
271.6921 0.016058
272.0509 0.016016
272.4236 0.016129
272.7977 0.016065
273.1786 0.016197
273.5612 0.016183
273.9541 0.016100
274.3512 0.016239
274.7597 0.016290
275.1706 0.016318
275.5865 0.016517
276.0077 0.016708
276.4358 0.016648
276.8765 0.016956
277.3327 0.017170
277.7939 0.017280
278.2650 0.017476
278.7448 0.017696
279.2333 0.017723
279.7441 0.017747
280.2645 0.018168
280.7997 0.018605
281.3490 0.018973
281.9256 0.019475
282.5131 0.019662
283.1230 0.019445
283.7497 0.019454
284.3993 0.019862
285.0853 0.020321
285.7937 0.020978
286.5469 0.021926
287.3297 0.022594
288.1607 0.023434
289.0314 0.024199
289.9596 0.025020
290.9514 0.026431
292.0242 0.027526
293.2009 0.028202
294.4802 0.029688
295.9151 0.030935
297.5355 0.032247
299.3852 0.034527
301.5608 0.037380
304.3178 0.041598
308.0560 0.047134
309.0115 0.049711
310.0357 0.051245
311.2174 0.054040
312.5159 0.059013
314.1038 0.062593
315.9662 0.068144
318.3319 0.078883
321.5151 0.091618
326.7432 0.126412
331.8338 0.164551
338.3123 0.231863
343.5495 0.311449
