Copyright (C) 1998 James G. MacKinnon, Alfred A. Haug, and Leo Michelis.
 lm0-07-1 2 1
 18.0796 0.023155
 18.6292 0.018153
 19.4318 0.012397
 20.1076 0.009645
 20.8472 0.007582
 21.3189 0.006439
 21.6666 0.005757
 21.9504 0.005315
 22.1912 0.005315
 22.4021 0.005071
 22.5892 0.004815
 22.7574 0.004641
 22.9125 0.004450
 23.5365 0.003976
 24.0112 0.003642
 24.4021 0.003315
 24.7349 0.003118
 25.0311 0.003113
 25.2989 0.003022
 25.5415 0.002948
 25.7667 0.002901
 25.9769 0.002880
 26.1732 0.002898
 26.3600 0.002849
 26.5351 0.002812
 26.7031 0.002705
 26.8625 0.002619
 27.0167 0.002600
 27.1654 0.002548
 27.3080 0.002533
 27.4460 0.002474
 27.5802 0.002434
 27.7097 0.002395
 27.8367 0.002397
 27.9601 0.002382
 28.0810 0.002348
 28.1991 0.002327
 28.3146 0.002345
 28.4268 0.002331
 28.5378 0.002302
 28.6469 0.002268
 28.7540 0.002254
 28.8590 0.002224
 28.9626 0.002208
 29.0640 0.002217
 29.1637 0.002198
 29.2621 0.002198
 29.3596 0.002201
 29.4561 0.002208
 29.5508 0.002201
 29.6447 0.002165
 29.7373 0.002152
 29.8288 0.002150
 29.9201 0.002126
 30.0100 0.002127
 30.0991 0.002122
 30.1866 0.002131
 30.2737 0.002105
 30.3602 0.002063
 30.4460 0.002067
 30.5317 0.002044
 30.6162 0.002053
 30.7008 0.002048
 30.7836 0.002064
 30.8666 0.002085
 30.9493 0.002103
 31.0308 0.002131
 31.1118 0.002137
 31.1922 0.002159
 31.2724 0.002144
 31.3523 0.002160
 31.4318 0.002143
 31.5110 0.002141
 31.5892 0.002157
 31.6677 0.002151
 31.7458 0.002160
 31.8235 0.002182
 31.9017 0.002184
 31.9788 0.002208
 32.0561 0.002208
 32.1330 0.002209
 32.2094 0.002224
 32.2858 0.002219
 32.3623 0.002221
 32.4388 0.002217
 32.5151 0.002232
 32.5917 0.002248
 32.6672 0.002257
 32.7428 0.002257
 32.8186 0.002277
 32.8945 0.002313
 32.9700 0.002301
 33.0456 0.002324
 33.1214 0.002308
 33.1967 0.002328
 33.2720 0.002313
 33.3477 0.002314
 33.4235 0.002339
 33.4992 0.002350
 33.5746 0.002338
 33.6503 0.002348
 33.7257 0.002364
 33.8021 0.002378
 33.8776 0.002374
 33.9536 0.002375
 34.0297 0.002377
 34.1054 0.002373
 34.1824 0.002374
 34.2588 0.002370
 34.3355 0.002391
 34.4118 0.002421
 34.4894 0.002442
 34.5670 0.002468
 34.6445 0.002473
 34.7221 0.002477
 34.7998 0.002482
 34.8783 0.002511
 34.9573 0.002511
 35.0363 0.002512
 35.1149 0.002511
 35.1938 0.002512
 35.2739 0.002498
 35.3539 0.002508
 35.4338 0.002519
 35.5145 0.002515
 35.5963 0.002526
 35.6780 0.002522
 35.7602 0.002508
 35.8425 0.002509
 35.9247 0.002515
 36.0084 0.002532
 36.0919 0.002556
 36.1756 0.002568
 36.2600 0.002583
 36.3454 0.002613
 36.4308 0.002600
 36.5167 0.002617
 36.6032 0.002629
 36.6906 0.002643
 36.7794 0.002656
 36.8686 0.002635
 36.9591 0.002603
 37.0495 0.002631
 37.1416 0.002658
 37.2336 0.002680
 37.3265 0.002706
 37.4202 0.002721
 37.5152 0.002725
 37.6097 0.002726
 37.7069 0.002759
 37.8042 0.002793
 37.9024 0.002829
 38.0023 0.002861
 38.1032 0.002890
 38.2045 0.002913
 38.3075 0.002917
 38.4120 0.002955
 38.5172 0.002997
 38.6231 0.002999
 38.7301 0.002978
 38.8386 0.003013
 38.9493 0.003042
 39.0613 0.003071
 39.1754 0.003103
 39.2909 0.003113
 39.4083 0.003154
 39.5274 0.003207
 39.6481 0.003254
 39.7709 0.003258
 39.8977 0.003243
 40.0252 0.003253
 40.1571 0.003274
 40.2898 0.003278
 40.4246 0.003360
 40.5626 0.003371
 40.7046 0.003441
 40.8484 0.003500
 40.9962 0.003518
 41.1469 0.003629
 41.3011 0.003636
 41.4602 0.003676
 41.6227 0.003709
 41.7903 0.003786
 41.9608 0.003808
 42.1380 0.003849
 42.3208 0.003867
 42.5109 0.003953
 42.7070 0.003985
 42.9085 0.003956
 43.1196 0.004118
 43.3382 0.004326
 43.5694 0.004378
 43.8081 0.004456
 44.0582 0.004477
 44.3196 0.004614
 44.5978 0.004768
 44.8905 0.004911
 45.2031 0.005048
 45.5389 0.005236
 45.8969 0.005362
 46.2888 0.005639
 46.7143 0.005993
 47.1861 0.006219
 47.7179 0.006626
 48.3217 0.006915
 49.0204 0.007179
 49.8571 0.007689
 50.9203 0.008671
 52.3801 0.011109
 52.7506 0.011530
 53.1707 0.012121
 53.6362 0.012495
 54.1692 0.013300
 54.7935 0.014339
 55.5453 0.015942
 56.5072 0.018568
 57.8593 0.021981
 60.0911 0.030929
 62.2431 0.043753
 64.9141 0.063237
 67.0502 0.088119
 lm1-07-1 3 1
 20.4100 0.043598
 21.0189 0.033441
 21.8644 0.022275
 22.5966 0.017639
 23.3704 0.013497
 23.8749 0.011992
 24.2445 0.010992
 24.5365 0.010086
 24.7896 0.009900
 25.0075 0.009369
 25.2054 0.008967
 25.3804 0.008487
 25.5390 0.008223
 26.1897 0.007230
 26.6855 0.006807
 27.0975 0.006231
 27.4472 0.005974
 27.7529 0.005810
 28.0280 0.005635
 28.2837 0.005529
 28.5158 0.005345
 28.7369 0.005237
 28.9403 0.005041
 29.1337 0.004961
 29.3194 0.004824
 29.4965 0.004661
 29.6651 0.004612
 29.8255 0.004505
 29.9803 0.004440
 30.1313 0.004435
 30.2764 0.004386
 30.4174 0.004277
 30.5513 0.004214
 30.6830 0.004217
 30.8124 0.004251
 30.9385 0.004231
 31.0598 0.004197
 31.1782 0.004177
 31.2947 0.004168
 31.4100 0.004086
 31.5222 0.004058
 31.6322 0.004100
 31.7398 0.004037
 31.8479 0.004050
 31.9528 0.004038
 32.0583 0.004000
 32.1602 0.004044
 32.2610 0.004090
 32.3607 0.004080
 32.4598 0.004035
 32.5573 0.004071
 32.6528 0.004026
 32.7477 0.004017
 32.8432 0.003964
 32.9363 0.003956
 33.0284 0.003962
 33.1204 0.003987
 33.2116 0.003972
 33.3012 0.003934
 33.3901 0.003920
 33.4776 0.003947
 33.5658 0.003923
 33.6524 0.003907
 33.7389 0.003891
 33.8254 0.003843
 33.9097 0.003862
 33.9950 0.003884
 34.0798 0.003905
 34.1646 0.003894
 34.2487 0.003874
 34.3317 0.003906
 34.4148 0.003855
 34.4962 0.003888
 34.5769 0.003882
 34.6576 0.003922
 34.7390 0.003898
 34.8193 0.003908
 34.8993 0.003904
 34.9797 0.003921
 35.0605 0.003836
 35.1405 0.003862
 35.2196 0.003889
 35.2994 0.003940
 35.3797 0.003963
 35.4580 0.003942
 35.5373 0.003960
 35.6166 0.003918
 35.6944 0.003961
 35.7739 0.003941
 35.8526 0.003935
 35.9302 0.003915
 36.0083 0.003914
 36.0875 0.003977
 36.1666 0.003971
 36.2468 0.003982
 36.3246 0.003959
 36.4036 0.003991
 36.4815 0.004013
 36.5595 0.004027
 36.6373 0.004125
 36.7156 0.004116
 36.7943 0.004115
 36.8735 0.004105
 36.9526 0.004089
 37.0314 0.004066
 37.1109 0.004069
 37.1898 0.004057
 37.2688 0.004067
 37.3489 0.004103
 37.4287 0.004145
 37.5083 0.004092
 37.5876 0.004131
 37.6671 0.004150
 37.7475 0.004209
 37.8264 0.004241
 37.9061 0.004236
 37.9862 0.004219
 38.0668 0.004189
 38.1485 0.004215
 38.2306 0.004228
 38.3134 0.004268
 38.3960 0.004262
 38.4784 0.004287
 38.5617 0.004326
 38.6441 0.004343
 38.7277 0.004401
 38.8124 0.004438
 38.8972 0.004425
 38.9821 0.004493
 39.0676 0.004513
 39.1541 0.004562
 39.2399 0.004590
 39.3268 0.004605
 39.4148 0.004648
 39.5021 0.004697
 39.5905 0.004664
 39.6797 0.004705
 39.7694 0.004735
 39.8597 0.004727
 39.9515 0.004759
 40.0439 0.004834
 40.1358 0.004868
 40.2297 0.004840
 40.3236 0.004859
 40.4192 0.004899
 40.5135 0.004919
 40.6092 0.004943
 40.7072 0.004953
 40.8058 0.004960
 40.9046 0.005072
 41.0046 0.005032
 41.1061 0.005010
 41.2091 0.005053
 41.3137 0.005133
 41.4177 0.005203
 41.5229 0.005208
 41.6308 0.005188
 41.7387 0.005247
 41.8495 0.005268
 41.9616 0.005359
 42.0741 0.005443
 42.1886 0.005444
 42.3057 0.005415
 42.4239 0.005443
 42.5430 0.005542
 42.6646 0.005631
 42.7875 0.005657
 42.9129 0.005694
 43.0393 0.005743
 43.1677 0.005826
 43.2992 0.005801
 43.4340 0.005841
 43.5719 0.005981
 43.7125 0.005988
 43.8539 0.006050
 43.9995 0.006118
 44.1492 0.006225
 44.3017 0.006381
 44.4551 0.006527
 44.6155 0.006645
 44.7803 0.006730
 44.9483 0.006796
 45.1220 0.006890
 45.2993 0.007095
 45.4817 0.007105
 45.6723 0.007212
 45.8685 0.007252
 46.0706 0.007461
 46.2784 0.007557
 46.4945 0.007685
 46.7170 0.007813
 46.9524 0.007894
 47.1972 0.007993
 47.4601 0.008106
 47.7299 0.008283
 48.0146 0.008632
 48.3161 0.008807
 48.6347 0.009206
 48.9779 0.009377
 49.3497 0.009726
 49.7526 0.010081
 50.1930 0.010574
 50.6781 0.011082
 51.2275 0.011563
 51.8482 0.012063
 52.5696 0.012812
 53.4217 0.013508
 54.4949 0.015396
 55.9854 0.017860
 56.3710 0.018783
 56.7944 0.019870
 57.2774 0.020805
 57.8282 0.023212
 58.4842 0.025766
 59.2714 0.027901
 60.2623 0.030825
 61.5971 0.036224
 63.9037 0.050096
 66.0741 0.071953
 68.9593 0.113982
 70.9635 0.160763
lm1s-07-1 3 1
 21.1168 0.042551
 21.7144 0.033070
 22.5632 0.022506
 23.2660 0.017662
 24.0454 0.014162
 24.5486 0.011746
 24.9169 0.010731
 25.2196 0.009740
 25.4774 0.009477
 25.6995 0.008733
 25.8933 0.008455
 26.0726 0.008130
 26.2353 0.007794
 26.8921 0.007254
 27.3913 0.006720
 27.8018 0.006324
 28.1496 0.006220
 28.4593 0.005895
 28.7387 0.005603
 28.9918 0.005427
 29.2279 0.005264
 29.4477 0.005040
 29.6540 0.004873
 29.8492 0.004806
 30.0352 0.004671
 30.2111 0.004654
 30.3809 0.004497
 30.5430 0.004387
 30.6989 0.004386
 30.8510 0.004392
 30.9973 0.004395
 31.1371 0.004280
 31.2728 0.004220
 31.4029 0.004148
 31.5308 0.004170
 31.6571 0.004116
 31.7797 0.004107
 31.8994 0.004056
 32.0174 0.004057
 32.1339 0.004096
 32.2459 0.004069
 32.3562 0.004084
 32.4651 0.004050
 32.5729 0.004031
 32.6788 0.004005
 32.7852 0.004003
 32.8866 0.003989
 32.9887 0.003986
 33.0892 0.004014
 33.1878 0.004057
 33.2855 0.004045
 33.3825 0.004067
 33.4775 0.004049
 33.5717 0.004070
 33.6654 0.004051
 33.7576 0.004080
 33.8506 0.004040
 33.9411 0.004050
 34.0308 0.004018
 34.1210 0.004048
 34.2100 0.003970
 34.2981 0.003978
 34.3850 0.003926
 34.4715 0.003945
 34.5569 0.003960
 34.6430 0.003984
 34.7268 0.003942
 34.8125 0.003911
 34.8953 0.003887
 34.9795 0.003877
 35.0630 0.003898
 35.1460 0.003920
 35.2275 0.003897
 35.3094 0.003888
 35.3914 0.003912
 35.4727 0.003913
 35.5550 0.003921
 35.6348 0.003921
 35.7145 0.003873
 35.7945 0.003873
 35.8746 0.003911
 35.9538 0.003962
 36.0337 0.003993
 36.1145 0.004009
 36.1946 0.004004
 36.2738 0.004020
 36.3524 0.004029
 36.4320 0.004031
 36.5110 0.004041
 36.5894 0.004063
 36.6685 0.004085
 36.7470 0.004071
 36.8250 0.004104
 36.9047 0.004154
 36.9832 0.004140
 37.0616 0.004141
 37.1407 0.004126
 37.2192 0.004111
 37.2982 0.004134
 37.3776 0.004155
 37.4557 0.004190
 37.5332 0.004156
 37.6113 0.004196
 37.6894 0.004192
 37.7683 0.004191
 37.8479 0.004184
 37.9266 0.004181
 38.0056 0.004187
 38.0845 0.004157
 38.1633 0.004214
 38.2440 0.004196
 38.3247 0.004212
 38.4050 0.004244
 38.4857 0.004266
 38.5671 0.004261
 38.6473 0.004249
 38.7278 0.004307
 38.8077 0.004339
 38.8889 0.004346
 38.9708 0.004354
 39.0525 0.004374
 39.1354 0.004405
 39.2180 0.004448
 39.3011 0.004491
 39.3843 0.004549
 39.4693 0.004568
 39.5540 0.004570
 39.6392 0.004616
 39.7245 0.004635
 39.8098 0.004601
 39.8960 0.004596
 39.9825 0.004546
 40.0694 0.004574
 40.1573 0.004569
 40.2461 0.004558
 40.3353 0.004588
 40.4251 0.004631
 40.5144 0.004662
 40.6049 0.004648
 40.6962 0.004656
 40.7880 0.004705
 40.8804 0.004685
 40.9740 0.004736
 41.0683 0.004814
 41.1630 0.004848
 41.2589 0.004977
 41.3548 0.005018
 41.4523 0.005056
 41.5508 0.005052
 41.6504 0.005059
 41.7499 0.005102
 41.8516 0.005186
 41.9545 0.005187
 42.0593 0.005181
 42.1635 0.005278
 42.2692 0.005294
 42.3776 0.005369
 42.4885 0.005462
 42.5984 0.005515
 42.7097 0.005633
 42.8216 0.005609
 42.9357 0.005664
 43.0512 0.005713
 43.1704 0.005722
 43.2895 0.005798
 43.4105 0.005803
 43.5342 0.005833
 43.6607 0.005822
 43.7879 0.005846
 43.9187 0.005850
 44.0516 0.005987
 44.1837 0.006068
 44.3187 0.006149
 44.4584 0.006187
 44.6024 0.006403
 44.7477 0.006461
 44.8968 0.006479
 45.0494 0.006558
 45.2061 0.006586
 45.3668 0.006690
 45.5310 0.006807
 45.7010 0.006837
 45.8737 0.007004
 46.0518 0.007145
 46.2340 0.007190
 46.4221 0.007271
 46.6170 0.007412
 46.8189 0.007443
 47.0283 0.007584
 47.2449 0.007635
 47.4705 0.007759
 47.7048 0.007823
 47.9552 0.008005
 48.2121 0.008228
 48.4837 0.008395
 48.7678 0.008651
 49.0718 0.008841
 49.3929 0.009221
 49.7395 0.009500
 50.1114 0.009866
 50.5127 0.010285
 50.9503 0.010583
 51.4407 0.010972
 51.9831 0.011379
 52.6061 0.011742
 53.3217 0.012488
 54.1708 0.012983
 55.2527 0.014641
 56.7480 0.018004
 57.1398 0.019180
 57.5661 0.020280
 58.0396 0.022126
 58.5969 0.023195
 59.2330 0.024664
 60.0376 0.028050
 61.0059 0.030720
 62.3497 0.035517
 64.6724 0.050237
 66.8455 0.072239
 69.6918 0.113815
 71.6094 0.163087
 lm2-07-1 3 1
 22.8698 0.043832
 23.4816 0.032890
 24.3594 0.023657
 25.1003 0.018464
 25.9178 0.013895
 26.4212 0.011825
 26.7994 0.011028
 27.1063 0.010206
 27.3734 0.009709
 27.6052 0.009080
 27.8109 0.008807
 27.9914 0.008354
 28.1605 0.008356
 28.8433 0.007685
 29.3603 0.006919
 29.7862 0.006672
 30.1467 0.006053
 30.4707 0.005919
 30.7567 0.005655
 31.0245 0.005580
 31.2678 0.005566
 31.4937 0.005287
 31.7050 0.005237
 31.9076 0.005078
 32.0982 0.004981
 32.2797 0.004931
 32.4509 0.004881
 32.6187 0.004829
 32.7797 0.004750
 32.9342 0.004707
 33.0857 0.004655
 33.2322 0.004587
 33.3729 0.004519
 33.5127 0.004505
 33.6457 0.004463
 33.7770 0.004487
 33.9039 0.004404
 34.0285 0.004349
 34.1506 0.004288
 34.2701 0.004249
 34.3867 0.004271
 34.5035 0.004234
 34.6161 0.004277
 34.7278 0.004314
 34.8380 0.004325
 34.9469 0.004325
 35.0530 0.004285
 35.1571 0.004279
 35.2603 0.004240
 35.3614 0.004236
 35.4622 0.004256
 35.5617 0.004220
 35.6607 0.004259
 35.7579 0.004252
 35.8539 0.004283
 35.9503 0.004313
 36.0452 0.004294
 36.1389 0.004305
 36.2321 0.004279
 36.3249 0.004262
 36.4175 0.004234
 36.5081 0.004252
 36.5989 0.004245
 36.6889 0.004241
 36.7776 0.004208
 36.8666 0.004196
 36.9543 0.004110
 37.0421 0.004125
 37.1283 0.004120
 37.2142 0.004111
 37.2998 0.004138
 37.3851 0.004125
 37.4702 0.004129
 37.5537 0.004144
 37.6379 0.004116
 37.7221 0.004145
 37.8058 0.004145
 37.8895 0.004168
 37.9725 0.004137
 38.0545 0.004105
 38.1369 0.004100
 38.2200 0.004053
 38.3016 0.004096
 38.3843 0.004111
 38.4654 0.004135
 38.5468 0.004161
 38.6278 0.004178
 38.7095 0.004168
 38.7898 0.004175
 38.8703 0.004254
 38.9520 0.004305
 39.0321 0.004344
 39.1129 0.004385
 39.1934 0.004387
 39.2755 0.004355
 39.3562 0.004375
 39.4374 0.004413
 39.5186 0.004409
 39.5999 0.004427
 39.6807 0.004414
 39.7622 0.004371
 39.8430 0.004412
 39.9237 0.004426
 40.0044 0.004413
 40.0850 0.004442
 40.1656 0.004478
 40.2477 0.004501
 40.3290 0.004526
 40.4108 0.004561
 40.4937 0.004558
 40.5762 0.004560
 40.6588 0.004574
 40.7423 0.004561
 40.8243 0.004558
 40.9079 0.004582
 40.9920 0.004591
 41.0754 0.004542
 41.1583 0.004536
 41.2428 0.004566
 41.3268 0.004535
 41.4111 0.004557
 41.4962 0.004619
 41.5817 0.004634
 41.6670 0.004650
 41.7516 0.004728
 41.8377 0.004758
 41.9257 0.004787
 42.0116 0.004788
 42.0982 0.004822
 42.1869 0.004858
 42.2762 0.004858
 42.3660 0.004837
 42.4560 0.004859
 42.5464 0.004929
 42.6381 0.004940
 42.7297 0.004941
 42.8221 0.004977
 42.9148 0.005019
 43.0077 0.005069
 43.1018 0.005083
 43.1949 0.005111
 43.2895 0.005167
 43.3851 0.005193
 43.4820 0.005237
 43.5800 0.005259
 43.6777 0.005234
 43.7764 0.005327
 43.8776 0.005261
 43.9777 0.005293
 44.0814 0.005356
 44.1849 0.005337
 44.2896 0.005300
 44.3945 0.005293
 44.5003 0.005312
 44.6094 0.005386
 44.7179 0.005395
 44.8293 0.005495
 44.9408 0.005523
 45.0554 0.005530
 45.1703 0.005587
 45.2876 0.005592
 45.4059 0.005668
 45.5259 0.005767
 45.6449 0.005739
 45.7677 0.005833
 45.8928 0.005931
 46.0188 0.006015
 46.1492 0.006048
 46.2797 0.006084
 46.4141 0.006125
 46.5493 0.006233
 46.6879 0.006311
 46.8276 0.006365
 46.9729 0.006389
 47.1194 0.006510
 47.2689 0.006603
 47.4216 0.006606
 47.5758 0.006700
 47.7371 0.006737
 47.8985 0.006848
 48.0664 0.006901
 48.2411 0.007111
 48.4190 0.007136
 48.6011 0.007269
 48.7909 0.007376
 48.9852 0.007403
 49.1838 0.007485
 49.3897 0.007636
 49.6046 0.007809
 49.8275 0.007896
 50.0615 0.008033
 50.3050 0.008198
 50.5581 0.008251
 50.8238 0.008554
 51.1053 0.008682
 51.3977 0.008990
 51.7102 0.009227
 52.0431 0.009445
 52.3982 0.009751
 52.7712 0.009912
 53.1828 0.010180
 53.6310 0.010520
 54.1304 0.010760
 54.6881 0.011485
 55.3216 0.011986
 56.0571 0.012786
 56.9425 0.014216
 58.0549 0.016163
 59.5974 0.018700
 59.9963 0.019474
 60.4199 0.020389
 60.9054 0.021650
 61.4484 0.023301
 62.0924 0.025034
 62.8928 0.027947
 63.8874 0.031416
 65.3363 0.037184
 67.6189 0.051835
 69.8928 0.075192
 72.6869 0.114868
 74.8261 0.159247
lm2s-07-1 3 1
 23.5465 0.044046
 24.1621 0.034201
 25.0532 0.024836
 25.8023 0.018941
 26.6221 0.014621
 27.1326 0.012897
 27.5222 0.011392
 27.8381 0.010610
 28.1014 0.009722
 28.3299 0.009351
 28.5302 0.009108
 28.7147 0.008712
 28.8891 0.008725
 29.5644 0.007532
 30.0826 0.006648
 30.5120 0.006193
 30.8754 0.006157
 31.1969 0.005899
 31.4889 0.005551
 31.7545 0.005468
 31.9976 0.005316
 32.2270 0.005300
 32.4395 0.005247
 32.6396 0.005134
 32.8288 0.004916
 33.0095 0.004862
 33.1856 0.004782
 33.3542 0.004764
 33.5163 0.004610
 33.6725 0.004627
 33.8250 0.004658
 33.9706 0.004587
 34.1123 0.004571
 34.2497 0.004537
 34.3839 0.004438
 34.5139 0.004389
 34.6418 0.004456
 34.7663 0.004435
 34.8896 0.004436
 35.0084 0.004359
 35.1261 0.004319
 35.2425 0.004290
 35.3540 0.004240
 35.4654 0.004216
 35.5747 0.004190
 35.6845 0.004254
 35.7909 0.004194
 35.8945 0.004198
 35.9989 0.004203
 36.1019 0.004169
 36.2043 0.004172
 36.3032 0.004212
 36.4026 0.004235
 36.4999 0.004228
 36.5966 0.004198
 36.6928 0.004190
 36.7891 0.004121
 36.8845 0.004128
 36.9778 0.004045
 37.0697 0.004034
 37.1613 0.004090
 37.2527 0.004068
 37.3431 0.004071
 37.4329 0.004064
 37.5225 0.004082
 37.6118 0.004059
 37.6997 0.004054
 37.7881 0.004044
 37.8755 0.004068
 37.9613 0.004056
 38.0470 0.004051
 38.1315 0.004059
 38.2161 0.004008
 38.3000 0.004002
 38.3840 0.004004
 38.4667 0.003997
 38.5507 0.004049
 38.6346 0.004084
 38.7174 0.004074
 38.8002 0.004123
 38.8817 0.004116
 38.9642 0.004159
 39.0472 0.004206
 39.1287 0.004206
 39.2101 0.004253
 39.2919 0.004264
 39.3733 0.004238
 39.4547 0.004282
 39.5363 0.004343
 39.6175 0.004324
 39.6998 0.004316
 39.7812 0.004344
 39.8623 0.004288
 39.9428 0.004324
 40.0232 0.004327
 40.1042 0.004311
 40.1851 0.004328
 40.2654 0.004374
 40.3464 0.004430
 40.4267 0.004461
 40.5083 0.004450
 40.5901 0.004478
 40.6712 0.004474
 40.7522 0.004491
 40.8344 0.004482
 40.9156 0.004484
 40.9971 0.004444
 41.0786 0.004451
 41.1614 0.004456
 41.2432 0.004446
 41.3256 0.004454
 41.4073 0.004472
 41.4904 0.004463
 41.5731 0.004548
 41.6565 0.004500
 41.7410 0.004506
 41.8251 0.004579
 41.9089 0.004566
 41.9926 0.004590
 42.0756 0.004570
 42.1606 0.004611
 42.2467 0.004643
 42.3309 0.004647
 42.4157 0.004718
 42.5026 0.004756
 42.5893 0.004743
 42.6757 0.004736
 42.7630 0.004753
 42.8515 0.004757
 42.9394 0.004799
 43.0281 0.004799
 43.1165 0.004808
 43.2063 0.004860
 43.2973 0.004858
 43.3883 0.004953
 43.4808 0.004968
 43.5725 0.005013
 43.6656 0.005077
 43.7583 0.005104
 43.8517 0.005053
 43.9449 0.005054
 44.0405 0.005114
 44.1363 0.005066
 44.2332 0.005077
 44.3310 0.005095
 44.4296 0.005118
 44.5298 0.005206
 44.6310 0.005229
 44.7323 0.005261
 44.8342 0.005327
 44.9394 0.005359
 45.0439 0.005331
 45.1488 0.005361
 45.2563 0.005361
 45.3639 0.005398
 45.4738 0.005495
 45.5855 0.005506
 45.6970 0.005566
 45.8087 0.005624
 45.9241 0.005647
 46.0406 0.005671
 46.1577 0.005650
 46.2776 0.005719
 46.3985 0.005835
 46.5210 0.005922
 46.6457 0.005964
 46.7736 0.006064
 46.9035 0.006172
 47.0351 0.006195
 47.1674 0.006283
 47.3024 0.006307
 47.4403 0.006380
 47.5803 0.006365
 47.7252 0.006360
 47.8694 0.006389
 48.0188 0.006355
 48.1721 0.006445
 48.3291 0.006593
 48.4878 0.006662
 48.6531 0.006822
 48.8218 0.006911
 48.9949 0.006973
 49.1719 0.007011
 49.3539 0.007179
 49.5430 0.007310
 49.7383 0.007393
 49.9388 0.007500
 50.1469 0.007590
 50.3617 0.007625
 50.5845 0.007807
 50.8164 0.008052
 51.0589 0.008092
 51.3122 0.008347
 51.5770 0.008389
 51.8554 0.008600
 52.1533 0.008763
 52.4619 0.009065
 52.7921 0.009420
 53.1474 0.009732
 53.5279 0.010055
 53.9382 0.010193
 54.3908 0.010577
 54.8917 0.011072
 55.4484 0.011500
 56.0789 0.011669
 56.8081 0.012292
 57.6911 0.014052
 58.8120 0.016028
 60.3630 0.018644
 60.7434 0.019508
 61.1628 0.020091
 61.6453 0.022061
 62.1965 0.023041
 62.8708 0.024827
 63.6524 0.027603
 64.6979 0.030153
 66.0635 0.037190
 68.4182 0.051636
 70.6511 0.074643
 73.3745 0.114221
 75.5537 0.157818
 tr0-07-1 2 1
 63.9095 0.064508
 65.5497 0.050112
 67.8286 0.034330
 69.6903 0.026828
 71.7293 0.019726
 72.9932 0.017164
 73.9391 0.016191
 74.7012 0.014804
 75.3379 0.013604
 75.8918 0.013098
 76.3848 0.012698
 76.8221 0.012343
 77.2316 0.011652
 78.8644 0.010033
 80.0811 0.009313
 81.0834 0.008776
 81.9329 0.008232
 82.6752 0.007811
 83.3464 0.007590
 83.9527 0.007489
 84.5097 0.007450
 85.0281 0.007305
 85.5129 0.007082
 85.9703 0.006805
 86.4007 0.006467
 86.8058 0.006357
 87.1957 0.006256
 87.5700 0.006096
 87.9267 0.006071
 88.2762 0.005923
 88.6083 0.005784
 88.9288 0.005844
 89.2406 0.005876
 89.5430 0.005901
 89.8398 0.005912
 90.1285 0.005857
 90.4080 0.005935
 90.6836 0.005947
 90.9498 0.005956
 91.2108 0.005873
 91.4677 0.005841
 91.7188 0.005753
 91.9647 0.005707
 92.2054 0.005615
 92.4437 0.005628
 92.6792 0.005577
 92.9093 0.005477
 93.1362 0.005447
 93.3580 0.005389
 93.5767 0.005366
 93.7916 0.005358
 94.0052 0.005369
 94.2167 0.005331
 94.4246 0.005310
 94.6307 0.005274
 94.8350 0.005286
 95.0370 0.005306
 95.2362 0.005246
 95.4338 0.005177
 95.6292 0.005211
 95.8242 0.005186
 96.0163 0.005159
 96.2069 0.005167
 96.3952 0.005173
 96.5827 0.005166
 96.7688 0.005198
 96.9515 0.005206
 97.1347 0.005163
 97.3183 0.005159
 97.4991 0.005175
 97.6775 0.005194
 97.8574 0.005201
 98.0341 0.005140
 98.2116 0.005122
 98.3870 0.005095
 98.5614 0.005097
 98.7362 0.005077
 98.9085 0.005071
 99.0807 0.005109
 99.2520 0.005100
 99.4243 0.005110
 99.5944 0.005141
 99.7640 0.005102
 99.9318 0.005067
100.1000 0.005108
100.2686 0.005074
100.4358 0.005025
100.6019 0.004981
100.7677 0.004961
100.9332 0.005031
101.0989 0.005005
101.2648 0.005029
101.4295 0.005078
101.5943 0.005107
101.7589 0.005114
101.9227 0.005088
102.0875 0.005080
102.2509 0.005084
102.4159 0.005113
102.5805 0.005084
102.7440 0.005076
102.9067 0.005072
103.0697 0.005065
103.2335 0.005082
103.3982 0.005083
103.5616 0.005080
103.7265 0.005019
103.8915 0.005073
104.0557 0.005067
104.2205 0.005054
104.3845 0.005127
104.5484 0.005134
104.7125 0.005107
104.8771 0.005127
105.0411 0.005171
105.2082 0.005163
105.3734 0.005173
105.5405 0.005190
105.7074 0.005150
105.8735 0.005128
106.0419 0.005152
106.2102 0.005181
106.3791 0.005218
106.5470 0.005196
106.7168 0.005189
106.8863 0.005202
107.0571 0.005213
107.2284 0.005263
107.4012 0.005212
107.5735 0.005276
107.7456 0.005294
107.9203 0.005327
108.0957 0.005374
108.2711 0.005420
108.4485 0.005473
108.6264 0.005456
108.8046 0.005455
108.9847 0.005455
109.1661 0.005409
109.3500 0.005452
109.5328 0.005507
109.7180 0.005550
109.9030 0.005564
110.0901 0.005654
110.2771 0.005658
110.4655 0.005684
110.6572 0.005739
110.8490 0.005805
111.0428 0.005951
111.2373 0.005987
111.4336 0.006014
111.6321 0.006040
111.8341 0.005997
112.0370 0.006035
112.2418 0.006034
112.4481 0.005979
112.6576 0.006013
112.8703 0.006033
113.0836 0.006034
113.2990 0.006021
113.5185 0.006018
113.7398 0.006120
113.9635 0.006153
114.1900 0.006222
114.4198 0.006150
114.6543 0.006238
114.8892 0.006310
115.1304 0.006328
115.3752 0.006436
115.6210 0.006579
115.8723 0.006564
116.1278 0.006569
116.3875 0.006662
116.6531 0.006664
116.9225 0.006741
117.1978 0.006793
117.4793 0.006824
117.7643 0.006824
118.0579 0.006963
118.3563 0.006812
118.6628 0.006943
118.9773 0.006994
119.3003 0.006999
119.6285 0.007062
119.9672 0.007140
120.3176 0.007115
120.6782 0.007310
121.0489 0.007346
121.4342 0.007556
121.8336 0.007575
122.2466 0.007607
122.6766 0.007654
123.1271 0.007707
123.5986 0.007844
124.0920 0.008013
124.6074 0.008146
125.1556 0.008392
125.7305 0.008543
126.3503 0.008651
127.0137 0.009311
127.7273 0.009602
128.5032 0.009941
129.3602 0.010073
130.3143 0.010751
131.3798 0.011502
132.6186 0.012116
134.1020 0.013471
135.9510 0.015002
138.4828 0.017902
139.1244 0.019046
139.8300 0.020006
140.6212 0.021009
141.5216 0.022348
142.5871 0.024678
143.8506 0.027143
145.4511 0.030822
147.6610 0.035664
151.2950 0.051109
154.8108 0.066954
159.3383 0.099512
162.7267 0.138625
 tr1-07-1 3 1
 75.2168 0.125762
 76.8882 0.093913
 79.3865 0.067118
 81.3843 0.049918
 83.5663 0.037732
 84.9661 0.032466
 86.0152 0.029697
 86.8112 0.027537
 87.5003 0.025470
 88.0901 0.023927
 88.6177 0.022903
 89.0976 0.021932
 89.5364 0.020953
 91.2577 0.018789
 92.5741 0.016569
 93.6339 0.015429
 94.5503 0.014602
 95.3483 0.013745
 96.0595 0.013377
 96.7000 0.012829
 97.2893 0.012975
 97.8383 0.012787
 98.3510 0.012596
 98.8356 0.012430
 99.2947 0.012086
 99.7312 0.011702
100.1423 0.011491
100.5405 0.011227
100.9187 0.011199
101.2863 0.011186
101.6462 0.010996
101.9879 0.011047
102.3219 0.010975
102.6445 0.010933
102.9583 0.010752
103.2618 0.010519
103.5591 0.010422
103.8475 0.010246
104.1324 0.010134
104.4114 0.009952
104.6861 0.009970
104.9526 0.009902
105.2178 0.009797
105.4758 0.009853
105.7270 0.009897
105.9739 0.010086
106.2192 0.010058
106.4605 0.010026
106.6988 0.009822
106.9307 0.009949
107.1606 0.009805
107.3908 0.009816
107.6161 0.009860
107.8357 0.009867
108.0544 0.009745
108.2710 0.009661
108.4816 0.009678
108.6949 0.009764
108.9035 0.009722
109.1136 0.009768
109.3192 0.009788
109.5227 0.009814
109.7240 0.009732
109.9249 0.009739
110.1245 0.009635
110.3216 0.009516
110.5206 0.009463
110.7154 0.009407
110.9108 0.009441
111.1047 0.009286
111.2937 0.009275
111.4836 0.009195
111.6695 0.009153
111.8538 0.009168
112.0422 0.009274
112.2275 0.009234
112.4124 0.009175
112.5978 0.009204
112.7814 0.009330
112.9619 0.009274
113.1426 0.009270
113.3242 0.009333
113.5018 0.009392
113.6790 0.009307
113.8569 0.009178
114.0343 0.009197
114.2126 0.009211
114.3884 0.009155
114.5647 0.009167
114.7413 0.009143
114.9151 0.009198
115.0892 0.009223
115.2658 0.009190
115.4390 0.009149
115.6123 0.009137
115.7854 0.009200
115.9573 0.009115
116.1316 0.009063
116.3059 0.008938
116.4774 0.009031
116.6492 0.009059
116.8233 0.009148
116.9969 0.009216
117.1707 0.009224
117.3461 0.009270
117.5207 0.009241
117.6944 0.009252
117.8668 0.009205
118.0407 0.009183
118.2133 0.009243
118.3873 0.009274
118.5613 0.009232
118.7352 0.009238
118.9108 0.009306
119.0850 0.009280
119.2589 0.009227
119.4352 0.009156
119.6114 0.009216
119.7864 0.009306
119.9620 0.009391
120.1405 0.009342
120.3192 0.009410
120.4974 0.009436
120.6738 0.009503
120.8532 0.009504
121.0317 0.009539
121.2119 0.009497
121.3920 0.009463
121.5724 0.009442
121.7536 0.009497
121.9355 0.009542
122.1194 0.009584
122.3029 0.009684
122.4859 0.009688
122.6711 0.009642
122.8594 0.009668
123.0491 0.009673
123.2379 0.009656
123.4290 0.009735
123.6214 0.009729
123.8161 0.009742
124.0112 0.009754
124.2066 0.009696
124.4011 0.009650
124.5989 0.009680
124.8020 0.009799
125.0033 0.009770
125.2069 0.009778
125.4125 0.009848
125.6193 0.009873
125.8280 0.009896
126.0368 0.009960
126.2469 0.010144
126.4583 0.010129
126.6742 0.010269
126.8933 0.010235
127.1157 0.010254
127.3378 0.010136
127.5659 0.010132
127.7922 0.010154
128.0215 0.010254
128.2555 0.010408
128.4917 0.010590
128.7302 0.010599
128.9734 0.010632
129.2199 0.010620
129.4681 0.010577
129.7201 0.010770
129.9769 0.010715
130.2374 0.010911
130.5018 0.010855
130.7717 0.010899
131.0451 0.011064
131.3258 0.011317
131.6125 0.011482
131.9045 0.011377
132.1991 0.011563
132.5014 0.011610
132.8111 0.011690
133.1268 0.011630
133.4467 0.011795
133.7758 0.011869
134.1127 0.012085
134.4597 0.012177
134.8216 0.012282
135.1878 0.012404
135.5690 0.012726
135.9593 0.012894
136.3647 0.013245
136.7801 0.013267
137.2137 0.013677
137.6645 0.013699
138.1342 0.013803
138.6264 0.014169
139.1304 0.014489
139.6682 0.014706
140.2418 0.015002
140.8542 0.015295
141.4984 0.016126
142.1924 0.016562
142.9416 0.017393
143.7463 0.018201
144.6318 0.018912
145.6218 0.020063
146.7607 0.021038
148.0634 0.022609
149.6032 0.024878
151.5697 0.027244
154.2027 0.033576
154.8811 0.034466
155.6110 0.036413
156.4354 0.037735
157.3656 0.040174
158.4814 0.043743
159.7832 0.048006
161.4536 0.056180
163.8221 0.066537
167.6233 0.091395
171.2231 0.124471
175.5965 0.183010
179.0650 0.246082
tr1s-07-1 3 1
 81.1395 0.125821
 82.8518 0.097743
 85.3830 0.070247
 87.4834 0.052068
 89.7992 0.039883
 91.1838 0.033963
 92.2422 0.030829
 93.0527 0.028423
 93.7497 0.027181
 94.3641 0.025676
 94.8957 0.024454
 95.3879 0.023464
 95.8341 0.022380
 97.6345 0.018864
 98.9834 0.017225
100.0769 0.016057
101.0050 0.015002
101.8197 0.014600
102.5556 0.014168
103.2165 0.014220
103.8245 0.013895
104.3886 0.013322
104.9200 0.012810
105.4164 0.012203
105.8785 0.011655
106.3213 0.011413
106.7476 0.011093
107.1556 0.011042
107.5478 0.010983
107.9284 0.010871
108.2932 0.010784
108.6396 0.010747
108.9841 0.010535
109.3144 0.010484
109.6360 0.010391
109.9442 0.010288
110.2490 0.010132
110.5492 0.010116
110.8391 0.009960
111.1248 0.009871
111.4022 0.009640
111.6785 0.009666
111.9491 0.009871
112.2106 0.009819
112.4669 0.009948
112.7207 0.009958
112.9710 0.009996
113.2186 0.010106
113.4595 0.010100
113.6985 0.009943
113.9342 0.009915
114.1666 0.009960
114.3948 0.009984
114.6225 0.010070
114.8458 0.010150
115.0688 0.010130
115.2886 0.010035
115.5073 0.010040
115.7224 0.010063
115.9365 0.010034
116.1497 0.010069
116.3594 0.009962
116.5647 0.010022
116.7678 0.009998
116.9725 0.009936
117.1762 0.009937
117.3770 0.009871
117.5763 0.009840
117.7747 0.009978
117.9709 0.009921
118.1653 0.009942
118.3559 0.009877
118.5475 0.009818
118.7401 0.009801
118.9273 0.009823
119.1172 0.009832
119.3031 0.009780
119.4878 0.009706
119.6753 0.009645
119.8595 0.009705
120.0470 0.009747
120.2322 0.009692
120.4140 0.009619
120.5966 0.009533
120.7810 0.009489
120.9630 0.009486
121.1437 0.009499
121.3204 0.009490
121.4988 0.009554
121.6793 0.009598
121.8585 0.009552
122.0352 0.009463
122.2136 0.009566
122.3898 0.009587
122.5671 0.009640
122.7446 0.009638
122.9219 0.009650
123.1000 0.009598
123.2765 0.009457
123.4528 0.009526
123.6290 0.009596
123.8049 0.009621
123.9819 0.009560
124.1586 0.009671
124.3352 0.009682
124.5113 0.009755
124.6880 0.009788
124.8652 0.009724
125.0424 0.009781
125.2186 0.009853
125.3974 0.009878
125.5725 0.009974
125.7519 0.009975
125.9289 0.009963
126.1089 0.010030
126.2885 0.010060
126.4666 0.010117
126.6444 0.010143
126.8217 0.010028
127.0018 0.009971
127.1832 0.009912
127.3636 0.009902
127.5451 0.009904
127.7246 0.010048
127.9074 0.010020
128.0892 0.009990
128.2756 0.009961
128.4617 0.009990
128.6460 0.010039
128.8304 0.010066
129.0178 0.010001
129.2050 0.009869
129.3910 0.009921
129.5817 0.009876
129.7708 0.009903
129.9630 0.009904
130.1542 0.010005
130.3451 0.010032
130.5382 0.010113
130.7331 0.010122
130.9275 0.010149
131.1246 0.010201
131.3247 0.010111
131.5247 0.010031
131.7269 0.010079
131.9279 0.010154
132.1328 0.010114
132.3409 0.010170
132.5492 0.010136
132.7596 0.010209
132.9710 0.010403
133.1866 0.010519
133.4051 0.010617
133.6264 0.010567
133.8461 0.010537
134.0673 0.010706
134.2944 0.010782
134.5210 0.010730
134.7492 0.010810
134.9814 0.010978
135.2162 0.010877
135.4536 0.010997
135.6921 0.011095
135.9354 0.011154
136.1854 0.011148
136.4361 0.011289
136.6900 0.011408
136.9488 0.011173
137.2130 0.011224
137.4776 0.011157
137.7475 0.011220
138.0182 0.011129
138.2988 0.011095
138.5843 0.011216
138.8721 0.011213
139.1666 0.011094
139.4685 0.011181
139.7794 0.011258
140.0891 0.011269
140.4139 0.011486
140.7387 0.011716
141.0730 0.011751
141.4173 0.011779
141.7676 0.011811
142.1312 0.011990
142.5126 0.012056
142.8988 0.012310
143.2945 0.012529
143.7031 0.012706
144.1263 0.012997
144.5661 0.013247
145.0295 0.013550
145.5060 0.013893
145.9980 0.014033
146.5285 0.014478
147.0797 0.014790
147.6656 0.015131
148.2751 0.015533
148.9324 0.016045
149.6478 0.016483
150.4022 0.017159
151.2311 0.018246
152.1351 0.018787
153.1345 0.020357
154.2585 0.020738
155.5762 0.022539
157.1541 0.024962
159.1411 0.028401
161.8234 0.033952
162.5092 0.035151
163.2397 0.036425
164.0811 0.038374
165.0477 0.039640
166.1757 0.042448
167.4641 0.048399
169.1259 0.056644
171.4841 0.069450
175.3552 0.090917
179.0232 0.122390
183.7013 0.185961
186.5764 0.257950
 tr2-07-1 3 1
 87.0858 0.135467
 88.8858 0.097122
 91.6033 0.069611
 93.8063 0.054178
 96.1163 0.042428
 97.5675 0.037672
 98.6524 0.033158
 99.5361 0.029939
100.2753 0.028532
100.9197 0.026983
101.4788 0.025948
101.9800 0.025473
102.4373 0.024353
104.2948 0.020494
105.7084 0.018058
106.8533 0.017268
107.8203 0.016115
108.6758 0.015226
109.4348 0.014598
110.1227 0.013719
110.7526 0.013702
111.3487 0.013386
111.9028 0.013063
112.4269 0.012833
112.9134 0.012635
113.3809 0.012485
113.8208 0.012465
114.2470 0.012218
114.6560 0.011933
115.0475 0.011788
115.4257 0.011827
115.7911 0.011714
116.1403 0.011638
116.4839 0.011227
116.8183 0.011153
117.1391 0.010845
117.4574 0.010684
117.7643 0.010652
118.0642 0.010762
118.3629 0.010791
118.6512 0.010742
118.9367 0.010622
119.2143 0.010595
119.4890 0.010705
119.7560 0.010844
120.0170 0.010811
120.2742 0.010730
120.5293 0.010574
120.7810 0.010460
121.0258 0.010447
121.2735 0.010347
121.5129 0.010274
121.7501 0.010309
121.9867 0.010368
122.2211 0.010491
122.4496 0.010391
122.6770 0.010427
122.8984 0.010497
123.1207 0.010503
123.3398 0.010600
123.5558 0.010539
123.7720 0.010589
123.9862 0.010437
124.1979 0.010410
124.4063 0.010396
124.6163 0.010413
124.8220 0.010472
125.0289 0.010503
125.2335 0.010381
125.4361 0.010308
125.6417 0.010374
125.8428 0.010373
126.0419 0.010377
126.2398 0.010372
126.4361 0.010380
126.6317 0.010319
126.8248 0.010462
127.0180 0.010458
127.2141 0.010456
127.4057 0.010378
127.5962 0.010373
127.7905 0.010357
127.9789 0.010329
128.1698 0.010255
128.3586 0.010287
128.5457 0.010157
128.7343 0.010166
128.9228 0.010270
129.1120 0.010278
129.2993 0.010230
129.4859 0.010213
129.6705 0.010256
129.8543 0.010210
130.0389 0.010164
130.2219 0.010181
130.4060 0.010074
130.5885 0.010178
130.7718 0.010214
130.9547 0.010241
131.1367 0.010242
131.3224 0.010253
131.5067 0.010187
131.6894 0.010094
131.8726 0.010124
132.0540 0.010120
132.2374 0.010108
132.4185 0.010097
132.5994 0.010052
132.7823 0.010008
132.9667 0.010005
133.1490 0.010022
133.3322 0.010002
133.5149 0.009970
133.6991 0.009998
133.8844 0.009974
134.0669 0.009981
134.2524 0.010067
134.4364 0.010149
134.6221 0.010149
134.8071 0.010153
134.9938 0.010219
135.1784 0.010282
135.3658 0.010165
135.5536 0.010223
135.7431 0.010141
135.9296 0.010027
136.1186 0.010043
136.3110 0.010107
136.5008 0.010101
136.6929 0.010111
136.8869 0.010193
137.0787 0.010245
137.2744 0.010210
137.4666 0.010285
137.6638 0.010243
137.8629 0.010134
138.0620 0.010135
138.2652 0.010027
138.4670 0.010068
138.6699 0.010150
138.8719 0.010092
139.0773 0.010152
139.2822 0.010175
139.4908 0.010236
139.7017 0.010190
139.9116 0.010244
140.1245 0.010371
140.3394 0.010477
140.5549 0.010693
140.7735 0.010828
140.9928 0.010962
141.2138 0.010999
141.4353 0.011106
141.6591 0.011253
141.8865 0.011267
142.1173 0.011436
142.3498 0.011443
142.5833 0.011552
142.8169 0.011774
143.0546 0.011798
143.3005 0.011762
143.5486 0.011650
143.7939 0.011739
144.0457 0.011823
144.2983 0.011860
144.5540 0.012016
144.8136 0.012093
145.0804 0.012185
145.3505 0.012515
145.6231 0.012489
145.8984 0.012415
146.1826 0.012375
146.4712 0.012391
146.7639 0.012388
147.0628 0.012479
147.3651 0.012580
147.6804 0.012522
147.9969 0.012511
148.3218 0.012607
148.6533 0.012664
148.9891 0.012675
149.3380 0.012846
149.6933 0.012726
150.0582 0.012832
150.4332 0.012998
150.8158 0.013100
151.2107 0.013250
151.6241 0.013272
152.0473 0.013669
152.4894 0.013623
152.9440 0.013645
153.4228 0.013980
153.9208 0.014189
154.4370 0.014461
154.9764 0.015069
155.5427 0.015420
156.1500 0.015806
156.7835 0.016582
157.4557 0.017063
158.1812 0.017693
158.9697 0.018109
159.8142 0.018481
160.7424 0.019217
161.7872 0.020054
162.9544 0.021492
164.3021 0.023683
165.9317 0.025826
167.9772 0.029546
170.7526 0.034157
171.4670 0.036087
172.2514 0.037654
173.1115 0.040939
174.0647 0.043364
175.2199 0.046493
176.6095 0.050712
178.3518 0.057795
180.7632 0.067638
184.7899 0.094808
188.5703 0.123826
193.2289 0.187748
196.7936 0.243004
tr2s-07-1 3 1
 93.5800 0.134764
 95.4290 0.104113
 98.0487 0.069835
100.3591 0.054203
102.7439 0.043846
104.2536 0.038215
105.3536 0.033558
106.2242 0.030566
106.9550 0.029463
107.6040 0.028249
108.1740 0.026814
108.6888 0.025950
109.1572 0.024342
111.0135 0.019804
112.4078 0.018643
113.5713 0.017743
114.5600 0.016719
115.4247 0.015549
116.1976 0.014940
116.8962 0.013954
117.5435 0.013448
118.1385 0.013461
118.6893 0.013308
119.2073 0.012859
119.7099 0.012806
120.1827 0.012895
120.6316 0.012626
121.0632 0.012383
121.4761 0.012198
121.8720 0.012144
122.2522 0.011963
122.6207 0.011833
122.9837 0.011519
123.3337 0.011468
123.6725 0.011459
124.0023 0.011489
124.3225 0.011421
124.6351 0.011328
124.9370 0.011060
125.2341 0.011102
125.5268 0.010978
125.8118 0.010937
126.0910 0.010877
126.3681 0.010757
126.6390 0.010870
126.9024 0.010920
127.1636 0.010918
127.4191 0.010907
127.6756 0.011027
127.9251 0.011118
128.1703 0.011029
128.4162 0.011016
128.6580 0.010995
128.8952 0.010987
129.1289 0.010870
129.3621 0.010777
129.5930 0.010659
129.8204 0.010746
130.0450 0.010676
130.2656 0.010739
130.4843 0.010761
130.7032 0.010597
130.9189 0.010677
131.1332 0.010799
131.3446 0.010831
131.5556 0.010744
131.7670 0.010770
131.9739 0.010667
132.1807 0.010577
132.3841 0.010546
132.5885 0.010522
132.7907 0.010490
132.9935 0.010334
133.1925 0.010336
133.3923 0.010399
133.5909 0.010399
133.7856 0.010407
133.9799 0.010457
134.1751 0.010422
134.3665 0.010410
134.5563 0.010354
134.7484 0.010310
134.9388 0.010246
135.1279 0.010234
135.3195 0.010184
135.5097 0.010143
135.6978 0.009969
135.8874 0.009939
136.0758 0.010000
136.2618 0.009992
136.4503 0.010011
136.6379 0.010143
136.8253 0.010043
137.0092 0.010120
137.1944 0.010159
137.3802 0.010133
137.5656 0.010004
137.7519 0.010017
137.9361 0.010062
138.1204 0.010079
138.3048 0.010026
138.4893 0.010000
138.6752 0.010055
138.8610 0.010102
139.0450 0.010008
139.2271 0.009914
139.4132 0.009873
139.5980 0.009978
139.7805 0.009902
139.9652 0.009982
140.1487 0.009982
140.3340 0.010008
140.5186 0.009876
140.7025 0.009860
140.8878 0.009803
141.0721 0.009953
141.2599 0.010005
141.4441 0.010132
141.6303 0.010103
141.8203 0.010091
142.0077 0.010066
142.1979 0.010056
142.3868 0.010002
142.5779 0.010082
142.7683 0.010094
142.9569 0.010164
143.1490 0.010148
143.3415 0.010217
143.5343 0.010190
143.7281 0.010243
143.9258 0.010186
144.1229 0.010195
144.3188 0.010213
144.5156 0.010187
144.7141 0.010163
144.9125 0.010344
145.1144 0.010297
145.3143 0.010300
145.5163 0.010373
145.7194 0.010427
145.9233 0.010567
146.1259 0.010600
146.3314 0.010585
146.5396 0.010750
146.7508 0.010975
146.9623 0.011089
147.1768 0.011153
147.3943 0.011208
147.6140 0.011378
147.8345 0.011305
148.0534 0.011449
148.2771 0.011518
148.5002 0.011497
148.7248 0.011604
148.9527 0.011597
149.1840 0.011611
149.4174 0.011641
149.6554 0.011776
149.8927 0.011784
150.1317 0.011788
150.3779 0.011832
150.6270 0.011889
150.8739 0.012061
151.1267 0.012216
151.3835 0.012288
151.6457 0.012334
151.9097 0.012373
152.1787 0.012170
152.4516 0.012279
152.7279 0.012442
153.0056 0.012652
153.2892 0.012734
153.5807 0.012785
153.8775 0.012585
154.1765 0.012685
154.4854 0.012551
154.8008 0.012612
155.1206 0.012688
155.4443 0.012857
155.7766 0.012929
156.1184 0.013031
156.4712 0.013025
156.8296 0.013235
157.1981 0.013490
157.5780 0.013579
157.9643 0.013795
158.3653 0.013799
158.7778 0.014040
159.2104 0.014224
159.6596 0.014275
160.1145 0.014266
160.5930 0.014568
161.0894 0.014868
161.6067 0.015060
162.1481 0.015136
162.7201 0.015682
163.3227 0.016181
163.9601 0.016732
164.6367 0.016814
165.3655 0.017443
166.1524 0.018364
167.0122 0.018695
167.9414 0.019882
168.9830 0.020898
170.1608 0.022343
171.5528 0.023712
173.1779 0.025813
175.2144 0.029076
178.0122 0.034331
178.7229 0.035442
179.5006 0.037754
180.3524 0.039299
181.3495 0.041677
182.5190 0.046536
183.9319 0.050836
185.6721 0.057783
188.1314 0.069111
192.1008 0.094887
196.1136 0.128940
200.7642 0.190060
203.9526 0.246547
