Copyright (C) 1998 James G. MacKinnon, Alfred A. Haug, and Leo Michelis.
 lm0-05-8 3 1
 23.4693 0.050866
 24.1482 0.039969
 25.0949 0.026078
 25.9113 0.021109
 26.8311 0.016054
 27.4071 0.014487
 27.8424 0.012527
 28.1817 0.011189
 28.4726 0.010327
 28.7283 0.009818
 28.9545 0.009603
 29.1627 0.009128
 29.3472 0.009014
 30.1141 0.007678
 30.6834 0.007042
 31.1521 0.006727
 31.5533 0.006499
 31.9106 0.006177
 32.2302 0.005971
 32.5159 0.005815
 32.7840 0.005690
 33.0352 0.005582
 33.2671 0.005529
 33.4864 0.005463
 33.6940 0.005440
 33.8930 0.005367
 34.0821 0.005252
 34.2631 0.005231
 34.4389 0.005219
 34.6088 0.005155
 34.7709 0.005048
 34.9284 0.004903
 35.0840 0.004872
 35.2320 0.004877
 35.3798 0.004822
 35.5212 0.004769
 35.6594 0.004674
 35.7948 0.004710
 35.9268 0.004658
 36.0585 0.004653
 36.1856 0.004621
 36.3110 0.004625
 36.4345 0.004628
 36.5540 0.004677
 36.6735 0.004726
 36.7909 0.004670
 36.9054 0.004668
 37.0194 0.004686
 37.1311 0.004674
 37.2407 0.004657
 37.3505 0.004626
 37.4583 0.004564
 37.5653 0.004600
 37.6715 0.004570
 37.7758 0.004531
 37.8802 0.004506
 37.9824 0.004482
 38.0846 0.004479
 38.1854 0.004441
 38.2852 0.004418
 38.3844 0.004453
 38.4821 0.004448
 38.5800 0.004390
 38.6775 0.004374
 38.7746 0.004380
 38.8704 0.004386
 38.9655 0.004376
 39.0598 0.004379
 39.1557 0.004424
 39.2482 0.004440
 39.3410 0.004439
 39.4331 0.004443
 39.5252 0.004450
 39.6153 0.004466
 39.7071 0.004426
 39.7976 0.004396
 39.8881 0.004397
 39.9773 0.004393
 40.0666 0.004454
 40.1560 0.004476
 40.2449 0.004484
 40.3331 0.004515
 40.4215 0.004491
 40.5095 0.004495
 40.5968 0.004530
 40.6846 0.004572
 40.7729 0.004577
 40.8603 0.004562
 40.9480 0.004581
 41.0349 0.004604
 41.1232 0.004607
 41.2102 0.004620
 41.2979 0.004631
 41.3850 0.004655
 41.4722 0.004683
 41.5586 0.004696
 41.6465 0.004721
 41.7339 0.004739
 41.8203 0.004782
 41.9065 0.004792
 41.9936 0.004837
 42.0805 0.004847
 42.1672 0.004816
 42.2544 0.004786
 42.3409 0.004803
 42.4284 0.004792
 42.5164 0.004844
 42.6040 0.004874
 42.6929 0.004881
 42.7805 0.004914
 42.8695 0.004834
 42.9581 0.004806
 43.0470 0.004814
 43.1362 0.004839
 43.2259 0.004872
 43.3155 0.004870
 43.4062 0.004866
 43.4957 0.004824
 43.5856 0.004803
 43.6755 0.004797
 43.7671 0.004871
 43.8585 0.004875
 43.9500 0.004908
 44.0410 0.004879
 44.1339 0.004906
 44.2274 0.004918
 44.3199 0.004931
 44.4131 0.004930
 44.5056 0.004969
 44.5999 0.004958
 44.6960 0.004977
 44.7917 0.005075
 44.8877 0.005071
 44.9833 0.005112
 45.0816 0.005083
 45.1796 0.005123
 45.2781 0.005129
 45.3775 0.005148
 45.4769 0.005182
 45.5781 0.005214
 45.6789 0.005249
 45.7805 0.005277
 45.8828 0.005328
 45.9878 0.005392
 46.0918 0.005385
 46.1977 0.005445
 46.3036 0.005485
 46.4104 0.005522
 46.5175 0.005500
 46.6268 0.005544
 46.7360 0.005601
 46.8486 0.005622
 46.9625 0.005642
 47.0762 0.005641
 47.1905 0.005747
 47.3077 0.005806
 47.4252 0.005756
 47.5447 0.005766
 47.6654 0.005776
 47.7871 0.005752
 47.9096 0.005745
 48.0339 0.005843
 48.1606 0.005833
 48.2896 0.005935
 48.4203 0.005923
 48.5536 0.005996
 48.6891 0.006009
 48.8266 0.006070
 48.9677 0.006119
 49.1106 0.006220
 49.2544 0.006336
 49.4024 0.006411
 49.5537 0.006532
 49.7076 0.006561
 49.8640 0.006715
 50.0225 0.006716
 50.1863 0.006751
 50.3507 0.006769
 50.5216 0.006836
 50.6961 0.006950
 50.8768 0.006945
 51.0606 0.007131
 51.2483 0.007248
 51.4429 0.007345
 51.6432 0.007476
 51.8484 0.007609
 52.0607 0.007752
 52.2794 0.007847
 52.5054 0.007914
 52.7433 0.008027
 52.9861 0.008169
 53.2386 0.008155
 53.5048 0.008195
 53.7851 0.008394
 54.0788 0.008730
 54.3900 0.008870
 54.7171 0.009089
 55.0684 0.009246
 55.4420 0.009555
 55.8455 0.009887
 56.2791 0.010449
 56.7576 0.010790
 57.2833 0.011402
 57.8663 0.011824
 58.5416 0.012606
 59.3079 0.013431
 60.2412 0.014776
 61.4171 0.016154
 63.0135 0.019288
 63.4256 0.019623
 63.8703 0.021047
 64.3827 0.022303
 64.9663 0.023832
 65.6438 0.025935
 66.4684 0.029384
 67.5282 0.033958
 68.9725 0.041017
 71.3935 0.055575
 73.7414 0.080362
 76.7388 0.117963
 79.0386 0.164179
 lm1-05-8 3 1
 25.4412 0.050534
 26.1868 0.038687
 27.2095 0.028208
 28.0554 0.021459
 28.9776 0.016459
 29.5797 0.014320
 30.0346 0.013155
 30.3973 0.012146
 30.6943 0.011668
 30.9609 0.011104
 31.1978 0.010369
 31.4049 0.010034
 31.6009 0.009533
 32.3819 0.008179
 32.9789 0.007619
 33.4642 0.007040
 33.8804 0.006659
 34.2459 0.006331
 34.5727 0.006331
 34.8724 0.006151
 35.1506 0.005908
 35.4107 0.005703
 35.6510 0.005645
 35.8789 0.005593
 36.0942 0.005400
 36.2998 0.005282
 36.4952 0.005328
 36.6843 0.005221
 36.8642 0.005223
 37.0387 0.005194
 37.2060 0.005239
 37.3690 0.005262
 37.5282 0.005184
 37.6824 0.005128
 37.8329 0.005089
 37.9791 0.004990
 38.1210 0.004910
 38.2591 0.004873
 38.3961 0.004905
 38.5297 0.004938
 38.6606 0.004880
 38.7888 0.004909
 38.9146 0.004949
 39.0391 0.004890
 39.1618 0.004834
 39.2829 0.004841
 39.4021 0.004803
 39.5179 0.004745
 39.6341 0.004679
 39.7491 0.004677
 39.8614 0.004705
 39.9720 0.004712
 40.0819 0.004652
 40.1908 0.004618
 40.2979 0.004553
 40.4046 0.004533
 40.5103 0.004484
 40.6137 0.004506
 40.7164 0.004500
 40.8204 0.004498
 40.9217 0.004460
 41.0237 0.004442
 41.1238 0.004457
 41.2232 0.004432
 41.3218 0.004389
 41.4193 0.004415
 41.5167 0.004440
 41.6141 0.004453
 41.7099 0.004514
 41.8061 0.004561
 41.9015 0.004582
 41.9963 0.004594
 42.0899 0.004611
 42.1838 0.004605
 42.2769 0.004579
 42.3707 0.004545
 42.4633 0.004528
 42.5559 0.004523
 42.6482 0.004560
 42.7398 0.004554
 42.8317 0.004560
 42.9235 0.004546
 43.0143 0.004564
 43.1055 0.004517
 43.1970 0.004501
 43.2874 0.004529
 43.3775 0.004568
 43.4675 0.004534
 43.5565 0.004500
 43.6469 0.004463
 43.7363 0.004464
 43.8250 0.004477
 43.9143 0.004460
 44.0037 0.004520
 44.0927 0.004485
 44.1828 0.004538
 44.2713 0.004534
 44.3613 0.004481
 44.4501 0.004459
 44.5394 0.004471
 44.6284 0.004538
 44.7180 0.004585
 44.8071 0.004547
 44.8962 0.004548
 44.9855 0.004534
 45.0759 0.004490
 45.1664 0.004526
 45.2558 0.004493
 45.3456 0.004468
 45.4358 0.004465
 45.5264 0.004463
 45.6188 0.004511
 45.7109 0.004489
 45.8030 0.004528
 45.8947 0.004538
 45.9860 0.004540
 46.0782 0.004558
 46.1710 0.004595
 46.2640 0.004526
 46.3556 0.004611
 46.4480 0.004600
 46.5418 0.004592
 46.6352 0.004681
 46.7286 0.004723
 46.8234 0.004739
 46.9176 0.004790
 47.0131 0.004850
 47.1084 0.004931
 47.2049 0.004942
 47.3018 0.004943
 47.3991 0.004932
 47.4966 0.004962
 47.5945 0.004973
 47.6942 0.005054
 47.7940 0.005023
 47.8948 0.004993
 47.9955 0.005012
 48.0975 0.005033
 48.2000 0.005103
 48.3035 0.005099
 48.4070 0.005094
 48.5129 0.005125
 48.6197 0.005218
 48.7254 0.005244
 48.8327 0.005294
 48.9416 0.005249
 49.0507 0.005306
 49.1608 0.005311
 49.2717 0.005291
 49.3841 0.005304
 49.4978 0.005413
 49.6125 0.005440
 49.7276 0.005592
 49.8434 0.005565
 49.9609 0.005600
 50.0797 0.005644
 50.1996 0.005625
 50.3212 0.005644
 50.4446 0.005714
 50.5699 0.005698
 50.6979 0.005692
 50.8263 0.005728
 50.9565 0.005737
 51.0864 0.005799
 51.2205 0.005910
 51.3562 0.005954
 51.4953 0.006051
 51.6347 0.006046
 51.7769 0.006012
 51.9227 0.006093
 52.0709 0.006083
 52.2216 0.006056
 52.3750 0.006154
 52.5314 0.006307
 52.6900 0.006383
 52.8517 0.006534
 53.0169 0.006656
 53.1880 0.006776
 53.3621 0.006760
 53.5397 0.006926
 53.7232 0.006948
 53.9123 0.006991
 54.1037 0.007152
 54.3032 0.007239
 54.5075 0.007321
 54.7207 0.007484
 54.9371 0.007698
 55.1596 0.007858
 55.3916 0.007880
 55.6362 0.008138
 55.8901 0.008331
 56.1538 0.008586
 56.4265 0.008791
 56.7133 0.008923
 57.0196 0.009165
 57.3390 0.009387
 57.6747 0.009353
 58.0277 0.009619
 58.4085 0.009936
 58.8190 0.010237
 59.2638 0.010782
 59.7514 0.011271
 60.2923 0.011416
 60.8920 0.011695
 61.5635 0.011920
 62.3476 0.013322
 63.2922 0.014922
 64.4925 0.016537
 66.1277 0.019553
 66.5410 0.020506
 67.0101 0.021329
 67.5317 0.022756
 68.1336 0.024026
 68.8405 0.025161
 69.6888 0.028060
 70.7585 0.032072
 72.2263 0.039368
 74.6704 0.057723
 77.0660 0.074765
 80.0565 0.120763
 82.2588 0.161570
lm1s-05-8 3 1
 26.2617 0.052031
 27.0479 0.039688
 28.0230 0.028428
 28.8674 0.020862
 29.8061 0.015654
 30.4106 0.013379
 30.8542 0.012522
 31.2176 0.011511
 31.5190 0.010687
 31.7772 0.010309
 32.0175 0.009804
 32.2286 0.009306
 32.4206 0.009116
 33.2028 0.008077
 33.7964 0.007467
 34.2763 0.006873
 34.6889 0.006658
 35.0556 0.006407
 35.3868 0.006129
 35.6876 0.006001
 35.9622 0.005909
 36.2198 0.005759
 36.4601 0.005536
 36.6856 0.005380
 36.9024 0.005355
 37.1068 0.005281
 37.2998 0.005300
 37.4870 0.005325
 37.6681 0.005197
 37.8414 0.005120
 38.0110 0.005100
 38.1750 0.005075
 38.3322 0.004989
 38.4857 0.005045
 38.6358 0.005014
 38.7829 0.005004
 38.9241 0.005035
 39.0633 0.005047
 39.2014 0.004998
 39.3341 0.004965
 39.4642 0.004973
 39.5923 0.004917
 39.7185 0.004904
 39.8442 0.004848
 39.9654 0.004827
 40.0846 0.004789
 40.2037 0.004758
 40.3216 0.004752
 40.4371 0.004769
 40.5509 0.004730
 40.6619 0.004691
 40.7723 0.004665
 40.8827 0.004650
 40.9915 0.004609
 41.1001 0.004676
 41.2058 0.004717
 41.3108 0.004701
 41.4145 0.004638
 41.5176 0.004609
 41.6212 0.004597
 41.7231 0.004582
 41.8244 0.004586
 41.9235 0.004581
 42.0237 0.004565
 42.1232 0.004589
 42.2214 0.004605
 42.3179 0.004589
 42.4154 0.004563
 42.5108 0.004533
 42.6068 0.004588
 42.7012 0.004564
 42.7965 0.004548
 42.8910 0.004591
 42.9851 0.004590
 43.0784 0.004587
 43.1721 0.004567
 43.2653 0.004564
 43.3579 0.004546
 43.4504 0.004550
 43.5416 0.004555
 43.6335 0.004582
 43.7241 0.004572
 43.8145 0.004546
 43.9055 0.004548
 43.9966 0.004548
 44.0866 0.004541
 44.1755 0.004589
 44.2659 0.004578
 44.3571 0.004550
 44.4466 0.004558
 44.5354 0.004506
 44.6251 0.004550
 44.7149 0.004551
 44.8039 0.004554
 44.8932 0.004568
 44.9809 0.004570
 45.0693 0.004590
 45.1595 0.004567
 45.2475 0.004553
 45.3372 0.004618
 45.4265 0.004616
 45.5154 0.004575
 45.6048 0.004518
 45.6950 0.004540
 45.7857 0.004555
 45.8757 0.004532
 45.9647 0.004567
 46.0554 0.004534
 46.1461 0.004536
 46.2365 0.004537
 46.3280 0.004575
 46.4182 0.004583
 46.5089 0.004597
 46.5992 0.004599
 46.6904 0.004628
 46.7819 0.004588
 46.8732 0.004594
 46.9637 0.004574
 47.0563 0.004613
 47.1500 0.004665
 47.2425 0.004706
 47.3361 0.004759
 47.4298 0.004765
 47.5234 0.004780
 47.6191 0.004771
 47.7141 0.004808
 47.8096 0.004828
 47.9045 0.004842
 48.0010 0.004842
 48.0979 0.004860
 48.1959 0.004888
 48.2942 0.004871
 48.3919 0.004901
 48.4908 0.004945
 48.5904 0.005002
 48.6897 0.005102
 48.7901 0.005117
 48.8920 0.005153
 48.9932 0.005174
 49.0964 0.005206
 49.2012 0.005241
 49.3070 0.005300
 49.4132 0.005263
 49.5187 0.005275
 49.6254 0.005308
 49.7344 0.005358
 49.8432 0.005355
 49.9516 0.005402
 50.0636 0.005380
 50.1752 0.005393
 50.2884 0.005413
 50.4018 0.005440
 50.5174 0.005433
 50.6348 0.005403
 50.7543 0.005425
 50.8735 0.005477
 50.9937 0.005552
 51.1145 0.005567
 51.2387 0.005580
 51.3647 0.005599
 51.4912 0.005724
 51.6179 0.005741
 51.7491 0.005777
 51.8810 0.005740
 52.0142 0.005754
 52.1502 0.005797
 52.2888 0.005831
 52.4299 0.005878
 52.5725 0.005918
 52.7178 0.005947
 52.8667 0.006067
 53.0167 0.006200
 53.1700 0.006231
 53.3268 0.006413
 53.4839 0.006497
 53.6464 0.006516
 53.8140 0.006506
 53.9834 0.006581
 54.1563 0.006526
 54.3348 0.006606
 54.5167 0.006737
 54.7030 0.006847
 54.8955 0.007016
 55.0950 0.007216
 55.2975 0.007276
 55.5061 0.007404
 55.7246 0.007557
 55.9465 0.007627
 56.1803 0.007776
 56.4248 0.007939
 56.6807 0.008074
 56.9427 0.008211
 57.2151 0.008508
 57.4996 0.008779
 57.8009 0.008841
 58.1174 0.009101
 58.4533 0.009366
 58.8103 0.009476
 59.1929 0.009833
 59.6052 0.010243
 60.0486 0.010661
 60.5361 0.010991
 61.0743 0.011030
 61.6738 0.011709
 62.3515 0.012348
 63.1396 0.013706
 64.0789 0.014816
 65.2898 0.016765
 66.9247 0.019366
 67.3400 0.020401
 67.8058 0.021372
 68.3316 0.022768
 68.9158 0.023709
 69.6200 0.026150
 70.4659 0.029128
 71.5449 0.031894
 73.0067 0.039274
 75.4353 0.057465
 77.8379 0.076564
 80.7946 0.119755
 83.0693 0.163054
 lm2-05-8 3 1
 27.5216 0.050977
 28.2495 0.039017
 29.3248 0.030041
 30.2401 0.022606
 31.2240 0.016665
 31.8287 0.013867
 32.2842 0.013150
 32.6568 0.012164
 32.9734 0.011302
 33.2522 0.010541
 33.4904 0.010064
 33.7110 0.009605
 33.9118 0.009379
 34.7134 0.008134
 35.3177 0.007414
 35.8184 0.007118
 36.2478 0.006897
 36.6236 0.006645
 36.9609 0.006484
 37.2678 0.006258
 37.5522 0.006071
 37.8177 0.005996
 38.0635 0.005757
 38.2950 0.005684
 38.5133 0.005433
 38.7237 0.005482
 38.9251 0.005410
 39.1183 0.005448
 39.3034 0.005374
 39.4825 0.005420
 39.6536 0.005211
 39.8220 0.005218
 39.9862 0.005167
 40.1442 0.005056
 40.2984 0.005087
 40.4487 0.005024
 40.5939 0.004957
 40.7372 0.004916
 40.8771 0.004901
 41.0132 0.004884
 41.1476 0.004864
 41.2790 0.004820
 41.4102 0.004787
 41.5372 0.004717
 41.6633 0.004700
 41.7888 0.004703
 41.9116 0.004665
 42.0320 0.004687
 42.1496 0.004711
 42.2665 0.004733
 42.3816 0.004696
 42.4967 0.004721
 42.6102 0.004656
 42.7235 0.004687
 42.8326 0.004658
 42.9427 0.004611
 43.0520 0.004600
 43.1596 0.004605
 43.2654 0.004558
 43.3713 0.004521
 43.4763 0.004531
 43.5798 0.004482
 43.6824 0.004497
 43.7861 0.004523
 43.8875 0.004553
 43.9885 0.004553
 44.0885 0.004556
 44.1888 0.004498
 44.2880 0.004461
 44.3860 0.004440
 44.4825 0.004430
 44.5789 0.004408
 44.6761 0.004400
 44.7713 0.004443
 44.8662 0.004421
 44.9620 0.004457
 45.0565 0.004463
 45.1518 0.004466
 45.2467 0.004458
 45.3398 0.004464
 45.4354 0.004466
 45.5295 0.004522
 45.6221 0.004513
 45.7169 0.004526
 45.8105 0.004514
 45.9026 0.004533
 45.9951 0.004559
 46.0877 0.004487
 46.1785 0.004478
 46.2697 0.004446
 46.3616 0.004419
 46.4542 0.004431
 46.5462 0.004434
 46.6391 0.004451
 46.7303 0.004453
 46.8201 0.004446
 46.9120 0.004503
 47.0044 0.004542
 47.0956 0.004565
 47.1860 0.004595
 47.2780 0.004639
 47.3688 0.004631
 47.4612 0.004631
 47.5519 0.004625
 47.6447 0.004622
 47.7361 0.004612
 47.8275 0.004652
 47.9191 0.004699
 48.0118 0.004717
 48.1055 0.004740
 48.1991 0.004771
 48.2917 0.004810
 48.3855 0.004811
 48.4783 0.004802
 48.5713 0.004816
 48.6658 0.004846
 48.7609 0.004853
 48.8550 0.004906
 48.9496 0.004960
 49.0439 0.005020
 49.1385 0.005084
 49.2330 0.005057
 49.3295 0.005075
 49.4273 0.005026
 49.5251 0.005053
 49.6217 0.005007
 49.7209 0.004977
 49.8192 0.005025
 49.9183 0.005072
 50.0165 0.005056
 50.1165 0.005039
 50.2169 0.005049
 50.3168 0.005126
 50.4190 0.005183
 50.5206 0.005154
 50.6225 0.005172
 50.7263 0.005199
 50.8311 0.005215
 50.9372 0.005245
 51.0424 0.005265
 51.1486 0.005261
 51.2545 0.005232
 51.3615 0.005245
 51.4708 0.005249
 51.5807 0.005207
 51.6913 0.005274
 51.8022 0.005296
 51.9162 0.005366
 52.0315 0.005413
 52.1473 0.005435
 52.2638 0.005417
 52.3793 0.005399
 52.4975 0.005444
 52.6164 0.005520
 52.7384 0.005551
 52.8605 0.005535
 52.9847 0.005529
 53.1089 0.005580
 53.2360 0.005590
 53.3639 0.005730
 53.4923 0.005834
 53.6241 0.005860
 53.7585 0.005962
 53.8934 0.005962
 54.0308 0.005986
 54.1710 0.006095
 54.3124 0.006164
 54.4562 0.006292
 54.6023 0.006342
 54.7512 0.006345
 54.9022 0.006385
 55.0552 0.006467
 55.2126 0.006438
 55.3743 0.006574
 55.5363 0.006708
 55.7021 0.006661
 55.8736 0.006801
 56.0447 0.006950
 56.2215 0.006996
 56.4048 0.007053
 56.5923 0.007134
 56.7840 0.007267
 56.9829 0.007389
 57.1863 0.007531
 57.3951 0.007676
 57.6080 0.007808
 57.8327 0.007970
 58.0606 0.008103
 58.2995 0.008157
 58.5441 0.008233
 58.7976 0.008221
 59.0666 0.008339
 59.3443 0.008506
 59.6356 0.008649
 59.9424 0.008844
 60.2693 0.009221
 60.6116 0.009312
 60.9768 0.009634
 61.3703 0.009873
 61.7889 0.010322
 62.2424 0.010693
 62.7316 0.010870
 63.2764 0.011211
 63.8836 0.011574
 64.5714 0.012681
 65.3916 0.013647
 66.3603 0.014420
 67.5669 0.016592
 69.2592 0.019013
 69.6861 0.019681
 70.1498 0.020936
 70.6881 0.023119
 71.2852 0.024607
 71.9975 0.027181
 72.8414 0.029880
 73.9274 0.034274
 75.4343 0.041771
 77.9504 0.058074
 80.3575 0.080998
 83.4686 0.117168
 85.8079 0.161368
lm2s-05-8 3 1
 28.3264 0.054616
 29.0966 0.041082
 30.1688 0.030018
 31.0567 0.022689
 32.0338 0.016854
 32.6447 0.014069
 33.1189 0.013123
 33.4997 0.011956
 33.8054 0.010982
 34.0836 0.010489
 34.3247 0.010091
 34.5399 0.009789
 34.7450 0.009286
 35.5367 0.008141
 36.1404 0.007775
 36.6401 0.007100
 37.0692 0.006888
 37.4423 0.006642
 37.7793 0.006445
 38.0820 0.006060
 38.3610 0.005937
 38.6243 0.005736
 38.8729 0.005773
 39.1063 0.005736
 39.3252 0.005700
 39.5362 0.005649
 39.7351 0.005523
 39.9294 0.005465
 40.1151 0.005407
 40.2970 0.005368
 40.4697 0.005320
 40.6364 0.005210
 40.7979 0.005086
 40.9550 0.005089
 41.1090 0.004982
 41.2590 0.005034
 41.4081 0.004958
 41.5509 0.004944
 41.6900 0.004967
 41.8274 0.004905
 41.9617 0.004849
 42.0934 0.004885
 42.2245 0.004851
 42.3523 0.004876
 42.4767 0.004853
 42.6005 0.004880
 42.7228 0.004949
 42.8439 0.004893
 42.9631 0.004926
 43.0799 0.004949
 43.1956 0.004954
 43.3102 0.004833
 43.4221 0.004760
 43.5334 0.004702
 43.6438 0.004674
 43.7526 0.004619
 43.8616 0.004575
 43.9694 0.004608
 44.0754 0.004575
 44.1817 0.004575
 44.2864 0.004557
 44.3897 0.004481
 44.4929 0.004513
 44.5946 0.004521
 44.6958 0.004587
 44.7960 0.004548
 44.8959 0.004567
 44.9933 0.004561
 45.0918 0.004605
 45.1897 0.004590
 45.2883 0.004602
 45.3858 0.004611
 45.4826 0.004510
 45.5779 0.004498
 45.6736 0.004489
 45.7688 0.004555
 45.8648 0.004549
 45.9598 0.004627
 46.0525 0.004619
 46.1461 0.004601
 46.2391 0.004583
 46.3320 0.004549
 46.4255 0.004485
 46.5185 0.004469
 46.6117 0.004450
 46.7043 0.004507
 46.7963 0.004465
 46.8881 0.004490
 46.9806 0.004490
 47.0718 0.004478
 47.1629 0.004429
 47.2550 0.004446
 47.3471 0.004487
 47.4385 0.004501
 47.5302 0.004501
 47.6218 0.004508
 47.7134 0.004511
 47.8042 0.004545
 47.8944 0.004575
 47.9864 0.004618
 48.0768 0.004638
 48.1691 0.004638
 48.2620 0.004650
 48.3541 0.004659
 48.4468 0.004654
 48.5389 0.004637
 48.6311 0.004668
 48.7235 0.004727
 48.8153 0.004735
 48.9086 0.004734
 49.0014 0.004749
 49.0947 0.004814
 49.1885 0.004897
 49.2814 0.004971
 49.3747 0.004937
 49.4684 0.004961
 49.5627 0.004994
 49.6568 0.004981
 49.7535 0.004936
 49.8477 0.004988
 49.9427 0.005040
 50.0382 0.005029
 50.1340 0.005060
 50.2304 0.005116
 50.3277 0.005042
 50.4244 0.005049
 50.5218 0.005101
 50.6196 0.005149
 50.7178 0.005196
 50.8177 0.005211
 50.9184 0.005207
 51.0174 0.005232
 51.1178 0.005212
 51.2185 0.005180
 51.3194 0.005227
 51.4221 0.005220
 51.5248 0.005188
 51.6285 0.005247
 51.7343 0.005202
 51.8389 0.005175
 51.9454 0.005203
 52.0526 0.005191
 52.1607 0.005205
 52.2706 0.005202
 52.3813 0.005208
 52.4911 0.005284
 52.6037 0.005357
 52.7156 0.005365
 52.8276 0.005436
 52.9428 0.005494
 53.0570 0.005508
 53.1731 0.005523
 53.2921 0.005592
 53.4119 0.005605
 53.5323 0.005618
 53.6548 0.005626
 53.7779 0.005629
 53.9024 0.005653
 54.0294 0.005677
 54.1573 0.005703
 54.2865 0.005779
 54.4187 0.005820
 54.5515 0.005928
 54.6871 0.006003
 54.8236 0.005999
 54.9609 0.006041
 55.1040 0.006111
 55.2495 0.006190
 55.3956 0.006260
 55.5448 0.006386
 55.6960 0.006425
 55.8508 0.006444
 56.0069 0.006516
 56.1652 0.006569
 56.3281 0.006555
 56.4951 0.006731
 56.6659 0.006786
 56.8401 0.006880
 57.0183 0.006940
 57.2004 0.007021
 57.3890 0.007239
 57.5796 0.007383
 57.7765 0.007494
 57.9770 0.007646
 58.1879 0.007803
 58.4002 0.007848
 58.6193 0.007812
 58.8493 0.008018
 59.0871 0.008168
 59.3336 0.008320
 59.5899 0.008319
 59.8559 0.008347
 60.1382 0.008654
 60.4286 0.008816
 60.7369 0.009072
 61.0631 0.009319
 61.4095 0.009450
 61.7736 0.009667
 62.1626 0.010057
 62.5783 0.010391
 63.0284 0.010787
 63.5210 0.011099
 64.0689 0.011434
 64.6735 0.012001
 65.3730 0.013095
 66.1853 0.013822
 67.1450 0.014448
 68.3647 0.016561
 70.0343 0.018803
 70.4666 0.019513
 70.9465 0.021192
 71.4654 0.022369
 72.0737 0.024394
 72.7626 0.026895
 73.6099 0.030321
 74.6841 0.033949
 76.2049 0.041224
 78.7420 0.059030
 81.0798 0.081509
 84.2791 0.120185
 86.5741 0.160679
 tr0-05-8 3 1
 75.5244 0.141065
 77.4484 0.104870
 80.2282 0.074997
 82.6137 0.055601
 85.0870 0.042417
 86.6778 0.035473
 87.8469 0.032747
 88.7781 0.030461
 89.5632 0.028342
 90.2631 0.027043
 90.8610 0.026129
 91.3951 0.024658
 91.8885 0.024076
 93.8692 0.021077
 95.3608 0.019329
 96.5742 0.018055
 97.6071 0.016428
 98.5012 0.015786
 99.3065 0.015424
100.0439 0.014908
100.7169 0.014186
101.3446 0.013748
101.9276 0.013191
102.4695 0.012760
102.9878 0.012560
103.4825 0.012484
103.9560 0.012265
104.4014 0.012228
104.8325 0.011925
105.2508 0.011687
105.6478 0.011487
106.0343 0.011377
106.4112 0.011191
106.7772 0.011157
107.1247 0.011414
107.4694 0.011343
107.8068 0.011269
108.1314 0.011172
108.4519 0.010982
108.7670 0.011002
109.0712 0.010892
109.3687 0.010708
109.6635 0.010806
109.9529 0.010757
110.2338 0.010721
110.5154 0.010753
110.7905 0.010803
111.0560 0.010806
111.3191 0.010723
111.5803 0.010552
111.8386 0.010492
112.0923 0.010339
112.3449 0.010425
112.5940 0.010394
112.8377 0.010318
113.0802 0.010328
113.3193 0.010178
113.5569 0.010201
113.7955 0.010284
114.0273 0.010178
114.2547 0.010146
114.4821 0.010141
114.7075 0.010217
114.9308 0.010118
115.1525 0.009990
115.3719 0.009965
115.5892 0.010046
115.8067 0.010007
116.0243 0.009982
116.2386 0.010054
116.4517 0.009937
116.6610 0.010005
116.8702 0.009920
117.0795 0.009863
117.2872 0.009791
117.4921 0.009855
117.6949 0.009824
117.8989 0.009928
118.1045 0.009836
118.3054 0.009799
118.5083 0.009725
118.7095 0.009782
118.9090 0.009798
119.1104 0.009879
119.3076 0.009814
119.5063 0.009869
119.7047 0.009758
119.9005 0.009839
120.0965 0.009757
120.2922 0.009754
120.4876 0.009670
120.6827 0.009657
120.8785 0.009676
121.0739 0.009554
121.2690 0.009489
121.4641 0.009460
121.6581 0.009512
121.8500 0.009539
122.0430 0.009548
122.2369 0.009485
122.4295 0.009593
122.6226 0.009693
122.8154 0.009718
123.0049 0.009785
123.1966 0.009872
123.3906 0.009882
123.5836 0.009830
123.7786 0.009935
123.9703 0.009876
124.1642 0.009836
124.3598 0.009794
124.5501 0.009709
124.7443 0.009739
124.9371 0.009805
125.1311 0.009817
125.3261 0.009831
125.5230 0.009762
125.7185 0.009766
125.9153 0.009900
126.1114 0.009900
126.3083 0.009820
126.5076 0.009859
126.7053 0.009881
126.9023 0.009940
127.1006 0.009898
127.2990 0.009934
127.4966 0.010049
127.6970 0.010091
127.9002 0.009980
128.1001 0.010032
128.3027 0.009951
128.5071 0.009943
128.7093 0.010023
128.9148 0.009961
129.1238 0.010014
129.3317 0.010102
129.5407 0.010245
129.7533 0.010209
129.9669 0.010397
130.1783 0.010319
130.3924 0.010338
130.6083 0.010465
130.8240 0.010604
131.0422 0.010700
131.2608 0.010647
131.4808 0.010714
131.7027 0.010704
131.9249 0.010823
132.1507 0.010815
132.3819 0.010960
132.6119 0.010926
132.8454 0.010890
133.0790 0.010929
133.3164 0.010997
133.5549 0.011059
133.7939 0.011299
134.0374 0.011359
134.2844 0.011329
134.5329 0.011345
134.7843 0.011392
135.0380 0.011459
135.2978 0.011498
135.5591 0.011676
135.8243 0.011767
136.0880 0.011873
136.3591 0.011909
136.6319 0.012156
136.9087 0.012448
137.1955 0.012591
137.4858 0.012579
137.7757 0.012524
138.0742 0.012558
138.3767 0.012569
138.6867 0.012747
139.0003 0.012975
139.3177 0.012920
139.6447 0.012925
139.9741 0.013078
140.3155 0.013235
140.6613 0.013182
141.0208 0.013234
141.3818 0.013403
141.7557 0.013534
142.1468 0.013801
142.5402 0.013899
142.9430 0.014110
143.3613 0.014276
143.7893 0.014673
144.2356 0.015118
144.6891 0.015379
145.1711 0.015707
145.6676 0.015947
146.1822 0.016265
146.7278 0.016705
147.2973 0.017111
147.8978 0.017613
148.5298 0.018157
149.1925 0.018660
149.8965 0.019248
150.6690 0.019503
151.4884 0.020428
152.3790 0.021075
153.3490 0.021392
154.4308 0.022529
155.6591 0.023607
157.0675 0.025348
158.7592 0.027403
160.8581 0.030542
163.7405 0.035145
164.4524 0.037582
165.2492 0.037402
166.1520 0.040482
167.1815 0.043521
168.3788 0.047922
169.8404 0.053205
171.7070 0.062001
174.1702 0.072733
178.3485 0.094048
182.3687 0.128800
187.4413 0.196273
191.0779 0.272819
 tr1-05-8 3 1
 83.3300 0.145220
 85.4647 0.118731
 88.4967 0.079687
 90.9367 0.059369
 93.5734 0.045832
 95.1927 0.038306
 96.3892 0.034227
 97.3536 0.031328
 98.1811 0.029297
 98.8906 0.027598
 99.5170 0.025997
100.0578 0.025343
100.5598 0.024641
102.6215 0.021399
104.1894 0.019545
105.4431 0.018515
106.5366 0.017720
107.4878 0.016566
108.3252 0.015959
109.0852 0.015263
109.7892 0.015070
110.4389 0.014327
111.0447 0.014050
111.6136 0.013586
112.1492 0.013341
112.6644 0.013181
113.1573 0.013027
113.6230 0.012861
114.0724 0.012512
114.5051 0.012219
114.9207 0.011834
115.3284 0.011691
115.7160 0.011608
116.0941 0.011596
116.4562 0.011691
116.8110 0.011472
117.1585 0.011373
117.4960 0.011260
117.8262 0.011424
118.1473 0.011502
118.4633 0.011431
118.7750 0.011214
119.0803 0.011350
119.3808 0.011367
119.6750 0.011231
119.9680 0.011108
120.2532 0.011037
120.5354 0.011036
120.8139 0.011171
121.0874 0.011041
121.3534 0.011045
121.6196 0.011007
121.8806 0.010853
122.1379 0.010824
122.3956 0.010895
122.6496 0.010873
122.8979 0.010960
123.1402 0.010996
123.3840 0.010992
123.6243 0.010789
123.8636 0.010782
124.1005 0.010680
124.3341 0.010719
124.5695 0.010642
124.8027 0.010515
125.0345 0.010527
125.2591 0.010625
125.4852 0.010620
125.7093 0.010704
125.9336 0.010734
126.1540 0.010726
126.3750 0.010711
126.5918 0.010638
126.8085 0.010605
127.0266 0.010543
127.2421 0.010488
127.4536 0.010485
127.6676 0.010545
127.8796 0.010542
128.0873 0.010537
128.2983 0.010673
128.5072 0.010698
128.7154 0.010678
128.9212 0.010695
129.1297 0.010657
129.3365 0.010704
129.5371 0.010638
129.7417 0.010596
129.9471 0.010599
130.1510 0.010524
130.3542 0.010540
130.5576 0.010515
130.7587 0.010583
130.9614 0.010535
131.1627 0.010538
131.3617 0.010534
131.5632 0.010503
131.7623 0.010420
131.9615 0.010326
132.1605 0.010223
132.3603 0.010294
132.5611 0.010269
132.7592 0.010298
132.9595 0.010280
133.1603 0.010400
133.3608 0.010376
133.5602 0.010331
133.7607 0.010359
133.9597 0.010251
134.1603 0.010190
134.3600 0.010184
134.5605 0.010214
134.7614 0.010208
134.9638 0.010277
135.1659 0.010361
135.3644 0.010324
135.5646 0.010452
135.7664 0.010414
135.9659 0.010301
136.1697 0.010354
136.3741 0.010341
136.5792 0.010368
136.7806 0.010374
136.9863 0.010352
137.1948 0.010289
137.4018 0.010429
137.6106 0.010499
137.8157 0.010507
138.0279 0.010490
138.2389 0.010667
138.4468 0.010673
138.6581 0.010816
138.8713 0.010759
139.0828 0.010792
139.2946 0.010791
139.5100 0.010828
139.7274 0.010765
139.9486 0.010772
140.1684 0.010830
140.3891 0.010905
140.6114 0.010915
140.8316 0.010887
141.0579 0.010896
141.2817 0.010811
141.5091 0.010819
141.7364 0.010944
141.9686 0.010960
142.2016 0.011000
142.4341 0.011098
142.6684 0.011185
142.9101 0.011317
143.1505 0.011341
143.3947 0.011428
143.6403 0.011469
143.8868 0.011472
144.1327 0.011331
144.3852 0.011345
144.6395 0.011211
144.9013 0.011380
145.1591 0.011390
145.4209 0.011395
145.6877 0.011465
145.9596 0.011515
146.2334 0.011643
146.5097 0.011600
146.7897 0.011575
147.0750 0.011663
147.3617 0.011778
147.6602 0.011810
147.9602 0.012112
148.2607 0.012291
148.5679 0.012431
148.8816 0.012554
149.2012 0.012546
149.5258 0.012734
149.8530 0.012890
150.1924 0.013148
150.5345 0.013313
150.8859 0.013329
151.2438 0.013519
151.6099 0.013814
151.9864 0.014045
152.3682 0.014251
152.7658 0.014400
153.1729 0.014609
153.5903 0.014861
154.0171 0.015355
154.4605 0.015570
154.9153 0.016025
155.3914 0.016377
155.8891 0.016472
156.4040 0.016773
156.9366 0.017155
157.4964 0.017558
158.0806 0.017840
158.7009 0.018028
159.3499 0.018105
160.0451 0.018671
160.7726 0.019894
161.5517 0.019786
162.3931 0.020754
163.3181 0.021861
164.3244 0.022358
165.4562 0.023437
166.7204 0.024218
168.1852 0.026950
169.9219 0.029431
172.1371 0.031905
175.1058 0.036892
175.8662 0.039166
176.7087 0.041845
177.6221 0.044544
178.6737 0.047787
179.8726 0.050622
181.3149 0.054752
183.2209 0.058142
185.7293 0.068834
189.9465 0.094565
194.1163 0.133679
199.2254 0.189990
202.7893 0.258383
tr1s-05-8 3 1
 88.7933 0.149592
 90.8282 0.115591
 93.7184 0.079201
 96.1013 0.062414
 98.7277 0.045592
100.3619 0.038300
101.5681 0.033866
102.5082 0.030864
103.3016 0.028380
104.0184 0.027718
104.6576 0.026167
105.2120 0.025662
105.7170 0.025123
107.7789 0.022691
109.3381 0.019712
110.5938 0.018101
111.6629 0.017220
112.5970 0.016011
113.4313 0.015431
114.2017 0.014836
114.8968 0.014437
115.5488 0.014007
116.1564 0.014035
116.7236 0.013788
117.2626 0.013794
117.7769 0.013313
118.2625 0.013066
118.7198 0.012943
119.1637 0.012542
119.5946 0.012654
120.0046 0.012408
120.4041 0.012195
120.7926 0.011838
121.1670 0.011625
121.5318 0.011731
121.8814 0.011611
122.2332 0.011412
122.5730 0.011482
122.9043 0.011438
123.2269 0.011436
123.5437 0.011402
123.8548 0.011376
124.1596 0.011328
124.4535 0.011424
124.7481 0.011493
125.0340 0.011405
125.3176 0.011366
125.5988 0.011111
125.8732 0.011072
126.1409 0.010924
126.4067 0.010861
126.6706 0.010903
126.9291 0.010870
127.1851 0.010748
127.4395 0.010724
127.6901 0.010737
127.9391 0.010892
128.1874 0.010851
128.4343 0.010868
128.6703 0.010925
128.9101 0.010834
129.1474 0.010818
129.3805 0.010648
129.6132 0.010440
129.8395 0.010455
130.0690 0.010484
130.2952 0.010495
130.5180 0.010485
130.7395 0.010473
130.9636 0.010401
131.1885 0.010480
131.4062 0.010427
131.6215 0.010526
131.8388 0.010540
132.0574 0.010471
132.2692 0.010490
132.4806 0.010344
132.6931 0.010302
132.9054 0.010410
133.1150 0.010466
133.3229 0.010384
133.5296 0.010362
133.7374 0.010364
133.9417 0.010371
134.1458 0.010338
134.3532 0.010382
134.5580 0.010406
134.7614 0.010380
134.9635 0.010326
135.1677 0.010284
135.3704 0.010305
135.5712 0.010286
135.7718 0.010399
135.9719 0.010418
136.1727 0.010253
136.3699 0.010278
136.5700 0.010251
136.7724 0.010324
136.9713 0.010287
137.1702 0.010189
137.3695 0.010215
137.5667 0.010191
137.7633 0.010247
137.9621 0.010238
138.1613 0.010287
138.3587 0.010353
138.5596 0.010368
138.7578 0.010353
138.9585 0.010281
139.1560 0.010275
139.3535 0.010295
139.5549 0.010280
139.7543 0.010396
139.9551 0.010327
140.1539 0.010347
140.3549 0.010289
140.5560 0.010228
140.7556 0.010268
140.9554 0.010232
141.1576 0.010288
141.3613 0.010300
141.5625 0.010307
141.7679 0.010314
141.9716 0.010335
142.1787 0.010445
142.3840 0.010413
142.5941 0.010465
142.8020 0.010461
143.0095 0.010470
143.2163 0.010533
143.4273 0.010596
143.6385 0.010640
143.8518 0.010682
144.0630 0.010768
144.2785 0.010738
144.4937 0.010784
144.7102 0.010850
144.9284 0.010904
145.1453 0.010764
145.3644 0.010792
145.5830 0.010840
145.8041 0.010746
146.0262 0.010763
146.2487 0.010737
146.4799 0.010683
146.7075 0.010799
146.9377 0.010792
147.1668 0.010889
147.3990 0.011014
147.6372 0.011019
147.8744 0.010996
148.1136 0.010907
148.3526 0.011090
148.5939 0.011039
148.8389 0.011100
149.0886 0.011074
149.3403 0.011043
149.5945 0.011075
149.8524 0.011179
150.1131 0.011207
150.3782 0.011337
150.6449 0.011560
150.9156 0.011491
151.1861 0.011566
151.4610 0.011709
151.7418 0.011876
152.0272 0.011986
152.3172 0.012066
152.6077 0.012238
152.9058 0.012300
153.2093 0.012457
153.5151 0.012619
153.8221 0.012598
154.1354 0.012628
154.4575 0.012966
154.7857 0.013013
155.1195 0.013061
155.4617 0.013393
155.8125 0.013738
156.1711 0.013846
156.5369 0.014193
156.9078 0.014384
157.2930 0.014463
157.6872 0.014722
158.0915 0.014866
158.5100 0.015240
158.9358 0.015278
159.3827 0.015762
159.8400 0.016188
160.3164 0.016132
160.8126 0.016576
161.3181 0.016752
161.8506 0.016929
162.4040 0.017164
162.9895 0.017425
163.6066 0.017660
164.2570 0.018143
164.9574 0.018357
165.6896 0.019254
166.4677 0.020145
167.3085 0.020831
168.2276 0.021497
169.2234 0.022453
170.3417 0.023799
171.5864 0.025513
173.0460 0.026568
174.7826 0.028426
176.9841 0.031741
179.9479 0.037942
180.7095 0.039596
181.5365 0.041307
182.4858 0.044620
183.5117 0.046899
184.7063 0.049140
186.2411 0.053714
188.0913 0.059031
190.6357 0.069229
194.9019 0.100082
198.9891 0.132912
204.0090 0.196867
207.7746 0.258713
 tr2-05-8 3 1
 91.9689 0.150914
 94.0780 0.113306
 97.0378 0.082532
 99.6141 0.058175
102.3922 0.046109
104.0644 0.039600
105.3154 0.035356
106.2969 0.032675
107.1699 0.030197
107.8822 0.028705
108.5305 0.027673
109.1235 0.027843
109.6611 0.026198
111.8197 0.022887
113.4503 0.020604
114.7661 0.019105
115.8744 0.019096
116.8547 0.018128
117.7343 0.017220
118.5293 0.016359
119.2708 0.015783
119.9413 0.015450
120.5732 0.015273
121.1652 0.014944
121.7222 0.014439
122.2501 0.014098
122.7574 0.013711
123.2479 0.013527
123.7101 0.013192
124.1589 0.013132
124.5898 0.013026
125.0068 0.012803
125.4104 0.012479
125.8033 0.012432
126.1835 0.012390
126.5547 0.012232
126.9098 0.012065
127.2595 0.011855
127.6074 0.011660
127.9414 0.011672
128.2688 0.011827
128.5959 0.011882
128.9111 0.011732
129.2235 0.011644
129.5262 0.011527
129.8284 0.011572
130.1234 0.011570
130.4139 0.011551
130.6993 0.011620
130.9798 0.011642
131.2601 0.011673
131.5312 0.011485
131.8043 0.011316
132.0712 0.011421
132.3342 0.011517
132.5942 0.011371
132.8541 0.011359
133.1098 0.011344
133.3648 0.011140
133.6147 0.010946
133.8625 0.010915
134.1061 0.010922
134.3532 0.011102
134.5948 0.011074
134.8345 0.011145
135.0713 0.011195
135.3058 0.011169
135.5373 0.011098
135.7691 0.011073
136.0013 0.011025
136.2274 0.011006
136.4538 0.010938
136.6790 0.010943
136.9039 0.010807
137.1273 0.010665
137.3480 0.010574
137.5686 0.010600
137.7901 0.010527
138.0108 0.010394
138.2302 0.010305
138.4473 0.010343
138.6631 0.010261
138.8789 0.010114
139.0944 0.010206
139.3067 0.010149
139.5216 0.010274
139.7326 0.010376
139.9431 0.010292
140.1553 0.010236
140.3668 0.010255
140.5758 0.010292
140.7859 0.010187
140.9947 0.010197
141.2021 0.010164
141.4082 0.010142
141.6150 0.010154
141.8225 0.010103
142.0305 0.010104
142.2358 0.010060
142.4434 0.009923
142.6509 0.009868
142.8558 0.009841
143.0643 0.009826
143.2708 0.009805
143.4768 0.009926
143.6824 0.009928
143.8885 0.010051
144.0948 0.010161
144.3033 0.010149
144.5056 0.010091
144.7111 0.010100
144.9180 0.010173
145.1236 0.010148
145.3311 0.010244
145.5389 0.010255
145.7482 0.010241
145.9548 0.010265
146.1638 0.010346
146.3747 0.010370
146.5856 0.010472
146.7938 0.010471
147.0044 0.010542
147.2161 0.010597
147.4279 0.010669
147.6390 0.010767
147.8534 0.010976
148.0666 0.011007
148.2827 0.011095
148.4973 0.011070
148.7159 0.011181
148.9316 0.011187
149.1488 0.011295
149.3667 0.011337
149.5867 0.011372
149.8076 0.011302
150.0289 0.011268
150.2502 0.011373
150.4739 0.011497
150.7016 0.011618
150.9299 0.011567
151.1605 0.011605
151.3884 0.011737
151.6224 0.011809
151.8571 0.011898
152.0921 0.011975
152.3297 0.011914
152.5655 0.011977
152.8043 0.011978
153.0473 0.011950
153.2903 0.012052
153.5354 0.012031
153.7855 0.012055
154.0358 0.012178
154.2889 0.012174
154.5455 0.012122
154.8046 0.012242
155.0654 0.012305
155.3296 0.012476
155.5941 0.012469
155.8636 0.012548
156.1345 0.012698
156.4097 0.012823
156.6861 0.012983
156.9656 0.013005
157.2540 0.013301
157.5399 0.013376
157.8343 0.013494
158.1319 0.013578
158.4333 0.013672
158.7383 0.013767
159.0511 0.013880
159.3672 0.013718
159.6887 0.013680
160.0146 0.013688
160.3482 0.013950
160.6846 0.013818
161.0310 0.014024
161.3858 0.014260
161.7485 0.014451
162.1165 0.014563
162.4932 0.014913
162.8811 0.015129
163.2831 0.015445
163.6944 0.015762
164.1079 0.016151
164.5397 0.016292
164.9825 0.016231
165.4374 0.016303
165.9098 0.016647
166.4011 0.016620
166.9093 0.017044
167.4459 0.017293
167.9906 0.017766
168.5663 0.018229
169.1754 0.018340
169.8143 0.018896
170.4905 0.019534
171.1971 0.019643
171.9451 0.019999
172.7493 0.020353
173.6126 0.020891
174.5663 0.021722
175.5952 0.023024
176.7581 0.024309
178.0644 0.025609
179.5648 0.026927
181.3834 0.028308
183.6454 0.030506
186.6864 0.036839
187.4404 0.039124
188.2986 0.041319
189.2575 0.043525
190.3588 0.046096
191.6504 0.048588
193.1290 0.054669
195.1065 0.060341
197.7255 0.070800
202.0433 0.096195
206.2059 0.134466
211.7083 0.210522
215.3163 0.271895
tr2s-05-8 3 1
 97.2785 0.148107
 99.3134 0.112742
102.3511 0.079634
104.9365 0.060583
107.6867 0.047691
109.3736 0.039725
110.5884 0.035501
111.6070 0.032063
112.4492 0.030140
113.1758 0.028131
113.8151 0.027388
114.3916 0.026101
114.9286 0.025102
117.0602 0.021984
118.6514 0.020340
119.9629 0.019467
121.0830 0.018173
122.0522 0.016824
122.9167 0.015893
123.7003 0.015459
124.4203 0.015014
125.0994 0.014793
125.7255 0.014488
126.3202 0.014218
126.8725 0.013561
127.3992 0.013470
127.9054 0.013204
128.3819 0.013028
128.8395 0.012776
129.2834 0.012484
129.7151 0.012510
130.1237 0.012288
130.5232 0.012018
130.9096 0.012108
131.2881 0.012066
131.6579 0.011964
132.0169 0.011688
132.3677 0.011785
132.7079 0.011698
133.0392 0.011708
133.3617 0.011673
133.6873 0.011549
134.0029 0.011677
134.3147 0.011802
134.6177 0.011937
134.9174 0.011982
135.2073 0.011886
135.4965 0.012006
135.7793 0.011952
136.0570 0.011823
136.3371 0.011578
136.6094 0.011655
136.8764 0.011688
137.1413 0.011530
137.4008 0.011421
137.6589 0.011259
137.9149 0.011284
138.1680 0.011278
138.4184 0.011180
138.6700 0.011236
138.9209 0.011079
139.1632 0.010975
139.4051 0.010915
139.6423 0.010738
139.8811 0.010768
140.1159 0.010768
140.3500 0.010711
140.5791 0.010665
140.8071 0.010591
141.0385 0.010602
141.2673 0.010682
141.4947 0.010689
141.7178 0.010730
141.9426 0.010650
142.1638 0.010614
142.3876 0.010614
142.6068 0.010558
142.8242 0.010493
143.0421 0.010460
143.2573 0.010408
143.4718 0.010305
143.6872 0.010318
143.9039 0.010301
144.1161 0.010233
144.3287 0.010253
144.5401 0.010093
144.7505 0.010075
144.9589 0.010225
145.1684 0.010137
145.3781 0.010332
145.5861 0.010263
145.7942 0.010186
146.0000 0.010226
146.2079 0.010268
146.4131 0.010359
146.6204 0.010348
146.8268 0.010310
147.0345 0.010413
147.2407 0.010478
147.4453 0.010386
147.6512 0.010430
147.8587 0.010267
148.0617 0.010204
148.2651 0.010332
148.4703 0.010370
148.6749 0.010295
148.8804 0.010494
149.0864 0.010493
149.2924 0.010486
149.4968 0.010500
149.7044 0.010481
149.9115 0.010507
150.1200 0.010608
150.3267 0.010596
150.5355 0.010625
150.7420 0.010614
150.9503 0.010626
151.1567 0.010729
151.3640 0.010765
151.5716 0.010736
151.7803 0.010701
151.9890 0.010692
152.1985 0.010602
152.4075 0.010696
152.6191 0.010679
152.8304 0.010741
153.0415 0.010848
153.2529 0.010737
153.4650 0.010867
153.6794 0.010955
153.8958 0.010964
154.1145 0.010979
154.3313 0.011191
154.5506 0.011191
154.7731 0.011169
154.9914 0.011197
155.2139 0.011141
155.4375 0.011240
155.6625 0.011093
155.8856 0.011055
156.1163 0.011138
156.3433 0.011171
156.5743 0.011377
156.8063 0.011394
157.0390 0.011434
157.2740 0.011562
157.5126 0.011593
157.7529 0.011545
157.9935 0.011467
158.2375 0.011582
158.4833 0.011799
158.7294 0.011947
158.9795 0.012013
159.2275 0.012104
159.4805 0.012145
159.7396 0.012186
159.9983 0.012294
160.2606 0.012236
160.5296 0.012212
160.7963 0.012531
161.0670 0.012541
161.3384 0.012639
161.6129 0.012867
161.8923 0.013066
162.1758 0.013030
162.4626 0.013034
162.7512 0.013004
163.0461 0.013265
163.3445 0.013314
163.6438 0.013527
163.9553 0.013734
164.2722 0.013818
164.5929 0.013920
164.9178 0.013865
165.2515 0.013855
165.5928 0.014050
165.9399 0.014163
166.2916 0.014340
166.6481 0.014666
167.0172 0.014925
167.3976 0.015233
167.7873 0.015253
168.1819 0.015382
168.5886 0.015668
169.0043 0.015759
169.4326 0.016058
169.8739 0.016293
170.3324 0.016405
170.8073 0.016539
171.2915 0.016755
171.8005 0.017162
172.3250 0.017110
172.8755 0.017455
173.4530 0.017800
174.0493 0.018344
174.6717 0.018751
175.3350 0.018936
176.0406 0.019589
176.7904 0.020316
177.5880 0.020439
178.4522 0.021210
179.4041 0.022028
180.4431 0.022886
181.6011 0.023938
182.9163 0.025175
184.4197 0.027093
186.2269 0.028938
188.4807 0.032087
191.5018 0.036315
192.2857 0.037078
193.1239 0.038979
194.0515 0.041572
195.1237 0.044009
196.4148 0.048202
197.9401 0.052268
199.8503 0.059309
202.4741 0.072533
206.7165 0.098265
210.8997 0.138780
216.4871 0.196982
219.9283 0.273779
