Copyright (C) 1998 James G. MacKinnon, Alfred A. Haug, and Leo Michelis.
 lm0-02-3 2 1
  2.3880 0.009757
  2.6272 0.008243
  2.9829 0.006159
  3.3112 0.005026
  3.6865 0.003941
  3.9298 0.003460
  4.1150 0.003196
  4.2681 0.003002
  4.3992 0.002913
  4.5155 0.002892
  4.6198 0.002738
  4.7132 0.002704
  4.7999 0.002602
  5.1574 0.002342
  5.4336 0.002223
  5.6672 0.002032
  5.8690 0.001977
  6.0477 0.001869
  6.2089 0.001862
  6.3592 0.001768
  6.4988 0.001757
  6.6296 0.001722
  6.7527 0.001719
  6.8695 0.001692
  6.9800 0.001698
  7.0868 0.001670
  7.1901 0.001638
  7.2881 0.001662
  7.3834 0.001696
  7.4758 0.001680
  7.5654 0.001665
  7.6522 0.001667
  7.7367 0.001634
  7.8197 0.001624
  7.9007 0.001625
  7.9800 0.001613
  8.0569 0.001600
  8.1328 0.001581
  8.2072 0.001554
  8.2798 0.001582
  8.3523 0.001614
  8.4235 0.001600
  8.4931 0.001609
  8.5619 0.001635
  8.6298 0.001618
  8.6970 0.001604
  8.7634 0.001604
  8.8286 0.001602
  8.8936 0.001588
  8.9582 0.001576
  9.0216 0.001586
  9.0843 0.001589
  9.1464 0.001580
  9.2080 0.001570
  9.2689 0.001566
  9.3302 0.001559
  9.3903 0.001576
  9.4497 0.001570
  9.5090 0.001564
  9.5680 0.001562
  9.6266 0.001573
  9.6845 0.001548
  9.7424 0.001554
  9.8001 0.001557
  9.8571 0.001562
  9.9142 0.001559
  9.9710 0.001565
 10.0272 0.001566
 10.0832 0.001577
 10.1388 0.001572
 10.1946 0.001565
 10.2499 0.001548
 10.3053 0.001547
 10.3603 0.001546
 10.4154 0.001539
 10.4704 0.001537
 10.5253 0.001552
 10.5800 0.001564
 10.6341 0.001568
 10.6884 0.001588
 10.7425 0.001602
 10.7972 0.001618
 10.8512 0.001616
 10.9054 0.001615
 10.9598 0.001625
 11.0137 0.001606
 11.0677 0.001614
 11.1212 0.001600
 11.1749 0.001606
 11.2288 0.001608
 11.2824 0.001630
 11.3360 0.001610
 11.3898 0.001608
 11.4436 0.001628
 11.4976 0.001622
 11.5518 0.001643
 11.6059 0.001647
 11.6604 0.001646
 11.7146 0.001653
 11.7685 0.001653
 11.8232 0.001647
 11.8776 0.001668
 11.9324 0.001687
 11.9873 0.001674
 12.0422 0.001675
 12.0970 0.001672
 12.1524 0.001649
 12.2073 0.001658
 12.2627 0.001658
 12.3187 0.001638
 12.3742 0.001642
 12.4301 0.001636
 12.4861 0.001680
 12.5430 0.001680
 12.5993 0.001682
 12.6564 0.001697
 12.7136 0.001700
 12.7710 0.001720
 12.8285 0.001743
 12.8858 0.001770
 12.9440 0.001767
 13.0024 0.001773
 13.0611 0.001778
 13.1202 0.001787
 13.1793 0.001807
 13.2394 0.001814
 13.2996 0.001823
 13.3601 0.001843
 13.4213 0.001844
 13.4827 0.001840
 13.5447 0.001851
 13.6070 0.001857
 13.6694 0.001855
 13.7322 0.001862
 13.7958 0.001870
 13.8595 0.001889
 13.9236 0.001904
 13.9886 0.001929
 14.0541 0.001935
 14.1200 0.001952
 14.1865 0.001972
 14.2538 0.002001
 14.3219 0.001996
 14.3902 0.002014
 14.4585 0.002025
 14.5278 0.002020
 14.5982 0.002024
 14.6688 0.002049
 14.7402 0.002063
 14.8124 0.002078
 14.8857 0.002055
 14.9592 0.002065
 15.0344 0.002096
 15.1103 0.002120
 15.1878 0.002141
 15.2655 0.002139
 15.3448 0.002143
 15.4245 0.002138
 15.5056 0.002168
 15.5878 0.002127
 15.6712 0.002157
 15.7562 0.002177
 15.8416 0.002194
 15.9284 0.002215
 16.0160 0.002247
 16.1068 0.002268
 16.1977 0.002292
 16.2916 0.002321
 16.3865 0.002352
 16.4833 0.002392
 16.5819 0.002436
 16.6813 0.002474
 16.7830 0.002460
 16.8873 0.002499
 16.9942 0.002549
 17.1026 0.002563
 17.2137 0.002553
 17.3280 0.002518
 17.4444 0.002556
 17.5643 0.002566
 17.6875 0.002593
 17.8140 0.002604
 17.9448 0.002694
 18.0797 0.002780
 18.2179 0.002817
 18.3598 0.002891
 18.5085 0.002899
 18.6617 0.002950
 18.8207 0.003060
 18.9851 0.003112
 19.1557 0.003162
 19.3362 0.003253
 19.5228 0.003356
 19.7192 0.003446
 19.9265 0.003481
 20.1450 0.003601
 20.3782 0.003686
 20.6275 0.003804
 20.8927 0.003864
 21.1804 0.004048
 21.4911 0.004246
 21.8303 0.004316
 22.2050 0.004585
 22.6269 0.004949
 23.1127 0.005291
 23.6767 0.005604
 24.3581 0.006006
 25.2140 0.007086
 26.4073 0.009235
 26.7140 0.009748
 27.0462 0.010348
 27.4308 0.010919
 27.8707 0.011813
 28.3842 0.012410
 29.0124 0.013827
 29.8091 0.016239
 30.9461 0.019385
 32.7952 0.026749
 34.6578 0.038923
 37.0256 0.057906
 38.8162 0.082035
 lm1-02-3 2 1
  3.4916 0.012197
  3.8014 0.009580
  4.2375 0.007255
  4.6353 0.005992
  5.0797 0.004696
  5.3724 0.004145
  5.5945 0.003747
  5.7779 0.003469
  5.9309 0.003342
  6.0653 0.003128
  6.1882 0.002938
  6.2958 0.002876
  6.3976 0.002780
  6.8071 0.002630
  7.1237 0.002451
  7.3882 0.002374
  7.6185 0.002308
  7.8232 0.002269
  8.0079 0.002209
  8.1774 0.002083
  8.3336 0.002088
  8.4816 0.002002
  8.6211 0.001983
  8.7524 0.001966
  8.8775 0.001912
  8.9968 0.001901
  9.1109 0.001852
  9.2215 0.001817
  9.3283 0.001821
  9.4316 0.001780
  9.5321 0.001781
  9.6294 0.001809
  9.7245 0.001815
  9.8168 0.001820
  9.9075 0.001787
  9.9951 0.001751
 10.0813 0.001760
 10.1656 0.001760
 10.2487 0.001743
 10.3303 0.001742
 10.4103 0.001722
 10.4890 0.001692
 10.5663 0.001710
 10.6424 0.001715
 10.7172 0.001704
 10.7910 0.001700
 10.8647 0.001695
 10.9369 0.001705
 11.0087 0.001697
 11.0795 0.001679
 11.1494 0.001707
 11.2183 0.001689
 11.2874 0.001686
 11.3556 0.001715
 11.4231 0.001708
 11.4896 0.001693
 11.5554 0.001662
 11.6209 0.001668
 11.6866 0.001681
 11.7515 0.001679
 11.8160 0.001683
 11.8793 0.001705
 11.9424 0.001732
 12.0055 0.001714
 12.0686 0.001721
 12.1309 0.001692
 12.1930 0.001727
 12.2547 0.001712
 12.3162 0.001707
 12.3769 0.001715
 12.4380 0.001722
 12.4989 0.001734
 12.5594 0.001726
 12.6196 0.001731
 12.6797 0.001753
 12.7396 0.001731
 12.7993 0.001736
 12.8594 0.001753
 12.9189 0.001743
 12.9784 0.001744
 13.0374 0.001732
 13.0965 0.001763
 13.1552 0.001770
 13.2145 0.001766
 13.2740 0.001772
 13.3326 0.001761
 13.3912 0.001781
 13.4503 0.001775
 13.5090 0.001758
 13.5679 0.001773
 13.6269 0.001768
 13.6854 0.001781
 13.7446 0.001781
 13.8036 0.001769
 13.8624 0.001757
 13.9213 0.001757
 13.9802 0.001764
 14.0389 0.001769
 14.0984 0.001778
 14.1576 0.001794
 14.2165 0.001790
 14.2758 0.001791
 14.3350 0.001796
 14.3946 0.001790
 14.4538 0.001796
 14.5133 0.001786
 14.5729 0.001787
 14.6331 0.001816
 14.6931 0.001820
 14.7534 0.001811
 14.8141 0.001822
 14.8750 0.001815
 14.9361 0.001842
 14.9970 0.001868
 15.0585 0.001858
 15.1200 0.001875
 15.1822 0.001896
 15.2443 0.001901
 15.3064 0.001890
 15.3688 0.001884
 15.4314 0.001890
 15.4951 0.001899
 15.5582 0.001920
 15.6222 0.001923
 15.6863 0.001931
 15.7510 0.001937
 15.8162 0.001946
 15.8810 0.001961
 15.9465 0.001993
 16.0126 0.002014
 16.0793 0.002000
 16.1461 0.001987
 16.2129 0.001971
 16.2802 0.001958
 16.3484 0.001997
 16.4176 0.002001
 16.4868 0.002016
 16.5565 0.002016
 16.6266 0.002053
 16.6975 0.002044
 16.7690 0.002033
 16.8415 0.002042
 16.9147 0.002054
 16.9880 0.002067
 17.0618 0.002083
 17.1370 0.002089
 17.2123 0.002082
 17.2885 0.002109
 17.3661 0.002092
 17.4435 0.002107
 17.5220 0.002121
 17.6009 0.002146
 17.6815 0.002185
 17.7628 0.002189
 17.8446 0.002205
 17.9282 0.002211
 18.0128 0.002226
 18.0984 0.002259
 18.1858 0.002296
 18.2738 0.002340
 18.3632 0.002324
 18.4535 0.002341
 18.5452 0.002365
 18.6377 0.002397
 18.7316 0.002412
 18.8275 0.002404
 18.9248 0.002426
 19.0245 0.002397
 19.1253 0.002431
 19.2284 0.002443
 19.3325 0.002477
 19.4395 0.002511
 19.5479 0.002542
 19.6599 0.002583
 19.7733 0.002627
 19.8898 0.002605
 20.0084 0.002623
 20.1299 0.002627
 20.2549 0.002637
 20.3817 0.002715
 20.5128 0.002776
 20.6481 0.002810
 20.7863 0.002854
 20.9279 0.002954
 21.0752 0.003013
 21.2260 0.003030
 21.3824 0.003114
 21.5455 0.003212
 21.7135 0.003267
 21.8886 0.003355
 22.0691 0.003392
 22.2608 0.003405
 22.4601 0.003584
 22.6678 0.003683
 22.8866 0.003748
 23.1189 0.003741
 23.3674 0.003890
 23.6290 0.003969
 23.9099 0.004087
 24.2136 0.004221
 24.5428 0.004429
 24.9020 0.004819
 25.3013 0.005079
 25.7462 0.005389
 26.2563 0.005732
 26.8534 0.006150
 27.5636 0.006746
 28.4722 0.007755
 29.7140 0.009337
 30.0321 0.009967
 30.3923 0.010357
 30.8056 0.011164
 31.2699 0.012094
 31.8053 0.012548
 32.4617 0.014079
 33.2871 0.016327
 34.4507 0.019012
 36.3873 0.027632
 38.3107 0.038574
 40.7292 0.057259
 42.5987 0.077660
lm1s-02-3 2 1
  4.3657 0.012848
  4.6721 0.009945
  5.1392 0.007179
  5.5327 0.005892
  5.9792 0.004689
  6.2710 0.004225
  6.4917 0.003820
  6.6700 0.003544
  6.8239 0.003378
  6.9583 0.003144
  7.0794 0.003051
  7.1878 0.002919
  7.2877 0.002825
  7.6959 0.002571
  8.0132 0.002428
  8.2751 0.002322
  8.5013 0.002310
  8.7057 0.002298
  8.8896 0.002184
  9.0588 0.002155
  9.2141 0.002097
  9.3602 0.002005
  9.4988 0.001936
  9.6292 0.001949
  9.7530 0.001916
  9.8724 0.001908
  9.9863 0.001884
 10.0956 0.001867
 10.2015 0.001852
 10.3054 0.001836
 10.4050 0.001856
 10.5012 0.001820
 10.5951 0.001797
 10.6871 0.001792
 10.7771 0.001784
 10.8646 0.001752
 10.9500 0.001747
 11.0344 0.001719
 11.1169 0.001709
 11.1976 0.001690
 11.2770 0.001695
 11.3552 0.001692
 11.4321 0.001692
 11.5078 0.001704
 11.5824 0.001710
 11.6562 0.001697
 11.7296 0.001695
 11.8012 0.001698
 11.8725 0.001696
 11.9433 0.001694
 12.0132 0.001694
 12.0820 0.001680
 12.1502 0.001701
 12.2175 0.001704
 12.2843 0.001683
 12.3508 0.001654
 12.4161 0.001671
 12.4817 0.001694
 12.5463 0.001703
 12.6104 0.001687
 12.6741 0.001689
 12.7380 0.001675
 12.8012 0.001684
 12.8637 0.001678
 12.9260 0.001698
 12.9884 0.001682
 13.0501 0.001685
 13.1115 0.001675
 13.1731 0.001682
 13.2346 0.001688
 13.2950 0.001693
 13.3559 0.001683
 13.4161 0.001689
 13.4766 0.001691
 13.5369 0.001708
 13.5964 0.001729
 13.6559 0.001724
 13.7155 0.001694
 13.7750 0.001688
 13.8344 0.001680
 13.8936 0.001677
 13.9527 0.001681
 14.0115 0.001688
 14.0699 0.001712
 14.1284 0.001724
 14.1872 0.001740
 14.2461 0.001750
 14.3046 0.001745
 14.3631 0.001737
 14.4218 0.001761
 14.4807 0.001750
 14.5391 0.001743
 14.5975 0.001730
 14.6565 0.001750
 14.7147 0.001750
 14.7731 0.001746
 14.8321 0.001740
 14.8906 0.001745
 14.9492 0.001756
 15.0078 0.001757
 15.0672 0.001774
 15.1263 0.001788
 15.1856 0.001809
 15.2450 0.001829
 15.3042 0.001829
 15.3639 0.001838
 15.4232 0.001853
 15.4827 0.001859
 15.5426 0.001843
 15.6026 0.001859
 15.6628 0.001856
 15.7234 0.001862
 15.7843 0.001883
 15.8453 0.001870
 15.9066 0.001863
 15.9682 0.001866
 16.0295 0.001867
 16.0914 0.001883
 16.1539 0.001879
 16.2162 0.001874
 16.2789 0.001883
 16.3423 0.001887
 16.4056 0.001876
 16.4689 0.001876
 16.5326 0.001862
 16.5967 0.001880
 16.6618 0.001897
 16.7270 0.001896
 16.7923 0.001920
 16.8584 0.001936
 16.9246 0.001946
 16.9912 0.001935
 17.0585 0.001942
 17.1262 0.001948
 17.1947 0.001961
 17.2631 0.001993
 17.3325 0.002001
 17.4019 0.001989
 17.4725 0.001951
 17.5431 0.001959
 17.6144 0.001952
 17.6866 0.001962
 17.7587 0.001972
 17.8313 0.001979
 17.9048 0.002025
 17.9792 0.002048
 18.0546 0.002011
 18.1307 0.002008
 18.2076 0.002012
 18.2848 0.002010
 18.3633 0.002025
 18.4433 0.002039
 18.5232 0.002076
 18.6047 0.002099
 18.6873 0.002140
 18.7705 0.002198
 18.8549 0.002236
 18.9404 0.002268
 19.0265 0.002310
 19.1143 0.002285
 19.2027 0.002318
 19.2929 0.002344
 19.3841 0.002387
 19.4766 0.002406
 19.5710 0.002443
 19.6669 0.002454
 19.7634 0.002480
 19.8627 0.002443
 19.9636 0.002490
 20.0662 0.002513
 20.1702 0.002544
 20.2770 0.002547
 20.3868 0.002575
 20.4981 0.002556
 20.6114 0.002586
 20.7267 0.002631
 20.8455 0.002685
 20.9667 0.002738
 21.0910 0.002773
 21.2190 0.002783
 21.3489 0.002798
 21.4822 0.002873
 21.6216 0.002968
 21.7637 0.002988
 21.9093 0.003004
 22.0594 0.003066
 22.2166 0.003070
 22.3791 0.003100
 22.5470 0.003248
 22.7226 0.003306
 22.9049 0.003277
 23.0944 0.003243
 23.2931 0.003343
 23.5010 0.003456
 23.7209 0.003556
 23.9529 0.003615
 24.1987 0.003744
 24.4613 0.003897
 24.7444 0.004048
 25.0457 0.004213
 25.3752 0.004444
 25.7349 0.004668
 26.1323 0.004921
 26.5813 0.005271
 27.0878 0.005590
 27.6797 0.005966
 28.3930 0.006856
 29.2979 0.007841
 30.5438 0.009436
 30.8679 0.009980
 31.2268 0.010533
 31.6308 0.011250
 32.0897 0.011875
 32.6316 0.012706
 33.2846 0.014403
 34.1147 0.016121
 35.2648 0.019093
 37.2189 0.027528
 39.1260 0.036856
 41.5674 0.056830
 43.4256 0.080120
 lm2-02-3 2 1
  4.7872 0.014320
  5.1455 0.011498
  5.6923 0.008095
  6.1560 0.006568
  6.6665 0.005232
  6.9938 0.004786
  7.2422 0.004359
  7.4416 0.004088
  7.6143 0.003876
  7.7633 0.003652
  7.8986 0.003513
  8.0194 0.003366
  8.1335 0.003335
  8.5924 0.003068
  8.9496 0.002781
  9.2459 0.002602
  9.5022 0.002533
  9.7280 0.002453
  9.9317 0.002326
 10.1197 0.002245
 10.2917 0.002224
 10.4537 0.002207
 10.6056 0.002174
 10.7490 0.002146
 10.8866 0.002129
 11.0181 0.002083
 11.1441 0.002073
 11.2649 0.002063
 11.3821 0.002004
 11.4949 0.001953
 11.6044 0.001925
 11.7107 0.001909
 11.8137 0.001900
 11.9145 0.001894
 12.0119 0.001883
 12.1082 0.001910
 12.2025 0.001905
 12.2948 0.001905
 12.3853 0.001899
 12.4741 0.001898
 12.5611 0.001879
 12.6472 0.001868
 12.7313 0.001871
 12.8142 0.001858
 12.8957 0.001851
 12.9764 0.001844
 13.0554 0.001866
 13.1342 0.001883
 13.2120 0.001872
 13.2885 0.001875
 13.3647 0.001881
 13.4400 0.001901
 13.5145 0.001894
 13.5880 0.001888
 13.6606 0.001896
 13.7329 0.001873
 13.8043 0.001859
 13.8757 0.001877
 13.9460 0.001864
 14.0159 0.001886
 14.0856 0.001885
 14.1544 0.001875
 14.2230 0.001874
 14.2911 0.001870
 14.3590 0.001884
 14.4259 0.001884
 14.4930 0.001876
 14.5598 0.001867
 14.6265 0.001866
 14.6924 0.001860
 14.7581 0.001865
 14.8236 0.001852
 14.8885 0.001854
 14.9537 0.001870
 15.0184 0.001887
 15.0831 0.001876
 15.1476 0.001845
 15.2114 0.001866
 15.2755 0.001865
 15.3391 0.001868
 15.4032 0.001879
 15.4666 0.001868
 15.5305 0.001865
 15.5940 0.001873
 15.6572 0.001892
 15.7206 0.001899
 15.7835 0.001881
 15.8464 0.001881
 15.9092 0.001870
 15.9722 0.001858
 16.0356 0.001891
 16.0985 0.001925
 16.1612 0.001928
 16.2242 0.001905
 16.2873 0.001901
 16.3505 0.001901
 16.4137 0.001902
 16.4770 0.001894
 16.5403 0.001909
 16.6036 0.001925
 16.6675 0.001946
 16.7311 0.001951
 16.7942 0.001937
 16.8578 0.001950
 16.9216 0.001957
 16.9852 0.001967
 17.0493 0.001985
 17.1138 0.001990
 17.1778 0.002009
 17.2423 0.001999
 17.3068 0.002014
 17.3721 0.002021
 17.4365 0.001995
 17.5018 0.002014
 17.5671 0.002014
 17.6330 0.002009
 17.6986 0.002007
 17.7659 0.002020
 17.8326 0.002018
 17.8991 0.002052
 17.9667 0.002067
 18.0342 0.002067
 18.1019 0.002053
 18.1699 0.002063
 18.2384 0.002061
 18.3069 0.002070
 18.3762 0.002103
 18.4460 0.002130
 18.5159 0.002134
 18.5866 0.002138
 18.6574 0.002163
 18.7287 0.002159
 18.8006 0.002142
 18.8728 0.002165
 18.9451 0.002173
 19.0181 0.002136
 19.0916 0.002151
 19.1658 0.002150
 19.2405 0.002124
 19.3157 0.002129
 19.3918 0.002138
 19.4687 0.002124
 19.5466 0.002145
 19.6246 0.002179
 19.7031 0.002175
 19.7827 0.002191
 19.8634 0.002209
 19.9443 0.002193
 20.0267 0.002214
 20.1095 0.002250
 20.1933 0.002283
 20.2777 0.002324
 20.3633 0.002340
 20.4497 0.002348
 20.5378 0.002363
 20.6259 0.002393
 20.7152 0.002390
 20.8060 0.002398
 20.8974 0.002393
 20.9895 0.002441
 21.0836 0.002480
 21.1791 0.002481
 21.2760 0.002505
 21.3752 0.002555
 21.4753 0.002532
 21.5764 0.002577
 21.6803 0.002583
 21.7853 0.002620
 21.8922 0.002623
 22.0012 0.002653
 22.1114 0.002693
 22.2239 0.002765
 22.3394 0.002752
 22.4563 0.002809
 22.5757 0.002808
 22.6981 0.002870
 22.8237 0.002879
 22.9521 0.002877
 23.0839 0.002862
 23.2184 0.002913
 23.3574 0.002951
 23.4993 0.002999
 23.6458 0.003051
 23.7973 0.003098
 23.9539 0.003128
 24.1140 0.003136
 24.2793 0.003172
 24.4506 0.003183
 24.6290 0.003236
 24.8134 0.003256
 25.0058 0.003282
 25.2065 0.003310
 25.4158 0.003367
 25.6357 0.003472
 25.8670 0.003539
 26.1101 0.003650
 26.3692 0.003770
 26.6446 0.003820
 26.9405 0.004019
 27.2595 0.004207
 27.6039 0.004278
 27.9811 0.004470
 28.3982 0.004713
 28.8647 0.005100
 29.3997 0.005571
 30.0191 0.006016
 30.7664 0.006735
 31.7184 0.007528
 33.0267 0.009107
 33.3526 0.009754
 33.7235 0.010160
 34.1388 0.010917
 34.6136 0.011901
 35.1668 0.012919
 35.8529 0.014356
 36.7157 0.016164
 37.9109 0.019268
 39.9040 0.026786
 41.8546 0.039593
 44.3918 0.058530
 46.2024 0.081274
lm2s-02-3 2 1
  5.8178 0.013854
  6.1782 0.010935
  6.6921 0.007934
  7.1339 0.006236
  7.6358 0.005037
  7.9558 0.004636
  8.1986 0.004256
  8.3944 0.004042
  8.5690 0.003803
  8.7165 0.003532
  8.8502 0.003404
  8.9704 0.003224
  9.0814 0.003063
  9.5333 0.002789
  9.8846 0.002637
 10.1762 0.002527
 10.4273 0.002367
 10.6490 0.002249
 10.8490 0.002181
 11.0329 0.002118
 11.2041 0.002104
 11.3637 0.002054
 11.5148 0.001990
 11.6576 0.001946
 11.7931 0.001904
 11.9229 0.001911
 12.0472 0.001924
 12.1660 0.001907
 12.2821 0.001938
 12.3946 0.001934
 12.5032 0.001925
 12.6091 0.001904
 12.7112 0.001906
 12.8110 0.001907
 12.9081 0.001918
 13.0022 0.001920
 13.0961 0.001910
 13.1869 0.001912
 13.2769 0.001912
 13.3647 0.001875
 13.4503 0.001869
 13.5354 0.001884
 13.6186 0.001882
 13.7007 0.001874
 13.7819 0.001894
 13.8617 0.001894
 13.9404 0.001886
 14.0188 0.001889
 14.0959 0.001893
 14.1719 0.001905
 14.2473 0.001889
 14.3215 0.001890
 14.3955 0.001897
 14.4682 0.001911
 14.5404 0.001907
 14.6124 0.001880
 14.6833 0.001887
 14.7540 0.001890
 14.8238 0.001897
 14.8932 0.001887
 14.9615 0.001856
 15.0297 0.001852
 15.0979 0.001872
 15.1649 0.001878
 15.2321 0.001895
 15.2994 0.001881
 15.3660 0.001902
 15.4320 0.001912
 15.4976 0.001919
 15.5631 0.001920
 15.6283 0.001946
 15.6932 0.001946
 15.7577 0.001945
 15.8223 0.001946
 15.8868 0.001945
 15.9512 0.001935
 16.0149 0.001925
 16.0791 0.001931
 16.1428 0.001921
 16.2058 0.001950
 16.2692 0.001941
 16.3326 0.001947
 16.3957 0.001953
 16.4585 0.001953
 16.5216 0.001976
 16.5848 0.001975
 16.6477 0.001948
 16.7106 0.001960
 16.7731 0.001962
 16.8363 0.001965
 16.8990 0.001947
 16.9616 0.001957
 17.0244 0.001977
 17.0867 0.001981
 17.1497 0.001982
 17.2123 0.001983
 17.2750 0.001975
 17.3378 0.001969
 17.4009 0.001968
 17.4637 0.001970
 17.5265 0.001957
 17.5893 0.001956
 17.6525 0.001957
 17.7155 0.001947
 17.7797 0.001971
 17.8431 0.001957
 17.9071 0.001969
 17.9708 0.001993
 18.0346 0.002000
 18.0987 0.002011
 18.1635 0.002012
 18.2284 0.002015
 18.2933 0.001995
 18.3577 0.002004
 18.4234 0.002017
 18.4887 0.002047
 18.5547 0.002032
 18.6207 0.002058
 18.6867 0.002067
 18.7532 0.002080
 18.8204 0.002087
 18.8872 0.002069
 18.9547 0.002078
 19.0226 0.002075
 19.0908 0.002068
 19.1591 0.002090
 19.2278 0.002080
 19.2967 0.002083
 19.3661 0.002081
 19.4365 0.002067
 19.5074 0.002075
 19.5786 0.002049
 19.6492 0.002059
 19.7208 0.002043
 19.7937 0.002032
 19.8664 0.002053
 19.9403 0.002067
 20.0143 0.002074
 20.0891 0.002086
 20.1640 0.002070
 20.2397 0.002088
 20.3159 0.002117
 20.3931 0.002127
 20.4713 0.002141
 20.5501 0.002146
 20.6291 0.002187
 20.7092 0.002195
 20.7898 0.002213
 20.8709 0.002246
 20.9532 0.002250
 21.0358 0.002267
 21.1200 0.002261
 21.2052 0.002259
 21.2914 0.002276
 21.3777 0.002282
 21.4658 0.002285
 21.5553 0.002311
 21.6458 0.002335
 21.7372 0.002353
 21.8298 0.002406
 21.9236 0.002441
 22.0190 0.002467
 22.1155 0.002540
 22.2128 0.002555
 22.3128 0.002570
 22.4141 0.002574
 22.5162 0.002603
 22.6204 0.002661
 22.7266 0.002671
 22.8353 0.002700
 22.9456 0.002758
 23.0582 0.002706
 23.1734 0.002747
 23.2909 0.002761
 23.4110 0.002807
 23.5330 0.002781
 23.6579 0.002850
 23.7856 0.002887
 23.9167 0.002913
 24.0516 0.002908
 24.1885 0.002930
 24.3307 0.002923
 24.4776 0.002961
 24.6281 0.003007
 24.7840 0.003025
 24.9438 0.003081
 25.1100 0.003106
 25.2800 0.003112
 25.4560 0.003171
 25.6406 0.003166
 25.8330 0.003240
 26.0330 0.003330
 26.2430 0.003385
 26.4625 0.003460
 26.6926 0.003580
 26.9363 0.003695
 27.1960 0.003774
 27.4711 0.003862
 27.7654 0.004006
 28.0829 0.004118
 28.4254 0.004140
 28.8041 0.004404
 29.2206 0.004542
 29.6849 0.005113
 30.2157 0.005516
 30.8324 0.005939
 31.5844 0.006670
 32.5390 0.007609
 33.8400 0.009107
 34.1695 0.009360
 34.5391 0.010239
 34.9521 0.010785
 35.4278 0.011733
 35.9978 0.012805
 36.6601 0.014146
 37.5259 0.016021
 38.7364 0.019321
 40.7095 0.027817
 42.6619 0.039268
 45.1656 0.059418
 47.0445 0.079572
 tr0-02-3 2 1
  3.3807 0.014425
  3.7110 0.010988
  4.2355 0.008456
  4.7119 0.007197
  5.2407 0.005737
  5.5922 0.005017
  5.8604 0.004581
  6.0801 0.004329
  6.2734 0.004136
  6.4412 0.003858
  6.5914 0.003664
  6.7281 0.003596
  6.8537 0.003509
  7.3655 0.003336
  7.7651 0.003135
  8.0970 0.003028
  8.3852 0.002828
  8.6414 0.002685
  8.8737 0.002603
  9.0870 0.002562
  9.2861 0.002495
  9.4721 0.002459
  9.6473 0.002408
  9.8116 0.002407
  9.9701 0.002354
 10.1212 0.002306
 10.2652 0.002322
 10.4033 0.002262
 10.5394 0.002225
 10.6695 0.002220
 10.7953 0.002205
 10.9175 0.002216
 11.0370 0.002217
 11.1530 0.002211
 11.2661 0.002212
 11.3777 0.002206
 11.4858 0.002182
 11.5913 0.002176
 11.6961 0.002171
 11.7983 0.002177
 11.8988 0.002143
 11.9987 0.002127
 12.0962 0.002149
 12.1921 0.002174
 12.2859 0.002164
 12.3795 0.002154
 12.4719 0.002162
 12.5624 0.002161
 12.6516 0.002178
 12.7412 0.002161
 12.8291 0.002194
 12.9159 0.002167
 13.0015 0.002174
 13.0866 0.002171
 13.1711 0.002171
 13.2547 0.002181
 13.3386 0.002207
 13.4209 0.002204
 13.5019 0.002204
 13.5833 0.002192
 13.6636 0.002213
 13.7431 0.002223
 13.8226 0.002227
 13.9012 0.002227
 13.9796 0.002172
 14.0575 0.002168
 14.1346 0.002162
 14.2115 0.002161
 14.2884 0.002175
 14.3649 0.002134
 14.4407 0.002132
 14.5164 0.002145
 14.5922 0.002159
 14.6672 0.002137
 14.7420 0.002148
 14.8161 0.002163
 14.8904 0.002166
 14.9643 0.002165
 15.0383 0.002154
 15.1120 0.002165
 15.1862 0.002180
 15.2601 0.002191
 15.3334 0.002196
 15.4070 0.002194
 15.4799 0.002229
 15.5527 0.002233
 15.6258 0.002227
 15.6989 0.002219
 15.7713 0.002197
 15.8445 0.002218
 15.9167 0.002229
 15.9890 0.002229
 16.0615 0.002221
 16.1339 0.002241
 16.2066 0.002249
 16.2796 0.002266
 16.3521 0.002283
 16.4247 0.002281
 16.4970 0.002281
 16.5703 0.002276
 16.6430 0.002297
 16.7167 0.002286
 16.7896 0.002298
 16.8632 0.002291
 16.9365 0.002279
 17.0096 0.002284
 17.0832 0.002292
 17.1572 0.002315
 17.2305 0.002291
 17.3053 0.002280
 17.3796 0.002276
 17.4537 0.002300
 17.5286 0.002322
 17.6038 0.002341
 17.6793 0.002330
 17.7545 0.002351
 17.8306 0.002359
 17.9062 0.002384
 17.9823 0.002397
 18.0584 0.002393
 18.1355 0.002391
 18.2123 0.002416
 18.2902 0.002444
 18.3676 0.002425
 18.4456 0.002436
 18.5238 0.002450
 18.6028 0.002465
 18.6820 0.002462
 18.7616 0.002484
 18.8423 0.002458
 18.9228 0.002458
 19.0036 0.002463
 19.0849 0.002471
 19.1668 0.002474
 19.2496 0.002482
 19.3336 0.002469
 19.4169 0.002454
 19.5019 0.002473
 19.5876 0.002470
 19.6738 0.002480
 19.7609 0.002500
 19.8482 0.002507
 19.9360 0.002520
 20.0251 0.002545
 20.1137 0.002544
 20.2037 0.002590
 20.2950 0.002599
 20.3872 0.002604
 20.4803 0.002638
 20.5738 0.002624
 20.6686 0.002677
 20.7653 0.002717
 20.8619 0.002701
 20.9592 0.002729
 21.0587 0.002700
 21.1586 0.002710
 21.2593 0.002745
 21.3615 0.002786
 21.4650 0.002783
 21.5698 0.002767
 21.6762 0.002740
 21.7837 0.002753
 21.8932 0.002752
 22.0050 0.002805
 22.1182 0.002826
 22.2329 0.002844
 22.3487 0.002895
 22.4674 0.002923
 22.5884 0.002947
 22.7114 0.002982
 22.8364 0.003006
 22.9635 0.003033
 23.0935 0.003072
 23.2263 0.003075
 23.3602 0.003100
 23.4979 0.003148
 23.6391 0.003192
 23.7830 0.003218
 23.9307 0.003271
 24.0822 0.003287
 24.2370 0.003320
 24.3958 0.003357
 24.5587 0.003346
 24.7262 0.003402
 24.8987 0.003449
 25.0782 0.003478
 25.2631 0.003563
 25.4549 0.003567
 25.6527 0.003609
 25.8571 0.003648
 26.0710 0.003713
 26.2932 0.003714
 26.5275 0.003847
 26.7724 0.003958
 27.0298 0.004069
 27.3003 0.004149
 27.5898 0.004323
 27.8938 0.004582
 28.2208 0.004819
 28.5702 0.004924
 28.9482 0.005178
 29.3654 0.005265
 29.8268 0.005412
 30.3372 0.005753
 30.9224 0.006339
 31.6017 0.006779
 32.4188 0.007578
 33.4475 0.008683
 34.8694 0.010674
 35.2315 0.010885
 35.6338 0.011456
 36.0928 0.012208
 36.6079 0.013297
 37.2079 0.013945
 37.9537 0.015749
 38.8893 0.018189
 40.1755 0.021627
 42.3705 0.030510
 44.4652 0.044424
 47.1908 0.063902
 49.1890 0.086592
 tr1-02-3 2 1
  4.9928 0.018537
  5.4401 0.014585
  6.1105 0.010548
  6.7065 0.008762
  7.3650 0.007307
  7.7921 0.006425
  8.1248 0.005829
  8.3946 0.005272
  8.6258 0.004901
  8.8287 0.004693
  9.0089 0.004533
  9.1714 0.004424
  9.3209 0.004249
  9.9415 0.003797
 10.4169 0.003495
 10.8123 0.003358
 11.1527 0.003245
 11.4552 0.003186
 11.7274 0.003016
 11.9796 0.003030
 12.2122 0.002899
 12.4295 0.002855
 12.6340 0.002826
 12.8272 0.002815
 13.0091 0.002809
 13.1834 0.002762
 13.3519 0.002776
 13.5139 0.002751
 13.6684 0.002761
 13.8191 0.002779
 13.9644 0.002749
 14.1058 0.002716
 14.2429 0.002696
 14.3767 0.002662
 14.5078 0.002610
 14.6344 0.002614
 14.7591 0.002584
 14.8818 0.002599
 15.0013 0.002543
 15.1171 0.002536
 15.2313 0.002492
 15.3442 0.002461
 15.4553 0.002397
 15.5653 0.002391
 15.6725 0.002379
 15.7792 0.002375
 15.8839 0.002344
 15.9877 0.002313
 16.0893 0.002333
 16.1901 0.002327
 16.2894 0.002285
 16.3879 0.002278
 16.4859 0.002300
 16.5824 0.002323
 16.6779 0.002332
 16.7726 0.002339
 16.8661 0.002333
 16.9585 0.002322
 17.0511 0.002336
 17.1424 0.002367
 17.2341 0.002372
 17.3245 0.002381
 17.4139 0.002359
 17.5027 0.002341
 17.5911 0.002338
 17.6781 0.002358
 17.7650 0.002349
 17.8520 0.002318
 17.9382 0.002342
 18.0243 0.002332
 18.1098 0.002317
 18.1947 0.002333
 18.2788 0.002344
 18.3628 0.002363
 18.4465 0.002357
 18.5298 0.002352
 18.6133 0.002347
 18.6969 0.002321
 18.7793 0.002337
 18.8615 0.002333
 18.9441 0.002359
 19.0266 0.002378
 19.1087 0.002379
 19.1905 0.002382
 19.2721 0.002397
 19.3539 0.002403
 19.4350 0.002397
 19.5160 0.002379
 19.5977 0.002407
 19.6791 0.002415
 19.7602 0.002434
 19.8415 0.002429
 19.9223 0.002429
 20.0033 0.002450
 20.0843 0.002465
 20.1648 0.002455
 20.2452 0.002459
 20.3262 0.002462
 20.4075 0.002471
 20.4878 0.002498
 20.5693 0.002511
 20.6499 0.002518
 20.7309 0.002521
 20.8124 0.002535
 20.8937 0.002534
 20.9750 0.002539
 21.0564 0.002525
 21.1384 0.002542
 21.2204 0.002548
 21.3033 0.002565
 21.3857 0.002541
 21.4685 0.002538
 21.5507 0.002562
 21.6336 0.002559
 21.7168 0.002569
 21.8003 0.002573
 21.8841 0.002580
 21.9680 0.002557
 22.0515 0.002591
 22.1366 0.002575
 22.2213 0.002582
 22.3065 0.002604
 22.3917 0.002601
 22.4774 0.002599
 22.5643 0.002656
 22.6517 0.002657
 22.7388 0.002687
 22.8265 0.002671
 22.9142 0.002696
 23.0031 0.002676
 23.0923 0.002673
 23.1822 0.002677
 23.2719 0.002682
 23.3618 0.002702
 23.4527 0.002766
 23.5444 0.002785
 23.6364 0.002808
 23.7298 0.002822
 23.8236 0.002806
 23.9188 0.002814
 24.0136 0.002803
 24.1092 0.002819
 24.2055 0.002848
 24.3029 0.002871
 24.4014 0.002883
 24.5007 0.002901
 24.6003 0.002914
 24.7020 0.002917
 24.8037 0.002914
 24.9066 0.002931
 25.0104 0.002942
 25.1152 0.002904
 25.2209 0.002983
 25.3278 0.003013
 25.4361 0.003017
 25.5449 0.003028
 25.6554 0.003067
 25.7675 0.003068
 25.8809 0.003108
 25.9962 0.003109
 26.1129 0.003083
 26.2313 0.003081
 26.3510 0.003120
 26.4715 0.003095
 26.5945 0.003062
 26.7190 0.003080
 26.8454 0.003104
 26.9751 0.003153
 27.1061 0.003174
 27.2392 0.003156
 27.3739 0.003233
 27.5119 0.003213
 27.6524 0.003206
 27.7956 0.003210
 27.9419 0.003266
 28.0912 0.003296
 28.2438 0.003349
 28.4007 0.003446
 28.5615 0.003469
 28.7248 0.003527
 28.8914 0.003546
 29.0627 0.003564
 29.2392 0.003639
 29.4212 0.003667
 29.6082 0.003777
 29.8024 0.003891
 30.0018 0.003975
 30.2082 0.004082
 30.4231 0.004144
 30.6461 0.004178
 30.8771 0.004196
 31.1162 0.004285
 31.3672 0.004439
 31.6314 0.004471
 31.9077 0.004706
 32.1991 0.004745
 32.5085 0.004804
 32.8375 0.004931
 33.1890 0.005125
 33.5704 0.005295
 33.9792 0.005495
 34.4236 0.005870
 34.9159 0.006207
 35.4659 0.006511
 36.0901 0.007027
 36.8114 0.007472
 37.6795 0.008364
 38.7845 0.009125
 40.3048 0.011560
 40.6880 0.012147
 41.1182 0.012472
 41.6003 0.013240
 42.1533 0.014239
 42.8047 0.015446
 43.5894 0.017878
 44.5869 0.020444
 45.9478 0.024281
 48.1928 0.033196
 50.4219 0.045563
 53.2610 0.069005
 55.2953 0.090625
tr1s-02-3 2 1
  7.0589 0.019402
  7.5527 0.015198
  8.2591 0.011474
  8.8572 0.009203
  9.5358 0.007266
  9.9733 0.006382
 10.3028 0.005865
 10.5707 0.005217
 10.8011 0.004920
 11.0017 0.004800
 11.1811 0.004668
 11.3440 0.004498
 11.4937 0.004370
 12.1055 0.003799
 12.5747 0.003622
 12.9653 0.003358
 13.2990 0.003323
 13.6002 0.003252
 13.8649 0.003186
 14.1102 0.003144
 14.3381 0.003030
 14.5520 0.002937
 14.7519 0.002843
 14.9419 0.002765
 15.1204 0.002752
 15.2928 0.002784
 15.4577 0.002693
 15.6166 0.002661
 15.7695 0.002639
 15.9167 0.002576
 16.0599 0.002530
 16.1989 0.002504
 16.3335 0.002454
 16.4657 0.002437
 16.5941 0.002376
 16.7200 0.002360
 16.8429 0.002304
 16.9630 0.002330
 17.0805 0.002364
 17.1964 0.002356
 17.3090 0.002367
 17.4205 0.002371
 17.5293 0.002368
 17.6367 0.002378
 17.7430 0.002326
 17.8474 0.002382
 17.9506 0.002399
 18.0520 0.002415
 18.1522 0.002434
 18.2508 0.002458
 18.3489 0.002435
 18.4459 0.002425
 18.5422 0.002458
 18.6364 0.002451
 18.7301 0.002427
 18.8236 0.002420
 18.9163 0.002430
 19.0070 0.002421
 19.0973 0.002391
 19.1874 0.002388
 19.2767 0.002388
 19.3654 0.002355
 19.4532 0.002354
 19.5410 0.002353
 19.6274 0.002355
 19.7136 0.002357
 19.7996 0.002360
 19.8850 0.002330
 19.9704 0.002284
 20.0548 0.002284
 20.1383 0.002307
 20.2222 0.002297
 20.3055 0.002297
 20.3891 0.002312
 20.4721 0.002289
 20.5544 0.002300
 20.6370 0.002335
 20.7190 0.002316
 20.8009 0.002304
 20.8825 0.002302
 20.9644 0.002318
 21.0456 0.002340
 21.1266 0.002348
 21.2071 0.002371
 21.2880 0.002360
 21.3682 0.002392
 21.4486 0.002405
 21.5283 0.002427
 21.6083 0.002450
 21.6876 0.002445
 21.7678 0.002473
 21.8480 0.002469
 21.9287 0.002477
 22.0086 0.002485
 22.0881 0.002479
 22.1676 0.002468
 22.2474 0.002477
 22.3274 0.002473
 22.4075 0.002481
 22.4871 0.002510
 22.5665 0.002518
 22.6465 0.002510
 22.7266 0.002510
 22.8070 0.002518
 22.8878 0.002523
 22.9685 0.002534
 23.0495 0.002524
 23.1304 0.002526
 23.2117 0.002521
 23.2931 0.002531
 23.3746 0.002568
 23.4566 0.002569
 23.5385 0.002565
 23.6207 0.002585
 23.7032 0.002582
 23.7858 0.002570
 23.8690 0.002573
 23.9520 0.002589
 24.0344 0.002568
 24.1189 0.002605
 24.2025 0.002612
 24.2867 0.002637
 24.3713 0.002653
 24.4561 0.002693
 24.5417 0.002723
 24.6275 0.002709
 24.7143 0.002725
 24.8013 0.002718
 24.8883 0.002713
 24.9759 0.002722
 25.0637 0.002706
 25.1514 0.002718
 25.2415 0.002726
 25.3319 0.002741
 25.4223 0.002726
 25.5134 0.002742
 25.6054 0.002785
 25.6983 0.002779
 25.7908 0.002796
 25.8843 0.002805
 25.9779 0.002824
 26.0732 0.002829
 26.1695 0.002842
 26.2658 0.002852
 26.3634 0.002827
 26.4611 0.002803
 26.5605 0.002808
 26.6609 0.002823
 26.7614 0.002852
 26.8626 0.002848
 26.9652 0.002870
 27.0696 0.002871
 27.1748 0.002868
 27.2808 0.002923
 27.3879 0.002977
 27.4963 0.002962
 27.6057 0.002963
 27.7165 0.002974
 27.8286 0.003010
 27.9424 0.003022
 28.0577 0.003033
 28.1751 0.003044
 28.2939 0.003062
 28.4144 0.003101
 28.5363 0.003106
 28.6606 0.003111
 28.7867 0.003120
 28.9147 0.003114
 29.0441 0.003163
 29.1762 0.003176
 29.3111 0.003184
 29.4486 0.003223
 29.5888 0.003251
 29.7312 0.003269
 29.8773 0.003336
 30.0267 0.003407
 30.1785 0.003482
 30.3335 0.003540
 30.4917 0.003588
 30.6540 0.003654
 30.8209 0.003681
 30.9919 0.003727
 31.1666 0.003765
 31.3473 0.003799
 31.5341 0.003740
 31.7277 0.003798
 31.9261 0.003867
 32.1327 0.003965
 32.3461 0.004058
 32.5682 0.004161
 32.7987 0.004209
 33.0370 0.004342
 33.2888 0.004367
 33.5512 0.004460
 33.8285 0.004545
 34.1212 0.004668
 34.4264 0.004812
 34.7529 0.004970
 35.1023 0.005147
 35.4762 0.005362
 35.8835 0.005656
 36.3297 0.005917
 36.8209 0.006067
 37.3675 0.006308
 37.9891 0.006729
 38.7120 0.007432
 39.5810 0.008109
 40.6804 0.009643
 42.1896 0.011138
 42.5761 0.011704
 43.0074 0.012874
 43.4916 0.013628
 44.0496 0.014334
 44.6893 0.015912
 45.4704 0.018251
 46.4736 0.020885
 47.8499 0.024610
 50.1049 0.031919
 52.2675 0.044822
 55.0392 0.070146
 57.2011 0.093295
 tr2-02-3 2 1
  7.0672 0.022626
  7.6472 0.017325
  8.4780 0.012464
  9.1932 0.010085
  9.9951 0.008182
 10.5121 0.007310
 10.9079 0.006701
 11.2240 0.006302
 11.4910 0.005818
 11.7249 0.005641
 11.9327 0.005392
 12.1236 0.005174
 12.2952 0.005063
 13.0044 0.004471
 13.5531 0.004097
 14.0051 0.003935
 14.3915 0.003687
 14.7363 0.003621
 15.0478 0.003486
 15.3316 0.003362
 15.5923 0.003299
 15.8365 0.003230
 16.0660 0.003213
 16.2829 0.003184
 16.4897 0.003146
 16.6856 0.003064
 16.8749 0.003039
 17.0561 0.002994
 17.2296 0.002953
 17.3984 0.002887
 17.5605 0.002865
 17.7181 0.002861
 17.8693 0.002766
 18.0184 0.002774
 18.1632 0.002694
 18.3053 0.002683
 18.4428 0.002682
 18.5792 0.002689
 18.7117 0.002677
 18.8405 0.002649
 18.9675 0.002615
 19.0931 0.002630
 19.2150 0.002633
 19.3367 0.002633
 19.4558 0.002645
 19.5733 0.002627
 19.6889 0.002661
 19.8029 0.002617
 19.9151 0.002628
 20.0254 0.002635
 20.1352 0.002600
 20.2435 0.002606
 20.3512 0.002590
 20.4571 0.002576
 20.5618 0.002591
 20.6656 0.002612
 20.7692 0.002574
 20.8711 0.002554
 20.9727 0.002581
 21.0727 0.002579
 21.1727 0.002594
 21.2707 0.002592
 21.3690 0.002575
 21.4669 0.002566
 21.5635 0.002611
 21.6596 0.002629
 21.7554 0.002632
 21.8508 0.002660
 21.9450 0.002618
 22.0389 0.002629
 22.1325 0.002648
 22.2259 0.002654
 22.3186 0.002648
 22.4106 0.002615
 22.5024 0.002619
 22.5934 0.002634
 22.6843 0.002612
 22.7745 0.002602
 22.8648 0.002581
 22.9542 0.002571
 23.0436 0.002525
 23.1330 0.002528
 23.2230 0.002519
 23.3115 0.002501
 23.4005 0.002478
 23.4890 0.002467
 23.5775 0.002492
 23.6667 0.002501
 23.7547 0.002500
 23.8426 0.002507
 23.9303 0.002481
 24.0194 0.002497
 24.1074 0.002524
 24.1951 0.002541
 24.2823 0.002513
 24.3707 0.002510
 24.4583 0.002525
 24.5465 0.002506
 24.6342 0.002526
 24.7224 0.002544
 24.8095 0.002543
 24.8974 0.002542
 24.9857 0.002557
 25.0734 0.002556
 25.1616 0.002570
 25.2503 0.002584
 25.3390 0.002581
 25.4278 0.002591
 25.5159 0.002630
 25.6050 0.002618
 25.6940 0.002616
 25.7835 0.002607
 25.8731 0.002666
 25.9623 0.002678
 26.0522 0.002727
 26.1422 0.002745
 26.2331 0.002723
 26.3236 0.002707
 26.4145 0.002692
 26.5065 0.002718
 26.5986 0.002733
 26.6905 0.002734
 26.7824 0.002742
 26.8743 0.002740
 26.9683 0.002730
 27.0620 0.002702
 27.1563 0.002721
 27.2503 0.002752
 27.3452 0.002730
 27.4410 0.002728
 27.5367 0.002734
 27.6332 0.002767
 27.7302 0.002793
 27.8279 0.002787
 27.9267 0.002802
 28.0259 0.002830
 28.1253 0.002829
 28.2247 0.002842
 28.3261 0.002896
 28.4283 0.002849
 28.5310 0.002880
 28.6339 0.002919
 28.7375 0.002914
 28.8426 0.002938
 28.9478 0.002939
 29.0537 0.002927
 29.1610 0.002931
 29.2689 0.002963
 29.3784 0.002987
 29.4891 0.003027
 29.6018 0.003036
 29.7149 0.003027
 29.8292 0.003053
 29.9441 0.003061
 30.0611 0.003083
 30.1788 0.003119
 30.2979 0.003122
 30.4184 0.003174
 30.5395 0.003205
 30.6625 0.003257
 30.7877 0.003280
 30.9138 0.003337
 31.0417 0.003371
 31.1716 0.003380
 31.3041 0.003381
 31.4382 0.003401
 31.5742 0.003451
 31.7120 0.003487
 31.8519 0.003494
 31.9953 0.003511
 32.1400 0.003576
 32.2875 0.003569
 32.4372 0.003628
 32.5912 0.003609
 32.7477 0.003650
 32.9074 0.003643
 33.0727 0.003725
 33.2405 0.003771
 33.4122 0.003804
 33.5870 0.003828
 33.7666 0.003814
 33.9506 0.003905
 34.1398 0.003877
 34.3362 0.003955
 34.5356 0.004057
 34.7426 0.004127
 34.9538 0.004156
 35.1740 0.004279
 35.4025 0.004268
 35.6424 0.004260
 35.8876 0.004371
 36.1440 0.004437
 36.4101 0.004596
 36.6921 0.004692
 36.9879 0.004730
 37.2999 0.004868
 37.6284 0.005006
 37.9785 0.005057
 38.3527 0.005305
 38.7517 0.005445
 39.1856 0.005611
 39.6552 0.005774
 40.1765 0.006032
 40.7588 0.006340
 41.4200 0.007099
 42.1910 0.007611
 43.1129 0.008148
 44.2742 0.009612
 45.8661 0.011554
 46.2642 0.012018
 46.7114 0.012518
 47.2217 0.013156
 47.7980 0.014224
 48.4783 0.016092
 49.2907 0.018389
 50.3196 0.021011
 51.7558 0.025189
 54.1359 0.034432
 56.4893 0.047286
 59.4011 0.067093
 61.6510 0.095365
tr2s-02-3 2 1
  9.6250 0.022512
 10.1812 0.017494
 10.9794 0.012671
 11.6653 0.009485
 12.4494 0.007446
 12.9442 0.006746
 13.3201 0.006221
 13.6191 0.005650
 13.8786 0.005297
 14.1031 0.005159
 14.3036 0.004966
 14.4857 0.004812
 14.6514 0.004680
 15.3341 0.004456
 15.8600 0.004066
 16.2957 0.003865
 16.6708 0.003663
 17.0011 0.003408
 17.3003 0.003318
 17.5721 0.003220
 17.8229 0.003087
 18.0579 0.003018
 18.2785 0.002990
 18.4870 0.002906
 18.6855 0.002894
 18.8752 0.002814
 19.0566 0.002789
 19.2324 0.002790
 19.4004 0.002772
 19.5631 0.002745
 19.7204 0.002723
 19.8717 0.002689
 20.0206 0.002618
 20.1644 0.002601
 20.3052 0.002621
 20.4412 0.002601
 20.5753 0.002600
 20.7060 0.002613
 20.8350 0.002593
 20.9619 0.002539
 21.0856 0.002576
 21.2075 0.002578
 21.3275 0.002585
 21.4452 0.002566
 21.5611 0.002551
 21.6755 0.002572
 21.7874 0.002514
 21.8989 0.002516
 22.0078 0.002555
 22.1161 0.002577
 22.2230 0.002582
 22.3287 0.002614
 22.4330 0.002626
 22.5363 0.002633
 22.6394 0.002648
 22.7407 0.002662
 22.8411 0.002625
 22.9406 0.002669
 23.0393 0.002646
 23.1375 0.002629
 23.2346 0.002635
 23.3306 0.002648
 23.4272 0.002630
 23.5225 0.002591
 23.6170 0.002590
 23.7110 0.002554
 23.8037 0.002556
 23.8970 0.002542
 23.9890 0.002563
 24.0804 0.002510
 24.1720 0.002485
 24.2628 0.002506
 24.3534 0.002493
 24.4434 0.002514
 24.5333 0.002489
 24.6229 0.002522
 24.7121 0.002535
 24.8016 0.002547
 24.8901 0.002509
 24.9785 0.002516
 25.0664 0.002541
 25.1546 0.002544
 25.2419 0.002546
 25.3290 0.002544
 25.4163 0.002532
 25.5031 0.002482
 25.5897 0.002476
 25.6770 0.002475
 25.7640 0.002473
 25.8512 0.002473
 25.9375 0.002457
 26.0243 0.002502
 26.1115 0.002508
 26.1981 0.002511
 26.2843 0.002496
 26.3704 0.002523
 26.4561 0.002537
 26.5421 0.002528
 26.6285 0.002521
 26.7152 0.002526
 26.8020 0.002523
 26.8886 0.002538
 26.9753 0.002541
 27.0619 0.002546
 27.1493 0.002553
 27.2360 0.002559
 27.3231 0.002593
 27.4101 0.002573
 27.4972 0.002576
 27.5846 0.002566
 27.6723 0.002584
 27.7598 0.002605
 27.8486 0.002590
 27.9367 0.002576
 28.0259 0.002609
 28.1141 0.002581
 28.2034 0.002593
 28.2921 0.002629
 28.3814 0.002598
 28.4714 0.002647
 28.5620 0.002665
 28.6530 0.002694
 28.7438 0.002700
 28.8347 0.002681
 28.9271 0.002686
 29.0196 0.002676
 29.1126 0.002700
 29.2055 0.002719
 29.2993 0.002765
 29.3935 0.002773
 29.4885 0.002749
 29.5836 0.002748
 29.6787 0.002790
 29.7758 0.002823
 29.8729 0.002822
 29.9700 0.002795
 30.0684 0.002809
 30.1686 0.002826
 30.2693 0.002811
 30.3701 0.002835
 30.4713 0.002873
 30.5738 0.002899
 30.6772 0.002891
 30.7804 0.002923
 30.8847 0.002955
 30.9899 0.002994
 31.0957 0.003047
 31.2024 0.003065
 31.3104 0.003092
 31.4197 0.003069
 31.5302 0.003059
 31.6414 0.003058
 31.7547 0.003108
 31.8683 0.003147
 31.9831 0.003200
 32.0990 0.003232
 32.2167 0.003239
 32.3355 0.003229
 32.4560 0.003268
 32.5778 0.003265
 32.7015 0.003295
 32.8257 0.003267
 32.9534 0.003327
 33.0822 0.003295
 33.2122 0.003315
 33.3446 0.003297
 33.4795 0.003354
 33.6167 0.003412
 33.7562 0.003439
 33.8976 0.003489
 34.0414 0.003527
 34.1885 0.003582
 34.3379 0.003565
 34.4904 0.003580
 34.6464 0.003560
 34.8052 0.003577
 34.9673 0.003608
 35.1319 0.003618
 35.3018 0.003639
 35.4767 0.003654
 35.6555 0.003688
 35.8375 0.003743
 36.0265 0.003813
 36.2186 0.003929
 36.4181 0.004010
 36.6228 0.004029
 36.8331 0.004132
 37.0509 0.004177
 37.2767 0.004169
 37.5121 0.004243
 37.7553 0.004338
 38.0108 0.004447
 38.2754 0.004509
 38.5539 0.004545
 38.8453 0.004716
 39.1570 0.004783
 39.4859 0.004951
 39.8334 0.005235
 40.2047 0.005400
 40.6035 0.005434
 41.0326 0.005616
 41.5046 0.005921
 42.0211 0.006127
 42.6051 0.006516
 43.2672 0.006978
 44.0319 0.007467
 44.9460 0.008473
 46.1013 0.009628
 47.6857 0.011444
 48.0892 0.012095
 48.5425 0.012879
 49.0450 0.013454
 49.6247 0.014783
 50.3084 0.015903
 51.1213 0.018111
 52.1549 0.020503
 53.5842 0.024747
 55.9460 0.033513
 58.2975 0.045172
 61.2201 0.067921
 63.3702 0.090238
