Copyright (C) 1998 James G. MacKinnon, Alfred A. Haug, and Leo Michelis.
 tr0-01-8 2 1
  2.1416 0.013756
  2.5060 0.011643
  3.0624 0.009055
  3.5583 0.007738
  4.1308 0.006105
  4.5057 0.005283
  4.7905 0.004702
  5.0232 0.004356
  5.2192 0.004283
  5.3930 0.004115
  5.5511 0.003930
  5.6917 0.003869
  5.8214 0.003682
  6.3555 0.003353
  6.7691 0.003120
  7.1102 0.002986
  7.4036 0.002788
  7.6639 0.002840
  7.9010 0.002863
  8.1158 0.002767
  8.3172 0.002706
  8.5054 0.002657
  8.6830 0.002596
  8.8508 0.002534
  9.0105 0.002496
  9.1623 0.002450
  9.3081 0.002417
  9.4474 0.002390
  9.5831 0.002338
  9.7141 0.002333
  9.8406 0.002280
  9.9625 0.002295
 10.0827 0.002247
 10.1999 0.002220
 10.3130 0.002243
 10.4233 0.002248
 10.5319 0.002262
 10.6377 0.002233
 10.7415 0.002199
 10.8433 0.002154
 10.9428 0.002157
 11.0417 0.002170
 11.1390 0.002185
 11.2350 0.002193
 11.3293 0.002186
 11.4213 0.002164
 11.5126 0.002154
 11.6029 0.002157
 11.6920 0.002143
 11.7810 0.002121
 11.8681 0.002120
 11.9540 0.002086
 12.0394 0.002098
 12.1236 0.002103
 12.2071 0.002097
 12.2896 0.002097
 12.3721 0.002076
 12.4541 0.002066
 12.5354 0.002069
 12.6158 0.002063
 12.6951 0.002074
 12.7745 0.002081
 12.8533 0.002084
 12.9314 0.002066
 13.0087 0.002063
 13.0854 0.002071
 13.1629 0.002092
 13.2395 0.002101
 13.3160 0.002109
 13.3924 0.002114
 13.4676 0.002114
 13.5429 0.002089
 13.6174 0.002104
 13.6917 0.002109
 13.7657 0.002108
 13.8394 0.002118
 13.9133 0.002102
 13.9871 0.002112
 14.0600 0.002118
 14.1324 0.002128
 14.2054 0.002141
 14.2782 0.002162
 14.3507 0.002142
 14.4229 0.002151
 14.4953 0.002149
 14.5675 0.002159
 14.6395 0.002184
 14.7116 0.002201
 14.7835 0.002190
 14.8557 0.002188
 14.9271 0.002191
 14.9987 0.002193
 15.0708 0.002197
 15.1427 0.002196
 15.2143 0.002177
 15.2855 0.002167
 15.3575 0.002197
 15.4296 0.002199
 15.5011 0.002225
 15.5726 0.002217
 15.6446 0.002217
 15.7165 0.002210
 15.7886 0.002235
 15.8611 0.002261
 15.9338 0.002267
 16.0054 0.002282
 16.0786 0.002287
 16.1516 0.002284
 16.2249 0.002298
 16.2982 0.002300
 16.3717 0.002301
 16.4452 0.002305
 16.5189 0.002289
 16.5930 0.002298
 16.6670 0.002296
 16.7418 0.002309
 16.8169 0.002310
 16.8927 0.002306
 16.9685 0.002314
 17.0448 0.002314
 17.1206 0.002345
 17.1975 0.002356
 17.2743 0.002366
 17.3508 0.002398
 17.4286 0.002396
 17.5066 0.002398
 17.5848 0.002396
 17.6633 0.002428
 17.7424 0.002456
 17.8220 0.002468
 17.9023 0.002483
 17.9823 0.002467
 18.0635 0.002476
 18.1445 0.002491
 18.2264 0.002477
 18.3092 0.002497
 18.3917 0.002510
 18.4750 0.002517
 18.5595 0.002519
 18.6444 0.002541
 18.7299 0.002534
 18.8161 0.002521
 18.9024 0.002535
 18.9903 0.002544
 19.0791 0.002598
 19.1687 0.002587
 19.2587 0.002615
 19.3494 0.002612
 19.4411 0.002655
 19.5330 0.002650
 19.6264 0.002666
 19.7203 0.002662
 19.8159 0.002645
 19.9126 0.002654
 20.0105 0.002669
 20.1089 0.002719
 20.2087 0.002729
 20.3103 0.002752
 20.4133 0.002776
 20.5179 0.002777
 20.6242 0.002766
 20.7307 0.002831
 20.8389 0.002859
 20.9489 0.002881
 21.0616 0.002955
 21.1760 0.003003
 21.2912 0.002984
 21.4089 0.002993
 21.5284 0.003012
 21.6498 0.003007
 21.7732 0.003082
 21.8999 0.003120
 22.0282 0.003129
 22.1588 0.003138
 22.2924 0.003243
 22.4296 0.003292
 22.5694 0.003313
 22.7124 0.003291
 22.8590 0.003304
 23.0092 0.003378
 23.1638 0.003416
 23.3210 0.003458
 23.4840 0.003553
 23.6508 0.003528
 23.8223 0.003600
 23.9998 0.003635
 24.1832 0.003751
 24.3732 0.003840
 24.5701 0.003858
 24.7749 0.003932
 24.9870 0.003950
 25.2079 0.003998
 25.4398 0.004076
 25.6824 0.004150
 25.9385 0.004187
 26.2076 0.004328
 26.4909 0.004405
 26.7934 0.004573
 27.1167 0.004765
 27.4637 0.004891
 27.8406 0.005117
 28.2523 0.005433
 28.7103 0.005723
 29.2233 0.006088
 29.7993 0.006608
 30.4742 0.006907
 31.2836 0.007610
 32.3075 0.009051
 33.7234 0.011129
 34.0844 0.011523
 34.4852 0.011852
 34.9339 0.012400
 35.4473 0.013264
 36.0506 0.014490
 36.7725 0.016018
 37.7006 0.018619
 39.0044 0.022167
 41.1342 0.029812
 43.2711 0.038624
 46.0652 0.061141
 48.1881 0.085219
 tr1-01-8 2 1
  2.7051 0.016638
  3.1349 0.013270
  3.8088 0.009915
  4.3835 0.007967
  5.0490 0.006802
  5.4765 0.005984
  5.8059 0.005327
  6.0692 0.005119
  6.2969 0.004771
  6.4950 0.004668
  6.6717 0.004457
  6.8306 0.004261
  6.9771 0.004181
  7.5731 0.003847
  8.0310 0.003501
  8.4094 0.003351
  8.7359 0.003226
  9.0256 0.003130
  9.2847 0.003122
  9.5227 0.003020
  9.7435 0.002869
  9.9497 0.002853
 10.1431 0.002806
 10.3250 0.002727
 10.4984 0.002731
 10.6626 0.002729
 10.8201 0.002661
 10.9733 0.002629
 11.1201 0.002543
 11.2619 0.002587
 11.3998 0.002585
 11.5323 0.002576
 11.6615 0.002534
 11.7880 0.002522
 11.9107 0.002461
 12.0299 0.002412
 12.1475 0.002392
 12.2624 0.002391
 12.3746 0.002367
 12.4840 0.002356
 12.5916 0.002343
 12.6975 0.002333
 12.8031 0.002294
 12.9059 0.002286
 13.0078 0.002292
 13.1080 0.002270
 13.2063 0.002261
 13.3036 0.002246
 13.3999 0.002237
 13.4940 0.002249
 13.5872 0.002253
 13.6796 0.002259
 13.7714 0.002257
 13.8620 0.002288
 13.9513 0.002284
 14.0391 0.002279
 14.1267 0.002270
 14.2139 0.002255
 14.3006 0.002219
 14.3864 0.002198
 14.4718 0.002198
 14.5563 0.002202
 14.6402 0.002207
 14.7233 0.002172
 14.8062 0.002198
 14.8883 0.002198
 14.9700 0.002196
 15.0517 0.002185
 15.1321 0.002191
 15.2136 0.002183
 15.2941 0.002179
 15.3737 0.002185
 15.4526 0.002188
 15.5318 0.002221
 15.6108 0.002212
 15.6892 0.002218
 15.7675 0.002238
 15.8458 0.002237
 15.9237 0.002231
 16.0017 0.002236
 16.0790 0.002260
 16.1559 0.002278
 16.2343 0.002295
 16.3110 0.002296
 16.3880 0.002323
 16.4652 0.002286
 16.5419 0.002304
 16.6185 0.002291
 16.6953 0.002263
 16.7713 0.002258
 16.8478 0.002280
 16.9238 0.002291
 17.0002 0.002294
 17.0763 0.002326
 17.1522 0.002327
 17.2288 0.002311
 17.3051 0.002304
 17.3816 0.002319
 17.4578 0.002304
 17.5343 0.002292
 17.6104 0.002312
 17.6872 0.002338
 17.7637 0.002376
 17.8404 0.002384
 17.9169 0.002398
 17.9939 0.002397
 18.0715 0.002395
 18.1486 0.002387
 18.2258 0.002399
 18.3038 0.002421
 18.3815 0.002408
 18.4590 0.002401
 18.5367 0.002414
 18.6154 0.002432
 18.6941 0.002424
 18.7726 0.002410
 18.8514 0.002415
 18.9309 0.002430
 19.0108 0.002422
 19.0908 0.002409
 19.1709 0.002426
 19.2514 0.002453
 19.3318 0.002465
 19.4129 0.002467
 19.4944 0.002471
 19.5767 0.002498
 19.6584 0.002513
 19.7408 0.002497
 19.8242 0.002502
 19.9085 0.002513
 19.9926 0.002538
 20.0773 0.002524
 20.1623 0.002517
 20.2482 0.002543
 20.3345 0.002544
 20.4212 0.002601
 20.5090 0.002602
 20.5978 0.002622
 20.6866 0.002660
 20.7757 0.002641
 20.8654 0.002650
 20.9567 0.002682
 21.0491 0.002680
 21.1419 0.002713
 21.2352 0.002725
 21.3290 0.002734
 21.4240 0.002714
 21.5193 0.002756
 21.6156 0.002755
 21.7131 0.002806
 21.8118 0.002810
 21.9114 0.002814
 22.0116 0.002821
 22.1127 0.002819
 22.2150 0.002863
 22.3187 0.002851
 22.4241 0.002844
 22.5310 0.002880
 22.6399 0.002884
 22.7494 0.002887
 22.8603 0.002922
 22.9725 0.002921
 23.0864 0.002978
 23.2015 0.002974
 23.3191 0.003000
 23.4383 0.003054
 23.5598 0.003098
 23.6830 0.003102
 23.8077 0.003142
 23.9352 0.003181
 24.0652 0.003219
 24.1974 0.003244
 24.3322 0.003278
 24.4691 0.003280
 24.6100 0.003359
 24.7521 0.003380
 24.8987 0.003444
 25.0479 0.003497
 25.2022 0.003514
 25.3590 0.003572
 25.5197 0.003645
 25.6844 0.003673
 25.8531 0.003693
 26.0263 0.003709
 26.2055 0.003705
 26.3922 0.003801
 26.5850 0.003888
 26.7832 0.003976
 26.9878 0.003992
 27.1996 0.004076
 27.4205 0.004194
 27.6521 0.004335
 27.8936 0.004399
 28.1457 0.004474
 28.4085 0.004514
 28.6874 0.004594
 28.9848 0.004728
 29.3002 0.004855
 29.6384 0.005029
 30.0032 0.005278
 30.3965 0.005381
 30.8236 0.005756
 31.2970 0.006083
 31.8312 0.006440
 32.4323 0.006979
 33.1372 0.007498
 33.9823 0.008345
 35.0410 0.009263
 36.5047 0.011318
 36.8840 0.011612
 37.3010 0.012498
 37.7632 0.013095
 38.2938 0.014426
 38.9159 0.015555
 39.6664 0.016538
 40.6289 0.018961
 41.9507 0.022582
 44.1663 0.031069
 46.3221 0.041646
 49.1961 0.062726
 51.2843 0.090356
tr1s-01-8 2 1
  4.6078 0.016301
  4.9989 0.012472
  5.5839 0.009311
  6.1095 0.007479
  6.6928 0.006186
  7.0743 0.005599
  7.3649 0.005101
  7.6013 0.004795
  7.8022 0.004559
  7.9805 0.004447
  8.1400 0.004368
  8.2849 0.004141
  8.4154 0.003986
  8.9590 0.003481
  9.3791 0.003246
  9.7291 0.003207
 10.0328 0.003030
 10.3014 0.002912
 10.5441 0.002876
 10.7683 0.002815
 10.9762 0.002745
 11.1693 0.002664
 11.3522 0.002629
 11.5249 0.002546
 11.6899 0.002514
 11.8466 0.002505
 11.9973 0.002521
 12.1420 0.002482
 12.2827 0.002438
 12.4171 0.002423
 12.5481 0.002405
 12.6760 0.002392
 12.8002 0.002339
 12.9208 0.002329
 13.0388 0.002291
 13.1536 0.002302
 13.2668 0.002278
 13.3775 0.002285
 13.4854 0.002266
 13.5917 0.002244
 13.6960 0.002257
 13.7985 0.002273
 13.8995 0.002253
 13.9987 0.002243
 14.0964 0.002218
 14.1923 0.002220
 14.2881 0.002203
 14.3823 0.002204
 14.4750 0.002230
 14.5667 0.002202
 14.6580 0.002184
 14.7475 0.002194
 14.8365 0.002180
 14.9244 0.002153
 15.0115 0.002174
 15.0973 0.002170
 15.1828 0.002165
 15.2678 0.002172
 15.3525 0.002157
 15.4356 0.002168
 15.5187 0.002193
 15.6008 0.002197
 15.6826 0.002203
 15.7639 0.002188
 15.8447 0.002184
 15.9253 0.002172
 16.0053 0.002159
 16.0843 0.002178
 16.1635 0.002175
 16.2427 0.002167
 16.3218 0.002182
 16.4003 0.002161
 16.4781 0.002189
 16.5554 0.002185
 16.6328 0.002221
 16.7097 0.002220
 16.7868 0.002262
 16.8631 0.002248
 16.9396 0.002216
 17.0151 0.002224
 17.0911 0.002244
 17.1667 0.002235
 17.2425 0.002231
 17.3178 0.002247
 17.3930 0.002256
 17.4685 0.002260
 17.5435 0.002260
 17.6189 0.002264
 17.6935 0.002250
 17.7685 0.002295
 17.8434 0.002284
 17.9187 0.002302
 17.9937 0.002301
 18.0686 0.002311
 18.1433 0.002300
 18.2187 0.002306
 18.2936 0.002307
 18.3682 0.002315
 18.4430 0.002309
 18.5178 0.002287
 18.5931 0.002288
 18.6684 0.002301
 18.7435 0.002306
 18.8186 0.002305
 18.8941 0.002288
 18.9702 0.002306
 19.0463 0.002279
 19.1222 0.002280
 19.1977 0.002314
 19.2749 0.002306
 19.3512 0.002327
 19.4277 0.002313
 19.5053 0.002284
 19.5820 0.002297
 19.6592 0.002284
 19.7373 0.002279
 19.8149 0.002300
 19.8928 0.002326
 19.9711 0.002338
 20.0497 0.002364
 20.1294 0.002371
 20.2079 0.002380
 20.2879 0.002409
 20.3679 0.002402
 20.4482 0.002401
 20.5287 0.002414
 20.6100 0.002395
 20.6925 0.002407
 20.7749 0.002442
 20.8575 0.002450
 20.9409 0.002448
 21.0253 0.002452
 21.1097 0.002481
 21.1948 0.002491
 21.2798 0.002507
 21.3660 0.002507
 21.4526 0.002521
 21.5396 0.002523
 21.6279 0.002557
 21.7162 0.002539
 21.8055 0.002574
 21.8954 0.002558
 21.9855 0.002571
 22.0768 0.002582
 22.1683 0.002613
 22.2608 0.002622
 22.3544 0.002622
 22.4489 0.002635
 22.5445 0.002646
 22.6408 0.002691
 22.7382 0.002678
 22.8373 0.002684
 22.9378 0.002686
 23.0385 0.002713
 23.1403 0.002726
 23.2444 0.002712
 23.3489 0.002727
 23.4549 0.002751
 23.5622 0.002779
 23.6702 0.002795
 23.7802 0.002848
 23.8912 0.002865
 24.0036 0.002908
 24.1191 0.002972
 24.2356 0.003004
 24.3539 0.003037
 24.4744 0.003048
 24.5960 0.003077
 24.7200 0.003153
 24.8446 0.003194
 24.9729 0.003241
 25.1047 0.003224
 25.2380 0.003264
 25.3739 0.003341
 25.5135 0.003375
 25.6564 0.003412
 25.8006 0.003498
 25.9491 0.003490
 26.1013 0.003497
 26.2562 0.003568
 26.4174 0.003620
 26.5820 0.003634
 26.7506 0.003637
 26.9238 0.003662
 27.1018 0.003728
 27.2849 0.003783
 27.4745 0.003838
 27.6718 0.003903
 27.8747 0.003959
 28.0865 0.003993
 28.3057 0.004063
 28.5349 0.004119
 28.7748 0.004183
 29.0263 0.004298
 29.2900 0.004313
 29.5667 0.004518
 29.8635 0.004750
 30.1786 0.004954
 30.5170 0.005105
 30.8762 0.005293
 31.2650 0.005448
 31.6939 0.005567
 32.1678 0.005915
 32.6928 0.006343
 33.2933 0.006903
 33.9923 0.007615
 34.8295 0.008246
 35.8851 0.009263
 37.3511 0.011092
 37.7227 0.011516
 38.1360 0.012148
 38.6042 0.013392
 39.1360 0.014491
 39.7527 0.015345
 40.5050 0.016339
 41.4573 0.018544
 42.7677 0.021571
 44.9882 0.030666
 47.1724 0.043931
 49.9989 0.065971
 52.0502 0.092278
 tr2-01-8 2 1
  3.5922 0.020192
  4.0805 0.017203
  4.8419 0.012594
  5.5196 0.009547
  6.2639 0.007608
  6.7373 0.006710
  7.0934 0.005925
  7.3864 0.005598
  7.6340 0.005183
  7.8505 0.004787
  8.0395 0.004557
  8.2144 0.004487
  8.3733 0.004262
  9.0217 0.003852
  9.5173 0.003651
  9.9231 0.003546
 10.2726 0.003497
 10.5815 0.003380
 10.8580 0.003259
 11.1122 0.003119
 11.3466 0.003030
 11.5657 0.002972
 11.7718 0.002946
 11.9675 0.002881
 12.1503 0.002782
 12.3264 0.002732
 12.4942 0.002720
 12.6566 0.002678
 12.8124 0.002621
 12.9621 0.002542
 13.1082 0.002537
 13.2478 0.002537
 13.3843 0.002491
 13.5178 0.002539
 13.6474 0.002552
 13.7741 0.002525
 13.8982 0.002492
 14.0202 0.002465
 14.1387 0.002430
 14.2566 0.002379
 14.3705 0.002366
 14.4833 0.002382
 14.5931 0.002398
 14.7010 0.002342
 14.8085 0.002356
 14.9137 0.002355
 15.0178 0.002353
 15.1210 0.002371
 15.2222 0.002360
 15.3225 0.002355
 15.4223 0.002384
 15.5207 0.002386
 15.6182 0.002367
 15.7136 0.002380
 15.8084 0.002389
 15.9029 0.002382
 15.9952 0.002383
 16.0872 0.002402
 16.1794 0.002399
 16.2694 0.002406
 16.3600 0.002409
 16.4490 0.002427
 16.5375 0.002423
 16.6255 0.002430
 16.7134 0.002417
 16.8007 0.002390
 16.8873 0.002375
 16.9735 0.002365
 17.0594 0.002332
 17.1449 0.002311
 17.2293 0.002294
 17.3134 0.002274
 17.3975 0.002256
 17.4811 0.002268
 17.5647 0.002254
 17.6479 0.002290
 17.7304 0.002302
 17.8133 0.002292
 17.8957 0.002287
 17.9778 0.002300
 18.0594 0.002341
 18.1410 0.002339
 18.2227 0.002344
 18.3043 0.002330
 18.3847 0.002338
 18.4654 0.002342
 18.5463 0.002328
 18.6269 0.002326
 18.7076 0.002321
 18.7884 0.002309
 18.8686 0.002300
 18.9487 0.002295
 19.0288 0.002295
 19.1086 0.002321
 19.1888 0.002345
 19.2688 0.002319
 19.3488 0.002328
 19.4292 0.002340
 19.5092 0.002368
 19.5895 0.002365
 19.6694 0.002354
 19.7501 0.002378
 19.8302 0.002378
 19.9111 0.002404
 19.9918 0.002400
 20.0724 0.002375
 20.1533 0.002379
 20.2344 0.002364
 20.3155 0.002372
 20.3964 0.002374
 20.4782 0.002380
 20.5603 0.002376
 20.6421 0.002400
 20.7243 0.002419
 20.8063 0.002416
 20.8889 0.002439
 20.9717 0.002414
 21.0546 0.002429
 21.1380 0.002437
 21.2217 0.002432
 21.3054 0.002457
 21.3895 0.002477
 21.4746 0.002474
 21.5598 0.002496
 21.6456 0.002510
 21.7313 0.002532
 21.8181 0.002545
 21.9042 0.002540
 21.9908 0.002525
 22.0784 0.002520
 22.1664 0.002537
 22.2555 0.002546
 22.3440 0.002546
 22.4336 0.002573
 22.5241 0.002552
 22.6154 0.002566
 22.7073 0.002583
 22.7996 0.002598
 22.8923 0.002616
 22.9862 0.002654
 23.0806 0.002699
 23.1752 0.002719
 23.2703 0.002698
 23.3669 0.002731
 23.4643 0.002769
 23.5628 0.002813
 23.6619 0.002849
 23.7621 0.002822
 23.8633 0.002842
 23.9652 0.002845
 24.0678 0.002882
 24.1725 0.002893
 24.2783 0.002904
 24.3844 0.002898
 24.4922 0.002911
 24.6016 0.002908
 24.7109 0.002938
 24.8217 0.002956
 24.9345 0.002950
 25.0484 0.002984
 25.1644 0.003009
 25.2812 0.003002
 25.3992 0.003066
 25.5193 0.003093
 25.6407 0.003100
 25.7657 0.003091
 25.8914 0.003131
 26.0200 0.003148
 26.1506 0.003198
 26.2827 0.003208
 26.4181 0.003219
 26.5549 0.003278
 26.6953 0.003317
 26.8375 0.003390
 26.9837 0.003406
 27.1320 0.003422
 27.2845 0.003494
 27.4403 0.003528
 27.6010 0.003544
 27.7644 0.003546
 27.9313 0.003520
 28.1033 0.003625
 28.2808 0.003643
 28.4618 0.003636
 28.6486 0.003716
 28.8397 0.003866
 29.0384 0.003909
 29.2434 0.003978
 29.4562 0.004024
 29.6779 0.004062
 29.9080 0.004158
 30.1495 0.004349
 30.3995 0.004482
 30.6607 0.004598
 30.9374 0.004696
 31.2286 0.004806
 31.5365 0.004892
 31.8632 0.005164
 32.2147 0.005320
 32.5942 0.005407
 33.0007 0.005646
 33.4439 0.006015
 33.9362 0.006345
 34.4834 0.006660
 35.1088 0.007022
 35.8329 0.007435
 36.7034 0.008420
 37.8013 0.009194
 39.3102 0.011094
 39.6926 0.011627
 40.1165 0.012298
 40.5940 0.013460
 41.1426 0.014089
 41.7830 0.015267
 42.5591 0.016913
 43.5384 0.019465
 44.9174 0.023500
 47.2249 0.032530
 49.4598 0.041996
 52.3249 0.066717
 54.3834 0.088729
tr2s-01-8 2 1
  5.6374 0.017568
  6.0787 0.014280
  6.7462 0.010550
  7.3030 0.008445
  7.9411 0.006669
  8.3618 0.005824
  8.6791 0.005343
  8.9428 0.004963
  9.1615 0.004565
  9.3569 0.004388
  9.5301 0.004338
  9.6860 0.004216
  9.8303 0.004207
 10.4159 0.003797
 10.8690 0.003542
 11.2446 0.003453
 11.5700 0.003239
 11.8596 0.003114
 12.1202 0.002989
 12.3590 0.002874
 12.5807 0.002833
 12.7880 0.002728
 12.9825 0.002668
 13.1677 0.002662
 13.3423 0.002568
 13.5100 0.002561
 13.6711 0.002538
 13.8251 0.002503
 13.9739 0.002514
 14.1187 0.002565
 14.2566 0.002500
 14.3915 0.002459
 14.5237 0.002432
 14.6526 0.002395
 14.7775 0.002347
 14.9002 0.002349
 15.0190 0.002337
 15.1368 0.002350
 15.2513 0.002353
 15.3641 0.002365
 15.4748 0.002356
 15.5838 0.002342
 15.6910 0.002385
 15.7961 0.002367
 15.8996 0.002343
 16.0012 0.002365
 16.1021 0.002357
 16.2024 0.002324
 16.3002 0.002331
 16.3980 0.002338
 16.4947 0.002365
 16.5889 0.002383
 16.6826 0.002423
 16.7763 0.002438
 16.8688 0.002409
 16.9601 0.002380
 17.0508 0.002357
 17.1404 0.002344
 17.2298 0.002331
 17.3176 0.002293
 17.4054 0.002291
 17.4928 0.002304
 17.5798 0.002288
 17.6657 0.002276
 17.7511 0.002280
 17.8363 0.002300
 17.9207 0.002290
 18.0051 0.002269
 18.0891 0.002258
 18.1729 0.002225
 18.2562 0.002224
 18.3393 0.002215
 18.4213 0.002213
 18.5034 0.002225
 18.5850 0.002236
 18.6668 0.002217
 18.7482 0.002233
 18.8290 0.002216
 18.9099 0.002218
 18.9901 0.002196
 19.0700 0.002231
 19.1497 0.002213
 19.2295 0.002185
 19.3088 0.002197
 19.3880 0.002189
 19.4670 0.002204
 19.5458 0.002198
 19.6246 0.002177
 19.7037 0.002203
 19.7827 0.002198
 19.8615 0.002246
 19.9408 0.002247
 20.0194 0.002226
 20.0982 0.002259
 20.1773 0.002278
 20.2568 0.002258
 20.3361 0.002231
 20.4147 0.002232
 20.4934 0.002240
 20.5724 0.002236
 20.6510 0.002269
 20.7305 0.002267
 20.8096 0.002270
 20.8889 0.002275
 20.9684 0.002291
 21.0476 0.002301
 21.1265 0.002315
 21.2068 0.002342
 21.2865 0.002345
 21.3664 0.002322
 21.4464 0.002330
 21.5278 0.002327
 21.6084 0.002342
 21.6889 0.002372
 21.7699 0.002398
 21.8512 0.002411
 21.9330 0.002449
 22.0150 0.002452
 22.0974 0.002465
 22.1801 0.002487
 22.2627 0.002485
 22.3465 0.002466
 22.4305 0.002483
 22.5144 0.002468
 22.5991 0.002506
 22.6841 0.002499
 22.7700 0.002481
 22.8555 0.002494
 22.9410 0.002491
 23.0276 0.002483
 23.1147 0.002480
 23.2022 0.002495
 23.2907 0.002522
 23.3798 0.002551
 23.4695 0.002598
 23.5588 0.002664
 23.6494 0.002678
 23.7408 0.002668
 23.8327 0.002683
 23.9260 0.002679
 24.0190 0.002698
 24.1131 0.002750
 24.2081 0.002773
 24.3042 0.002753
 24.4009 0.002738
 24.4981 0.002749
 24.5960 0.002760
 24.6950 0.002727
 24.7952 0.002731
 24.8964 0.002723
 24.9983 0.002742
 25.1006 0.002768
 25.2036 0.002773
 25.3084 0.002788
 25.4152 0.002803
 25.5237 0.002848
 25.6325 0.002852
 25.7426 0.002876
 25.8552 0.002858
 25.9675 0.002870
 26.0816 0.002887
 26.1975 0.002931
 26.3148 0.002930
 26.4344 0.002967
 26.5551 0.003011
 26.6781 0.003014
 26.8029 0.003073
 26.9302 0.003129
 27.0598 0.003127
 27.1914 0.003191
 27.3261 0.003213
 27.4626 0.003255
 27.6021 0.003267
 27.7441 0.003276
 27.8894 0.003286
 28.0372 0.003314
 28.1867 0.003381
 28.3419 0.003407
 28.4992 0.003482
 28.6614 0.003502
 28.8273 0.003606
 28.9975 0.003631
 29.1731 0.003670
 29.3526 0.003734
 29.5380 0.003770
 29.7292 0.003790
 29.9285 0.003820
 30.1331 0.003911
 30.3452 0.003973
 30.5643 0.004029
 30.7926 0.004094
 31.0335 0.004278
 31.2824 0.004366
 31.5429 0.004479
 31.8162 0.004652
 32.1060 0.004790
 32.4107 0.004903
 32.7383 0.004936
 33.0894 0.005153
 33.4645 0.005357
 33.8705 0.005653
 34.3118 0.005854
 34.7993 0.006213
 35.3463 0.006670
 35.9667 0.007000
 36.6851 0.007544
 37.5615 0.008274
 38.6553 0.009228
 40.1489 0.011018
 40.5339 0.011787
 40.9574 0.012591
 41.4312 0.013303
 41.9827 0.014081
 42.6155 0.014973
 43.3901 0.017250
 44.3779 0.019112
 45.7512 0.022123
 48.0427 0.032231
 50.2711 0.042239
 53.1495 0.066401
 55.2173 0.088248
