Copyright (C) 1998 James G. MacKinnon, Alfred A. Haug, and Leo Michelis.
 lm0-04-8 3 1
 18.4236 0.045355
 19.0774 0.035755
 20.0398 0.024596
 20.8193 0.018261
 21.6531 0.015003
 22.1918 0.012926
 22.5813 0.011398
 22.8973 0.010236
 23.1683 0.009882
 23.4036 0.009326
 23.6151 0.008944
 23.8110 0.008677
 23.9892 0.008330
 24.6996 0.007544
 25.2345 0.007090
 25.6737 0.006791
 26.0561 0.006402
 26.3879 0.006139
 26.6842 0.005816
 26.9610 0.005493
 27.2153 0.005302
 27.4488 0.005166
 27.6690 0.004950
 27.8789 0.004974
 28.0799 0.004821
 28.2689 0.004744
 28.4483 0.004765
 28.6209 0.004876
 28.7880 0.004808
 28.9500 0.004812
 29.1062 0.004832
 29.2556 0.004793
 29.4014 0.004755
 29.5432 0.004771
 29.6820 0.004656
 29.8173 0.004691
 29.9494 0.004631
 30.0791 0.004657
 30.2044 0.004675
 30.3283 0.004671
 30.4496 0.004655
 30.5676 0.004738
 30.6855 0.004658
 30.8008 0.004633
 30.9139 0.004589
 31.0267 0.004571
 31.1363 0.004509
 31.2449 0.004508
 31.3504 0.004406
 31.4560 0.004445
 31.5612 0.004482
 31.6638 0.004463
 31.7657 0.004483
 31.8669 0.004432
 31.9682 0.004402
 32.0660 0.004406
 32.1645 0.004437
 32.2614 0.004397
 32.3582 0.004316
 32.4534 0.004329
 32.5476 0.004348
 32.6417 0.004337
 32.7339 0.004240
 32.8262 0.004213
 32.9189 0.004194
 33.0103 0.004235
 33.1004 0.004226
 33.1914 0.004251
 33.2804 0.004237
 33.3703 0.004294
 33.4597 0.004270
 33.5483 0.004271
 33.6350 0.004262
 33.7238 0.004266
 33.8114 0.004251
 33.8968 0.004257
 33.9827 0.004272
 34.0686 0.004246
 34.1540 0.004217
 34.2390 0.004249
 34.3247 0.004219
 34.4086 0.004200
 34.4937 0.004227
 34.5787 0.004210
 34.6620 0.004236
 34.7454 0.004252
 34.8295 0.004236
 34.9146 0.004248
 34.9989 0.004264
 35.0819 0.004305
 35.1667 0.004296
 35.2506 0.004292
 35.3329 0.004300
 35.4171 0.004303
 35.4996 0.004335
 35.5842 0.004365
 35.6677 0.004348
 35.7506 0.004338
 35.8335 0.004336
 35.9169 0.004344
 36.0009 0.004346
 36.0843 0.004350
 36.1673 0.004345
 36.2508 0.004299
 36.3339 0.004322
 36.4173 0.004284
 36.5012 0.004343
 36.5861 0.004347
 36.6699 0.004354
 36.7544 0.004328
 36.8388 0.004382
 36.9235 0.004438
 37.0086 0.004415
 37.0937 0.004416
 37.1789 0.004420
 37.2653 0.004483
 37.3515 0.004488
 37.4371 0.004521
 37.5236 0.004497
 37.6101 0.004507
 37.6962 0.004549
 37.7843 0.004611
 37.8725 0.004652
 37.9604 0.004701
 38.0495 0.004762
 38.1385 0.004750
 38.2274 0.004798
 38.3171 0.004766
 38.4068 0.004774
 38.4964 0.004800
 38.5879 0.004830
 38.6804 0.004867
 38.7735 0.004879
 38.8661 0.004903
 38.9597 0.004905
 39.0541 0.004883
 39.1491 0.004910
 39.2446 0.004939
 39.3398 0.004970
 39.4362 0.005001
 39.5332 0.004941
 39.6314 0.004931
 39.7300 0.004928
 39.8311 0.004909
 39.9322 0.004929
 40.0335 0.005032
 40.1368 0.005010
 40.2403 0.005045
 40.3440 0.005057
 40.4492 0.005059
 40.5559 0.005103
 40.6631 0.005077
 40.7711 0.005123
 40.8807 0.005139
 40.9917 0.005157
 41.1040 0.005219
 41.2179 0.005179
 41.3337 0.005175
 41.4508 0.005170
 41.5685 0.005200
 41.6882 0.005223
 41.8080 0.005257
 41.9305 0.005285
 42.0545 0.005363
 42.1801 0.005369
 42.3084 0.005399
 42.4402 0.005504
 42.5719 0.005496
 42.7061 0.005570
 42.8429 0.005698
 42.9832 0.005734
 43.1269 0.005907
 43.2725 0.005959
 43.4199 0.006008
 43.5706 0.006169
 43.7256 0.006229
 43.8802 0.006233
 44.0395 0.006331
 44.2044 0.006509
 44.3704 0.006535
 44.5424 0.006668
 44.7187 0.006705
 44.8997 0.006751
 45.0868 0.006955
 45.2783 0.006967
 45.4774 0.007110
 45.6831 0.007262
 45.8991 0.007256
 46.1203 0.007315
 46.3465 0.007439
 46.5833 0.007540
 46.8305 0.007800
 47.0873 0.007999
 47.3589 0.008157
 47.6413 0.008383
 47.9401 0.008644
 48.2575 0.008711
 48.5983 0.008850
 48.9613 0.009123
 49.3576 0.009550
 49.7766 0.009906
 50.2380 0.010358
 50.7414 0.010763
 51.3062 0.011543
 51.9453 0.012643
 52.6927 0.013720
 53.5908 0.015030
 54.7232 0.016977
 56.3122 0.019894
 56.7043 0.020413
 57.1450 0.021122
 57.6422 0.022088
 58.2223 0.023768
 58.8768 0.025485
 59.6863 0.027514
 60.7138 0.031516
 62.1290 0.038011
 64.4653 0.051997
 66.8040 0.072929
 69.7285 0.114714
 71.7911 0.146789
 lm1-04-8 3 1
 20.3372 0.048740
 20.9684 0.036524
 21.9552 0.025961
 22.7778 0.020395
 23.6675 0.015598
 24.2200 0.014091
 24.6390 0.012419
 24.9799 0.011194
 25.2697 0.010603
 25.5221 0.010192
 25.7470 0.009677
 25.9436 0.009560
 26.1246 0.009244
 26.8602 0.008162
 27.4146 0.007627
 27.8800 0.006854
 28.2654 0.006601
 28.6092 0.006380
 28.9218 0.006129
 29.2067 0.005885
 29.4677 0.005745
 29.7118 0.005585
 29.9406 0.005423
 30.1560 0.005380
 30.3600 0.005364
 30.5572 0.005271
 30.7433 0.005199
 30.9240 0.005088
 31.0964 0.004993
 31.2621 0.004888
 31.4226 0.004840
 31.5788 0.004865
 31.7286 0.004827
 31.8754 0.004761
 32.0195 0.004790
 32.1583 0.004763
 32.2960 0.004646
 32.4305 0.004657
 32.5608 0.004667
 32.6878 0.004666
 32.8137 0.004571
 32.9377 0.004461
 33.0586 0.004378
 33.1789 0.004346
 33.2957 0.004337
 33.4106 0.004352
 33.5259 0.004376
 33.6387 0.004324
 33.7485 0.004351
 33.8561 0.004309
 33.9646 0.004336
 34.0705 0.004398
 34.1765 0.004395
 34.2821 0.004431
 34.3861 0.004427
 34.4887 0.004398
 34.5899 0.004419
 34.6896 0.004436
 34.7887 0.004441
 34.8874 0.004496
 34.9842 0.004526
 35.0794 0.004519
 35.1759 0.004490
 35.2707 0.004508
 35.3650 0.004498
 35.4588 0.004470
 35.5527 0.004455
 35.6465 0.004460
 35.7390 0.004453
 35.8312 0.004490
 35.9233 0.004448
 36.0141 0.004466
 36.1040 0.004444
 36.1947 0.004436
 36.2844 0.004390
 36.3733 0.004352
 36.4617 0.004367
 36.5499 0.004375
 36.6383 0.004410
 36.7261 0.004444
 36.8135 0.004508
 36.9013 0.004565
 36.9888 0.004611
 37.0754 0.004631
 37.1620 0.004634
 37.2486 0.004650
 37.3359 0.004663
 37.4231 0.004691
 37.5089 0.004720
 37.5953 0.004697
 37.6810 0.004718
 37.7681 0.004708
 37.8545 0.004691
 37.9409 0.004764
 38.0265 0.004768
 38.1125 0.004762
 38.1978 0.004742
 38.2838 0.004736
 38.3696 0.004716
 38.4556 0.004736
 38.5417 0.004760
 38.6284 0.004767
 38.7132 0.004777
 38.7991 0.004816
 38.8851 0.004815
 38.9716 0.004865
 39.0578 0.004838
 39.1454 0.004856
 39.2331 0.004830
 39.3197 0.004824
 39.4059 0.004869
 39.4936 0.004817
 39.5815 0.004832
 39.6696 0.004850
 39.7584 0.004853
 39.8471 0.004847
 39.9357 0.004864
 40.0240 0.004890
 40.1137 0.004905
 40.2027 0.004975
 40.2927 0.004970
 40.3827 0.004981
 40.4732 0.004938
 40.5644 0.004932
 40.6561 0.004957
 40.7483 0.004953
 40.8413 0.004964
 40.9346 0.004963
 41.0270 0.004997
 41.1203 0.004977
 41.2132 0.004955
 41.3082 0.004945
 41.4032 0.004954
 41.4999 0.004971
 41.5962 0.004955
 41.6937 0.004910
 41.7913 0.004957
 41.8894 0.005024
 41.9869 0.005043
 42.0863 0.005042
 42.1859 0.005034
 42.2870 0.005010
 42.3901 0.005005
 42.4947 0.004937
 42.5974 0.004961
 42.7014 0.005033
 42.8074 0.005012
 42.9143 0.004996
 43.0219 0.005054
 43.1297 0.004965
 43.2398 0.004987
 43.3510 0.005031
 43.4626 0.005054
 43.5739 0.005038
 43.6861 0.005066
 43.8002 0.005106
 43.9178 0.005165
 44.0358 0.005200
 44.1562 0.005173
 44.2769 0.005247
 44.3989 0.005308
 44.5225 0.005324
 44.6470 0.005400
 44.7759 0.005485
 44.9051 0.005613
 45.0374 0.005636
 45.1722 0.005708
 45.3072 0.005770
 45.4462 0.005854
 45.5869 0.005942
 45.7317 0.006029
 45.8774 0.006099
 46.0258 0.006073
 46.1785 0.006189
 46.3339 0.006285
 46.4891 0.006284
 46.6474 0.006287
 46.8109 0.006441
 46.9791 0.006636
 47.1509 0.006805
 47.3306 0.006798
 47.5129 0.006912
 47.6992 0.007014
 47.8903 0.007107
 48.0872 0.007205
 48.2927 0.007296
 48.5045 0.007436
 48.7256 0.007523
 48.9516 0.007588
 49.1849 0.007736
 49.4274 0.007956
 49.6810 0.008147
 49.9488 0.008324
 50.2289 0.008569
 50.5176 0.008656
 50.8232 0.008792
 51.1486 0.009150
 51.4929 0.009315
 51.8618 0.009497
 52.2565 0.009799
 52.6857 0.010112
 53.1594 0.010568
 53.6722 0.011349
 54.2530 0.012361
 54.9153 0.013224
 55.6946 0.013643
 56.6075 0.015029
 57.7653 0.017045
 59.3735 0.020321
 59.7825 0.021297
 60.2306 0.022329
 60.7283 0.023568
 61.3056 0.024601
 61.9993 0.027880
 62.8344 0.030241
 63.8612 0.034359
 65.2854 0.042274
 67.7831 0.055045
 70.2493 0.071028
 73.2328 0.114652
 75.5023 0.158376
lm1s-04-8 3 1
 21.2187 0.046720
 21.8657 0.035177
 22.8215 0.024393
 23.6217 0.019383
 24.4971 0.015466
 25.0538 0.013658
 25.4883 0.012060
 25.8265 0.011334
 26.1149 0.010438
 26.3605 0.009893
 26.5809 0.009646
 26.7803 0.009261
 26.9628 0.008919
 27.6950 0.008062
 28.2510 0.007324
 28.7062 0.006978
 29.0982 0.006650
 29.4449 0.006447
 29.7560 0.006144
 30.0383 0.005922
 30.3028 0.005943
 30.5459 0.005808
 30.7750 0.005714
 30.9892 0.005671
 31.1947 0.005422
 31.3904 0.005239
 31.5757 0.005139
 31.7522 0.005094
 31.9228 0.005037
 32.0902 0.004874
 32.2503 0.004817
 32.4078 0.004841
 32.5576 0.004905
 32.7034 0.004859
 32.8458 0.004760
 32.9855 0.004696
 33.1221 0.004624
 33.2561 0.004645
 33.3871 0.004587
 33.5147 0.004595
 33.6414 0.004496
 33.7641 0.004470
 33.8843 0.004518
 34.0023 0.004534
 34.1200 0.004482
 34.2350 0.004489
 34.3488 0.004529
 34.4608 0.004487
 34.5707 0.004500
 34.6802 0.004474
 34.7871 0.004506
 34.8929 0.004487
 34.9988 0.004474
 35.1033 0.004467
 35.2066 0.004437
 35.3078 0.004442
 35.4075 0.004433
 35.5086 0.004417
 35.6079 0.004396
 35.7080 0.004400
 35.8051 0.004353
 35.9015 0.004374
 35.9970 0.004355
 36.0919 0.004319
 36.1874 0.004332
 36.2822 0.004330
 36.3762 0.004384
 36.4680 0.004401
 36.5600 0.004407
 36.6499 0.004355
 36.7418 0.004318
 36.8326 0.004330
 36.9243 0.004373
 37.0138 0.004351
 37.1031 0.004411
 37.1933 0.004442
 37.2826 0.004456
 37.3721 0.004491
 37.4592 0.004566
 37.5476 0.004548
 37.6361 0.004526
 37.7223 0.004499
 37.8092 0.004513
 37.8965 0.004567
 37.9828 0.004536
 38.0697 0.004601
 38.1566 0.004630
 38.2437 0.004659
 38.3303 0.004663
 38.4161 0.004681
 38.5005 0.004651
 38.5869 0.004690
 38.6730 0.004754
 38.7579 0.004774
 38.8437 0.004775
 38.9288 0.004749
 39.0143 0.004752
 39.1002 0.004751
 39.1868 0.004724
 39.2726 0.004683
 39.3595 0.004703
 39.4458 0.004726
 39.5320 0.004736
 39.6180 0.004756
 39.7042 0.004775
 39.7912 0.004789
 39.8772 0.004753
 39.9635 0.004789
 40.0489 0.004814
 40.1357 0.004886
 40.2217 0.004924
 40.3101 0.004873
 40.3982 0.004868
 40.4859 0.004901
 40.5737 0.004894
 40.6620 0.004923
 40.7512 0.004916
 40.8403 0.004909
 40.9301 0.004873
 41.0194 0.004844
 41.1093 0.004876
 41.1992 0.004870
 41.2890 0.004846
 41.3795 0.004833
 41.4716 0.004827
 41.5635 0.004844
 41.6554 0.004814
 41.7479 0.004847
 41.8410 0.004902
 41.9339 0.004909
 42.0285 0.004853
 42.1231 0.004853
 42.2181 0.004913
 42.3130 0.004897
 42.4088 0.004866
 42.5052 0.004849
 42.6020 0.004880
 42.7008 0.004883
 42.8002 0.004961
 42.9003 0.004974
 42.9993 0.004972
 43.0993 0.004973
 43.2010 0.005000
 43.3035 0.005098
 43.4070 0.005097
 43.5106 0.005105
 43.6147 0.005136
 43.7202 0.005156
 43.8275 0.005121
 43.9357 0.005077
 44.0462 0.005055
 44.1572 0.005111
 44.2693 0.005162
 44.3814 0.005192
 44.4952 0.005198
 44.6094 0.005250
 44.7264 0.005276
 44.8444 0.005302
 44.9624 0.005321
 45.0830 0.005357
 45.2045 0.005415
 45.3275 0.005445
 45.4526 0.005543
 45.5795 0.005607
 45.7115 0.005625
 45.8461 0.005714
 45.9793 0.005726
 46.1155 0.005835
 46.2536 0.005804
 46.3953 0.005948
 46.5377 0.005980
 46.6835 0.006008
 46.8300 0.006150
 46.9803 0.006230
 47.1357 0.006357
 47.2933 0.006400
 47.4536 0.006520
 47.6174 0.006596
 47.7857 0.006752
 47.9594 0.006784
 48.1366 0.006854
 48.3150 0.006899
 48.5031 0.006984
 48.6959 0.007051
 48.8951 0.007063
 49.1000 0.007257
 49.3118 0.007393
 49.5314 0.007534
 49.7560 0.007663
 49.9927 0.007745
 50.2360 0.007885
 50.4895 0.008057
 50.7535 0.008359
 51.0321 0.008481
 51.3201 0.008532
 51.6283 0.008760
 51.9515 0.009159
 52.2950 0.009442
 52.6644 0.009747
 53.0565 0.010124
 53.4881 0.010416
 53.9521 0.010868
 54.4688 0.011815
 55.0593 0.012372
 55.7141 0.012815
 56.4878 0.013829
 57.3993 0.015376
 58.5623 0.016857
 60.1600 0.020013
 60.5687 0.020878
 61.0231 0.021835
 61.5193 0.023389
 62.0929 0.025542
 62.7817 0.027411
 63.6184 0.030099
 64.6600 0.034485
 66.1263 0.042049
 68.6055 0.054080
 71.0489 0.071570
 74.0188 0.112873
 76.2717 0.154835
 lm2-04-8 3 1
 22.3059 0.050087
 23.0125 0.038167
 23.9899 0.027317
 24.8330 0.020866
 25.7712 0.016289
 26.3423 0.014122
 26.7773 0.013200
 27.1261 0.012163
 27.4254 0.011234
 27.6788 0.010531
 27.9082 0.010029
 28.1122 0.009822
 28.2964 0.009862
 29.0555 0.008632
 29.6354 0.007857
 30.1052 0.007375
 30.5107 0.007067
 30.8711 0.006770
 31.1972 0.006472
 31.4923 0.006177
 31.7645 0.006115
 32.0202 0.005912
 32.2554 0.005824
 32.4784 0.005763
 32.6901 0.005679
 32.8909 0.005424
 33.0843 0.005374
 33.2707 0.005266
 33.4486 0.005132
 33.6203 0.005106
 33.7863 0.005078
 33.9455 0.005038
 34.1026 0.004888
 34.2556 0.004798
 34.4027 0.004769
 34.5462 0.004708
 34.6843 0.004648
 34.8213 0.004697
 34.9557 0.004671
 35.0867 0.004698
 35.2178 0.004673
 35.3455 0.004646
 35.4726 0.004629
 35.5942 0.004615
 35.7160 0.004667
 35.8348 0.004676
 35.9499 0.004648
 36.0667 0.004650
 36.1814 0.004670
 36.2950 0.004621
 36.4069 0.004590
 36.5160 0.004579
 36.6234 0.004547
 36.7307 0.004528
 36.8380 0.004523
 36.9446 0.004593
 37.0495 0.004611
 37.1526 0.004625
 37.2554 0.004622
 37.3561 0.004633
 37.4560 0.004717
 37.5553 0.004646
 37.6541 0.004637
 37.7518 0.004664
 37.8502 0.004687
 37.9471 0.004665
 38.0442 0.004679
 38.1410 0.004663
 38.2353 0.004633
 38.3303 0.004652
 38.4245 0.004672
 38.5190 0.004742
 38.6118 0.004777
 38.7044 0.004724
 38.7967 0.004718
 38.8888 0.004681
 38.9801 0.004643
 39.0723 0.004652
 39.1641 0.004607
 39.2538 0.004608
 39.3438 0.004608
 39.4327 0.004579
 39.5226 0.004608
 39.6128 0.004584
 39.7029 0.004590
 39.7907 0.004587
 39.8801 0.004611
 39.9693 0.004588
 40.0575 0.004605
 40.1463 0.004614
 40.2346 0.004625
 40.3237 0.004617
 40.4117 0.004628
 40.5006 0.004601
 40.5892 0.004596
 40.6773 0.004602
 40.7661 0.004590
 40.8552 0.004610
 40.9436 0.004671
 41.0323 0.004649
 41.1206 0.004620
 41.2100 0.004670
 41.2988 0.004691
 41.3867 0.004654
 41.4750 0.004659
 41.5650 0.004685
 41.6543 0.004676
 41.7435 0.004656
 41.8330 0.004672
 41.9220 0.004682
 42.0118 0.004711
 42.1017 0.004715
 42.1919 0.004752
 42.2811 0.004806
 42.3723 0.004819
 42.4629 0.004773
 42.5536 0.004815
 42.6444 0.004846
 42.7358 0.004821
 42.8277 0.004816
 42.9206 0.004867
 43.0134 0.004860
 43.1068 0.004882
 43.1997 0.004902
 43.2942 0.004885
 43.3878 0.004869
 43.4812 0.004886
 43.5762 0.004926
 43.6721 0.004973
 43.7671 0.005011
 43.8639 0.005040
 43.9608 0.005035
 44.0580 0.005036
 44.1562 0.005054
 44.2537 0.005075
 44.3518 0.005065
 44.4519 0.005103
 44.5516 0.005127
 44.6528 0.005155
 44.7540 0.005100
 44.8558 0.005143
 44.9584 0.005117
 45.0625 0.005149
 45.1683 0.005149
 45.2759 0.005189
 45.3827 0.005203
 45.4910 0.005170
 45.6002 0.005204
 45.7101 0.005241
 45.8220 0.005187
 45.9347 0.005187
 46.0493 0.005213
 46.1648 0.005267
 46.2813 0.005339
 46.3981 0.005325
 46.5173 0.005423
 46.6356 0.005477
 46.7567 0.005506
 46.8805 0.005606
 47.0049 0.005682
 47.1327 0.005813
 47.2610 0.005842
 47.3910 0.005824
 47.5210 0.005901
 47.6541 0.006043
 47.7882 0.006058
 47.9248 0.006125
 48.0644 0.006150
 48.2055 0.006205
 48.3488 0.006237
 48.4958 0.006283
 48.6449 0.006253
 48.7981 0.006217
 48.9538 0.006349
 49.1110 0.006440
 49.2721 0.006436
 49.4380 0.006527
 49.6048 0.006646
 49.7779 0.006803
 49.9564 0.006785
 50.1394 0.006829
 50.3261 0.006961
 50.5167 0.007081
 50.7141 0.007111
 50.9166 0.007175
 51.1242 0.007157
 51.3383 0.007263
 51.5613 0.007258
 51.7917 0.007385
 52.0297 0.007631
 52.2803 0.007877
 52.5419 0.007957
 52.8119 0.008283
 53.0990 0.008382
 53.4034 0.008594
 53.7193 0.008803
 54.0522 0.008941
 54.4042 0.008991
 54.7815 0.009315
 55.1876 0.009990
 55.6251 0.010481
 56.1004 0.010729
 56.6413 0.011311
 57.2318 0.011815
 57.9074 0.012666
 58.6995 0.013776
 59.6389 0.015454
 60.8157 0.017804
 62.4432 0.021149
 62.8547 0.021991
 63.3208 0.023167
 63.8333 0.024086
 64.4246 0.026341
 65.1119 0.029356
 65.9520 0.030611
 67.0353 0.033145
 68.5256 0.040169
 71.0761 0.057032
 73.4271 0.077315
 76.4579 0.113826
 78.5933 0.159282
lm2s-04-8 3 1
 23.2134 0.048991
 23.8864 0.038898
 24.8479 0.027039
 25.6928 0.020123
 26.6065 0.016798
 27.1970 0.014741
 27.6358 0.012747
 27.9871 0.012018
 28.2783 0.010993
 28.5311 0.010554
 28.7564 0.010086
 28.9585 0.009923
 29.1422 0.009473
 29.9069 0.008453
 30.4822 0.007856
 30.9586 0.007196
 31.3619 0.006684
 31.7207 0.006555
 32.0422 0.006391
 32.3376 0.006339
 32.6078 0.006273
 32.8610 0.005994
 33.0951 0.005742
 33.3185 0.005588
 33.5304 0.005477
 33.7310 0.005413
 33.9244 0.005392
 34.1083 0.005258
 34.2851 0.005118
 34.4553 0.005023
 34.6233 0.004898
 34.7830 0.004755
 34.9380 0.004761
 35.0875 0.004831
 35.2363 0.004796
 35.3796 0.004799
 35.5191 0.004793
 35.6562 0.004820
 35.7906 0.004785
 35.9241 0.004760
 36.0523 0.004754
 36.1780 0.004758
 36.3029 0.004747
 36.4259 0.004725
 36.5468 0.004722
 36.6651 0.004749
 36.7829 0.004683
 36.8990 0.004655
 37.0115 0.004628
 37.1253 0.004559
 37.2369 0.004582
 37.3459 0.004528
 37.4553 0.004592
 37.5619 0.004598
 37.6684 0.004616
 37.7731 0.004574
 37.8774 0.004558
 37.9815 0.004527
 38.0832 0.004557
 38.1828 0.004577
 38.2834 0.004568
 38.3838 0.004601
 38.4810 0.004620
 38.5788 0.004617
 38.6765 0.004706
 38.7730 0.004710
 38.8695 0.004623
 38.9652 0.004603
 39.0617 0.004610
 39.1563 0.004610
 39.2496 0.004572
 39.3419 0.004585
 39.4342 0.004542
 39.5273 0.004592
 39.6199 0.004552
 39.7128 0.004596
 39.8041 0.004628
 39.8955 0.004579
 39.9857 0.004595
 40.0749 0.004581
 40.1653 0.004589
 40.2555 0.004596
 40.3448 0.004609
 40.4334 0.004625
 40.5235 0.004624
 40.6143 0.004618
 40.7033 0.004616
 40.7925 0.004638
 40.8816 0.004621
 40.9699 0.004666
 41.0578 0.004620
 41.1464 0.004657
 41.2352 0.004670
 41.3230 0.004645
 41.4113 0.004675
 41.4995 0.004689
 41.5883 0.004703
 41.6763 0.004682
 41.7651 0.004695
 41.8537 0.004687
 41.9422 0.004676
 42.0306 0.004681
 42.1196 0.004713
 42.2081 0.004731
 42.2968 0.004773
 42.3854 0.004791
 42.4744 0.004751
 42.5623 0.004734
 42.6508 0.004718
 42.7399 0.004794
 42.8295 0.004765
 42.9185 0.004780
 43.0080 0.004709
 43.0985 0.004755
 43.1881 0.004771
 43.2786 0.004762
 43.3689 0.004745
 43.4601 0.004747
 43.5524 0.004745
 43.6442 0.004734
 43.7363 0.004798
 43.8291 0.004833
 43.9215 0.004828
 44.0144 0.004881
 44.1072 0.004888
 44.2018 0.004883
 44.2964 0.004953
 44.3907 0.004949
 44.4865 0.004891
 44.5807 0.004896
 44.6766 0.004903
 44.7727 0.004908
 44.8696 0.004885
 44.9675 0.004922
 45.0661 0.004921
 45.1655 0.004954
 45.2659 0.004977
 45.3663 0.005055
 45.4672 0.005027
 45.5697 0.005026
 45.6717 0.005075
 45.7764 0.005100
 45.8803 0.005141
 45.9863 0.005105
 46.0925 0.005092
 46.1989 0.005138
 46.3064 0.005169
 46.4147 0.005171
 46.5243 0.005194
 46.6347 0.005258
 46.7488 0.005250
 46.8617 0.005306
 46.9748 0.005382
 47.0906 0.005413
 47.2079 0.005478
 47.3273 0.005532
 47.4473 0.005580
 47.5680 0.005633
 47.6900 0.005646
 47.8142 0.005729
 47.9396 0.005730
 48.0671 0.005834
 48.1965 0.005888
 48.3269 0.005876
 48.4606 0.005904
 48.5959 0.005999
 48.7336 0.006070
 48.8711 0.006103
 49.0136 0.006197
 49.1570 0.006250
 49.3015 0.006274
 49.4507 0.006299
 49.6040 0.006402
 49.7575 0.006450
 49.9165 0.006505
 50.0788 0.006589
 50.2450 0.006521
 50.4152 0.006587
 50.5880 0.006631
 50.7644 0.006726
 50.9438 0.006771
 51.1270 0.006823
 51.3169 0.006848
 51.5126 0.006940
 51.7148 0.007132
 51.9236 0.007209
 52.1384 0.007285
 52.3609 0.007406
 52.5910 0.007552
 52.8318 0.007648
 53.0821 0.007797
 53.3452 0.007932
 53.6186 0.008048
 53.9054 0.008186
 54.2001 0.008372
 54.5162 0.008633
 54.8447 0.008808
 55.1949 0.009146
 55.5753 0.009610
 55.9834 0.010000
 56.4190 0.010659
 56.9086 0.011277
 57.4401 0.011536
 58.0219 0.012254
 58.7031 0.012708
 59.4915 0.013889
 60.4330 0.015491
 61.6175 0.017583
 63.2333 0.021401
 63.6466 0.022779
 64.1088 0.023495
 64.6261 0.024823
 65.2028 0.026786
 65.8885 0.028797
 66.7290 0.030839
 67.8091 0.034765
 69.3368 0.042018
 71.8470 0.055360
 74.2749 0.076535
 77.1699 0.115885
 79.3705 0.157586
 tr0-04-8 3 1
 50.3587 0.113914
 51.8867 0.083774
 54.1801 0.058527
 56.0890 0.045619
 58.0986 0.034400
 59.3961 0.030595
 60.3703 0.027209
 61.1490 0.025042
 61.8023 0.024521
 62.3696 0.023233
 62.8655 0.022461
 63.3208 0.021448
 63.7232 0.020682
 65.3720 0.017996
 66.6210 0.016980
 67.6438 0.015674
 68.5086 0.015091
 69.2637 0.014307
 69.9463 0.013489
 70.5611 0.012693
 71.1324 0.012253
 71.6551 0.011887
 72.1453 0.011621
 72.6088 0.011419
 73.0474 0.011117
 73.4679 0.011091
 73.8671 0.011100
 74.2469 0.011130
 74.6199 0.011147
 74.9727 0.010951
 75.3109 0.010779
 75.6408 0.010676
 75.9617 0.010361
 76.2725 0.010293
 76.5725 0.010151
 76.8664 0.010160
 77.1515 0.010141
 77.4281 0.010088
 77.6991 0.010065
 77.9671 0.009998
 78.2281 0.009952
 78.4859 0.009896
 78.7370 0.009906
 78.9820 0.009962
 79.2227 0.009969
 79.4602 0.009880
 79.6915 0.009844
 79.9239 0.009897
 80.1520 0.009797
 80.3747 0.009753
 80.5966 0.009693
 80.8149 0.009716
 81.0302 0.009687
 81.2447 0.009710
 81.4537 0.009707
 81.6619 0.009799
 81.8626 0.009647
 82.0647 0.009710
 82.2683 0.009676
 82.4689 0.009579
 82.6675 0.009531
 82.8655 0.009406
 83.0596 0.009332
 83.2495 0.009385
 83.4371 0.009427
 83.6272 0.009348
 83.8136 0.009250
 84.0002 0.009243
 84.1856 0.009303
 84.3705 0.009327
 84.5514 0.009242
 84.7336 0.009240
 84.9175 0.009239
 85.0958 0.009206
 85.2747 0.009177
 85.4535 0.009063
 85.6311 0.009124
 85.8061 0.009183
 85.9806 0.009214
 86.1516 0.009221
 86.3262 0.009325
 86.4993 0.009157
 86.6693 0.009214
 86.8423 0.009142
 87.0124 0.009171
 87.1826 0.009081
 87.3535 0.009008
 87.5244 0.008942
 87.6933 0.008921
 87.8632 0.008779
 88.0335 0.008675
 88.2043 0.008684
 88.3737 0.008621
 88.5415 0.008557
 88.7078 0.008601
 88.8753 0.008585
 89.0415 0.008540
 89.2100 0.008546
 89.3769 0.008531
 89.5423 0.008385
 89.7087 0.008336
 89.8753 0.008440
 90.0414 0.008491
 90.2064 0.008603
 90.3708 0.008562
 90.5391 0.008576
 90.7037 0.008578
 90.8701 0.008591
 91.0386 0.008573
 91.2056 0.008580
 91.3732 0.008534
 91.5415 0.008549
 91.7074 0.008598
 91.8788 0.008576
 92.0464 0.008573
 92.2159 0.008654
 92.3858 0.008620
 92.5564 0.008646
 92.7237 0.008714
 92.8933 0.008739
 93.0639 0.008763
 93.2335 0.008874
 93.4029 0.008926
 93.5761 0.008896
 93.7497 0.008854
 93.9210 0.008838
 94.0944 0.008884
 94.2680 0.008835
 94.4434 0.008871
 94.6158 0.008869
 94.7938 0.008861
 94.9721 0.008852
 95.1485 0.008752
 95.3266 0.008865
 95.5051 0.008795
 95.6869 0.008820
 95.8683 0.008851
 96.0497 0.008834
 96.2351 0.008797
 96.4211 0.008876
 96.6068 0.008826
 96.7936 0.008833
 96.9805 0.008842
 97.1715 0.008785
 97.3618 0.008792
 97.5554 0.008973
 97.7501 0.009003
 97.9453 0.009020
 98.1430 0.009068
 98.3413 0.009077
 98.5407 0.009190
 98.7432 0.009342
 98.9470 0.009481
 99.1549 0.009518
 99.3594 0.009524
 99.5706 0.009555
 99.7846 0.009586
100.0000 0.009822
100.2150 0.009920
100.4330 0.009892
100.6559 0.009940
100.8795 0.010111
101.1080 0.010251
101.3396 0.010430
101.5765 0.010562
101.8161 0.010696
102.0551 0.010758
102.2970 0.010924
102.5441 0.011077
102.7946 0.011041
103.0491 0.011241
103.3112 0.011324
103.5743 0.011402
103.8446 0.011494
104.1229 0.011649
104.4002 0.011833
104.6869 0.011945
104.9804 0.012025
105.2760 0.012192
105.5810 0.012221
105.8916 0.012367
106.2088 0.012395
106.5344 0.012537
106.8697 0.012667
107.2144 0.012653
107.5692 0.012725
107.9325 0.012716
108.3038 0.013049
108.6888 0.013213
109.0944 0.013632
109.5127 0.013761
109.9511 0.014061
110.4109 0.014127
110.8869 0.014317
111.3887 0.014483
111.9144 0.014580
112.4692 0.014826
113.0560 0.014791
113.6851 0.015006
114.3555 0.015669
115.0805 0.015953
115.8578 0.016390
116.7271 0.017381
117.6893 0.018891
118.7824 0.020035
120.0368 0.020982
121.5453 0.023099
123.4092 0.025865
125.9857 0.030371
126.6188 0.032217
127.3236 0.033370
128.1292 0.036769
129.0527 0.039734
130.1436 0.041915
131.4228 0.046270
133.0928 0.052916
135.3082 0.064977
138.9933 0.088105
142.4739 0.121444
147.0453 0.172900
150.3887 0.228121
 tr1-04-8 3 1
 56.3273 0.123132
 57.9631 0.093890
 60.3759 0.064608
 62.3829 0.048803
 64.5855 0.038937
 65.9616 0.034424
 66.9833 0.030967
 67.7720 0.028582
 68.4477 0.026656
 69.0276 0.025562
 69.5428 0.023988
 70.0259 0.022725
 70.4580 0.021978
 72.1908 0.019183
 73.5044 0.017717
 74.5783 0.015646
 75.5010 0.015322
 76.2927 0.014672
 77.0065 0.014167
 77.6581 0.013772
 78.2513 0.013568
 78.8078 0.013217
 79.3199 0.012871
 79.8036 0.012392
 80.2627 0.011974
 80.6994 0.011799
 81.1140 0.011534
 81.5144 0.011333
 81.8981 0.011091
 82.2648 0.010925
 82.6237 0.010797
 82.9647 0.010627
 83.2987 0.010534
 83.6235 0.010451
 83.9371 0.010532
 84.2461 0.010469
 84.5441 0.010445
 84.8354 0.010426
 85.1208 0.010301
 85.3990 0.010293
 85.6729 0.010222
 85.9397 0.010297
 86.2026 0.010245
 86.4584 0.010290
 86.7086 0.010360
 86.9580 0.010219
 87.1968 0.010182
 87.4359 0.010109
 87.6709 0.010117
 87.9046 0.009898
 88.1346 0.009876
 88.3626 0.009824
 88.5886 0.009843
 88.8098 0.009826
 89.0303 0.009638
 89.2479 0.009663
 89.4612 0.009617
 89.6731 0.009565
 89.8834 0.009483
 90.0933 0.009414
 90.2952 0.009302
 90.4992 0.009323
 90.7019 0.009285
 90.9007 0.009166
 91.1025 0.009198
 91.2995 0.009125
 91.4968 0.009017
 91.6913 0.009020
 91.8841 0.009008
 92.0744 0.008948
 92.2628 0.008933
 92.4524 0.008980
 92.6426 0.008919
 92.8316 0.008979
 93.0161 0.008879
 93.2028 0.008874
 93.3881 0.008969
 93.5702 0.008921
 93.7542 0.009004
 93.9353 0.008905
 94.1156 0.008890
 94.2970 0.008929
 94.4773 0.008898
 94.6562 0.008853
 94.8359 0.008885
 95.0133 0.008803
 95.1902 0.008801
 95.3671 0.008815
 95.5426 0.008896
 95.7188 0.008930
 95.8949 0.008966
 96.0706 0.008954
 96.2438 0.008925
 96.4198 0.008970
 96.5938 0.008938
 96.7690 0.008997
 96.9425 0.009048
 97.1155 0.009012
 97.2889 0.009022
 97.4629 0.008995
 97.6365 0.008958
 97.8089 0.008917
 97.9826 0.008936
 98.1539 0.008948
 98.3267 0.008980
 98.5004 0.008986
 98.6721 0.008991
 98.8441 0.009101
 99.0174 0.009051
 99.1909 0.009153
 99.3673 0.009157
 99.5409 0.009104
 99.7137 0.009141
 99.8882 0.009199
100.0637 0.009257
100.2390 0.009198
100.4141 0.009201
100.5905 0.009131
100.7677 0.009190
100.9436 0.009063
101.1212 0.009198
101.2998 0.009179
101.4762 0.009183
101.6550 0.009292
101.8345 0.009266
102.0154 0.009316
102.1959 0.009250
102.3768 0.009206
102.5587 0.009195
102.7409 0.009220
102.9235 0.009303
103.1078 0.009301
103.2932 0.009459
103.4792 0.009443
103.6684 0.009450
103.8566 0.009453
104.0440 0.009454
104.2337 0.009423
104.4244 0.009419
104.6152 0.009483
104.8073 0.009487
105.0003 0.009474
105.1964 0.009573
105.3936 0.009637
105.5907 0.009755
105.7940 0.009775
105.9959 0.009835
106.1996 0.009963
106.4051 0.010046
106.6115 0.010197
106.8204 0.010284
107.0290 0.010442
107.2413 0.010498
107.4578 0.010607
107.6728 0.010671
107.8901 0.010735
108.1090 0.010702
108.3342 0.010823
108.5630 0.010984
108.7899 0.011038
109.0229 0.011097
109.2587 0.011125
109.4963 0.011214
109.7361 0.010955
109.9761 0.011090
110.2233 0.011242
110.4717 0.011181
110.7250 0.011415
110.9876 0.011367
111.2516 0.011405
111.5172 0.011445
111.7865 0.011485
112.0579 0.011639
112.3368 0.011664
112.6209 0.011747
112.9110 0.011842
113.2056 0.011727
113.5084 0.011735
113.8139 0.011845
114.1278 0.011964
114.4509 0.012030
114.7817 0.012009
115.1249 0.012139
115.4725 0.012163
115.8273 0.012325
116.1920 0.012280
116.5691 0.012333
116.9618 0.012404
117.3651 0.012610
117.7806 0.012744
118.2163 0.013239
118.6724 0.013358
119.1411 0.013839
119.6335 0.014130
120.1516 0.014544
120.6949 0.014670
121.2624 0.014721
121.8669 0.014984
122.5038 0.015218
123.2019 0.015756
123.9516 0.016282
124.7721 0.016988
125.6646 0.017873
126.6652 0.018388
127.7895 0.019394
129.1026 0.021355
130.6619 0.023691
132.5800 0.026289
135.1747 0.032137
135.8442 0.032582
136.5814 0.034122
137.4137 0.036436
138.3578 0.038639
139.4453 0.043553
140.7925 0.047201
142.5379 0.050739
144.8896 0.061955
148.6844 0.083348
152.3986 0.123786
156.8558 0.181052
160.4341 0.236907
tr1s-04-8 3 1
 60.5668 0.119392
 62.2770 0.088862
 64.8032 0.061601
 66.7304 0.049249
 68.9222 0.038696
 70.2407 0.033777
 71.2113 0.030721
 72.0327 0.027943
 72.7174 0.025893
 73.2987 0.025235
 73.8032 0.024185
 74.2539 0.023012
 74.6870 0.022201
 76.4130 0.019803
 77.7054 0.016983
 78.7534 0.015580
 79.6600 0.014783
 80.4514 0.014354
 81.1609 0.014127
 81.8053 0.013700
 82.3978 0.013274
 82.9433 0.012753
 83.4637 0.012489
 83.9383 0.012218
 84.3946 0.011820
 84.8301 0.011851
 85.2423 0.011726
 85.6370 0.011381
 86.0130 0.011495
 86.3792 0.011177
 86.7343 0.010958
 87.0763 0.010818
 87.4086 0.010733
 87.7327 0.010683
 88.0432 0.010567
 88.3451 0.010722
 88.6378 0.010627
 88.9281 0.010433
 89.2092 0.010412
 89.4840 0.010281
 89.7544 0.010286
 90.0184 0.010178
 90.2778 0.009960
 90.5332 0.009819
 90.7850 0.009722
 91.0340 0.009824
 91.2773 0.009702
 91.5160 0.009745
 91.7502 0.009737
 91.9824 0.009712
 92.2135 0.009629
 92.4394 0.009741
 92.6633 0.009773
 92.8795 0.009696
 93.0966 0.009617
 93.3114 0.009491
 93.5229 0.009404
 93.7307 0.009316
 93.9410 0.009286
 94.1468 0.009180
 94.3523 0.009174
 94.5549 0.009042
 94.7527 0.009087
 94.9520 0.008897
 95.1502 0.008822
 95.3450 0.008842
 95.5400 0.008896
 95.7315 0.008894
 95.9233 0.008780
 96.1133 0.008965
 96.3041 0.008946
 96.4908 0.008941
 96.6769 0.008939
 96.8633 0.008916
 97.0475 0.008896
 97.2316 0.008902
 97.4164 0.008868
 97.5987 0.008757
 97.7813 0.008752
 97.9623 0.008762
 98.1431 0.008891
 98.3228 0.008796
 98.5032 0.008762
 98.6798 0.008749
 98.8566 0.008767
 99.0339 0.008726
 99.2105 0.008684
 99.3875 0.008665
 99.5621 0.008726
 99.7367 0.008669
 99.9122 0.008676
100.0873 0.008699
100.2600 0.008646
100.4344 0.008741
100.6100 0.008734
100.7833 0.008748
100.9575 0.008667
101.1299 0.008706
101.3024 0.008762
101.4737 0.008807
101.6455 0.008774
101.8191 0.008756
101.9905 0.008829
102.1629 0.008929
102.3340 0.008919
102.5046 0.008917
102.6781 0.008762
102.8504 0.008741
103.0197 0.008729
103.1938 0.008657
103.3653 0.008752
103.5395 0.008698
103.7141 0.008867
103.8876 0.008886
104.0597 0.008923
104.2346 0.009061
104.4100 0.009154
104.5845 0.009146
104.7600 0.009141
104.9359 0.009160
105.1111 0.009263
105.2868 0.009216
105.4645 0.009266
105.6400 0.009295
105.8154 0.009324
105.9925 0.009243
106.1712 0.009214
106.3528 0.009237
106.5316 0.009405
106.7123 0.009440
106.8953 0.009476
107.0784 0.009462
107.2595 0.009576
107.4458 0.009605
107.6312 0.009591
107.8178 0.009698
108.0068 0.009663
108.1964 0.009630
108.3862 0.009696
108.5770 0.009660
108.7694 0.009769
108.9618 0.009665
109.1557 0.009733
109.3548 0.009673
109.5527 0.009804
109.7546 0.009794
109.9533 0.009799
110.1545 0.009817
110.3594 0.010016
110.5651 0.009961
110.7725 0.010048
110.9819 0.010173
111.1928 0.010188
111.4069 0.010288
111.6167 0.010434
111.8351 0.010562
112.0569 0.010601
112.2790 0.010691
112.5033 0.010778
112.7285 0.010810
112.9611 0.010886
113.1931 0.010979
113.4277 0.011005
113.6711 0.010908
113.9134 0.010942
114.1583 0.011039
114.4027 0.011195
114.6534 0.011166
114.9070 0.011307
115.1719 0.011341
115.4363 0.011423
115.7065 0.011419
115.9784 0.011427
116.2581 0.011421
116.5412 0.011499
116.8297 0.011555
117.1242 0.011658
117.4250 0.011617
117.7305 0.011869
118.0415 0.012007
118.3578 0.012239
118.6849 0.012376
119.0200 0.012391
119.3648 0.012372
119.7207 0.012368
120.0823 0.012470
120.4591 0.012590
120.8461 0.012763
121.2509 0.012869
121.6639 0.012987
122.0999 0.013361
122.5546 0.013695
123.0222 0.014042
123.5148 0.014131
124.0295 0.014319
124.5690 0.014705
125.1429 0.014906
125.7465 0.015521
126.3980 0.016348
127.0853 0.016306
127.8236 0.016575
128.6448 0.017368
129.5372 0.018427
130.5229 0.019235
131.6433 0.020765
132.9384 0.021561
134.4908 0.023727
136.4126 0.026724
139.0216 0.031223
139.6626 0.033231
140.3933 0.034787
141.2358 0.037456
142.1830 0.039381
143.3025 0.043541
144.6754 0.045651
146.3847 0.051895
148.6739 0.061428
152.3815 0.085022
156.1918 0.117031
160.9409 0.172986
163.9282 0.235530
 tr2-04-8 3 1
 62.6531 0.127303
 64.5683 0.090706
 67.0829 0.066539
 69.1590 0.055308
 71.4059 0.040454
 72.8523 0.036366
 73.8765 0.032498
 74.7422 0.029746
 75.4725 0.027448
 76.1081 0.026152
 76.6502 0.025076
 77.1496 0.023963
 77.6040 0.023471
 79.4235 0.020752
 80.7840 0.019219
 81.9157 0.017026
 82.8763 0.016429
 83.7065 0.015739
 84.4521 0.014992
 85.1251 0.014188
 85.7461 0.013666
 86.3181 0.013094
 86.8514 0.013041
 87.3538 0.012789
 87.8357 0.012272
 88.2892 0.012218
 88.7196 0.011833
 89.1349 0.011398
 89.5309 0.011539
 89.9124 0.011458
 90.2850 0.011427
 90.6410 0.011378
 90.9834 0.011291
 91.3169 0.011165
 91.6467 0.011205
 91.9619 0.011201
 92.2774 0.011048
 92.5767 0.010908
 92.8740 0.010998
 93.1677 0.010815
 93.4502 0.010906
 93.7255 0.010886
 93.9966 0.010828
 94.2648 0.010759
 94.5276 0.010645
 94.7867 0.010516
 95.0382 0.010357
 95.2923 0.010308
 95.5395 0.010310
 95.7843 0.010213
 96.0271 0.010155
 96.2632 0.010175
 96.4948 0.010067
 96.7231 0.009944
 96.9509 0.009782
 97.1760 0.009800
 97.3988 0.009687
 97.6206 0.009674
 97.8401 0.009709
 98.0537 0.009729
 98.2680 0.009739
 98.4812 0.009728
 98.6894 0.009723
 98.8987 0.009715
 99.1068 0.009698
 99.3121 0.009684
 99.5165 0.009595
 99.7192 0.009595
 99.9221 0.009530
100.1227 0.009632
100.3191 0.009769
100.5144 0.009761
100.7123 0.009830
100.9068 0.009811
101.1018 0.009768
101.2920 0.009711
101.4822 0.009757
101.6737 0.009718
101.8630 0.009604
102.0512 0.009548
102.2386 0.009469
102.4255 0.009460
102.6105 0.009420
102.7949 0.009397
102.9813 0.009297
103.1647 0.009242
103.3497 0.009136
103.5354 0.009110
103.7196 0.009133
103.9054 0.009048
104.0875 0.009071
104.2690 0.009013
104.4482 0.008958
104.6284 0.008920
104.8083 0.008950
104.9893 0.008986
105.1700 0.008908
105.3485 0.008878
105.5287 0.008822
105.7085 0.008964
105.8882 0.008976
106.0685 0.008904
106.2482 0.008925
106.4262 0.009001
106.6059 0.009098
106.7873 0.009063
106.9685 0.009123
107.1475 0.009182
107.3283 0.009149
107.5057 0.009198
107.6856 0.009253
107.8645 0.009217
108.0459 0.009235
108.2287 0.009306
108.4081 0.009371
108.5884 0.009400
108.7699 0.009434
108.9515 0.009429
109.1352 0.009438
109.3175 0.009519
109.5008 0.009502
109.6856 0.009661
109.8705 0.009718
110.0528 0.009732
110.2390 0.009829
110.4244 0.009824
110.6103 0.009725
110.7954 0.009824
110.9864 0.009806
111.1780 0.009760
111.3709 0.009752
111.5613 0.009681
111.7536 0.009625
111.9456 0.009511
112.1410 0.009570
112.3359 0.009600
112.5311 0.009661
112.7279 0.009776
112.9260 0.009785
113.1244 0.009896
113.3237 0.009990
113.5266 0.010004
113.7295 0.010061
113.9339 0.010164
114.1385 0.010352
114.3445 0.010406
114.5532 0.010345
114.7633 0.010371
114.9723 0.010494
115.1916 0.010390
115.4072 0.010336
115.6255 0.010338
115.8460 0.010391
116.0645 0.010434
116.2910 0.010568
116.5172 0.010550
116.7421 0.010569
116.9717 0.010631
117.2030 0.010755
117.4365 0.010820
117.6750 0.010987
117.9155 0.010990
118.1599 0.011159
118.4067 0.011280
118.6599 0.011360
118.9109 0.011384
119.1686 0.011427
119.4334 0.011468
119.6992 0.011550
119.9664 0.011597
120.2425 0.011626
120.5219 0.011768
120.8043 0.011883
121.0914 0.011943
121.3836 0.012083
121.6829 0.012235
121.9872 0.012175
122.2991 0.012213
122.6161 0.012213
122.9376 0.012337
123.2699 0.012473
123.6124 0.012610
123.9583 0.012518
124.3172 0.012454
124.6868 0.012606
125.0713 0.013054
125.4579 0.013343
125.8637 0.013597
126.2818 0.013787
126.7156 0.013791
127.1616 0.014091
127.6268 0.014388
128.1143 0.014545
128.6226 0.014804
129.1599 0.014885
129.7258 0.015140
130.3181 0.015289
130.9507 0.015776
131.6203 0.016153
132.3367 0.016500
133.1134 0.016905
133.9547 0.018135
134.8789 0.018899
135.8937 0.020150
137.0395 0.020845
138.3829 0.022353
140.0004 0.024128
142.0043 0.027004
144.7240 0.032234
145.4208 0.033080
146.1775 0.035376
147.0410 0.036934
147.9861 0.037983
149.1278 0.043034
150.4891 0.047149
152.2137 0.052364
154.5171 0.061042
158.5066 0.088845
162.3235 0.127476
167.1466 0.189491
170.5711 0.261017
tr2s-04-8 3 1
 67.2329 0.119912
 68.9798 0.091276
 71.5312 0.066034
 73.5505 0.053112
 75.7908 0.040471
 77.2157 0.036697
 78.2571 0.032868
 79.1052 0.029906
 79.8047 0.027422
 80.4326 0.025868
 80.9771 0.025355
 81.4656 0.024848
 81.9029 0.024424
 83.6904 0.020373
 85.0503 0.018889
 86.1499 0.017215
 87.0972 0.015922
 87.9110 0.015056
 88.6484 0.014452
 89.3229 0.013570
 89.9315 0.013318
 90.4979 0.012963
 91.0366 0.012583
 91.5392 0.012238
 92.0094 0.012214
 92.4580 0.011932
 92.8852 0.011623
 93.2904 0.011579
 93.6824 0.011436
 94.0627 0.011296
 94.4358 0.011214
 94.7905 0.011111
 95.1308 0.011021
 95.4659 0.010898
 95.7860 0.010943
 96.1003 0.010949
 96.4024 0.010950
 96.7005 0.010764
 96.9972 0.010689
 97.2860 0.010806
 97.5674 0.010832
 97.8399 0.010831
 98.1074 0.010767
 98.3739 0.010578
 98.6343 0.010561
 98.8888 0.010597
 99.1414 0.010580
 99.3919 0.010466
 99.6329 0.010358
 99.8752 0.010390
100.1140 0.010366
100.3488 0.010276
100.5801 0.010275
100.8048 0.010320
101.0300 0.010136
101.2539 0.010093
101.4780 0.010215
101.6956 0.010107
101.9107 0.009991
102.1280 0.009919
102.3405 0.010009
102.5500 0.010015
102.7563 0.010119
102.9618 0.010135
103.1669 0.010137
103.3712 0.010003
103.5745 0.009905
103.7747 0.009864
103.9711 0.009774
104.1710 0.009728
104.3708 0.009692
104.5660 0.009649
104.7605 0.009677
104.9535 0.009594
105.1442 0.009546
105.3334 0.009457
105.5223 0.009419
105.7108 0.009409
105.8984 0.009414
106.0859 0.009325
106.2723 0.009253
106.4591 0.009319
106.6434 0.009255
106.8300 0.009219
107.0138 0.009215
107.1953 0.009166
107.3760 0.009178
107.5584 0.009098
107.7397 0.009099
107.9221 0.009159
108.1010 0.009222
108.2810 0.009233
108.4607 0.009313
108.6372 0.009288
108.8174 0.009191
108.9972 0.009146
109.1757 0.009041
109.3533 0.008950
109.5318 0.008901
109.7123 0.008956
109.8904 0.008884
110.0678 0.008842
110.2464 0.008972
110.4231 0.008961
110.6013 0.008948
110.7778 0.008920
110.9549 0.008999
111.1326 0.009110
111.3107 0.009219
111.4897 0.009253
111.6689 0.009291
111.8467 0.009363
112.0275 0.009406
112.2066 0.009398
112.3873 0.009331
112.5663 0.009355
112.7447 0.009446
112.9267 0.009450
113.1087 0.009514
113.2914 0.009536
113.4747 0.009573
113.6581 0.009527
113.8395 0.009451
114.0232 0.009511
114.2083 0.009583
114.3930 0.009598
114.5791 0.009604
114.7658 0.009609
114.9547 0.009651
115.1427 0.009678
115.3320 0.009748
115.5187 0.009779
115.7096 0.009888
115.9006 0.009846
116.0911 0.009930
116.2880 0.009937
116.4807 0.009963
116.6775 0.010089
116.8735 0.010014
117.0738 0.010078
117.2721 0.010059
117.4725 0.010037
117.6728 0.010084
117.8752 0.010026
118.0818 0.010031
118.2906 0.010057
118.4974 0.010095
118.7039 0.010073
118.9113 0.010026
119.1221 0.010184
119.3373 0.010195
119.5523 0.010244
119.7676 0.010254
119.9879 0.010422
120.2092 0.010481
120.4336 0.010585
120.6587 0.010698
120.8868 0.010776
121.1197 0.010896
121.3552 0.010939
121.5935 0.011024
121.8333 0.011034
122.0752 0.011162
122.3168 0.011318
122.5688 0.011268
122.8197 0.011290
123.0719 0.011450
123.3293 0.011566
123.5911 0.011742
123.8604 0.011821
124.1316 0.011787
124.4094 0.011949
124.6889 0.012069
124.9770 0.012086
125.2698 0.012038
125.5699 0.012113
125.8704 0.012412
126.1802 0.012588
126.4952 0.012754
126.8192 0.012735
127.1495 0.012895
127.4902 0.012957
127.8402 0.012979
128.1983 0.013211
128.5603 0.013414
128.9413 0.013429
129.3315 0.013440
129.7327 0.013539
130.1495 0.013680
130.5816 0.013856
131.0324 0.014108
131.4872 0.014250
131.9734 0.014383
132.4793 0.014765
133.0147 0.014965
133.5715 0.015398
134.1633 0.015443
134.7901 0.016009
135.4559 0.016575
136.1729 0.016820
136.9438 0.017399
137.7797 0.018176
138.7050 0.019010
139.7103 0.019347
140.8604 0.019917
142.2198 0.022645
143.8059 0.023892
145.8213 0.027011
148.5025 0.031429
149.1841 0.033136
149.9363 0.034862
150.7832 0.036685
151.7594 0.039556
152.9374 0.043794
154.2409 0.049152
155.9251 0.053237
158.3846 0.061310
162.2308 0.089149
166.0940 0.124029
170.8511 0.189818
174.2395 0.261967
