Copyright (C) 1998 James G. MacKinnon, Alfred A. Haug, and Leo Michelis.
 lm0-08-3 3 1
 27.0649 0.046100
 27.7414 0.035917
 28.6748 0.025395
 29.4643 0.020209
 30.3171 0.015393
 30.8868 0.013475
 31.3057 0.011959
 31.6446 0.011216
 31.9323 0.010803
 32.1817 0.010049
 32.4021 0.009691
 32.6004 0.008847
 32.7801 0.008651
 33.5191 0.007980
 34.0794 0.007337
 34.5383 0.007097
 34.9378 0.006610
 35.2886 0.006206
 35.5980 0.006180
 35.8827 0.005942
 36.1434 0.005745
 36.3883 0.005657
 36.6144 0.005578
 36.8269 0.005473
 37.0297 0.005421
 37.2231 0.005382
 37.4111 0.005268
 37.5928 0.005186
 37.7675 0.005099
 37.9342 0.004965
 38.0957 0.004864
 38.2488 0.004848
 38.3989 0.004751
 38.5470 0.004717
 38.6897 0.004661
 38.8286 0.004678
 38.9649 0.004661
 39.0971 0.004615
 39.2265 0.004586
 39.3524 0.004506
 39.4769 0.004457
 39.5991 0.004387
 39.7182 0.004341
 39.8367 0.004334
 39.9536 0.004382
 40.0681 0.004408
 40.1801 0.004350
 40.2911 0.004307
 40.4025 0.004288
 40.5116 0.004292
 40.6191 0.004264
 40.7254 0.004274
 40.8296 0.004284
 40.9320 0.004333
 41.0339 0.004269
 41.1369 0.004265
 41.2375 0.004235
 41.3367 0.004253
 41.4340 0.004233
 41.5318 0.004233
 41.6289 0.004238
 41.7260 0.004261
 41.8215 0.004285
 41.9155 0.004258
 42.0090 0.004259
 42.1018 0.004303
 42.1950 0.004268
 42.2879 0.004317
 42.3796 0.004355
 42.4716 0.004347
 42.5607 0.004310
 42.6524 0.004285
 42.7429 0.004280
 42.8316 0.004235
 42.9209 0.004196
 43.0086 0.004200
 43.0966 0.004254
 43.1853 0.004225
 43.2738 0.004218
 43.3610 0.004199
 43.4470 0.004195
 43.5332 0.004216
 43.6200 0.004232
 43.7068 0.004268
 43.7939 0.004250
 43.8792 0.004240
 43.9649 0.004267
 44.0510 0.004284
 44.1375 0.004282
 44.2227 0.004286
 44.3076 0.004322
 44.3921 0.004341
 44.4787 0.004319
 44.5637 0.004327
 44.6486 0.004350
 44.7342 0.004383
 44.8191 0.004348
 44.9036 0.004385
 44.9888 0.004413
 45.0741 0.004412
 45.1598 0.004384
 45.2467 0.004357
 45.3321 0.004388
 45.4174 0.004401
 45.5032 0.004431
 45.5884 0.004405
 45.6744 0.004392
 45.7608 0.004413
 45.8472 0.004465
 45.9327 0.004418
 46.0193 0.004443
 46.1068 0.004457
 46.1947 0.004507
 46.2819 0.004572
 46.3692 0.004624
 46.4570 0.004630
 46.5455 0.004640
 46.6345 0.004655
 46.7225 0.004643
 46.8115 0.004633
 46.9006 0.004624
 46.9913 0.004597
 47.0810 0.004553
 47.1723 0.004576
 47.2628 0.004587
 47.3531 0.004603
 47.4443 0.004631
 47.5370 0.004691
 47.6297 0.004697
 47.7223 0.004722
 47.8154 0.004767
 47.9085 0.004778
 48.0031 0.004815
 48.0970 0.004816
 48.1926 0.004828
 48.2885 0.004840
 48.3857 0.004840
 48.4831 0.004893
 48.5806 0.004875
 48.6798 0.004922
 48.7795 0.004898
 48.8804 0.004950
 48.9804 0.004960
 49.0825 0.004998
 49.1858 0.004973
 49.2886 0.005054
 49.3914 0.005037
 49.4971 0.005058
 49.6026 0.005109
 49.7097 0.005082
 49.8178 0.005158
 49.9270 0.005129
 50.0374 0.005165
 50.1498 0.005148
 50.2616 0.005223
 50.3755 0.005267
 50.4909 0.005309
 50.6067 0.005390
 50.7253 0.005438
 50.8449 0.005453
 50.9658 0.005489
 51.0890 0.005495
 51.2138 0.005557
 51.3404 0.005656
 51.4679 0.005659
 51.5977 0.005706
 51.7309 0.005769
 51.8655 0.005885
 52.0021 0.005982
 52.1404 0.006043
 52.2829 0.006057
 52.4299 0.006097
 52.5773 0.006238
 52.7284 0.006217
 52.8816 0.006284
 53.0387 0.006335
 53.2000 0.006420
 53.3623 0.006510
 53.5278 0.006589
 53.7007 0.006628
 53.8767 0.006656
 54.0585 0.006682
 54.2431 0.006716
 54.4324 0.006770
 54.6287 0.006749
 54.8308 0.006867
 55.0354 0.007003
 55.2490 0.007149
 55.4730 0.007133
 55.7042 0.007262
 55.9430 0.007493
 56.1960 0.007684
 56.4595 0.007952
 56.7361 0.008153
 57.0252 0.008178
 57.3289 0.008233
 57.6556 0.008268
 58.0011 0.008374
 58.3652 0.008745
 58.7629 0.009095
 59.1905 0.009565
 59.6559 0.010005
 60.1719 0.010583
 60.7496 0.011137
 61.3967 0.012017
 62.1512 0.013295
 63.0657 0.014785
 64.2165 0.016807
 65.7857 0.019555
 66.1823 0.020764
 66.6182 0.021613
 67.1220 0.022937
 67.6941 0.024423
 68.3735 0.027747
 69.1660 0.031507
 70.2109 0.035911
 71.6900 0.041912
 74.0502 0.054523
 76.3550 0.080406
 79.3983 0.111152
 81.6440 0.157158
 lm1-08-3 3 1
 29.4383 0.050540
 30.1177 0.038621
 31.1272 0.027463
 31.9762 0.021047
 32.8666 0.016505
 33.4537 0.014385
 33.8942 0.013062
 34.2420 0.012109
 34.5383 0.011153
 34.7938 0.010503
 35.0262 0.009985
 35.2268 0.009514
 35.4141 0.009188
 36.1771 0.008063
 36.7587 0.007388
 37.2358 0.006977
 37.6420 0.006634
 37.9953 0.006360
 38.3151 0.006199
 38.6101 0.005847
 38.8805 0.005815
 39.1316 0.005729
 39.3638 0.005637
 39.5846 0.005563
 39.7953 0.005430
 39.9997 0.005385
 40.1919 0.005291
 40.3758 0.005199
 40.5528 0.005035
 40.7227 0.004972
 40.8879 0.004947
 41.0467 0.004962
 41.2028 0.004920
 41.3534 0.004806
 41.5000 0.004748
 41.6421 0.004771
 41.7821 0.004778
 41.9170 0.004878
 42.0511 0.004845
 42.1824 0.004801
 42.3098 0.004733
 42.4357 0.004695
 42.5583 0.004640
 42.6800 0.004677
 42.7992 0.004683
 42.9164 0.004632
 43.0318 0.004621
 43.1458 0.004570
 43.2577 0.004498
 43.3702 0.004510
 43.4804 0.004405
 43.5892 0.004415
 43.6967 0.004396
 43.8036 0.004415
 43.9092 0.004462
 44.0126 0.004429
 44.1156 0.004467
 44.2171 0.004474
 44.3189 0.004395
 44.4194 0.004368
 44.5191 0.004330
 44.6170 0.004348
 44.7148 0.004346
 44.8129 0.004399
 44.9104 0.004413
 45.0070 0.004383
 45.1020 0.004351
 45.1981 0.004349
 45.2931 0.004392
 45.3878 0.004431
 45.4820 0.004436
 45.5748 0.004453
 45.6675 0.004445
 45.7598 0.004518
 45.8523 0.004547
 45.9436 0.004524
 46.0346 0.004536
 46.1250 0.004579
 46.2156 0.004583
 46.3053 0.004603
 46.3937 0.004582
 46.4825 0.004587
 46.5704 0.004572
 46.6582 0.004528
 46.7464 0.004548
 46.8345 0.004563
 46.9225 0.004546
 47.0116 0.004500
 47.0998 0.004549
 47.1872 0.004565
 47.2756 0.004569
 47.3631 0.004578
 47.4505 0.004585
 47.5374 0.004628
 47.6249 0.004550
 47.7124 0.004528
 47.8005 0.004516
 47.8884 0.004533
 47.9748 0.004498
 48.0627 0.004481
 48.1496 0.004468
 48.2370 0.004462
 48.3244 0.004521
 48.4123 0.004538
 48.5009 0.004540
 48.5892 0.004475
 48.6776 0.004492
 48.7650 0.004453
 48.8533 0.004414
 48.9426 0.004448
 49.0304 0.004427
 49.1187 0.004451
 49.2082 0.004490
 49.2964 0.004489
 49.3871 0.004475
 49.4760 0.004480
 49.5650 0.004509
 49.6548 0.004563
 49.7458 0.004555
 49.8363 0.004608
 49.9275 0.004638
 50.0203 0.004662
 50.1126 0.004678
 50.2038 0.004745
 50.2967 0.004758
 50.3905 0.004727
 50.4853 0.004762
 50.5806 0.004756
 50.6748 0.004790
 50.7703 0.004746
 50.8646 0.004770
 50.9602 0.004765
 51.0547 0.004830
 51.1520 0.004813
 51.2505 0.004799
 51.3489 0.004815
 51.4473 0.004806
 51.5462 0.004832
 51.6454 0.004816
 51.7459 0.004863
 51.8478 0.004887
 51.9497 0.004877
 52.0534 0.004891
 52.1577 0.004917
 52.2626 0.005007
 52.3680 0.005011
 52.4751 0.005011
 52.5833 0.005004
 52.6916 0.005009
 52.8021 0.005056
 52.9144 0.005189
 53.0275 0.005254
 53.1412 0.005238
 53.2562 0.005295
 53.3716 0.005285
 53.4894 0.005250
 53.6071 0.005269
 53.7254 0.005362
 53.8461 0.005394
 53.9685 0.005404
 54.0942 0.005491
 54.2203 0.005543
 54.3485 0.005668
 54.4790 0.005629
 54.6105 0.005652
 54.7440 0.005839
 54.8812 0.005853
 55.0188 0.006006
 55.1602 0.006086
 55.3029 0.006278
 55.4496 0.006337
 55.5979 0.006423
 55.7472 0.006462
 55.9009 0.006502
 56.0565 0.006548
 56.2153 0.006563
 56.3796 0.006659
 56.5470 0.006742
 56.7169 0.006799
 56.8913 0.006938
 57.0688 0.006952
 57.2555 0.007053
 57.4425 0.007070
 57.6376 0.007257
 57.8390 0.007466
 58.0460 0.007543
 58.2581 0.007472
 58.4776 0.007561
 58.7093 0.007672
 58.9491 0.007740
 59.1938 0.007926
 59.4524 0.008004
 59.7192 0.008141
 59.9984 0.008388
 60.2947 0.008646
 60.6083 0.008693
 60.9354 0.008864
 61.2832 0.009093
 61.6545 0.009294
 62.0591 0.009474
 62.4961 0.009840
 62.9765 0.010613
 63.5002 0.011071
 64.0822 0.011919
 64.7468 0.012327
 65.5238 0.013732
 66.4502 0.015181
 67.6327 0.017065
 69.2401 0.019893
 69.6488 0.021025
 70.0906 0.022268
 70.5939 0.023423
 71.1919 0.025241
 71.8863 0.027306
 72.7177 0.031341
 73.7812 0.035896
 75.2485 0.044176
 77.7693 0.060774
 80.1204 0.084211
 83.1357 0.118714
 85.4412 0.161137
lm1s-08-3 3 1
 30.1351 0.049920
 30.8448 0.040595
 31.8368 0.028784
 32.6639 0.022360
 33.6025 0.016799
 34.1908 0.014438
 34.6171 0.012925
 34.9656 0.011798
 35.2653 0.010850
 35.5257 0.010232
 35.7495 0.009927
 35.9553 0.009666
 36.1453 0.009319
 36.9094 0.008402
 37.4864 0.007717
 37.9616 0.006931
 38.3694 0.006661
 38.7293 0.006301
 39.0520 0.006021
 39.3414 0.005701
 39.6139 0.005656
 39.8620 0.005574
 40.0994 0.005506
 40.3233 0.005463
 40.5347 0.005201
 40.7335 0.005209
 40.9266 0.005176
 41.1088 0.005187
 41.2855 0.005089
 41.4577 0.004911
 41.6232 0.004933
 41.7819 0.004920
 41.9372 0.004896
 42.0890 0.004932
 42.2340 0.004877
 42.3794 0.004827
 42.5199 0.004725
 42.6562 0.004754
 42.7888 0.004714
 42.9197 0.004709
 43.0463 0.004707
 43.1723 0.004626
 43.2970 0.004603
 43.4203 0.004564
 43.5403 0.004543
 43.6585 0.004513
 43.7757 0.004515
 43.8908 0.004460
 44.0025 0.004467
 44.1137 0.004487
 44.2236 0.004482
 44.3312 0.004534
 44.4381 0.004525
 44.5435 0.004507
 44.6470 0.004475
 44.7530 0.004503
 44.8553 0.004531
 44.9574 0.004471
 45.0594 0.004457
 45.1605 0.004428
 45.2616 0.004466
 45.3609 0.004465
 45.4612 0.004492
 45.5593 0.004436
 45.6557 0.004415
 45.7537 0.004445
 45.8498 0.004481
 45.9449 0.004495
 46.0394 0.004560
 46.1341 0.004549
 46.2284 0.004540
 46.3212 0.004556
 46.4128 0.004523
 46.5041 0.004477
 46.5949 0.004495
 46.6860 0.004491
 46.7774 0.004508
 46.8668 0.004456
 46.9575 0.004487
 47.0467 0.004505
 47.1354 0.004532
 47.2237 0.004523
 47.3127 0.004496
 47.4020 0.004459
 47.4906 0.004473
 47.5794 0.004429
 47.6675 0.004469
 47.7562 0.004425
 47.8446 0.004448
 47.9327 0.004471
 48.0208 0.004455
 48.1094 0.004452
 48.1960 0.004413
 48.2826 0.004459
 48.3704 0.004400
 48.4582 0.004377
 48.5455 0.004374
 48.6331 0.004372
 48.7213 0.004372
 48.8092 0.004371
 48.8960 0.004370
 48.9834 0.004366
 49.0707 0.004367
 49.1590 0.004420
 49.2472 0.004444
 49.3347 0.004499
 49.4232 0.004510
 49.5112 0.004561
 49.5996 0.004560
 49.6887 0.004554
 49.7774 0.004566
 49.8660 0.004595
 49.9551 0.004594
 50.0446 0.004552
 50.1349 0.004599
 50.2245 0.004654
 50.3141 0.004645
 50.4044 0.004606
 50.4958 0.004640
 50.5861 0.004671
 50.6776 0.004698
 50.7694 0.004716
 50.8597 0.004731
 50.9521 0.004769
 51.0432 0.004772
 51.1373 0.004746
 51.2308 0.004784
 51.3256 0.004823
 51.4207 0.004802
 51.5147 0.004778
 51.6106 0.004844
 51.7068 0.004798
 51.8037 0.004849
 51.9008 0.004869
 51.9968 0.004860
 52.0952 0.004878
 52.1952 0.004894
 52.2958 0.004913
 52.3951 0.004907
 52.4966 0.004898
 52.5994 0.004899
 52.7015 0.004905
 52.8053 0.004967
 52.9108 0.005025
 53.0152 0.005030
 53.1212 0.005088
 53.2287 0.005073
 53.3365 0.005065
 53.4445 0.005122
 53.5546 0.005169
 53.6662 0.005208
 53.7780 0.005248
 53.8926 0.005244
 54.0065 0.005270
 54.1225 0.005357
 54.2393 0.005403
 54.3572 0.005450
 54.4772 0.005440
 54.5986 0.005473
 54.7223 0.005508
 54.8467 0.005502
 54.9715 0.005552
 55.0996 0.005635
 55.2319 0.005713
 55.3635 0.005770
 55.4974 0.005836
 55.6334 0.005873
 55.7710 0.005943
 55.9106 0.006008
 56.0548 0.006035
 56.1993 0.006090
 56.3474 0.006200
 56.4996 0.006237
 56.6537 0.006371
 56.8084 0.006402
 56.9698 0.006514
 57.1319 0.006563
 57.2979 0.006588
 57.4694 0.006698
 57.6442 0.006853
 57.8223 0.006976
 58.0074 0.007064
 58.1956 0.007103
 58.3906 0.007061
 58.5898 0.007174
 58.7977 0.007235
 59.0112 0.007327
 59.2321 0.007363
 59.4616 0.007458
 59.7005 0.007483
 59.9418 0.007757
 60.2000 0.007956
 60.4713 0.008241
 60.7530 0.008435
 61.0471 0.008536
 61.3584 0.008808
 61.6879 0.009087
 62.0373 0.009253
 62.4111 0.009346
 62.8121 0.009791
 63.2523 0.010343
 63.7285 0.010685
 64.2472 0.011290
 64.8341 0.011868
 65.5009 0.012836
 66.2707 0.013304
 67.2016 0.014935
 68.3781 0.016766
 69.9761 0.019898
 70.3886 0.021138
 70.8482 0.023051
 71.3711 0.024602
 71.9589 0.025903
 72.6597 0.027714
 73.4672 0.031583
 74.5224 0.035807
 76.0120 0.042812
 78.4656 0.060934
 80.8699 0.081743
 83.9386 0.114584
 86.2751 0.158189
 lm2-08-3 3 1
 31.7730 0.054812
 32.5188 0.041985
 33.5619 0.027927
 34.4371 0.021853
 35.4054 0.016621
 36.0268 0.013562
 36.4767 0.012484
 36.8379 0.011938
 37.1410 0.011216
 37.4041 0.010691
 37.6433 0.010409
 37.8498 0.010078
 38.0447 0.009788
 38.8253 0.008283
 39.4197 0.007648
 39.9063 0.007116
 40.3272 0.006905
 40.6918 0.006507
 41.0243 0.006278
 41.3249 0.005977
 41.6013 0.005821
 41.8628 0.005633
 42.1030 0.005442
 42.3349 0.005463
 42.5499 0.005440
 42.7580 0.005331
 42.9529 0.005313
 43.1405 0.005228
 43.3227 0.005046
 43.4987 0.004961
 43.6698 0.004903
 43.8343 0.004797
 43.9950 0.004845
 44.1493 0.004832
 44.3004 0.004716
 44.4492 0.004684
 44.5932 0.004749
 44.7349 0.004710
 44.8716 0.004598
 45.0054 0.004606
 45.1369 0.004563
 45.2674 0.004535
 45.3943 0.004487
 45.5193 0.004482
 45.6426 0.004454
 45.7638 0.004510
 45.8829 0.004542
 46.0008 0.004448
 46.1154 0.004371
 46.2304 0.004326
 46.3437 0.004310
 46.4573 0.004291
 46.5669 0.004310
 46.6757 0.004361
 46.7844 0.004387
 46.8912 0.004376
 46.9971 0.004433
 47.1032 0.004418
 47.2066 0.004450
 47.3103 0.004436
 47.4121 0.004431
 47.5140 0.004450
 47.6147 0.004482
 47.7141 0.004436
 47.8129 0.004395
 47.9111 0.004389
 48.0089 0.004381
 48.1061 0.004380
 48.2021 0.004413
 48.2986 0.004401
 48.3942 0.004393
 48.4895 0.004426
 48.5857 0.004403
 48.6807 0.004355
 48.7737 0.004344
 48.8668 0.004278
 48.9602 0.004247
 49.0527 0.004277
 49.1449 0.004300
 49.2373 0.004251
 49.3296 0.004225
 49.4198 0.004204
 49.5104 0.004290
 49.6014 0.004330
 49.6920 0.004329
 49.7828 0.004388
 49.8727 0.004405
 49.9637 0.004390
 50.0538 0.004396
 50.1438 0.004363
 50.2342 0.004404
 50.3246 0.004431
 50.4144 0.004438
 50.5037 0.004445
 50.5940 0.004422
 50.6834 0.004409
 50.7744 0.004388
 50.8633 0.004427
 50.9526 0.004407
 51.0425 0.004439
 51.1326 0.004485
 51.2228 0.004509
 51.3122 0.004522
 51.4011 0.004535
 51.4914 0.004580
 51.5816 0.004551
 51.6713 0.004585
 51.7600 0.004593
 51.8502 0.004602
 51.9412 0.004622
 52.0318 0.004632
 52.1235 0.004624
 52.2133 0.004659
 52.3038 0.004634
 52.3945 0.004657
 52.4854 0.004596
 52.5785 0.004622
 52.6711 0.004675
 52.7636 0.004679
 52.8559 0.004736
 52.9504 0.004719
 53.0450 0.004774
 53.1386 0.004799
 53.2331 0.004787
 53.3287 0.004817
 53.4233 0.004900
 53.5199 0.004924
 53.6157 0.004967
 53.7126 0.004953
 53.8115 0.004961
 53.9097 0.004973
 54.0084 0.005035
 54.1073 0.005045
 54.2072 0.005090
 54.3076 0.005094
 54.4090 0.005063
 54.5112 0.005043
 54.6127 0.005060
 54.7160 0.005050
 54.8187 0.005012
 54.9236 0.005020
 55.0294 0.005069
 55.1354 0.005021
 55.2408 0.005126
 55.3475 0.005130
 55.4564 0.005171
 55.5660 0.005168
 55.6762 0.005206
 55.7880 0.005263
 55.9011 0.005272
 56.0144 0.005368
 56.1281 0.005412
 56.2439 0.005421
 56.3605 0.005451
 56.4793 0.005474
 56.5978 0.005482
 56.7207 0.005542
 56.8433 0.005637
 56.9679 0.005699
 57.0955 0.005776
 57.2234 0.005762
 57.3513 0.005772
 57.4815 0.005863
 57.6147 0.005945
 57.7487 0.005988
 57.8856 0.006087
 58.0234 0.006102
 58.1645 0.006161
 58.3083 0.006265
 58.4547 0.006297
 58.6043 0.006418
 58.7573 0.006366
 58.9109 0.006389
 59.0697 0.006497
 59.2290 0.006540
 59.3910 0.006664
 59.5587 0.006765
 59.7295 0.006770
 59.9039 0.006776
 60.0837 0.006732
 60.2668 0.006736
 60.4541 0.006909
 60.6479 0.007001
 60.8459 0.007130
 61.0506 0.007361
 61.2577 0.007503
 61.4747 0.007568
 61.7003 0.007630
 61.9357 0.007764
 62.1770 0.007894
 62.4308 0.008073
 62.6966 0.008192
 62.9745 0.008346
 63.2613 0.008564
 63.5653 0.008905
 63.8841 0.008951
 64.2165 0.009040
 64.5732 0.009318
 64.9552 0.009845
 65.3702 0.010145
 65.8109 0.010610
 66.2912 0.011118
 66.8286 0.011997
 67.4245 0.012629
 68.0958 0.013730
 68.8848 0.014802
 69.8288 0.016196
 71.0194 0.018562
 72.6746 0.021618
 73.0835 0.022439
 73.5440 0.023594
 74.0638 0.024352
 74.6687 0.026012
 75.3776 0.028316
 76.2212 0.031466
 77.2992 0.036413
 78.8464 0.044711
 81.3004 0.061226
 83.7238 0.082654
 86.8473 0.122537
 88.9620 0.180680
lm2s-08-3 3 1
 32.5561 0.052412
 33.2789 0.039122
 34.3233 0.026758
 35.2169 0.021839
 36.1764 0.016485
 36.7607 0.013852
 37.2125 0.013059
 37.5769 0.012210
 37.8818 0.011742
 38.1430 0.011023
 38.3754 0.010439
 38.5896 0.009921
 38.7783 0.009491
 39.5598 0.008349
 40.1583 0.007810
 40.6564 0.007377
 41.0752 0.006872
 41.4416 0.006578
 41.7728 0.006297
 42.0759 0.006165
 42.3557 0.005968
 42.6123 0.005818
 42.8554 0.005687
 43.0798 0.005533
 43.2968 0.005472
 43.5017 0.005383
 43.7020 0.005215
 43.8903 0.005292
 44.0730 0.005196
 44.2490 0.005165
 44.4212 0.005126
 44.5855 0.005012
 44.7466 0.004925
 44.9031 0.004841
 45.0543 0.004777
 45.2036 0.004815
 45.3480 0.004731
 45.4880 0.004741
 45.6249 0.004722
 45.7575 0.004690
 45.8913 0.004676
 46.0215 0.004588
 46.1485 0.004549
 46.2735 0.004514
 46.3962 0.004504
 46.5188 0.004476
 46.6383 0.004462
 46.7559 0.004500
 46.8711 0.004497
 46.9851 0.004491
 47.0990 0.004544
 47.2100 0.004530
 47.3207 0.004516
 47.4296 0.004501
 47.5378 0.004533
 47.6448 0.004502
 47.7517 0.004529
 47.8563 0.004461
 47.9595 0.004512
 48.0625 0.004499
 48.1641 0.004488
 48.2652 0.004505
 48.3656 0.004507
 48.4655 0.004505
 48.5648 0.004523
 48.6639 0.004581
 48.7619 0.004527
 48.8599 0.004567
 48.9569 0.004508
 49.0529 0.004522
 49.1492 0.004486
 49.2450 0.004478
 49.3412 0.004487
 49.4347 0.004461
 49.5291 0.004412
 49.6228 0.004403
 49.7151 0.004462
 49.8065 0.004485
 49.8985 0.004458
 49.9910 0.004468
 50.0828 0.004475
 50.1748 0.004449
 50.2661 0.004410
 50.3581 0.004430
 50.4483 0.004436
 50.5392 0.004475
 50.6299 0.004431
 50.7214 0.004479
 50.8111 0.004426
 50.9012 0.004440
 50.9919 0.004450
 51.0812 0.004502
 51.1695 0.004545
 51.2591 0.004451
 51.3486 0.004428
 51.4377 0.004431
 51.5267 0.004437
 51.6172 0.004458
 51.7063 0.004464
 51.7966 0.004478
 51.8865 0.004463
 51.9764 0.004441
 52.0667 0.004476
 52.1554 0.004478
 52.2444 0.004515
 52.3335 0.004511
 52.4227 0.004513
 52.5130 0.004511
 52.6040 0.004481
 52.6934 0.004484
 52.7848 0.004545
 52.8751 0.004545
 52.9663 0.004576
 53.0568 0.004578
 53.1474 0.004633
 53.2395 0.004585
 53.3320 0.004580
 53.4249 0.004571
 53.5180 0.004580
 53.6109 0.004630
 53.7050 0.004701
 53.7994 0.004788
 53.8942 0.004859
 53.9892 0.004919
 54.0844 0.004915
 54.1790 0.004941
 54.2754 0.004966
 54.3711 0.004994
 54.4691 0.005021
 54.5665 0.004986
 54.6646 0.005055
 54.7622 0.005121
 54.8616 0.005153
 54.9614 0.005153
 55.0615 0.005129
 55.1627 0.005124
 55.2636 0.005121
 55.3669 0.005151
 55.4700 0.005126
 55.5742 0.005118
 55.6807 0.005136
 55.7852 0.005151
 55.8910 0.005150
 55.9975 0.005233
 56.1044 0.005225
 56.2129 0.005312
 56.3232 0.005371
 56.4327 0.005390
 56.5422 0.005427
 56.6548 0.005484
 56.7679 0.005526
 56.8836 0.005593
 56.9992 0.005592
 57.1175 0.005639
 57.2342 0.005674
 57.3545 0.005791
 57.4747 0.005796
 57.5970 0.005828
 57.7213 0.005845
 57.8476 0.005929
 57.9771 0.005981
 58.1061 0.006035
 58.2383 0.006044
 58.3700 0.006138
 58.5038 0.006194
 58.6413 0.006197
 58.7814 0.006281
 58.9245 0.006232
 59.0676 0.006355
 59.2133 0.006398
 59.3629 0.006463
 59.5126 0.006457
 59.6668 0.006471
 59.8248 0.006443
 59.9871 0.006548
 60.1510 0.006541
 60.3157 0.006511
 60.4882 0.006649
 60.6657 0.006777
 60.8428 0.006808
 61.0249 0.006859
 61.2120 0.006966
 61.4070 0.007165
 61.6041 0.007207
 61.8080 0.007347
 62.0171 0.007395
 62.2330 0.007484
 62.4598 0.007532
 62.6948 0.007609
 62.9375 0.007661
 63.1904 0.007973
 63.4573 0.008061
 63.7337 0.008351
 64.0206 0.008569
 64.3197 0.008849
 64.6370 0.009071
 64.9746 0.009321
 65.3303 0.009628
 65.7101 0.009914
 66.1203 0.010317
 66.5631 0.010666
 67.0455 0.011380
 67.5898 0.012077
 68.1780 0.012763
 68.8546 0.013505
 69.6395 0.014405
 70.5724 0.015972
 71.7758 0.018240
 73.4171 0.020803
 73.8350 0.021487
 74.2900 0.022122
 74.8168 0.023631
 75.4153 0.025765
 76.1310 0.027916
 76.9871 0.030491
 78.0740 0.036708
 79.5846 0.044580
 82.0608 0.059781
 84.4002 0.080766
 87.5333 0.118921
 89.7731 0.170277
 tr0-08-3 2 1
112.8176 0.090881
115.1105 0.071446
118.3000 0.047701
120.8716 0.036695
123.7506 0.027660
125.5211 0.023479
126.8225 0.021419
127.8547 0.019930
128.7325 0.017713
129.4845 0.016941
130.1770 0.016127
130.7817 0.015543
131.3387 0.014453
133.5315 0.012397
135.1925 0.011528
136.5525 0.010982
137.7110 0.010505
138.7167 0.010163
139.6134 0.009859
140.4354 0.009746
141.1861 0.009616
141.8830 0.009352
142.5365 0.009078
143.1476 0.008886
143.7187 0.008889
144.2686 0.008480
144.7892 0.008459
145.2877 0.008330
145.7710 0.008134
146.2302 0.008004
146.6783 0.007993
147.1074 0.007827
147.5218 0.007699
147.9231 0.007500
148.3119 0.007458
148.6941 0.007286
149.0676 0.007171
149.4308 0.007152
149.7866 0.007130
150.1339 0.007124
150.4708 0.006972
150.8045 0.006934
151.1297 0.007008
151.4503 0.006936
151.7646 0.006987
152.0720 0.006989
152.3775 0.007027
152.6768 0.007020
152.9697 0.007044
153.2608 0.007070
153.5440 0.006967
153.8264 0.006991
154.1028 0.006983
154.3761 0.006958
154.6482 0.006962
154.9167 0.006875
155.1810 0.006793
155.4437 0.006758
155.7043 0.006720
155.9612 0.006647
156.2161 0.006571
156.4676 0.006592
156.7172 0.006622
156.9624 0.006638
157.2083 0.006661
157.4529 0.006654
157.6939 0.006659
157.9331 0.006683
158.1693 0.006626
158.4068 0.006637
158.6407 0.006522
158.8752 0.006529
159.1085 0.006444
159.3378 0.006421
159.5651 0.006373
159.7920 0.006312
160.0184 0.006293
160.2447 0.006243
160.4695 0.006254
160.6929 0.006196
160.9152 0.006155
161.1384 0.006174
161.3583 0.006180
161.5796 0.006115
161.7994 0.006058
162.0181 0.006099
162.2353 0.006109
162.4522 0.006062
162.6691 0.006098
162.8851 0.006091
163.1000 0.006103
163.3156 0.006068
163.5286 0.006063
163.7415 0.006125
163.9551 0.006203
164.1683 0.006198
164.3825 0.006194
164.5950 0.006202
164.8065 0.006149
165.0178 0.006124
165.2304 0.006036
165.4422 0.006035
165.6535 0.006033
165.8643 0.006010
166.0748 0.006042
166.2859 0.006080
166.4975 0.006125
166.7092 0.006176
166.9201 0.006178
167.1322 0.006208
167.3451 0.006262
167.5577 0.006233
167.7708 0.006282
167.9837 0.006314
168.1959 0.006374
168.4101 0.006394
168.6248 0.006442
168.8394 0.006487
169.0548 0.006530
169.2684 0.006507
169.4847 0.006529
169.7022 0.006449
169.9200 0.006421
170.1364 0.006383
170.3550 0.006426
170.5735 0.006462
170.7922 0.006485
171.0130 0.006476
171.2349 0.006439
171.4564 0.006431
171.6783 0.006462
171.9012 0.006404
172.1260 0.006380
172.3508 0.006430
172.5794 0.006442
172.8082 0.006478
173.0373 0.006588
173.2670 0.006551
173.4985 0.006669
173.7305 0.006748
173.9652 0.006808
174.2034 0.006822
174.4397 0.006795
174.6779 0.006848
174.9210 0.006863
175.1651 0.006968
175.4093 0.006944
175.6556 0.007017
175.9029 0.006996
176.1534 0.007038
176.4042 0.007131
176.6593 0.007196
176.9164 0.007257
177.1739 0.007230
177.4377 0.007194
177.7016 0.007238
177.9700 0.007233
178.2399 0.007334
178.5089 0.007399
178.7843 0.007425
179.0624 0.007336
179.3417 0.007342
179.6278 0.007420
179.9183 0.007407
180.2121 0.007489
180.5096 0.007494
180.8108 0.007371
181.1167 0.007424
181.4264 0.007558
181.7404 0.007671
182.0618 0.007693
182.3850 0.007786
182.7174 0.007854
183.0537 0.007949
183.3945 0.008058
183.7420 0.008110
184.0974 0.008165
184.4583 0.008258
184.8296 0.008403
185.2077 0.008410
185.5961 0.008370
185.9924 0.008631
186.3990 0.008896
186.8161 0.009091
187.2459 0.009108
187.6875 0.009170
188.1411 0.009326
188.6077 0.009449
189.0929 0.009235
189.5986 0.009559
190.1217 0.009911
190.6651 0.010175
191.2325 0.010428
191.8211 0.010842
192.4375 0.011099
193.0912 0.011406
193.7712 0.011409
194.4959 0.011741
195.2660 0.012171
196.0905 0.012591
196.9887 0.012757
197.9522 0.013586
199.0144 0.013976
200.1928 0.014913
201.5231 0.015899
203.0575 0.016997
204.8930 0.018110
207.1853 0.019655
210.2954 0.024045
211.0737 0.025121
211.9312 0.026347
212.9097 0.027698
214.0280 0.029555
215.3084 0.031392
216.8883 0.034559
218.8689 0.038729
221.5411 0.048193
226.0050 0.063346
230.2160 0.079776
235.5961 0.114819
239.3261 0.161765
 tr1-08-3 3 1
126.6382 0.177376
128.8294 0.125748
132.0991 0.089086
134.8534 0.064037
137.8735 0.049201
139.6647 0.041803
141.0077 0.037758
142.1003 0.035401
143.0201 0.033743
143.8018 0.032145
144.5181 0.031510
145.1529 0.030411
145.7319 0.028500
148.0420 0.023790
149.7750 0.021209
151.1910 0.020015
152.3927 0.018750
153.4500 0.018015
154.4075 0.016874
155.2759 0.016295
156.0566 0.016231
156.7832 0.016092
157.4643 0.015804
158.1086 0.015265
158.7100 0.015243
159.2904 0.015032
159.8409 0.014901
160.3683 0.014599
160.8671 0.014634
161.3527 0.014480
161.8146 0.014393
162.2596 0.014288
162.6928 0.014004
163.1111 0.013898
163.5232 0.013608
163.9217 0.013295
164.3108 0.013162
164.6897 0.012857
165.0585 0.012771
165.4204 0.012713
165.7754 0.012775
166.1198 0.012754
166.4611 0.013065
166.7936 0.012910
167.1190 0.012870
167.4444 0.012686
167.7622 0.012654
168.0753 0.012575
168.3783 0.012503
168.6815 0.012361
168.9799 0.012365
169.2741 0.012375
169.5620 0.012324
169.8507 0.012196
170.1322 0.012118
170.4126 0.012064
170.6910 0.011992
170.9642 0.012036
171.2319 0.012031
171.5009 0.011926
171.7652 0.011835
172.0285 0.011810
172.2881 0.011834
172.5459 0.011963
172.8020 0.011780
173.0566 0.011532
173.3067 0.011647
173.5579 0.011489
173.8075 0.011366
174.0501 0.011298
174.2966 0.011310
174.5410 0.011456
174.7823 0.011351
175.0173 0.011342
175.2571 0.011232
175.4911 0.011165
175.7258 0.011307
175.9603 0.011247
176.1957 0.011195
176.4256 0.011305
176.6562 0.011128
176.8856 0.011007
177.1156 0.010943
177.3428 0.010880
177.5699 0.010797
177.7995 0.010807
178.0289 0.010867
178.2574 0.010895
178.4823 0.010931
178.7074 0.010899
178.9344 0.010750
179.1578 0.010661
179.3802 0.010686
179.6035 0.010636
179.8247 0.010784
180.0453 0.010714
180.2681 0.010667
180.4875 0.010618
180.7096 0.010645
180.9318 0.010741
181.1523 0.010814
181.3728 0.010889
181.5921 0.010840
181.8111 0.010823
182.0280 0.010826
182.2479 0.010741
182.4699 0.010881
182.6918 0.010866
182.9117 0.010946
183.1276 0.011141
183.3482 0.011194
183.5716 0.011312
183.7946 0.011298
184.0158 0.011135
184.2369 0.011149
184.4589 0.011133
184.6819 0.011226
184.9041 0.011373
185.1267 0.011447
185.3516 0.011537
185.5771 0.011518
185.8018 0.011464
186.0286 0.011491
186.2546 0.011559
186.4825 0.011783
186.7114 0.011864
186.9397 0.011832
187.1697 0.011774
187.3994 0.011829
187.6323 0.012059
187.8655 0.012022
188.1019 0.011955
188.3346 0.012083
188.5686 0.011980
188.8056 0.011897
189.0441 0.012016
189.2819 0.011871
189.5198 0.011743
189.7590 0.011768
190.0032 0.011780
190.2491 0.011891
190.4940 0.012025
190.7405 0.012054
190.9934 0.012216
191.2421 0.012376
191.4955 0.012287
191.7507 0.012517
192.0061 0.012703
192.2667 0.012736
192.5292 0.012903
192.7931 0.012791
193.0552 0.012744
193.3193 0.012803
193.5922 0.012870
193.8617 0.012900
194.1359 0.012880
194.4144 0.012955
194.6947 0.012959
194.9769 0.013052
195.2638 0.013029
195.5505 0.013316
195.8416 0.013466
196.1390 0.013543
196.4432 0.013519
196.7487 0.013615
197.0619 0.013478
197.3766 0.013683
197.6898 0.013850
198.0081 0.014011
198.3365 0.014042
198.6714 0.014340
199.0046 0.014358
199.3471 0.014449
199.6900 0.014435
200.0409 0.014476
200.4029 0.014752
200.7716 0.014754
201.1453 0.014705
201.5333 0.014522
201.9323 0.014694
202.3346 0.014993
202.7487 0.015144
203.1735 0.015380
203.6077 0.015421
204.0550 0.015719
204.5150 0.016317
204.9923 0.016389
205.4807 0.016695
205.9895 0.016911
206.5146 0.017368
207.0626 0.017753
207.6204 0.018191
208.2076 0.018349
208.8220 0.018552
209.4634 0.019337
210.1388 0.019856
210.8384 0.020673
211.5826 0.021343
212.3728 0.022634
213.2205 0.023296
214.1485 0.023921
215.1479 0.025071
216.2632 0.025517
217.4951 0.026040
218.8820 0.027855
220.4826 0.029127
222.3976 0.030344
224.7811 0.034072
228.0093 0.039706
228.8267 0.041530
229.7276 0.043391
230.7242 0.044897
231.8516 0.049158
233.1865 0.053212
234.8005 0.058693
236.8091 0.066125
239.5361 0.080814
244.0754 0.109316
248.3714 0.144657
254.0252 0.213973
258.0187 0.300400
tr1s-08-3 3 1
133.7962 0.177522
136.1768 0.135407
139.5295 0.088257
142.3374 0.063655
145.3563 0.050193
147.1850 0.043735
148.5258 0.039607
149.6304 0.037370
150.5548 0.035466
151.3397 0.034029
152.0507 0.032449
152.7079 0.030573
153.2971 0.029262
155.6568 0.023865
157.4262 0.021786
158.8382 0.020089
160.0549 0.018599
161.1301 0.018401
162.0959 0.017804
162.9766 0.016939
163.7816 0.016905
164.5176 0.016412
165.2061 0.016639
165.8543 0.016442
166.4646 0.015950
167.0495 0.015581
167.5965 0.015244
168.1250 0.014964
168.6282 0.014444
169.1129 0.014385
169.5891 0.014376
170.0454 0.014362
170.4865 0.014226
170.9096 0.014034
171.3241 0.013793
171.7252 0.013718
172.1162 0.013391
172.4994 0.013213
172.8756 0.012998
173.2381 0.012912
173.5975 0.013152
173.9452 0.012972
174.2862 0.012807
174.6217 0.012754
174.9589 0.012630
175.2891 0.012593
175.6077 0.012460
175.9231 0.012508
176.2345 0.012392
176.5400 0.012284
176.8395 0.012328
177.1360 0.012347
177.4292 0.012330
177.7193 0.012276
178.0032 0.012118
178.2881 0.011984
178.5704 0.012002
178.8462 0.011893
179.1199 0.011930
179.3912 0.012130
179.6578 0.011944
179.9193 0.012056
180.1839 0.012136
180.4466 0.012246
180.7037 0.012386
180.9593 0.012233
181.2134 0.012177
181.4650 0.012151
181.7146 0.012036
181.9647 0.012152
182.2130 0.012016
182.4607 0.011798
182.7028 0.011745
182.9446 0.011763
183.1832 0.011694
183.4194 0.011746
183.6600 0.011609
183.8963 0.011591
184.1334 0.011486
184.3695 0.011378
184.6045 0.011386
184.8376 0.011488
185.0691 0.011405
185.2974 0.011370
185.5284 0.011391
185.7570 0.011305
185.9849 0.011168
186.2131 0.011243
186.4409 0.011158
186.6679 0.011065
186.8953 0.010892
187.1197 0.010863
187.3461 0.010843
187.5710 0.010801
187.7971 0.010986
188.0200 0.010990
188.2450 0.011110
188.4696 0.011092
188.6926 0.011178
188.9149 0.011238
189.1344 0.011389
189.3566 0.011414
189.5765 0.011267
189.7996 0.011257
190.0220 0.011242
190.2455 0.011197
190.4683 0.011143
190.6914 0.011216
190.9150 0.011157
191.1406 0.011159
191.3631 0.011109
191.5842 0.011095
191.8073 0.011024
192.0279 0.011042
192.2534 0.011170
192.4789 0.011179
192.7024 0.011155
192.9308 0.011159
193.1575 0.011363
193.3843 0.011465
193.6110 0.011391
193.8402 0.011284
194.0656 0.011558
194.2945 0.011619
194.5251 0.011665
194.7562 0.011740
194.9860 0.011718
195.2191 0.011721
195.4496 0.011813
195.6800 0.011600
195.9136 0.011592
196.1500 0.011685
196.3865 0.011714
196.6215 0.011709
196.8597 0.011814
197.1001 0.011821
197.3415 0.011932
197.5843 0.011996
197.8292 0.011957
198.0690 0.012101
198.3162 0.012176
198.5639 0.012247
198.8118 0.012254
199.0616 0.012292
199.3182 0.012340
199.5737 0.012369
199.8313 0.012292
200.0912 0.012406
200.3486 0.012447
200.6089 0.012663
200.8748 0.012759
201.1401 0.012706
201.4119 0.012629
201.6853 0.012641
201.9572 0.012726
202.2351 0.012784
202.5154 0.012714
202.7985 0.012673
203.0810 0.012690
203.3705 0.012843
203.6656 0.012914
203.9591 0.012913
204.2597 0.012846
204.5627 0.012934
204.8701 0.013000
205.1780 0.013283
205.4911 0.013295
205.8121 0.013581
206.1351 0.013642
206.4660 0.013705
206.8024 0.013895
207.1445 0.013911
207.4876 0.014237
207.8423 0.014470
208.2042 0.014566
208.5720 0.014551
208.9439 0.014642
209.3227 0.014615
209.7135 0.014747
210.1097 0.014664
210.5181 0.014830
210.9349 0.015139
211.3659 0.015435
211.7993 0.015569
212.2489 0.015846
212.7131 0.015986
213.1868 0.016506
213.6756 0.016812
214.1792 0.017278
214.7052 0.017754
215.2433 0.018197
215.8135 0.018548
216.4009 0.018751
217.0137 0.018981
217.6542 0.019550
218.3324 0.019991
219.0391 0.020886
219.7952 0.021284
220.6036 0.022225
221.4696 0.023010
222.4012 0.023128
223.4090 0.023953
224.5388 0.025376
225.7902 0.026207
227.1823 0.027152
228.7986 0.029101
230.7214 0.030892
233.1130 0.034866
236.3455 0.041032
237.1623 0.043293
238.0414 0.044432
239.1129 0.047304
240.2535 0.049627
241.5746 0.054443
243.1920 0.061160
245.2329 0.067784
247.9659 0.085143
252.6277 0.108614
256.8826 0.137761
262.3255 0.225139
266.3347 0.301696
 tr2-08-3 3 1
140.5829 0.164368
143.0823 0.123929
146.5224 0.089349
149.3646 0.068996
152.4772 0.051796
154.3745 0.042862
155.8163 0.039988
156.9586 0.036310
157.9211 0.033786
158.7407 0.032135
159.4785 0.030396
160.1235 0.028727
160.7280 0.027672
163.1618 0.024072
164.9950 0.023582
166.4929 0.021525
167.7605 0.019577
168.8690 0.019188
169.8570 0.018603
170.7531 0.018192
171.5709 0.017793
172.3360 0.017246
173.0404 0.016745
173.7154 0.016660
174.3455 0.016263
174.9436 0.016103
175.5141 0.015693
176.0556 0.015492
176.5786 0.015296
177.0830 0.015075
177.5709 0.014918
178.0395 0.014587
178.4940 0.014574
178.9347 0.014177
179.3648 0.014004
179.7811 0.013945
180.1835 0.013932
180.5816 0.013754
180.9699 0.013698
181.3448 0.013717
181.7105 0.013716
182.0701 0.013716
182.4253 0.013652
182.7729 0.013731
183.1129 0.013662
183.4457 0.013496
183.7808 0.013340
184.1048 0.013276
184.4244 0.013145
184.7391 0.012948
185.0517 0.012860
185.3596 0.012894
185.6589 0.012880
185.9582 0.012665
186.2522 0.012605
186.5494 0.012686
186.8347 0.012629
187.1153 0.012511
187.3965 0.012600
187.6739 0.012661
187.9529 0.012615
188.2263 0.012600
188.4956 0.012420
188.7642 0.012395
189.0278 0.012377
189.2921 0.012292
189.5500 0.012182
189.8109 0.012216
190.0708 0.012276
190.3298 0.012423
190.5838 0.012323
190.8403 0.012145
191.0897 0.012112
191.3401 0.011989
191.5873 0.011810
191.8325 0.011761
192.0781 0.011758
192.3234 0.011735
192.5685 0.011590
192.8090 0.011585
193.0515 0.011398
193.2958 0.011307
193.5354 0.011246
193.7759 0.011360
194.0133 0.011336
194.2515 0.011334
194.4885 0.011276
194.7243 0.011336
194.9601 0.011270
195.1977 0.011256
195.4317 0.011129
195.6642 0.011087
195.8937 0.011143
196.1265 0.011112
196.3620 0.011110
196.5927 0.011070
196.8221 0.011130
197.0498 0.011016
197.2788 0.011041
197.5078 0.010867
197.7385 0.010921
197.9656 0.010872
198.1937 0.010957
198.4244 0.011016
198.6547 0.010983
198.8841 0.011124
199.1142 0.011068
199.3439 0.011112
199.5745 0.011156
199.8038 0.011242
200.0342 0.011233
200.2647 0.011300
200.4961 0.011225
200.7282 0.011182
200.9612 0.011382
201.1932 0.011411
201.4228 0.011422
201.6551 0.011476
201.8866 0.011532
202.1185 0.011604
202.3498 0.011691
202.5852 0.011888
202.8184 0.011831
203.0518 0.011833
203.2873 0.011829
203.5238 0.011953
203.7592 0.011980
203.9950 0.011952
204.2322 0.011866
204.4692 0.011876
204.7130 0.011897
204.9529 0.011931
205.1955 0.012103
205.4418 0.012252
205.6881 0.012295
205.9309 0.012455
206.1806 0.012484
206.4289 0.012580
206.6799 0.012620
206.9327 0.012649
207.1911 0.012755
207.4437 0.012882
207.6985 0.012846
207.9595 0.012789
208.2166 0.012847
208.4790 0.012963
208.7431 0.013125
209.0103 0.013084
209.2827 0.013103
209.5505 0.013147
209.8244 0.013028
210.0955 0.013134
210.3727 0.013184
210.6475 0.013298
210.9256 0.013302
211.2101 0.013327
211.5009 0.013347
211.7934 0.013298
212.0863 0.013333
212.3833 0.013344
212.6806 0.013736
212.9833 0.013672
213.2928 0.013567
213.6047 0.013504
213.9182 0.013591
214.2348 0.013759
214.5584 0.013844
214.8880 0.013894
215.2263 0.014025
215.5645 0.014141
215.9119 0.014453
216.2618 0.014593
216.6197 0.014874
216.9840 0.015045
217.3572 0.015078
217.7367 0.015124
218.1174 0.015190
218.5060 0.015235
218.9014 0.015565
219.3124 0.015798
219.7258 0.016225
220.1547 0.016317
220.5948 0.016419
221.0448 0.016470
221.5138 0.016751
221.9858 0.016704
222.4740 0.016775
222.9768 0.016842
223.4968 0.017274
224.0327 0.017801
224.5912 0.018219
225.1767 0.018563
225.7776 0.019077
226.4074 0.019378
227.0738 0.019534
227.7688 0.019725
228.5029 0.020246
229.2785 0.021093
230.1063 0.021566
230.9928 0.022202
231.9477 0.022868
232.9790 0.023669
234.1009 0.024422
235.3691 0.026011
236.8119 0.027776
238.4663 0.029872
240.4411 0.032255
242.8929 0.035164
246.2120 0.041379
247.0553 0.044280
247.9728 0.046699
249.0367 0.047604
250.2002 0.050790
251.5643 0.054546
253.2036 0.060909
255.3488 0.070836
258.2600 0.084744
262.9769 0.111360
267.3466 0.150454
273.2970 0.222337
277.4672 0.291876
tr2s-08-3 3 1
148.1288 0.173574
150.7843 0.128004
154.2477 0.091166
157.0901 0.069406
160.1761 0.052790
162.1222 0.044416
163.5551 0.039691
164.7222 0.035576
165.7017 0.032984
166.5381 0.032645
167.2776 0.031478
167.9323 0.030747
168.5407 0.028435
170.9828 0.024554
172.8275 0.023032
174.3376 0.021189
175.6142 0.020355
176.7263 0.019894
177.7249 0.019116
178.6237 0.018083
179.4515 0.017372
180.2135 0.017134
180.9285 0.016980
181.6049 0.016859
182.2393 0.016178
182.8353 0.015845
183.4038 0.015743
183.9521 0.015358
184.4805 0.015257
184.9859 0.015276
185.4791 0.015211
185.9521 0.014858
186.4078 0.014519
186.8508 0.014491
187.2847 0.014080
187.7045 0.014209
188.1094 0.014080
188.5030 0.013987
188.8905 0.014084
189.2708 0.013907
189.6441 0.013524
190.0076 0.013471
190.3662 0.013437
190.7122 0.013305
191.0546 0.013324
191.3891 0.013310
191.7201 0.013120
192.0500 0.013119
192.3718 0.013143
192.6884 0.012916
193.0018 0.012706
193.3077 0.012691
193.6111 0.012414
193.9134 0.012316
194.2098 0.012376
194.5022 0.012341
194.7887 0.012163
195.0739 0.012124
195.3572 0.012280
195.6389 0.012141
195.9147 0.011977
196.1887 0.011946
196.4593 0.011824
196.7311 0.011787
196.9945 0.011882
197.2568 0.011880
197.5216 0.011898
197.7815 0.011772
198.0418 0.011623
198.2973 0.011491
198.5527 0.011515
198.8070 0.011614
199.0566 0.011582
199.3098 0.011522
199.5590 0.011466
199.8036 0.011394
200.0507 0.011330
200.2996 0.011246
200.5446 0.011107
200.7885 0.011077
201.0326 0.011031
201.2711 0.011114
201.5107 0.011062
201.7520 0.011154
201.9909 0.011135
202.2264 0.011182
202.4641 0.011114
202.6985 0.011251
202.9345 0.011204
203.1679 0.011157
203.4013 0.011097
203.6375 0.011057
203.8717 0.011055
204.1077 0.010997
204.3401 0.010977
204.5682 0.011006
204.7973 0.010917
205.0281 0.011058
205.2590 0.011060
205.4905 0.011186
205.7225 0.011196
205.9495 0.011242
206.1793 0.011266
206.4078 0.011215
206.6390 0.011217
206.8690 0.011218
207.0996 0.011231
207.3301 0.011348
207.5606 0.011290
207.7905 0.011289
208.0210 0.011259
208.2514 0.011341
208.4821 0.011525
208.7153 0.011448
208.9471 0.011533
209.1793 0.011566
209.4098 0.011435
209.6440 0.011383
209.8774 0.011534
210.1076 0.011569
210.3403 0.011626
210.5772 0.011598
210.8126 0.011583
211.0481 0.011660
211.2895 0.011629
211.5278 0.011577
211.7667 0.011577
212.0066 0.011570
212.2492 0.011635
212.4897 0.011694
212.7320 0.011702
212.9726 0.011683
213.2154 0.011789
213.4583 0.011895
213.7053 0.011974
213.9530 0.011923
214.2017 0.012074
214.4503 0.012042
214.7019 0.012117
214.9544 0.012151
215.2074 0.012212
215.4630 0.012306
215.7205 0.012532
215.9810 0.012528
216.2394 0.012554
216.5022 0.012699
216.7675 0.012780
217.0327 0.012763
217.3071 0.012724
217.5747 0.012771
217.8500 0.012831
218.1269 0.012903
218.4055 0.013099
218.6890 0.013097
218.9732 0.013122
219.2596 0.013047
219.5473 0.013197
219.8406 0.013258
220.1370 0.013494
220.4347 0.013633
220.7360 0.013649
221.0427 0.013666
221.3513 0.013543
221.6620 0.013636
221.9754 0.013646
222.2944 0.013855
222.6184 0.013819
222.9500 0.013979
223.2853 0.014223
223.6299 0.014344
223.9674 0.014419
224.3180 0.014415
224.6770 0.014451
225.0443 0.014565
225.4190 0.014865
225.7926 0.014861
226.1776 0.015073
226.5686 0.015486
226.9718 0.015536
227.3810 0.015514
227.8023 0.015770
228.2315 0.015996
228.6704 0.016036
229.1218 0.016046
229.5880 0.016371
230.0647 0.016518
230.5559 0.017031
231.0589 0.017403
231.5793 0.017381
232.1270 0.017653
232.6906 0.018007
233.2654 0.018252
233.8647 0.018512
234.5064 0.019088
235.1644 0.019176
235.8571 0.019764
236.5912 0.019997
237.3649 0.020709
238.2079 0.021202
239.0969 0.021595
240.0602 0.022822
241.0982 0.024668
242.2283 0.025587
243.4829 0.026416
244.9152 0.027394
246.5811 0.028943
248.5462 0.031269
251.0167 0.034783
254.3873 0.041253
255.2398 0.043172
256.1940 0.046209
257.2305 0.048659
258.3912 0.052370
259.7593 0.055862
261.4322 0.060424
263.5026 0.068728
266.3461 0.084480
271.0702 0.111611
275.8125 0.144169
281.5303 0.220066
285.7858 0.300169
