Copyright (C) 1998 James G. MacKinnon, Alfred A. Haug, and Leo Michelis.
 lm0-04-6 2 1
 14.8866 0.022828
 15.4429 0.016860
 16.2614 0.011964
 16.9510 0.009572
 17.7099 0.007636
 18.1937 0.006990
 18.5589 0.006056
 18.8557 0.005553
 19.1060 0.004968
 19.3207 0.004791
 19.5109 0.004738
 19.6855 0.004538
 19.8444 0.004326
 20.4864 0.003995
 20.9759 0.003555
 21.3805 0.003323
 21.7239 0.003169
 22.0282 0.002976
 22.3025 0.002875
 22.5546 0.002887
 22.7870 0.002805
 23.0029 0.002726
 23.2068 0.002637
 23.3969 0.002654
 23.5782 0.002639
 23.7507 0.002690
 23.9164 0.002625
 24.0750 0.002561
 24.2265 0.002551
 24.3739 0.002576
 24.5161 0.002536
 24.6549 0.002522
 24.7884 0.002508
 24.9185 0.002494
 25.0462 0.002506
 25.1700 0.002512
 25.2912 0.002482
 25.4100 0.002502
 25.5265 0.002508
 25.6399 0.002502
 25.7520 0.002463
 25.8614 0.002461
 25.9697 0.002438
 26.0756 0.002441
 26.1799 0.002439
 26.2830 0.002424
 26.3848 0.002415
 26.4839 0.002418
 26.5833 0.002415
 26.6809 0.002384
 26.7767 0.002358
 26.8726 0.002350
 26.9669 0.002356
 27.0599 0.002377
 27.1522 0.002400
 27.2426 0.002381
 27.3332 0.002352
 27.4228 0.002359
 27.5112 0.002319
 27.5987 0.002314
 27.6857 0.002311
 27.7721 0.002305
 27.8585 0.002328
 27.9442 0.002346
 28.0290 0.002344
 28.1131 0.002340
 28.1966 0.002354
 28.2807 0.002356
 28.3635 0.002376
 28.4456 0.002372
 28.5276 0.002375
 28.6092 0.002383
 28.6907 0.002382
 28.7715 0.002359
 28.8524 0.002373
 28.9326 0.002351
 29.0130 0.002363
 29.0934 0.002370
 29.1729 0.002387
 29.2522 0.002416
 29.3314 0.002411
 29.4102 0.002407
 29.4880 0.002442
 29.5662 0.002440
 29.6441 0.002416
 29.7218 0.002426
 29.8002 0.002427
 29.8785 0.002435
 29.9560 0.002466
 30.0339 0.002469
 30.1110 0.002468
 30.1888 0.002454
 30.2666 0.002478
 30.3443 0.002480
 30.4211 0.002497
 30.4984 0.002523
 30.5759 0.002526
 30.6541 0.002520
 30.7320 0.002500
 30.8096 0.002492
 30.8877 0.002488
 30.9650 0.002502
 31.0432 0.002518
 31.1212 0.002515
 31.1991 0.002521
 31.2771 0.002528
 31.3553 0.002550
 31.4333 0.002572
 31.5121 0.002577
 31.5911 0.002568
 31.6698 0.002574
 31.7483 0.002568
 31.8278 0.002578
 31.9076 0.002564
 31.9863 0.002555
 32.0661 0.002538
 32.1464 0.002575
 32.2268 0.002584
 32.3069 0.002583
 32.3877 0.002580
 32.4688 0.002556
 32.5513 0.002536
 32.6335 0.002508
 32.7160 0.002524
 32.7987 0.002545
 32.8825 0.002605
 32.9669 0.002593
 33.0507 0.002592
 33.1345 0.002599
 33.2191 0.002567
 33.3044 0.002588
 33.3908 0.002592
 33.4769 0.002590
 33.5637 0.002611
 33.6513 0.002615
 33.7392 0.002632
 33.8279 0.002638
 33.9165 0.002687
 34.0061 0.002689
 34.0968 0.002687
 34.1876 0.002708
 34.2797 0.002691
 34.3729 0.002703
 34.4661 0.002708
 34.5609 0.002682
 34.6550 0.002678
 34.7509 0.002657
 34.8471 0.002659
 34.9452 0.002697
 35.0441 0.002696
 35.1436 0.002723
 35.2441 0.002766
 35.3456 0.002806
 35.4485 0.002826
 35.5521 0.002850
 35.6568 0.002868
 35.7618 0.002892
 35.8688 0.002916
 35.9778 0.002925
 36.0881 0.002958
 36.1988 0.002973
 36.3125 0.002959
 36.4278 0.003028
 36.5446 0.003050
 36.6622 0.003098
 36.7824 0.003119
 36.9055 0.003167
 37.0301 0.003164
 37.1572 0.003170
 37.2855 0.003233
 37.4164 0.003262
 37.5503 0.003316
 37.6853 0.003369
 37.8250 0.003367
 37.9670 0.003410
 38.1107 0.003460
 38.2576 0.003487
 38.4076 0.003504
 38.5616 0.003562
 38.7198 0.003603
 38.8814 0.003608
 39.0475 0.003572
 39.2195 0.003622
 39.3959 0.003646
 39.5767 0.003698
 39.7643 0.003750
 39.9559 0.003789
 40.1565 0.003835
 40.3636 0.003917
 40.5773 0.004019
 40.8009 0.004056
 41.0341 0.004157
 41.2794 0.004299
 41.5361 0.004464
 41.8056 0.004543
 42.0893 0.004627
 42.3869 0.004702
 42.7048 0.004791
 43.0453 0.004973
 43.4119 0.005212
 43.8107 0.005453
 44.2439 0.005721
 44.7238 0.005988
 45.2630 0.006290
 45.8764 0.006575
 46.5829 0.007165
 47.4279 0.008135
 48.5016 0.009174
 49.9868 0.010798
 50.3591 0.011198
 50.7757 0.011821
 51.2483 0.012567
 51.7846 0.013771
 52.4205 0.014923
 53.1806 0.016555
 54.1579 0.018734
 55.5305 0.022505
 57.7904 0.030179
 59.9681 0.044737
 62.9198 0.064135
 64.9200 0.085314
 lm1-04-6 3 1
 16.7038 0.043669
 17.3568 0.033633
 18.2349 0.024385
 18.9583 0.019145
 19.7507 0.014258
 20.2603 0.012287
 20.6455 0.010936
 20.9559 0.010391
 21.2154 0.009567
 21.4433 0.009112
 21.6458 0.008737
 21.8294 0.008462
 21.9919 0.008369
 22.6683 0.007374
 23.1765 0.006770
 23.6010 0.006469
 23.9697 0.006240
 24.2888 0.006086
 24.5755 0.005878
 24.8377 0.005680
 25.0778 0.005510
 25.3045 0.005500
 25.5163 0.005288
 25.7156 0.005105
 25.9021 0.004994
 26.0804 0.004877
 26.2509 0.004817
 26.4155 0.004742
 26.5740 0.004687
 26.7273 0.004721
 26.8744 0.004660
 27.0184 0.004664
 27.1603 0.004616
 27.2952 0.004535
 27.4266 0.004459
 27.5564 0.004470
 27.6807 0.004429
 27.8049 0.004468
 27.9252 0.004411
 28.0441 0.004396
 28.1598 0.004398
 28.2735 0.004379
 28.3846 0.004383
 28.4947 0.004409
 28.6041 0.004341
 28.7118 0.004376
 28.8180 0.004382
 28.9211 0.004367
 29.0234 0.004349
 29.1248 0.004355
 29.2240 0.004312
 29.3227 0.004316
 29.4208 0.004323
 29.5173 0.004309
 29.6109 0.004281
 29.7047 0.004294
 29.7984 0.004304
 29.8920 0.004297
 29.9854 0.004316
 30.0760 0.004260
 30.1677 0.004246
 30.2583 0.004276
 30.3478 0.004301
 30.4362 0.004281
 30.5233 0.004314
 30.6108 0.004281
 30.6982 0.004315
 30.7844 0.004307
 30.8708 0.004268
 30.9568 0.004296
 31.0424 0.004242
 31.1279 0.004237
 31.2117 0.004279
 31.2960 0.004277
 31.3800 0.004280
 31.4635 0.004273
 31.5463 0.004240
 31.6292 0.004247
 31.7114 0.004268
 31.7937 0.004304
 31.8760 0.004271
 31.9563 0.004286
 32.0379 0.004304
 32.1193 0.004338
 32.2017 0.004367
 32.2830 0.004362
 32.3641 0.004400
 32.4438 0.004442
 32.5242 0.004451
 32.6047 0.004480
 32.6852 0.004503
 32.7657 0.004540
 32.8461 0.004538
 32.9259 0.004556
 33.0062 0.004600
 33.0862 0.004608
 33.1661 0.004598
 33.2467 0.004573
 33.3270 0.004568
 33.4073 0.004608
 33.4876 0.004611
 33.5686 0.004635
 33.6489 0.004644
 33.7290 0.004630
 33.8106 0.004607
 33.8913 0.004644
 33.9726 0.004657
 34.0531 0.004650
 34.1339 0.004632
 34.2170 0.004628
 34.2992 0.004620
 34.3815 0.004587
 34.4626 0.004593
 34.5449 0.004663
 34.6275 0.004668
 34.7101 0.004691
 34.7923 0.004661
 34.8759 0.004661
 34.9602 0.004694
 35.0446 0.004708
 35.1279 0.004750
 35.2123 0.004714
 35.2976 0.004685
 35.3836 0.004683
 35.4703 0.004706
 35.5557 0.004772
 35.6421 0.004800
 35.7284 0.004782
 35.8151 0.004770
 35.9027 0.004763
 35.9900 0.004769
 36.0785 0.004768
 36.1683 0.004806
 36.2589 0.004830
 36.3501 0.004852
 36.4423 0.004916
 36.5334 0.004992
 36.6265 0.005019
 36.7189 0.005065
 36.8122 0.005088
 36.9059 0.005061
 37.0004 0.005104
 37.0954 0.005081
 37.1911 0.005106
 37.2887 0.005074
 37.3879 0.005051
 37.4870 0.005036
 37.5880 0.005092
 37.6890 0.005128
 37.7912 0.005192
 37.8949 0.005251
 38.0000 0.005257
 38.1045 0.005277
 38.2099 0.005308
 38.3175 0.005272
 38.4262 0.005313
 38.5360 0.005340
 38.6463 0.005346
 38.7604 0.005406
 38.8734 0.005378
 38.9889 0.005420
 39.1059 0.005490
 39.2248 0.005540
 39.3454 0.005540
 39.4688 0.005577
 39.5935 0.005561
 39.7186 0.005630
 39.8454 0.005656
 39.9762 0.005689
 40.1091 0.005779
 40.2431 0.005771
 40.3813 0.005799
 40.5210 0.005820
 40.6639 0.005833
 40.8082 0.005976
 40.9575 0.005997
 41.1122 0.006072
 41.2673 0.006130
 41.4269 0.006129
 41.5914 0.006247
 41.7586 0.006229
 41.9303 0.006313
 42.1075 0.006434
 42.2899 0.006422
 42.4780 0.006534
 42.6705 0.006582
 42.8680 0.006706
 43.0735 0.006771
 43.2869 0.006902
 43.5100 0.007113
 43.7378 0.007240
 43.9765 0.007476
 44.2280 0.007674
 44.4893 0.007940
 44.7650 0.008182
 45.0589 0.008328
 45.3657 0.008550
 45.6962 0.008817
 46.0484 0.009145
 46.4253 0.009411
 46.8366 0.009706
 47.2881 0.010238
 47.7775 0.010641
 48.3325 0.011151
 48.9546 0.012053
 49.6820 0.013089
 50.5509 0.014267
 51.6496 0.015616
 53.1892 0.019148
 53.5878 0.020624
 54.0204 0.021721
 54.5186 0.022908
 55.0718 0.024487
 55.7397 0.026071
 56.5489 0.028714
 57.5546 0.032607
 58.9427 0.038407
 61.2151 0.055595
 63.4377 0.071995
 66.4690 0.104944
 68.8749 0.147171
lm1s-04-6 3 1
 17.5427 0.041364
 18.1577 0.033095
 19.0384 0.023765
 19.7685 0.018023
 20.5719 0.014281
 21.0753 0.012257
 21.4650 0.010882
 21.7736 0.010171
 22.0216 0.009376
 22.2505 0.008991
 22.4539 0.008485
 22.6373 0.008198
 22.8036 0.007935
 23.4842 0.007237
 23.9991 0.006527
 24.4203 0.006498
 24.7838 0.006143
 25.1027 0.005888
 25.3914 0.005596
 25.6528 0.005557
 25.8919 0.005425
 26.1161 0.005160
 26.3271 0.005223
 26.5269 0.004969
 26.7166 0.004986
 26.8933 0.004880
 27.0644 0.004806
 27.2304 0.004813
 27.3898 0.004791
 27.5427 0.004681
 27.6900 0.004647
 27.8312 0.004602
 27.9701 0.004581
 28.1048 0.004542
 28.2356 0.004482
 28.3647 0.004479
 28.4909 0.004448
 28.6133 0.004386
 28.7333 0.004418
 28.8524 0.004413
 28.9695 0.004451
 29.0849 0.004437
 29.1978 0.004477
 29.3071 0.004533
 29.4164 0.004532
 29.5232 0.004441
 29.6274 0.004468
 29.7306 0.004459
 29.8322 0.004442
 29.9338 0.004418
 30.0330 0.004374
 30.1322 0.004385
 30.2302 0.004385
 30.3267 0.004424
 30.4224 0.004383
 30.5161 0.004378
 30.6100 0.004415
 30.7025 0.004365
 30.7952 0.004359
 30.8859 0.004336
 30.9764 0.004351
 31.0660 0.004340
 31.1553 0.004326
 31.2440 0.004356
 31.3331 0.004350
 31.4204 0.004323
 31.5074 0.004309
 31.5951 0.004292
 31.6815 0.004302
 31.7671 0.004323
 31.8533 0.004366
 31.9383 0.004347
 32.0217 0.004342
 32.1061 0.004357
 32.1897 0.004349
 32.2728 0.004391
 32.3550 0.004388
 32.4368 0.004416
 32.5180 0.004422
 32.5993 0.004395
 32.6810 0.004430
 32.7624 0.004453
 32.8441 0.004443
 32.9258 0.004431
 33.0079 0.004434
 33.0887 0.004459
 33.1691 0.004463
 33.2486 0.004486
 33.3284 0.004485
 33.4097 0.004531
 33.4893 0.004551
 33.5699 0.004583
 33.6497 0.004553
 33.7306 0.004589
 33.8113 0.004614
 33.8926 0.004599
 33.9731 0.004601
 34.0527 0.004619
 34.1332 0.004643
 34.2133 0.004621
 34.2938 0.004602
 34.3745 0.004561
 34.4558 0.004572
 34.5362 0.004576
 34.6171 0.004550
 34.6982 0.004573
 34.7798 0.004570
 34.8608 0.004574
 34.9426 0.004599
 35.0249 0.004573
 35.1061 0.004567
 35.1876 0.004607
 35.2695 0.004614
 35.3521 0.004567
 35.4348 0.004601
 35.5166 0.004548
 35.6001 0.004585
 35.6832 0.004610
 35.7669 0.004613
 35.8500 0.004635
 35.9340 0.004638
 36.0181 0.004615
 36.1022 0.004610
 36.1871 0.004608
 36.2727 0.004582
 36.3592 0.004633
 36.4463 0.004699
 36.5334 0.004738
 36.6211 0.004764
 36.7082 0.004759
 36.7947 0.004798
 36.8849 0.004757
 36.9728 0.004829
 37.0623 0.004824
 37.1527 0.004833
 37.2435 0.004858
 37.3353 0.004875
 37.4269 0.004896
 37.5186 0.004923
 37.6127 0.004922
 37.7075 0.004982
 37.8024 0.005037
 37.8980 0.005090
 37.9948 0.005078
 38.0923 0.005088
 38.1901 0.005082
 38.2890 0.005071
 38.3898 0.005089
 38.4907 0.005160
 38.5916 0.005191
 38.6949 0.005182
 38.7984 0.005255
 38.9047 0.005325
 39.0102 0.005398
 39.1183 0.005403
 39.2261 0.005409
 39.3365 0.005452
 39.4502 0.005425
 39.5631 0.005445
 39.6775 0.005477
 39.7931 0.005479
 39.9102 0.005502
 40.0298 0.005513
 40.1499 0.005539
 40.2717 0.005547
 40.3952 0.005607
 40.5216 0.005571
 40.6480 0.005612
 40.7771 0.005694
 40.9100 0.005718
 41.0449 0.005764
 41.1828 0.005802
 41.3237 0.005894
 41.4658 0.005962
 41.6111 0.006090
 41.7608 0.006054
 41.9133 0.006104
 42.0700 0.006166
 42.2318 0.006305
 42.3973 0.006292
 42.5648 0.006331
 42.7363 0.006417
 42.9116 0.006457
 43.0900 0.006481
 43.2767 0.006489
 43.4676 0.006604
 43.6650 0.006690
 43.8705 0.006840
 44.0832 0.007051
 44.3037 0.007279
 44.5326 0.007440
 44.7724 0.007581
 45.0240 0.007868
 45.2857 0.008125
 45.5585 0.008119
 45.8502 0.008250
 46.1656 0.008447
 46.4911 0.008698
 46.8439 0.008912
 47.2245 0.009331
 47.6312 0.009777
 48.0762 0.010158
 48.5700 0.010973
 49.1237 0.011470
 49.7495 0.012025
 50.4758 0.013119
 51.3345 0.014302
 52.4548 0.015852
 53.9962 0.019660
 54.3955 0.020572
 54.8218 0.021535
 55.3177 0.022538
 55.8589 0.023918
 56.5158 0.025832
 57.3268 0.028438
 58.3255 0.032946
 59.7041 0.039625
 62.0537 0.053753
 64.3060 0.073943
 67.3038 0.106444
 69.6819 0.156245
 lm2-04-6 3 1
 18.7155 0.045181
 19.3491 0.033734
 20.2713 0.024832
 21.0358 0.018969
 21.8738 0.015113
 22.4098 0.013082
 22.8076 0.011963
 23.1262 0.011407
 23.3946 0.010787
 23.6267 0.010239
 23.8417 0.009803
 24.0330 0.009177
 24.2056 0.008966
 24.8977 0.007669
 25.4334 0.006991
 25.8744 0.006539
 26.2587 0.006160
 26.5854 0.005777
 26.8820 0.005636
 27.1538 0.005556
 27.4042 0.005450
 27.6372 0.005302
 27.8566 0.005257
 28.0616 0.005166
 28.2557 0.005096
 28.4424 0.005051
 28.6221 0.004978
 28.7938 0.004876
 28.9577 0.004876
 29.1173 0.004859
 29.2720 0.004886
 29.4204 0.004807
 29.5665 0.004738
 29.7078 0.004664
 29.8443 0.004604
 29.9781 0.004592
 30.1080 0.004458
 30.2356 0.004535
 30.3599 0.004509
 30.4826 0.004502
 30.6043 0.004390
 30.7219 0.004446
 30.8390 0.004390
 30.9532 0.004400
 31.0662 0.004377
 31.1778 0.004446
 31.2870 0.004385
 31.3954 0.004376
 31.5016 0.004376
 31.6074 0.004364
 31.7103 0.004361
 31.8136 0.004358
 31.9154 0.004331
 32.0151 0.004323
 32.1146 0.004337
 32.2129 0.004345
 32.3103 0.004350
 32.4060 0.004336
 32.5012 0.004329
 32.5949 0.004361
 32.6884 0.004347
 32.7814 0.004342
 32.8736 0.004343
 32.9661 0.004308
 33.0576 0.004279
 33.1493 0.004250
 33.2397 0.004193
 33.3285 0.004225
 33.4172 0.004180
 33.5061 0.004187
 33.5947 0.004221
 33.6822 0.004259
 33.7692 0.004207
 33.8563 0.004218
 33.9419 0.004195
 34.0291 0.004213
 34.1151 0.004230
 34.2003 0.004256
 34.2851 0.004322
 34.3703 0.004321
 34.4550 0.004387
 34.5410 0.004347
 34.6257 0.004329
 34.7086 0.004366
 34.7921 0.004399
 34.8758 0.004421
 34.9584 0.004432
 35.0418 0.004382
 35.1246 0.004408
 35.2083 0.004420
 35.2917 0.004462
 35.3748 0.004463
 35.4573 0.004536
 35.5400 0.004541
 35.6233 0.004539
 35.7059 0.004562
 35.7896 0.004588
 35.8723 0.004573
 35.9561 0.004603
 36.0391 0.004610
 36.1212 0.004637
 36.2049 0.004650
 36.2881 0.004704
 36.3713 0.004690
 36.4556 0.004645
 36.5380 0.004671
 36.6218 0.004664
 36.7060 0.004646
 36.7897 0.004657
 36.8736 0.004642
 36.9578 0.004642
 37.0415 0.004672
 37.1261 0.004673
 37.2112 0.004725
 37.2967 0.004752
 37.3815 0.004754
 37.4682 0.004790
 37.5539 0.004765
 37.6405 0.004769
 37.7272 0.004753
 37.8145 0.004777
 37.9015 0.004797
 37.9892 0.004819
 38.0772 0.004827
 38.1664 0.004844
 38.2545 0.004899
 38.3438 0.004900
 38.4329 0.004920
 38.5230 0.004929
 38.6133 0.004920
 38.7046 0.004918
 38.7953 0.004942
 38.8865 0.004940
 38.9793 0.004944
 39.0724 0.004955
 39.1664 0.004992
 39.2610 0.005018
 39.3561 0.005037
 39.4525 0.005056
 39.5480 0.005085
 39.6456 0.005117
 39.7433 0.005142
 39.8422 0.005133
 39.9417 0.005166
 40.0420 0.005173
 40.1430 0.005134
 40.2455 0.005148
 40.3496 0.005163
 40.4531 0.005187
 40.5578 0.005209
 40.6643 0.005248
 40.7706 0.005289
 40.8789 0.005390
 40.9884 0.005384
 41.0981 0.005390
 41.2100 0.005430
 41.3231 0.005404
 41.4375 0.005471
 41.5535 0.005473
 41.6725 0.005474
 41.7912 0.005464
 41.9124 0.005448
 42.0350 0.005495
 42.1593 0.005532
 42.2850 0.005554
 42.4106 0.005607
 42.5395 0.005655
 42.6702 0.005716
 42.8033 0.005791
 42.9383 0.005805
 43.0762 0.005824
 43.2195 0.005823
 43.3643 0.005908
 43.5111 0.005929
 43.6606 0.005959
 43.8127 0.005996
 43.9694 0.006014
 44.1292 0.006085
 44.2934 0.006187
 44.4615 0.006291
 44.6338 0.006349
 44.8093 0.006526
 44.9897 0.006738
 45.1750 0.006895
 45.3681 0.006948
 45.5673 0.007011
 45.7727 0.007136
 45.9867 0.007194
 46.2036 0.007280
 46.4317 0.007364
 46.6700 0.007619
 46.9127 0.007770
 47.1681 0.007942
 47.4394 0.008067
 47.7224 0.008119
 48.0233 0.008513
 48.3381 0.008801
 48.6798 0.008874
 49.0400 0.009237
 49.4290 0.009508
 49.8528 0.009851
 50.3125 0.010131
 50.8186 0.010556
 51.3832 0.011245
 52.0236 0.011777
 52.7720 0.012375
 53.6832 0.014037
 54.8168 0.016394
 56.3800 0.019751
 56.7821 0.020499
 57.2364 0.021839
 57.7422 0.023309
 58.2956 0.024515
 58.9499 0.027002
 59.7428 0.030071
 60.7838 0.033405
 62.1574 0.041459
 64.5704 0.053676
 66.9099 0.075488
 70.0624 0.111524
 72.2293 0.151178
lm2s-04-6 3 1
 19.5245 0.048145
 20.1934 0.036823
 21.1224 0.024348
 21.8817 0.018264
 22.7157 0.015318
 23.2441 0.012687
 23.6362 0.011520
 23.9549 0.011087
 24.2210 0.010261
 24.4611 0.009844
 24.6705 0.009551
 24.8616 0.009335
 25.0350 0.008974
 25.7360 0.007908
 26.2680 0.006999
 26.7061 0.006470
 27.0794 0.006148
 27.4103 0.005806
 27.7059 0.005674
 27.9768 0.005623
 28.2293 0.005417
 28.4612 0.005333
 28.6803 0.005287
 28.8866 0.005157
 29.0824 0.005186
 29.2677 0.005144
 29.4458 0.005086
 29.6177 0.005087
 29.7829 0.005044
 29.9412 0.004943
 30.0943 0.004965
 30.2423 0.004889
 30.3881 0.004797
 30.5276 0.004734
 30.6650 0.004617
 30.7985 0.004547
 30.9310 0.004556
 31.0575 0.004609
 31.1823 0.004628
 31.3044 0.004520
 31.4254 0.004425
 31.5422 0.004447
 31.6579 0.004434
 31.7727 0.004485
 31.8857 0.004493
 31.9946 0.004478
 32.1051 0.004494
 32.2134 0.004523
 32.3203 0.004497
 32.4249 0.004416
 32.5294 0.004432
 32.6297 0.004397
 32.7313 0.004376
 32.8297 0.004442
 32.9297 0.004365
 33.0271 0.004326
 33.1248 0.004322
 33.2219 0.004291
 33.3173 0.004273
 33.4121 0.004250
 33.5056 0.004285
 33.5978 0.004296
 33.6899 0.004310
 33.7823 0.004254
 33.8732 0.004236
 33.9641 0.004221
 34.0538 0.004233
 34.1432 0.004215
 34.2326 0.004216
 34.3209 0.004198
 34.4093 0.004219
 34.4974 0.004263
 34.5849 0.004264
 34.6725 0.004271
 34.7578 0.004289
 34.8433 0.004259
 34.9287 0.004279
 35.0140 0.004331
 35.0987 0.004299
 35.1840 0.004313
 35.2687 0.004333
 35.3519 0.004334
 35.4360 0.004374
 35.5193 0.004416
 35.6031 0.004394
 35.6872 0.004430
 35.7709 0.004471
 35.8548 0.004510
 35.9370 0.004498
 36.0204 0.004510
 36.1032 0.004527
 36.1865 0.004540
 36.2701 0.004586
 36.3529 0.004606
 36.4356 0.004650
 36.5180 0.004626
 36.6011 0.004602
 36.6848 0.004620
 36.7677 0.004630
 36.8504 0.004608
 36.9325 0.004575
 37.0152 0.004569
 37.0981 0.004583
 37.1806 0.004590
 37.2639 0.004578
 37.3460 0.004570
 37.4294 0.004614
 37.5135 0.004621
 37.5976 0.004582
 37.6827 0.004640
 37.7663 0.004620
 37.8512 0.004633
 37.9360 0.004643
 38.0213 0.004639
 38.1064 0.004709
 38.1913 0.004722
 38.2767 0.004726
 38.3625 0.004749
 38.4490 0.004763
 38.5362 0.004752
 38.6222 0.004793
 38.7097 0.004775
 38.7964 0.004828
 38.8852 0.004836
 38.9739 0.004819
 39.0614 0.004828
 39.1513 0.004872
 39.2410 0.004881
 39.3311 0.004920
 39.4203 0.004858
 39.5114 0.004895
 39.6024 0.004939
 39.6953 0.004940
 39.7874 0.004915
 39.8800 0.004940
 39.9735 0.004990
 40.0677 0.005016
 40.1629 0.004983
 40.2582 0.004972
 40.3541 0.004952
 40.4514 0.004921
 40.5484 0.004965
 40.6468 0.005026
 40.7472 0.004981
 40.8465 0.005029
 40.9477 0.005060
 41.0503 0.005170
 41.1536 0.005172
 41.2572 0.005174
 41.3621 0.005165
 41.4668 0.005228
 41.5741 0.005237
 41.6827 0.005195
 41.7921 0.005225
 41.9029 0.005268
 42.0149 0.005311
 42.1281 0.005257
 42.2427 0.005274
 42.3573 0.005303
 42.4746 0.005346
 42.5911 0.005405
 42.7114 0.005482
 42.8336 0.005529
 42.9563 0.005600
 43.0830 0.005622
 43.2109 0.005576
 43.3428 0.005616
 43.4740 0.005654
 43.6073 0.005658
 43.7429 0.005749
 43.8829 0.005769
 44.0225 0.005816
 44.1641 0.005831
 44.3097 0.005918
 44.4586 0.006014
 44.6110 0.006059
 44.7667 0.006208
 44.9252 0.006250
 45.0910 0.006296
 45.2584 0.006473
 45.4298 0.006601
 45.6067 0.006608
 45.7860 0.006764
 45.9734 0.006705
 46.1652 0.006882
 46.3629 0.007046
 46.5661 0.007101
 46.7795 0.007286
 46.9993 0.007380
 47.2277 0.007613
 47.4619 0.007768
 47.7097 0.007923
 47.9666 0.008099
 48.2358 0.008335
 48.5213 0.008432
 48.8165 0.008638
 49.1353 0.008895
 49.4739 0.009051
 49.8359 0.009479
 50.2228 0.009701
 50.6428 0.009796
 51.1028 0.010139
 51.6116 0.010752
 52.1764 0.011040
 52.8181 0.011381
 53.5722 0.012895
 54.4702 0.014458
 55.6072 0.016012
 57.1793 0.020045
 57.5863 0.021556
 58.0316 0.022481
 58.5109 0.023396
 59.0728 0.025352
 59.7350 0.027667
 60.5356 0.030565
 61.5522 0.034806
 62.9367 0.042396
 65.3703 0.054555
 67.7088 0.073658
 70.8787 0.109295
 72.8947 0.147718
 tr0-04-6 3 1
 38.9911 0.108197
 40.4539 0.074984
 42.4049 0.052751
 44.0471 0.039841
 45.8556 0.029410
 46.9521 0.026036
 47.7869 0.023641
 48.4608 0.022472
 49.0286 0.020977
 49.5195 0.019553
 49.9611 0.018675
 50.3566 0.017921
 50.7195 0.017290
 52.1780 0.015068
 53.2779 0.013591
 54.1765 0.012405
 54.9409 0.011529
 55.6157 0.011441
 56.2146 0.011008
 56.7576 0.011253
 57.2624 0.011143
 57.7232 0.010916
 58.1605 0.010863
 58.5692 0.010495
 58.9612 0.010166
 59.3320 0.009931
 59.6881 0.009538
 60.0245 0.009463
 60.3488 0.009262
 60.6608 0.009219
 60.9602 0.009208
 61.2517 0.009163
 61.5333 0.009016
 61.8100 0.008921
 62.0781 0.009039
 62.3384 0.009015
 62.5919 0.008927
 62.8404 0.008922
 63.0816 0.008777
 63.3195 0.008713
 63.5531 0.008742
 63.7804 0.008520
 64.0054 0.008530
 64.2262 0.008568
 64.4457 0.008545
 64.6571 0.008534
 64.8654 0.008541
 65.0712 0.008449
 65.2753 0.008377
 65.4733 0.008405
 65.6693 0.008491
 65.8633 0.008473
 66.0552 0.008345
 66.2468 0.008367
 66.4374 0.008242
 66.6240 0.008177
 66.8067 0.008164
 66.9897 0.008219
 67.1723 0.008224
 67.3522 0.008281
 67.5312 0.008262
 67.7056 0.008346
 67.8806 0.008429
 68.0528 0.008377
 68.2227 0.008368
 68.3967 0.008334
 68.5665 0.008430
 68.7346 0.008346
 68.9017 0.008355
 69.0676 0.008257
 69.2312 0.008204
 69.3962 0.008137
 69.5568 0.008100
 69.7200 0.008103
 69.8797 0.008032
 70.0396 0.008102
 70.1994 0.008105
 70.3593 0.008064
 70.5144 0.008010
 70.6693 0.007971
 70.8258 0.007965
 70.9820 0.007952
 71.1359 0.007926
 71.2903 0.007900
 71.4435 0.007993
 71.5973 0.007998
 71.7496 0.008069
 71.9028 0.008127
 72.0547 0.008112
 72.2089 0.008050
 72.3602 0.008008
 72.5109 0.007888
 72.6626 0.007905
 72.8135 0.008000
 72.9643 0.008017
 73.1144 0.007983
 73.2653 0.008061
 73.4159 0.008095
 73.5641 0.008147
 73.7133 0.008141
 73.8642 0.008175
 74.0133 0.008179
 74.1636 0.008184
 74.3157 0.008128
 74.4640 0.008157
 74.6144 0.008210
 74.7633 0.008282
 74.9156 0.008259
 75.0657 0.008232
 75.2171 0.008256
 75.3671 0.008279
 75.5187 0.008174
 75.6722 0.008264
 75.8242 0.008306
 75.9760 0.008334
 76.1276 0.008269
 76.2800 0.008314
 76.4324 0.008315
 76.5879 0.008388
 76.7434 0.008307
 76.8971 0.008314
 77.0497 0.008333
 77.2055 0.008404
 77.3608 0.008492
 77.5159 0.008505
 77.6716 0.008464
 77.8309 0.008420
 77.9884 0.008473
 78.1473 0.008489
 78.3065 0.008531
 78.4669 0.008591
 78.6279 0.008600
 78.7886 0.008557
 78.9504 0.008554
 79.1135 0.008631
 79.2772 0.008560
 79.4428 0.008664
 79.6090 0.008646
 79.7740 0.008710
 79.9404 0.008760
 80.1103 0.008734
 80.2781 0.008751
 80.4504 0.008848
 80.6234 0.008815
 80.7971 0.008908
 80.9718 0.008938
 81.1464 0.008881
 81.3239 0.008918
 81.5028 0.008958
 81.6797 0.009111
 81.8614 0.009241
 82.0458 0.009316
 82.2294 0.009342
 82.4190 0.009440
 82.6059 0.009584
 82.7936 0.009531
 82.9884 0.009497
 83.1837 0.009334
 83.3826 0.009401
 83.5837 0.009381
 83.7856 0.009444
 83.9901 0.009526
 84.1970 0.009557
 84.4080 0.009680
 84.6217 0.009750
 84.8378 0.009823
 85.0534 0.009735
 85.2757 0.009714
 85.5008 0.009872
 85.7313 0.009857
 85.9629 0.009911
 86.2021 0.009931
 86.4446 0.009964
 86.6892 0.009839
 86.9384 0.009909
 87.1950 0.009917
 87.4565 0.010102
 87.7202 0.010211
 87.9919 0.010252
 88.2693 0.010466
 88.5556 0.010463
 88.8482 0.010593
 89.1474 0.010872
 89.4553 0.010981
 89.7739 0.011252
 90.0985 0.011361
 90.4317 0.011584
 90.7853 0.011726
 91.1417 0.011661
 91.5125 0.011781
 91.8979 0.012046
 92.2957 0.012033
 92.7097 0.012101
 93.1460 0.012246
 93.5998 0.012596
 94.0792 0.012930
 94.5835 0.013482
 95.1230 0.013993
 95.6995 0.014540
 96.3126 0.015461
 96.9713 0.015660
 97.6879 0.016148
 98.4794 0.016393
 99.3534 0.017196
100.3597 0.018084
101.5273 0.019087
102.9004 0.022302
104.6184 0.024379
106.9661 0.028560
107.5867 0.030423
108.2404 0.031136
108.9913 0.032213
109.8597 0.034193
110.8836 0.036558
112.0874 0.038948
113.5960 0.045499
115.6582 0.054796
118.9364 0.076785
122.2557 0.109603
126.4349 0.170052
129.3428 0.239292
 tr1-04-6 3 1
 44.6311 0.106461
 46.2445 0.080433
 48.3671 0.056060
 50.1389 0.043201
 52.1064 0.034264
 53.3187 0.028059
 54.2129 0.025453
 54.9285 0.023564
 55.5447 0.021598
 56.0809 0.019939
 56.5564 0.019402
 56.9688 0.018552
 57.3444 0.018033
 58.8819 0.016781
 60.0482 0.014878
 61.0020 0.014075
 61.8174 0.013409
 62.5388 0.012829
 63.1839 0.012538
 63.7566 0.012322
 64.2897 0.012063
 64.7797 0.011916
 65.2453 0.011586
 65.6844 0.011392
 66.0944 0.011024
 66.4874 0.010807
 66.8614 0.010558
 67.2222 0.010331
 67.5679 0.010272
 67.8971 0.009994
 68.2157 0.009895
 68.5248 0.009870
 68.8196 0.009816
 69.1097 0.009672
 69.3906 0.009704
 69.6672 0.009672
 69.9363 0.009726
 70.1991 0.009630
 70.4603 0.009397
 70.7091 0.009175
 70.9502 0.009105
 71.1896 0.009126
 71.4263 0.009123
 71.6612 0.009112
 71.8879 0.009175
 72.1130 0.009175
 72.3348 0.009103
 72.5501 0.008943
 72.7646 0.009004
 72.9762 0.008994
 73.1835 0.008931
 73.3881 0.008852
 73.5909 0.008762
 73.7919 0.008757
 73.9900 0.008721
 74.1866 0.008760
 74.3793 0.008655
 74.5739 0.008694
 74.7660 0.008718
 74.9532 0.008613
 75.1371 0.008563
 75.3213 0.008515
 75.5035 0.008530
 75.6813 0.008601
 75.8593 0.008639
 76.0358 0.008626
 76.2125 0.008531
 76.3899 0.008507
 76.5623 0.008415
 76.7372 0.008393
 76.9125 0.008415
 77.0850 0.008524
 77.2545 0.008453
 77.4231 0.008440
 77.5925 0.008468
 77.7611 0.008486
 77.9294 0.008593
 78.0954 0.008611
 78.2616 0.008583
 78.4278 0.008561
 78.5941 0.008529
 78.7585 0.008596
 78.9189 0.008567
 79.0814 0.008519
 79.2427 0.008551
 79.4060 0.008563
 79.5673 0.008630
 79.7294 0.008550
 79.8906 0.008518
 80.0512 0.008521
 80.2097 0.008523
 80.3694 0.008515
 80.5276 0.008405
 80.6875 0.008378
 80.8460 0.008458
 81.0038 0.008448
 81.1612 0.008476
 81.3184 0.008455
 81.4774 0.008508
 81.6353 0.008460
 81.7931 0.008435
 81.9523 0.008414
 82.1118 0.008392
 82.2690 0.008361
 82.4279 0.008295
 82.5837 0.008228
 82.7409 0.008155
 82.8978 0.008133
 83.0545 0.008167
 83.2144 0.008116
 83.3724 0.008169
 83.5308 0.008217
 83.6882 0.008154
 83.8453 0.008211
 84.0048 0.008179
 84.1659 0.008218
 84.3247 0.008276
 84.4849 0.008317
 84.6449 0.008354
 84.8055 0.008363
 84.9653 0.008337
 85.1261 0.008290
 85.2881 0.008156
 85.4502 0.008293
 85.6146 0.008343
 85.7801 0.008396
 85.9451 0.008409
 86.1100 0.008451
 86.2754 0.008528
 86.4410 0.008572
 86.6080 0.008620
 86.7756 0.008715
 86.9445 0.008749
 87.1141 0.008713
 87.2856 0.008705
 87.4552 0.008742
 87.6285 0.008775
 87.8013 0.008862
 87.9759 0.008881
 88.1524 0.008929
 88.3283 0.009062
 88.5058 0.009156
 88.6877 0.009223
 88.8666 0.009118
 89.0484 0.009266
 89.2275 0.009357
 89.4143 0.009456
 89.5976 0.009553
 89.7875 0.009553
 89.9770 0.009453
 90.1683 0.009483
 90.3610 0.009551
 90.5542 0.009627
 90.7482 0.009689
 90.9453 0.009690
 91.1462 0.009778
 91.3517 0.009823
 91.5545 0.009795
 91.7589 0.009908
 91.9667 0.009971
 92.1782 0.010094
 92.3877 0.010155
 92.6081 0.010193
 92.8275 0.010209
 93.0510 0.010270
 93.2754 0.010256
 93.5044 0.010317
 93.7377 0.010204
 93.9761 0.010287
 94.2165 0.010301
 94.4593 0.010490
 94.7065 0.010496
 94.9617 0.010461
 95.2177 0.010567
 95.4789 0.010426
 95.7464 0.010528
 96.0160 0.010754
 96.2938 0.010792
 96.5787 0.010813
 96.8681 0.010969
 97.1652 0.011296
 97.4669 0.011296
 97.7784 0.011364
 98.0940 0.011386
 98.4218 0.011537
 98.7610 0.011763
 99.1080 0.011730
 99.4654 0.011919
 99.8408 0.012124
100.2329 0.012351
100.6324 0.012606
101.0448 0.012630
101.4753 0.012901
101.9295 0.012965
102.4044 0.013065
102.9029 0.013298
103.4329 0.013251
103.9908 0.013350
104.5848 0.013443
105.2179 0.013949
105.9077 0.014528
106.6650 0.015528
107.4828 0.016641
108.4025 0.017186
109.4449 0.018642
110.6651 0.020383
112.0996 0.022085
113.9080 0.024440
116.3661 0.027961
116.9792 0.029535
117.6623 0.031567
118.4340 0.033396
119.2858 0.036268
120.3135 0.040133
121.5262 0.044822
123.0882 0.048893
125.1952 0.057569
128.7366 0.081962
132.1363 0.111819
136.6522 0.175480
139.4615 0.230118
tr1s-04-6 3 1
 49.0192 0.105147
 50.4553 0.079612
 52.6357 0.058373
 54.3719 0.043433
 56.2807 0.032706
 57.4939 0.027601
 58.3838 0.024958
 59.1025 0.023916
 59.7021 0.022195
 60.2096 0.021089
 60.6774 0.020272
 61.0898 0.019165
 61.4677 0.018260
 63.0187 0.015257
 64.1661 0.014326
 65.1112 0.013903
 65.9371 0.013571
 66.6419 0.013140
 67.2737 0.012533
 67.8538 0.012139
 68.3916 0.011749
 68.8851 0.011113
 69.3490 0.010909
 69.7858 0.010763
 70.1960 0.010593
 70.5778 0.010402
 70.9497 0.010512
 71.3042 0.010330
 71.6474 0.010161
 71.9768 0.010192
 72.2930 0.010030
 72.6002 0.009788
 72.8981 0.009678
 73.1867 0.009584
 73.4658 0.009499
 73.7384 0.009278
 74.0085 0.009324
 74.2706 0.009324
 74.5236 0.009492
 74.7746 0.009337
 75.0199 0.009275
 75.2588 0.009134
 75.4932 0.009054
 75.7247 0.008937
 75.9510 0.008925
 76.1729 0.008859
 76.3895 0.008752
 76.6035 0.008784
 76.8124 0.008772
 77.0225 0.008777
 77.2279 0.008797
 77.4317 0.008821
 77.6341 0.008806
 77.8314 0.008879
 78.0295 0.008922
 78.2243 0.008990
 78.4169 0.008907
 78.6071 0.008936
 78.7956 0.009022
 78.9820 0.008924
 79.1674 0.008868
 79.3527 0.008857
 79.5351 0.008800
 79.7161 0.008770
 79.8952 0.008690
 80.0727 0.008630
 80.2500 0.008728
 80.4265 0.008652
 80.5999 0.008682
 80.7735 0.008683
 80.9442 0.008697
 81.1163 0.008682
 81.2857 0.008616
 81.4547 0.008553
 81.6243 0.008562
 81.7906 0.008568
 81.9572 0.008519
 82.1239 0.008486
 82.2908 0.008478
 82.4537 0.008470
 82.6181 0.008508
 82.7806 0.008422
 82.9441 0.008454
 83.1060 0.008420
 83.2685 0.008430
 83.4278 0.008446
 83.5878 0.008408
 83.7476 0.008426
 83.9092 0.008414
 84.0665 0.008444
 84.2246 0.008333
 84.3809 0.008254
 84.5399 0.008191
 84.6944 0.008235
 84.8519 0.008293
 85.0075 0.008311
 85.1649 0.008331
 85.3205 0.008356
 85.4780 0.008269
 85.6370 0.008234
 85.7950 0.008159
 85.9517 0.008224
 86.1087 0.008133
 86.2639 0.008198
 86.4201 0.008100
 86.5778 0.008183
 86.7368 0.008202
 86.8920 0.008266
 87.0485 0.008235
 87.2076 0.008259
 87.3646 0.008323
 87.5231 0.008256
 87.6796 0.008241
 87.8388 0.008202
 87.9978 0.008266
 88.1556 0.008370
 88.3123 0.008404
 88.4743 0.008433
 88.6357 0.008473
 88.7968 0.008522
 88.9573 0.008496
 89.1187 0.008539
 89.2809 0.008604
 89.4427 0.008567
 89.6046 0.008576
 89.7678 0.008658
 89.9317 0.008576
 90.0969 0.008538
 90.2627 0.008484
 90.4300 0.008551
 90.5972 0.008565
 90.7647 0.008566
 90.9323 0.008607
 91.0997 0.008634
 91.2678 0.008716
 91.4404 0.008715
 91.6117 0.008821
 91.7836 0.008847
 91.9580 0.008988
 92.1329 0.008941
 92.3108 0.008950
 92.4880 0.009125
 92.6636 0.009084
 92.8423 0.009139
 93.0212 0.009170
 93.2018 0.009258
 93.3851 0.009282
 93.5709 0.009225
 93.7585 0.009271
 93.9450 0.009419
 94.1372 0.009531
 94.3289 0.009564
 94.5212 0.009615
 94.7138 0.009673
 94.9124 0.009710
 95.1118 0.009846
 95.3145 0.009868
 95.5173 0.009990
 95.7226 0.009977
 95.9295 0.010002
 96.1376 0.010051
 96.3498 0.010041
 96.5666 0.010092
 96.7876 0.010031
 97.0096 0.010023
 97.2366 0.010169
 97.4642 0.010232
 97.6977 0.010240
 97.9296 0.010404
 98.1710 0.010447
 98.4132 0.010531
 98.6565 0.010657
 98.9081 0.010894
 99.1647 0.010838
 99.4268 0.010851
 99.6867 0.010818
 99.9551 0.010970
100.2320 0.010992
100.5093 0.011020
100.7985 0.011280
101.0911 0.011224
101.3954 0.011254
101.7091 0.011373
102.0293 0.011484
102.3574 0.011595
102.6905 0.011735
103.0390 0.011885
103.3968 0.012039
103.7687 0.012045
104.1488 0.012357
104.5489 0.012456
104.9641 0.012655
105.3943 0.012504
105.8463 0.012763
106.3198 0.012758
106.8154 0.012715
107.3395 0.013196
107.8972 0.013606
108.4877 0.013931
109.1258 0.014398
109.8231 0.015012
110.5694 0.015593
111.3960 0.016611
112.3078 0.017868
113.3486 0.018614
114.5544 0.019793
115.9896 0.021315
117.8003 0.024230
120.2461 0.028934
120.8693 0.029799
121.5531 0.031375
122.3261 0.033297
123.1872 0.036211
124.2152 0.038718
125.4446 0.043338
126.9550 0.047409
129.1389 0.061072
132.5633 0.084601
136.0305 0.113577
140.3068 0.178968
143.5159 0.235573
 tr2-04-6 3 1
 51.2325 0.110041
 52.7630 0.080192
 54.9626 0.056019
 56.8651 0.044772
 58.8715 0.035432
 60.1449 0.030870
 61.0899 0.028324
 61.8776 0.026224
 62.5279 0.025226
 63.0852 0.024488
 63.5676 0.022824
 64.0142 0.022139
 64.4167 0.020840
 66.0399 0.017988
 67.2841 0.017027
 68.2851 0.015955
 69.1489 0.015030
 69.8999 0.013940
 70.5723 0.013653
 71.1905 0.013215
 71.7525 0.012949
 72.2824 0.012899
 72.7673 0.012489
 73.2286 0.012170
 73.6633 0.011835
 74.0749 0.011782
 74.4650 0.011425
 74.8389 0.011279
 75.2025 0.011145
 75.5501 0.010998
 75.8842 0.010818
 76.2076 0.010780
 76.5239 0.010514
 76.8296 0.010440
 77.1262 0.010414
 77.4144 0.010300
 77.6946 0.010112
 77.9707 0.010142
 78.2338 0.010126
 78.4979 0.009952
 78.7563 0.009823
 79.0054 0.009696
 79.2539 0.009716
 79.4983 0.009675
 79.7342 0.009605
 79.9707 0.009461
 80.2017 0.009279
 80.4253 0.009346
 80.6497 0.009464
 80.8721 0.009389
 81.0916 0.009392
 81.3040 0.009305
 81.5192 0.009310
 81.7291 0.009266
 81.9356 0.009144
 82.1434 0.009190
 82.3470 0.008978
 82.5464 0.008938
 82.7441 0.008901
 82.9395 0.008883
 83.1344 0.008817
 83.3287 0.008739
 83.5200 0.008734
 83.7099 0.008769
 83.9012 0.008732
 84.0876 0.008740
 84.2756 0.008736
 84.4594 0.008606
 84.6390 0.008567
 84.8203 0.008432
 85.0018 0.008522
 85.1819 0.008548
 85.3611 0.008496
 85.5385 0.008525
 85.7161 0.008585
 85.8924 0.008571
 86.0682 0.008538
 86.2425 0.008501
 86.4157 0.008461
 86.5896 0.008405
 86.7628 0.008431
 86.9348 0.008434
 87.1044 0.008455
 87.2744 0.008459
 87.4434 0.008504
 87.6123 0.008561
 87.7802 0.008538
 87.9472 0.008535
 88.1132 0.008588
 88.2795 0.008527
 88.4459 0.008567
 88.6103 0.008548
 88.7763 0.008702
 88.9420 0.008705
 89.1069 0.008747
 89.2731 0.008740
 89.4350 0.008765
 89.5997 0.008776
 89.7641 0.008751
 89.9280 0.008718
 90.0941 0.008705
 90.2593 0.008701
 90.4233 0.008696
 90.5863 0.008798
 90.7490 0.008855
 90.9117 0.008970
 91.0756 0.008963
 91.2392 0.008998
 91.4018 0.009005
 91.5670 0.008983
 91.7298 0.008946
 91.8948 0.008986
 92.0608 0.008952
 92.2294 0.008980
 92.3938 0.009058
 92.5600 0.009074
 92.7269 0.009138
 92.8950 0.009231
 93.0624 0.009201
 93.2285 0.009135
 93.3981 0.009231
 93.5674 0.009282
 93.7337 0.009381
 93.9030 0.009364
 94.0760 0.009423
 94.2481 0.009406
 94.4217 0.009349
 94.5957 0.009380
 94.7688 0.009384
 94.9426 0.009404
 95.1189 0.009412
 95.2942 0.009451
 95.4676 0.009461
 95.6442 0.009471
 95.8198 0.009419
 96.0000 0.009491
 96.1786 0.009503
 96.3587 0.009482
 96.5385 0.009666
 96.7204 0.009676
 96.9058 0.009644
 97.0915 0.009628
 97.2782 0.009635
 97.4680 0.009672
 97.6564 0.009633
 97.8474 0.009667
 98.0390 0.009692
 98.2319 0.009643
 98.4269 0.009684
 98.6225 0.009696
 98.8202 0.009805
 99.0204 0.009832
 99.2264 0.010007
 99.4318 0.009815
 99.6388 0.009844
 99.8460 0.009912
100.0579 0.009927
100.2718 0.009861
100.4860 0.009941
100.7050 0.010072
100.9234 0.010135
101.1455 0.010260
101.3723 0.010330
101.6018 0.010485
101.8316 0.010396
102.0647 0.010358
102.3059 0.010318
102.5471 0.010594
102.7922 0.010641
103.0391 0.010731
103.2905 0.010732
103.5468 0.010907
103.8090 0.010960
104.0725 0.010954
104.3440 0.011346
104.6225 0.011394
104.9006 0.011562
105.1879 0.011552
105.4826 0.011671
105.7823 0.011768
106.0913 0.011873
106.4103 0.011839
106.7320 0.011941
107.0642 0.011839
107.4019 0.011876
107.7578 0.012076
108.1163 0.012435
108.4890 0.012574
108.8775 0.012763
109.2769 0.012894
109.6913 0.013253
110.1176 0.013124
110.5666 0.013392
111.0354 0.013795
111.5323 0.014081
112.0535 0.014679
112.6018 0.015218
113.1876 0.015586
113.8092 0.015856
114.4733 0.016400
115.1845 0.016653
115.9677 0.017020
116.8232 0.017738
117.7777 0.018297
118.8550 0.019096
120.0984 0.020129
121.5997 0.022292
123.4430 0.025327
125.9731 0.029347
126.6061 0.030658
127.3163 0.033448
128.0972 0.035257
129.0056 0.037679
130.1003 0.041475
131.3685 0.046093
132.9879 0.051994
135.1962 0.061914
138.7418 0.080995
142.1762 0.116174
146.7988 0.179060
150.4181 0.244457
tr2s-04-6 3 1
 55.5214 0.108309
 57.1643 0.082274
 59.4077 0.055871
 61.1858 0.047850
 63.1855 0.036134
 64.4733 0.030709
 65.4054 0.027407
 66.1590 0.025864
 66.7923 0.024693
 67.3474 0.022833
 67.8271 0.021785
 68.2674 0.021342
 68.6673 0.020985
 70.2781 0.018084
 71.5021 0.016719
 72.4858 0.015355
 73.3357 0.014195
 74.0885 0.014043
 74.7560 0.013600
 75.3680 0.013094
 75.9276 0.012547
 76.4445 0.012066
 76.9289 0.011641
 77.3797 0.011501
 77.8065 0.011435
 78.2152 0.011030
 78.6029 0.010996
 78.9739 0.010757
 79.3323 0.010663
 79.6727 0.010684
 80.0079 0.010581
 80.3303 0.010574
 80.6424 0.010273
 80.9469 0.010121
 81.2389 0.010216
 81.5255 0.009984
 81.8030 0.009910
 82.0733 0.009965
 82.3394 0.009990
 82.6029 0.009853
 82.8556 0.009953
 83.1042 0.009977
 83.3493 0.009826
 83.5928 0.009835
 83.8276 0.009658
 84.0583 0.009695
 84.2886 0.009717
 84.5117 0.009575
 84.7338 0.009501
 84.9525 0.009417
 85.1702 0.009390
 85.3840 0.009260
 85.5959 0.009305
 85.8027 0.009286
 86.0089 0.009369
 86.2100 0.009340
 86.4101 0.009279
 86.6081 0.009219
 86.8051 0.009197
 86.9998 0.009192
 87.1904 0.009138
 87.3818 0.009013
 87.5704 0.008941
 87.7617 0.008875
 87.9505 0.008879
 88.1369 0.008848
 88.3222 0.008853
 88.5055 0.008768
 88.6864 0.008773
 88.8666 0.008734
 89.0451 0.008723
 89.2231 0.008674
 89.3983 0.008647
 89.5754 0.008760
 89.7513 0.008762
 89.9269 0.008735
 90.0993 0.008827
 90.2731 0.008914
 90.4463 0.008943
 90.6164 0.008929
 90.7869 0.008916
 90.9560 0.008897
 91.1249 0.008881
 91.2934 0.008909
 91.4617 0.008905
 91.6292 0.008936
 91.7966 0.008852
 91.9639 0.008845
 92.1275 0.008844
 92.2943 0.008884
 92.4589 0.008869
 92.6226 0.008774
 92.7876 0.008841
 92.9520 0.008962
 93.1158 0.008901
 93.2784 0.008971
 93.4411 0.008923
 93.6034 0.008857
 93.7669 0.008869
 93.9294 0.008847
 94.0908 0.008783
 94.2516 0.008844
 94.4144 0.008885
 94.5790 0.008943
 94.7402 0.008878
 94.9034 0.008874
 95.0680 0.008922
 95.2306 0.009037
 95.3954 0.009112
 95.5595 0.009127
 95.7213 0.009230
 95.8860 0.009238
 96.0499 0.009257
 96.2142 0.009241
 96.3783 0.009271
 96.5441 0.009296
 96.7097 0.009311
 96.8742 0.009343
 97.0422 0.009395
 97.2079 0.009344
 97.3755 0.009274
 97.5432 0.009259
 97.7101 0.009223
 97.8772 0.009327
 98.0466 0.009376
 98.2161 0.009394
 98.3861 0.009347
 98.5574 0.009364
 98.7280 0.009313
 98.9016 0.009327
 99.0759 0.009392
 99.2500 0.009427
 99.4285 0.009474
 99.6057 0.009513
 99.7820 0.009571
 99.9575 0.009630
100.1371 0.009714
100.3176 0.009681
100.4964 0.009707
100.6782 0.009657
100.8611 0.009614
101.0458 0.009720
101.2313 0.009672
101.4180 0.009810
101.6050 0.009777
101.7955 0.009768
101.9824 0.009713
102.1745 0.009683
102.3708 0.009760
102.5667 0.009773
102.7647 0.009886
102.9629 0.009822
103.1650 0.009923
103.3693 0.009883
103.5758 0.010007
103.7853 0.010069
103.9912 0.009988
104.2010 0.010080
104.4141 0.010141
104.6315 0.010351
104.8496 0.010499
105.0688 0.010418
105.2903 0.010509
105.5186 0.010554
105.7470 0.010489
105.9804 0.010422
106.2179 0.010395
106.4606 0.010555
106.7042 0.010635
106.9508 0.010719
107.2030 0.010831
107.4573 0.010764
107.7206 0.010802
107.9847 0.010789
108.2537 0.010888
108.5274 0.011144
108.8098 0.011215
109.0942 0.011334
109.3868 0.011457
109.6848 0.011654
109.9899 0.011569
110.3000 0.011821
110.6233 0.011949
110.9558 0.012086
111.2955 0.012108
111.6422 0.012344
112.0004 0.012443
112.3732 0.012832
112.7575 0.012881
113.1555 0.012987
113.5633 0.013347
113.9960 0.013420
114.4442 0.013660
114.9155 0.014067
115.4096 0.014438
115.9245 0.014489
116.4708 0.015166
117.0504 0.015269
117.6652 0.015432
118.3232 0.016106
119.0344 0.016229
119.8029 0.016648
120.6530 0.017329
121.6013 0.018293
122.6834 0.019128
123.9295 0.020570
125.4139 0.022332
127.2770 0.024521
129.8259 0.030609
130.4591 0.031638
131.1761 0.033325
131.9567 0.034712
132.8704 0.038717
133.9135 0.040929
135.1724 0.045122
136.7707 0.051765
138.9914 0.058948
142.5566 0.082954
146.0501 0.112234
150.6764 0.177505
154.1067 0.241006
