Copyright (C) 1998 James G. MacKinnon, Alfred A. Haug, and Leo Michelis.
 lm0-06-7 3 1
 26.3294 0.050102
 26.9934 0.040883
 28.0193 0.028665
 28.8738 0.021743
 29.8362 0.016160
 30.4180 0.014033
 30.8437 0.012744
 31.1893 0.012013
 31.4882 0.011400
 31.7466 0.010701
 31.9750 0.010179
 32.1881 0.009676
 32.3781 0.009069
 33.1452 0.008099
 33.7248 0.007532
 34.2040 0.006995
 34.6124 0.006727
 34.9714 0.006301
 35.2923 0.006005
 35.5873 0.005887
 35.8585 0.005784
 36.1106 0.005639
 36.3477 0.005382
 36.5708 0.005356
 36.7827 0.005263
 36.9844 0.005153
 37.1755 0.005087
 37.3602 0.005038
 37.5372 0.005075
 37.7107 0.004989
 37.8761 0.004951
 38.0394 0.004867
 38.1974 0.004798
 38.3467 0.004796
 38.4946 0.004653
 38.6400 0.004576
 38.7800 0.004582
 38.9166 0.004566
 39.0503 0.004576
 39.1814 0.004585
 39.3117 0.004585
 39.4404 0.004596
 39.5653 0.004560
 39.6889 0.004509
 39.8092 0.004524
 39.9282 0.004496
 40.0447 0.004479
 40.1584 0.004518
 40.2723 0.004453
 40.3853 0.004454
 40.4953 0.004492
 40.6046 0.004462
 40.7120 0.004438
 40.8183 0.004397
 40.9238 0.004412
 41.0277 0.004441
 41.1302 0.004424
 41.2339 0.004408
 41.3361 0.004358
 41.4363 0.004352
 41.5368 0.004349
 41.6357 0.004314
 41.7341 0.004324
 41.8327 0.004318
 41.9296 0.004297
 42.0260 0.004268
 42.1221 0.004267
 42.2170 0.004270
 42.3115 0.004312
 42.4058 0.004325
 42.4996 0.004416
 42.5931 0.004459
 42.6870 0.004448
 42.7800 0.004467
 42.8714 0.004490
 42.9633 0.004482
 43.0548 0.004511
 43.1458 0.004514
 43.2369 0.004540
 43.3259 0.004530
 43.4172 0.004489
 43.5073 0.004457
 43.5965 0.004393
 43.6846 0.004404
 43.7741 0.004390
 43.8630 0.004409
 43.9513 0.004385
 44.0398 0.004416
 44.1282 0.004431
 44.2162 0.004461
 44.3026 0.004494
 44.3920 0.004477
 44.4797 0.004468
 44.5680 0.004528
 44.6559 0.004511
 44.7439 0.004515
 44.8326 0.004560
 44.9198 0.004528
 45.0074 0.004600
 45.0959 0.004580
 45.1841 0.004605
 45.2722 0.004667
 45.3606 0.004642
 45.4491 0.004612
 45.5373 0.004688
 45.6261 0.004684
 45.7161 0.004728
 45.8048 0.004733
 45.8937 0.004696
 45.9815 0.004682
 46.0700 0.004656
 46.1588 0.004620
 46.2486 0.004667
 46.3386 0.004691
 46.4270 0.004722
 46.5181 0.004730
 46.6087 0.004765
 46.7003 0.004759
 46.7926 0.004757
 46.8833 0.004835
 46.9747 0.004834
 47.0666 0.004880
 47.1581 0.004917
 47.2513 0.004976
 47.3440 0.004968
 47.4376 0.004933
 47.5316 0.004911
 47.6263 0.004944
 47.7202 0.004937
 47.8150 0.004923
 47.9116 0.004999
 48.0079 0.005056
 48.1042 0.005068
 48.2020 0.005051
 48.3006 0.005088
 48.3993 0.005104
 48.4988 0.005118
 48.5988 0.005122
 48.7007 0.005133
 48.8022 0.005134
 48.9043 0.005215
 49.0068 0.005226
 49.1113 0.005228
 49.2171 0.005269
 49.3224 0.005290
 49.4290 0.005294
 49.5379 0.005339
 49.6454 0.005397
 49.7535 0.005392
 49.8641 0.005345
 49.9758 0.005334
 50.0892 0.005344
 50.2044 0.005389
 50.3186 0.005388
 50.4337 0.005410
 50.5520 0.005486
 50.6721 0.005500
 50.7911 0.005546
 50.9138 0.005557
 51.0374 0.005654
 51.1623 0.005605
 51.2882 0.005590
 51.4163 0.005566
 51.5476 0.005532
 51.6780 0.005573
 51.8128 0.005647
 51.9515 0.005727
 52.0903 0.005770
 52.2316 0.005807
 52.3756 0.005857
 52.5222 0.005963
 52.6721 0.006025
 52.8242 0.006069
 52.9789 0.006127
 53.1358 0.006134
 53.2954 0.006252
 53.4597 0.006383
 53.6263 0.006487
 53.7979 0.006506
 53.9733 0.006544
 54.1530 0.006574
 54.3377 0.006721
 54.5266 0.006846
 54.7234 0.006757
 54.9269 0.006763
 55.1378 0.006975
 55.3547 0.007163
 55.5783 0.007106
 55.8090 0.007210
 56.0477 0.007380
 56.2952 0.007555
 56.5551 0.007622
 56.8262 0.007825
 57.1099 0.007907
 57.4082 0.008243
 57.7259 0.008465
 58.0600 0.008840
 58.4099 0.009177
 58.7870 0.009524
 59.1922 0.009933
 59.6288 0.010299
 60.1060 0.010645
 60.6347 0.011175
 61.2277 0.011727
 61.9004 0.012514
 62.6788 0.012967
 63.6132 0.014303
 64.7997 0.016247
 66.4162 0.020079
 66.8257 0.021236
 67.2980 0.022212
 67.8099 0.023491
 68.3759 0.025447
 69.0761 0.027508
 69.8917 0.031076
 70.9271 0.036418
 72.3627 0.043073
 74.7736 0.060084
 77.0855 0.078289
 80.1217 0.125494
 82.4642 0.174400
 lm1-06-7 3 1
 28.4071 0.054438
 29.1535 0.040286
 30.2345 0.029491
 31.1291 0.022177
 32.0860 0.016339
 32.6889 0.014010
 33.1424 0.012699
 33.5144 0.011454
 33.8187 0.010982
 34.0933 0.010509
 34.3379 0.010007
 34.5553 0.009774
 34.7496 0.009409
 35.5369 0.008629
 36.1298 0.007936
 36.6205 0.007442
 37.0367 0.006960
 37.4085 0.006664
 37.7410 0.006433
 38.0442 0.006250
 38.3270 0.005996
 38.5887 0.005787
 38.8321 0.005705
 39.0646 0.005663
 39.2844 0.005421
 39.4906 0.005309
 39.6903 0.005271
 39.8821 0.005313
 40.0626 0.005120
 40.2419 0.005015
 40.4137 0.005006
 40.5819 0.005026
 40.7413 0.004996
 40.8976 0.004984
 41.0490 0.004943
 41.1990 0.004896
 41.3450 0.004793
 41.4865 0.004808
 41.6241 0.004813
 41.7584 0.004842
 41.8919 0.004812
 42.0218 0.004743
 42.1482 0.004732
 42.2743 0.004670
 42.3957 0.004683
 42.5176 0.004641
 42.6386 0.004679
 42.7581 0.004657
 42.8740 0.004643
 42.9878 0.004597
 43.1026 0.004570
 43.2140 0.004609
 43.3244 0.004670
 43.4352 0.004651
 43.5450 0.004639
 43.6516 0.004650
 43.7589 0.004615
 43.8666 0.004623
 43.9712 0.004659
 44.0744 0.004649
 44.1773 0.004730
 44.2805 0.004760
 44.3814 0.004771
 44.4825 0.004781
 44.5837 0.004822
 44.6832 0.004783
 44.7805 0.004772
 44.8783 0.004785
 44.9755 0.004798
 45.0720 0.004809
 45.1676 0.004850
 45.2623 0.004910
 45.3581 0.004855
 45.4545 0.004834
 45.5495 0.004880
 45.6428 0.004845
 45.7357 0.004802
 45.8299 0.004812
 45.9231 0.004789
 46.0164 0.004790
 46.1088 0.004768
 46.2005 0.004786
 46.2924 0.004787
 46.3842 0.004785
 46.4758 0.004824
 46.5675 0.004858
 46.6589 0.004886
 46.7492 0.004906
 46.8399 0.004856
 46.9309 0.004829
 47.0215 0.004829
 47.1106 0.004868
 47.2008 0.004862
 47.2908 0.004806
 47.3792 0.004781
 47.4688 0.004783
 47.5589 0.004822
 47.6485 0.004844
 47.7406 0.004860
 47.8307 0.004862
 47.9216 0.004790
 48.0124 0.004787
 48.1032 0.004773
 48.1932 0.004789
 48.2841 0.004819
 48.3745 0.004780
 48.4644 0.004778
 48.5556 0.004782
 48.6453 0.004768
 48.7363 0.004828
 48.8278 0.004812
 48.9190 0.004871
 49.0115 0.004879
 49.1033 0.004896
 49.1949 0.004826
 49.2860 0.004859
 49.3792 0.004880
 49.4727 0.004852
 49.5663 0.004888
 49.6596 0.004892
 49.7530 0.004885
 49.8473 0.004868
 49.9426 0.004885
 50.0372 0.004918
 50.1324 0.004923
 50.2270 0.004937
 50.3237 0.004940
 50.4214 0.004960
 50.5193 0.004959
 50.6174 0.004959
 50.7151 0.004973
 50.8140 0.004984
 50.9137 0.004969
 51.0129 0.004940
 51.1133 0.004917
 51.2158 0.005005
 51.3160 0.004990
 51.4170 0.005014
 51.5201 0.005019
 51.6244 0.005038
 51.7295 0.005110
 51.8358 0.005141
 51.9428 0.005100
 52.0487 0.005134
 52.1576 0.005122
 52.2670 0.005145
 52.3760 0.005164
 52.4882 0.005195
 52.6017 0.005249
 52.7144 0.005238
 52.8278 0.005326
 52.9423 0.005395
 53.0584 0.005441
 53.1770 0.005509
 53.2957 0.005445
 53.4164 0.005498
 53.5384 0.005526
 53.6605 0.005522
 53.7870 0.005560
 53.9138 0.005566
 54.0412 0.005591
 54.1706 0.005534
 54.3032 0.005529
 54.4360 0.005638
 54.5710 0.005703
 54.7090 0.005721
 54.8474 0.005750
 54.9905 0.005894
 55.1346 0.005981
 55.2807 0.006009
 55.4314 0.006057
 55.5853 0.006172
 55.7406 0.006220
 55.8995 0.006267
 56.0613 0.006254
 56.2262 0.006269
 56.3934 0.006241
 56.5636 0.006298
 56.7388 0.006450
 56.9183 0.006505
 57.1022 0.006685
 57.2919 0.006768
 57.4880 0.006840
 57.6899 0.007052
 57.8976 0.007181
 58.1116 0.007353
 58.3289 0.007415
 58.5554 0.007566
 58.7908 0.007649
 59.0372 0.007837
 59.2912 0.007910
 59.5542 0.008084
 59.8310 0.008325
 60.1181 0.008507
 60.4234 0.008907
 60.7462 0.009244
 61.0837 0.009381
 61.4442 0.009625
 61.8310 0.009773
 62.2408 0.010055
 62.6848 0.010453
 63.1748 0.010761
 63.7129 0.011204
 64.3238 0.011831
 65.0066 0.012194
 65.8061 0.013320
 66.7530 0.014642
 67.9590 0.016327
 69.6163 0.019986
 70.0209 0.021181
 70.4836 0.022236
 71.0041 0.023757
 71.6023 0.025787
 72.3029 0.027773
 73.1764 0.030131
 74.2444 0.035474
 75.7166 0.043575
 78.2231 0.056865
 80.6900 0.079873
 83.7224 0.127116
 86.0364 0.175751
lm1s-06-7 3 1
 29.1707 0.050307
 29.9069 0.038811
 31.0107 0.029093
 31.9004 0.021230
 32.8604 0.016313
 33.4806 0.014743
 33.9361 0.013061
 34.3032 0.012023
 34.6064 0.011035
 34.8811 0.010473
 35.1253 0.009981
 35.3377 0.009931
 35.5320 0.009584
 36.3192 0.008730
 36.9166 0.007859
 37.4041 0.007194
 37.8229 0.006817
 38.1952 0.006458
 38.5266 0.006199
 38.8321 0.006155
 39.1131 0.005906
 39.3758 0.005687
 39.6194 0.005592
 39.8506 0.005507
 40.0695 0.005391
 40.2781 0.005227
 40.4786 0.005237
 40.6699 0.005237
 40.8534 0.005131
 41.0289 0.005157
 41.1996 0.005159
 41.3663 0.005102
 41.5266 0.005029
 41.6824 0.005008
 41.8325 0.004975
 41.9808 0.004957
 42.1241 0.004771
 42.2650 0.004745
 42.4027 0.004770
 42.5367 0.004775
 42.6705 0.004756
 42.8014 0.004758
 42.9287 0.004707
 43.0536 0.004656
 43.1774 0.004730
 43.2980 0.004767
 43.4188 0.004753
 43.5376 0.004749
 43.6554 0.004745
 43.7723 0.004705
 43.8872 0.004753
 43.9993 0.004735
 44.1089 0.004794
 44.2196 0.004859
 44.3280 0.004875
 44.4360 0.004847
 44.5433 0.004825
 44.6488 0.004855
 44.7540 0.004845
 44.8572 0.004806
 44.9604 0.004804
 45.0631 0.004796
 45.1655 0.004812
 45.2653 0.004825
 45.3642 0.004780
 45.4633 0.004728
 45.5618 0.004725
 45.6599 0.004713
 45.7569 0.004702
 45.8530 0.004717
 45.9493 0.004701
 46.0448 0.004702
 46.1405 0.004744
 46.2360 0.004786
 46.3310 0.004721
 46.4238 0.004657
 46.5174 0.004644
 46.6116 0.004667
 46.7047 0.004660
 46.7967 0.004724
 46.8895 0.004738
 46.9820 0.004757
 47.0749 0.004769
 47.1653 0.004813
 47.2558 0.004816
 47.3466 0.004828
 47.4374 0.004832
 47.5280 0.004865
 47.6200 0.004939
 47.7105 0.004970
 47.8009 0.004996
 47.8915 0.004936
 47.9825 0.004919
 48.0735 0.004872
 48.1641 0.004884
 48.2540 0.004861
 48.3438 0.004907
 48.4334 0.004875
 48.5238 0.004876
 48.6131 0.004841
 48.7030 0.004834
 48.7938 0.004803
 48.8850 0.004807
 48.9753 0.004831
 49.0658 0.004835
 49.1556 0.004852
 49.2463 0.004809
 49.3357 0.004772
 49.4274 0.004753
 49.5181 0.004760
 49.6093 0.004827
 49.7002 0.004803
 49.7911 0.004778
 49.8839 0.004783
 49.9756 0.004777
 50.0673 0.004821
 50.1590 0.004853
 50.2536 0.004851
 50.3478 0.004804
 50.4416 0.004811
 50.5353 0.004792
 50.6286 0.004817
 50.7227 0.004835
 50.8179 0.004847
 50.9133 0.004850
 51.0088 0.004833
 51.1053 0.004840
 51.2026 0.004859
 51.2992 0.004868
 51.3970 0.004875
 51.4953 0.004888
 51.5949 0.004848
 51.6926 0.004889
 51.7918 0.004915
 51.8932 0.005024
 51.9943 0.004969
 52.0975 0.004977
 52.1995 0.004988
 52.3041 0.005048
 52.4066 0.005038
 52.5110 0.005070
 52.6156 0.005071
 52.7236 0.005064
 52.8312 0.005138
 52.9392 0.005211
 53.0478 0.005227
 53.1586 0.005229
 53.2697 0.005282
 53.3804 0.005313
 53.4940 0.005365
 53.6086 0.005346
 53.7239 0.005347
 53.8412 0.005351
 53.9581 0.005352
 54.0776 0.005370
 54.1982 0.005404
 54.3196 0.005455
 54.4411 0.005497
 54.5653 0.005476
 54.6926 0.005582
 54.8195 0.005555
 54.9513 0.005575
 55.0833 0.005665
 55.2192 0.005723
 55.3545 0.005744
 55.4929 0.005830
 55.6329 0.005822
 55.7748 0.005928
 55.9195 0.005892
 56.0669 0.005940
 56.2159 0.005967
 56.3685 0.005982
 56.5219 0.006006
 56.6772 0.006093
 56.8391 0.006164
 57.0029 0.006261
 57.1690 0.006329
 57.3393 0.006501
 57.5176 0.006571
 57.6979 0.006632
 57.8828 0.006719
 58.0745 0.006873
 58.2695 0.006848
 58.4677 0.006904
 58.6749 0.007073
 58.8892 0.007216
 59.1088 0.007281
 59.3363 0.007372
 59.5736 0.007490
 59.8173 0.007636
 60.0721 0.007715
 60.3375 0.007945
 60.6133 0.008294
 60.9002 0.008591
 61.2072 0.008820
 61.5255 0.008747
 61.8643 0.009109
 62.2196 0.009371
 62.6027 0.009564
 63.0178 0.010066
 63.4610 0.010231
 63.9479 0.010660
 64.4859 0.010946
 65.0905 0.011675
 65.7797 0.012580
 66.5707 0.013470
 67.5354 0.014999
 68.7365 0.016368
 70.3659 0.020030
 70.7875 0.020843
 71.2572 0.022339
 71.7760 0.024183
 72.3728 0.025657
 73.0814 0.028461
 73.9188 0.031545
 74.9958 0.036935
 76.4991 0.044859
 78.9920 0.056971
 81.4513 0.078852
 84.5416 0.125085
 86.7878 0.179341
 lm2-06-7 3 1
 30.5532 0.051086
 31.4210 0.041468
 32.4544 0.028853
 33.3728 0.021942
 34.3841 0.017336
 35.0275 0.014476
 35.4993 0.013423
 35.8666 0.012427
 36.1863 0.011789
 36.4673 0.011229
 36.7128 0.010789
 36.9318 0.010176
 37.1336 0.009730
 37.9505 0.008829
 38.5702 0.007881
 39.0752 0.007279
 39.5096 0.006841
 39.8881 0.006627
 40.2321 0.006477
 40.5407 0.006516
 40.8299 0.006258
 41.0982 0.006175
 41.3482 0.006031
 41.5857 0.005922
 41.8116 0.005879
 42.0227 0.005730
 42.2289 0.005637
 42.4243 0.005443
 42.6109 0.005320
 42.7913 0.005186
 42.9645 0.005175
 43.1333 0.005101
 43.2976 0.005115
 43.4568 0.005123
 43.6148 0.005160
 43.7681 0.005090
 43.9180 0.005012
 44.0654 0.005017
 44.2058 0.004938
 44.3449 0.004982
 44.4793 0.004868
 44.6123 0.004884
 44.7429 0.004872
 44.8724 0.004798
 45.0002 0.004706
 45.1262 0.004700
 45.2489 0.004686
 45.3701 0.004699
 45.4901 0.004604
 45.6070 0.004588
 45.7236 0.004585
 45.8377 0.004584
 45.9533 0.004579
 46.0666 0.004541
 46.1788 0.004492
 46.2889 0.004485
 46.3970 0.004515
 46.5068 0.004523
 46.6145 0.004544
 46.7191 0.004604
 46.8232 0.004620
 46.9263 0.004650
 47.0298 0.004641
 47.1334 0.004647
 47.2359 0.004667
 47.3352 0.004728
 47.4369 0.004745
 47.5377 0.004712
 47.6378 0.004672
 47.7384 0.004658
 47.8381 0.004656
 47.9365 0.004655
 48.0341 0.004602
 48.1323 0.004577
 48.2297 0.004563
 48.3256 0.004546
 48.4208 0.004591
 48.5167 0.004515
 48.6107 0.004499
 48.7046 0.004471
 48.8000 0.004508
 48.8937 0.004549
 48.9872 0.004506
 49.0814 0.004554
 49.1753 0.004589
 49.2686 0.004600
 49.3623 0.004571
 49.4551 0.004578
 49.5485 0.004586
 49.6409 0.004550
 49.7342 0.004570
 49.8270 0.004589
 49.9181 0.004570
 50.0119 0.004512
 50.1047 0.004553
 50.1977 0.004547
 50.2900 0.004500
 50.3815 0.004425
 50.4735 0.004461
 50.5674 0.004504
 50.6590 0.004528
 50.7522 0.004568
 50.8448 0.004545
 50.9363 0.004616
 51.0290 0.004605
 51.1234 0.004616
 51.2160 0.004616
 51.3090 0.004650
 51.4015 0.004617
 51.4953 0.004588
 51.5888 0.004558
 51.6828 0.004547
 51.7769 0.004556
 51.8706 0.004622
 51.9645 0.004608
 52.0604 0.004616
 52.1554 0.004652
 52.2500 0.004722
 52.3446 0.004760
 52.4400 0.004740
 52.5363 0.004766
 52.6331 0.004734
 52.7307 0.004816
 52.8287 0.004841
 52.9266 0.004880
 53.0258 0.004893
 53.1243 0.004931
 53.2240 0.004946
 53.3235 0.004968
 53.4229 0.005025
 53.5222 0.005101
 53.6245 0.005126
 53.7260 0.005151
 53.8272 0.005184
 53.9283 0.005195
 54.0316 0.005278
 54.1353 0.005262
 54.2412 0.005289
 54.3480 0.005336
 54.4554 0.005405
 54.5628 0.005420
 54.6708 0.005417
 54.7808 0.005413
 54.8907 0.005370
 55.0023 0.005393
 55.1144 0.005425
 55.2271 0.005413
 55.3409 0.005449
 55.4563 0.005449
 55.5727 0.005504
 55.6882 0.005540
 55.8073 0.005517
 55.9265 0.005545
 56.0471 0.005572
 56.1680 0.005611
 56.2921 0.005722
 56.4166 0.005759
 56.5425 0.005844
 56.6695 0.005935
 56.7979 0.005978
 56.9296 0.005997
 57.0630 0.006038
 57.1969 0.006099
 57.3314 0.006111
 57.4684 0.006119
 57.6084 0.006170
 57.7512 0.006260
 57.8951 0.006313
 58.0452 0.006359
 58.1938 0.006433
 58.3476 0.006423
 58.5021 0.006477
 58.6618 0.006508
 58.8229 0.006655
 58.9899 0.006717
 59.1587 0.006712
 59.3289 0.006764
 59.5064 0.006925
 59.6858 0.007038
 59.8683 0.007090
 60.0558 0.007121
 60.2487 0.007097
 60.4485 0.007241
 60.6529 0.007346
 60.8631 0.007310
 61.0783 0.007397
 61.2989 0.007473
 61.5302 0.007569
 61.7721 0.007602
 62.0228 0.007866
 62.2824 0.008175
 62.5541 0.008168
 62.8336 0.008503
 63.1307 0.008518
 63.4411 0.008794
 63.7689 0.009091
 64.1155 0.009442
 64.4852 0.009660
 64.8810 0.009729
 65.3011 0.010154
 65.7561 0.010266
 66.2486 0.010579
 66.7958 0.011121
 67.4117 0.011614
 68.1122 0.012542
 68.9228 0.013609
 69.9022 0.014536
 71.1381 0.016604
 72.8160 0.020559
 73.2449 0.021480
 73.7151 0.023063
 74.2352 0.024830
 74.8441 0.027086
 75.5430 0.029170
 76.4220 0.031109
 77.5015 0.034989
 79.0615 0.042660
 81.5871 0.061588
 84.0495 0.079504
 87.3048 0.126159
 89.7354 0.177139
lm2s-06-7 3 1
 31.4299 0.054462
 32.1770 0.044286
 33.2602 0.028809
 34.1961 0.022798
 35.1933 0.017744
 35.8248 0.015240
 36.2969 0.013635
 36.6646 0.012684
 36.9794 0.011796
 37.2567 0.011062
 37.5050 0.010562
 37.7236 0.009951
 37.9258 0.009860
 38.7410 0.008785
 39.3607 0.007894
 39.8687 0.007280
 40.3012 0.006948
 40.6789 0.006763
 41.0208 0.006513
 41.3361 0.006360
 41.6251 0.006242
 41.8939 0.006086
 42.1441 0.005959
 42.3822 0.005770
 42.6073 0.005659
 42.8219 0.005450
 43.0213 0.005483
 43.2152 0.005310
 43.4017 0.005219
 43.5822 0.005310
 43.7570 0.005226
 43.9281 0.005141
 44.0941 0.005091
 44.2533 0.005048
 44.4114 0.005053
 44.5613 0.005031
 44.7090 0.005031
 44.8533 0.004905
 44.9952 0.004945
 45.1332 0.004841
 45.2705 0.004818
 45.4029 0.004763
 45.5358 0.004792
 45.6651 0.004796
 45.7923 0.004806
 45.9180 0.004773
 46.0443 0.004682
 46.1661 0.004681
 46.2853 0.004666
 46.4052 0.004664
 46.5218 0.004644
 46.6370 0.004640
 46.7509 0.004640
 46.8614 0.004632
 46.9714 0.004635
 47.0815 0.004660
 47.1900 0.004703
 47.2974 0.004737
 47.4039 0.004744
 47.5099 0.004719
 47.6155 0.004753
 47.7200 0.004692
 47.8246 0.004712
 47.9277 0.004714
 48.0284 0.004657
 48.1296 0.004627
 48.2305 0.004610
 48.3301 0.004628
 48.4294 0.004655
 48.5289 0.004588
 48.6271 0.004537
 48.7247 0.004520
 48.8225 0.004531
 48.9196 0.004507
 49.0174 0.004508
 49.1146 0.004545
 49.2112 0.004518
 49.3060 0.004553
 49.4006 0.004548
 49.4955 0.004548
 49.5911 0.004546
 49.6846 0.004528
 49.7796 0.004524
 49.8733 0.004515
 49.9663 0.004494
 50.0602 0.004507
 50.1535 0.004494
 50.2463 0.004514
 50.3394 0.004518
 50.4316 0.004522
 50.5245 0.004510
 50.6172 0.004509
 50.7094 0.004497
 50.8015 0.004528
 50.8938 0.004514
 50.9856 0.004564
 51.0787 0.004617
 51.1707 0.004577
 51.2631 0.004618
 51.3559 0.004623
 51.4494 0.004636
 51.5423 0.004677
 51.6346 0.004658
 51.7270 0.004596
 51.8185 0.004627
 51.9124 0.004608
 52.0052 0.004598
 52.0986 0.004585
 52.1916 0.004598
 52.2850 0.004619
 52.3787 0.004641
 52.4716 0.004660
 52.5653 0.004650
 52.6586 0.004671
 52.7528 0.004707
 52.8464 0.004741
 52.9404 0.004761
 53.0362 0.004779
 53.1319 0.004822
 53.2287 0.004778
 53.3239 0.004806
 53.4198 0.004831
 53.5168 0.004837
 53.6132 0.004881
 53.7101 0.004915
 53.8092 0.004972
 53.9084 0.004979
 54.0064 0.004976
 54.1059 0.005046
 54.2064 0.005082
 54.3071 0.005127
 54.4088 0.005160
 54.5104 0.005184
 54.6136 0.005166
 54.7174 0.005176
 54.8215 0.005166
 54.9252 0.005247
 55.0295 0.005244
 55.1350 0.005242
 55.2416 0.005276
 55.3498 0.005273
 55.4589 0.005247
 55.5668 0.005289
 55.6762 0.005357
 55.7873 0.005365
 55.8983 0.005392
 56.0109 0.005383
 56.1235 0.005440
 56.2388 0.005466
 56.3544 0.005486
 56.4719 0.005537
 56.5896 0.005590
 56.7102 0.005677
 56.8308 0.005700
 56.9526 0.005733
 57.0765 0.005784
 57.2010 0.005864
 57.3247 0.005857
 57.4511 0.005968
 57.5818 0.006023
 57.7114 0.005972
 57.8428 0.006005
 57.9779 0.006051
 58.1133 0.006074
 58.2535 0.006141
 58.3936 0.006125
 58.5347 0.006220
 58.6815 0.006249
 58.8296 0.006214
 58.9806 0.006316
 59.1354 0.006390
 59.2920 0.006418
 59.4486 0.006590
 59.6094 0.006645
 59.7732 0.006784
 59.9410 0.006796
 60.1109 0.006797
 60.2864 0.006897
 60.4649 0.006941
 60.6481 0.006962
 60.8357 0.007159
 61.0303 0.007246
 61.2274 0.007301
 61.4300 0.007499
 61.6405 0.007538
 61.8589 0.007671
 62.0839 0.007786
 62.3156 0.007766
 62.5571 0.008024
 62.8059 0.008271
 63.0649 0.008363
 63.3351 0.008454
 63.6181 0.008580
 63.9125 0.008749
 64.2263 0.008918
 64.5524 0.008959
 64.8998 0.009065
 65.2657 0.009242
 65.6588 0.009528
 66.0780 0.009850
 66.5310 0.010296
 67.0286 0.010917
 67.5739 0.010990
 68.1905 0.011712
 68.8849 0.012479
 69.6956 0.013342
 70.6682 0.014556
 71.9159 0.016993
 73.5975 0.020980
 74.0250 0.022447
 74.4923 0.023260
 75.0077 0.024698
 75.6099 0.026715
 76.3400 0.028218
 77.1947 0.031529
 78.2746 0.034083
 79.8087 0.041858
 82.3829 0.060550
 84.8519 0.081451
 88.0985 0.126849
 90.4953 0.182892
 tr0-06-7 3 1
 95.8176 0.160828
 98.0272 0.116377
101.1765 0.081004
103.7217 0.061361
106.5237 0.048130
108.2444 0.041307
109.5353 0.037755
110.5729 0.035245
111.4505 0.032744
112.1826 0.030598
112.8409 0.029177
113.4292 0.027790
113.9702 0.026745
116.1410 0.023469
117.7538 0.021313
119.0719 0.020132
120.2115 0.018953
121.2031 0.017851
122.0735 0.017108
122.8833 0.016343
123.6218 0.016030
124.3082 0.015034
124.9375 0.014697
125.5440 0.014316
126.1053 0.013734
126.6436 0.013659
127.1554 0.013537
127.6482 0.013049
128.1241 0.013075
128.5760 0.012688
129.0162 0.012439
129.4360 0.012414
129.8423 0.012382
130.2420 0.012002
130.6267 0.011892
131.0027 0.011865
131.3679 0.011785
131.7244 0.011884
132.0716 0.011832
132.4116 0.012022
132.7421 0.011769
133.0687 0.011515
133.3880 0.011549
133.7023 0.011548
134.0118 0.011388
134.3112 0.011382
134.6069 0.011145
134.9000 0.011042
135.1871 0.010985
135.4745 0.010792
135.7550 0.010941
136.0310 0.010939
136.3047 0.011008
136.5731 0.010913
136.8396 0.011002
137.1033 0.010949
137.3643 0.011111
137.6202 0.011062
137.8756 0.011054
138.1283 0.011107
138.3806 0.011140
138.6286 0.011239
138.8746 0.011205
139.1192 0.011132
139.3611 0.010972
139.5983 0.010712
139.8372 0.010750
140.0722 0.010831
140.3085 0.010618
140.5403 0.010609
140.7724 0.010656
141.0043 0.010805
141.2337 0.010736
141.4585 0.010733
141.6869 0.010689
141.9133 0.010640
142.1378 0.010660
142.3622 0.010726
142.5840 0.010652
142.8046 0.010669
143.0234 0.010562
143.2415 0.010638
143.4593 0.010632
143.6745 0.010637
143.8900 0.010711
144.1050 0.010668
144.3196 0.010668
144.5339 0.010573
144.7470 0.010614
144.9597 0.010646
145.1702 0.010726
145.3821 0.010806
145.5910 0.010803
145.8016 0.010761
146.0112 0.010911
146.2200 0.010854
146.4288 0.010744
146.6379 0.010726
146.8493 0.010696
147.0565 0.010716
147.2673 0.010740
147.4764 0.010745
147.6859 0.010770
147.8943 0.010833
148.1048 0.010721
148.3172 0.010648
148.5259 0.010636
148.7341 0.010777
148.9415 0.010753
149.1518 0.010764
149.3600 0.010702
149.5673 0.010635
149.7748 0.010634
149.9863 0.010713
150.1963 0.010671
150.4039 0.010714
150.6151 0.010669
150.8274 0.010776
151.0385 0.010754
151.2519 0.010734
151.4643 0.010723
151.6782 0.010768
151.8916 0.010727
152.1068 0.010782
152.3213 0.010817
152.5359 0.010787
152.7522 0.010751
152.9675 0.010819
153.1842 0.010844
153.4019 0.010740
153.6199 0.010756
153.8426 0.010797
154.0653 0.010831
154.2869 0.010924
154.5104 0.011097
154.7358 0.011198
154.9616 0.011143
155.1861 0.011285
155.4127 0.011606
155.6420 0.011539
155.8741 0.011663
156.1086 0.011667
156.3397 0.011624
156.5777 0.011618
156.8124 0.011638
157.0508 0.011747
157.2908 0.011806
157.5337 0.011881
157.7742 0.011935
158.0199 0.012017
158.2717 0.012032
158.5239 0.011978
158.7764 0.012006
159.0306 0.012087
159.2893 0.012129
159.5486 0.012225
159.8080 0.012271
160.0742 0.012263
160.3460 0.012298
160.6202 0.012449
160.8971 0.012438
161.1736 0.012655
161.4561 0.013003
161.7393 0.012917
162.0293 0.012907
162.3220 0.012970
162.6194 0.013196
162.9183 0.013330
163.2219 0.013493
163.5300 0.013604
163.8463 0.013601
164.1643 0.013864
164.4886 0.013868
164.8160 0.014161
165.1526 0.014188
165.5004 0.014349
165.8498 0.014578
166.2062 0.014604
166.5718 0.014720
166.9451 0.014890
167.3255 0.014954
167.7186 0.014935
168.1183 0.015117
168.5249 0.015336
168.9503 0.015443
169.3847 0.015589
169.8299 0.016056
170.2966 0.016402
170.7750 0.016497
171.2662 0.016711
171.7809 0.017068
172.3147 0.017302
172.8727 0.017755
173.4505 0.017785
174.0562 0.018146
174.7018 0.018740
175.3766 0.019239
176.0906 0.019334
176.8488 0.019691
177.6611 0.020626
178.5384 0.021252
179.4933 0.022284
180.5406 0.022957
181.7037 0.024485
183.0238 0.026159
184.5427 0.027585
186.3518 0.029979
188.5916 0.033181
191.6735 0.038940
192.4469 0.040943
193.2991 0.043250
194.2512 0.044832
195.3437 0.046863
196.6204 0.049248
198.1764 0.055005
200.0943 0.062368
202.7669 0.072304
206.9579 0.099793
211.1909 0.130857
216.4018 0.200468
220.1213 0.279452
 tr1-06-7 3 1
105.7570 0.159394
107.9227 0.125946
111.2326 0.087795
113.9218 0.063998
116.7522 0.049000
118.5774 0.041424
119.9076 0.038230
120.9643 0.035257
121.8836 0.033679
122.6592 0.032446
123.3464 0.030426
123.9721 0.028778
124.5520 0.027774
126.8214 0.024148
128.5315 0.021250
129.9212 0.019599
131.0857 0.018124
132.1053 0.016801
133.0174 0.016734
133.8507 0.016219
134.6286 0.015619
135.3383 0.015345
136.0121 0.015242
136.6332 0.014963
137.2208 0.014804
137.7848 0.014911
138.3127 0.014604
138.8225 0.014137
139.3138 0.013969
139.7816 0.013720
140.2382 0.013516
140.6796 0.013545
141.1011 0.013213
141.5108 0.013048
141.9105 0.012710
142.2986 0.012596
142.6767 0.012332
143.0527 0.012086
143.4127 0.012081
143.7670 0.011838
144.1149 0.011835
144.4548 0.011771
144.7906 0.011844
145.1205 0.011679
145.4448 0.011793
145.7621 0.011855
146.0727 0.011974
146.3786 0.012048
146.6780 0.011997
146.9699 0.011949
147.2608 0.011896
147.5476 0.011895
147.8309 0.011968
148.1107 0.011781
148.3893 0.011860
148.6609 0.011814
148.9319 0.011803
149.2007 0.011696
149.4648 0.011741
149.7259 0.011817
149.9866 0.011841
150.2466 0.011921
150.4988 0.011792
150.7512 0.011723
151.0041 0.011638
151.2524 0.011744
151.5000 0.011830
151.7460 0.011766
151.9902 0.011576
152.2303 0.011603
152.4723 0.011526
152.7125 0.011472
152.9481 0.011323
153.1843 0.011246
153.4196 0.011292
153.6528 0.011177
153.8821 0.011150
154.1126 0.011127
154.3389 0.011207
154.5674 0.011164
154.7911 0.011101
155.0148 0.011065
155.2392 0.011023
155.4649 0.010957
155.6883 0.011154
155.9111 0.011172
156.1343 0.011158
156.3552 0.010986
156.5745 0.011042
156.7974 0.011113
157.0153 0.010999
157.2353 0.010789
157.4552 0.010791
157.6752 0.010822
157.8927 0.010831
158.1115 0.010888
158.3279 0.010882
158.5442 0.010898
158.7569 0.010932
158.9700 0.011022
159.1873 0.011055
159.4035 0.011055
159.6201 0.011033
159.8381 0.011137
160.0524 0.011194
160.2683 0.011124
160.4846 0.010980
160.6996 0.010897
160.9173 0.010871
161.1326 0.010922
161.3502 0.010897
161.5686 0.010909
161.7876 0.011012
162.0072 0.011050
162.2263 0.011074
162.4438 0.011073
162.6600 0.011028
162.8792 0.011050
163.0975 0.011148
163.3172 0.011166
163.5354 0.011244
163.7537 0.011319
163.9721 0.011418
164.1951 0.011269
164.4204 0.011250
164.6457 0.011260
164.8688 0.011296
165.0955 0.011111
165.3225 0.011024
165.5490 0.011221
165.7766 0.011341
166.0055 0.011306
166.2362 0.011361
166.4656 0.011514
166.6989 0.011533
166.9291 0.011509
167.1630 0.011457
167.4005 0.011410
167.6371 0.011531
167.8747 0.011657
168.1107 0.011731
168.3491 0.011842
168.5870 0.011919
168.8302 0.011904
169.0773 0.012039
169.3256 0.012118
169.5744 0.012185
169.8260 0.012148
170.0769 0.012181
170.3374 0.012215
170.5954 0.012218
170.8554 0.012117
171.1151 0.012125
171.3827 0.012161
171.6499 0.012357
171.9166 0.012472
172.1878 0.012572
172.4653 0.012648
172.7435 0.012753
173.0228 0.012736
173.3023 0.013007
173.5898 0.013110
173.8789 0.013310
174.1690 0.013384
174.4691 0.013417
174.7743 0.013538
175.0822 0.013593
175.3914 0.013512
175.7132 0.013586
176.0278 0.013908
176.3534 0.013978
176.6868 0.014225
177.0207 0.014269
177.3634 0.014318
177.7140 0.014409
178.0675 0.014350
178.4282 0.014530
178.7955 0.014658
179.1810 0.014934
179.5665 0.015160
179.9598 0.015276
180.3657 0.015496
180.7804 0.015805
181.2039 0.015842
181.6381 0.015999
182.0921 0.015976
182.5513 0.016435
183.0261 0.016828
183.5260 0.017143
184.0381 0.017415
184.5603 0.017576
185.1112 0.018096
185.6876 0.018288
186.2884 0.018531
186.9175 0.018942
187.5684 0.019420
188.2647 0.019580
189.0016 0.020062
189.7838 0.020348
190.6095 0.020719
191.5251 0.021150
192.5177 0.022149
193.6066 0.023016
194.8024 0.024307
196.1356 0.026640
197.7062 0.027949
199.5588 0.030725
201.8895 0.033644
205.0676 0.039962
205.8669 0.041321
206.7616 0.043182
207.7317 0.046442
208.8788 0.048692
210.1735 0.051498
211.7384 0.055601
213.8211 0.065529
216.6005 0.075556
221.0779 0.099614
225.3539 0.138046
230.7397 0.214632
234.6270 0.282048
tr1s-06-7 3 1
111.5624 0.164809
113.9819 0.128197
117.3207 0.087422
119.9319 0.064094
122.8173 0.048358
124.6399 0.041109
125.9305 0.037396
127.0212 0.034300
127.9256 0.033651
128.7051 0.033308
129.4106 0.031794
130.0492 0.030016
130.6210 0.028997
132.8907 0.024476
134.5936 0.021224
135.9621 0.019480
137.1436 0.018587
138.1600 0.016925
139.0746 0.016397
139.9090 0.016202
140.6871 0.015936
141.4023 0.015491
142.0625 0.015044
142.6788 0.014912
143.2662 0.014543
143.8234 0.014346
144.3553 0.014164
144.8607 0.014240
145.3507 0.013663
145.8212 0.013615
146.2735 0.013298
146.7125 0.013227
147.1367 0.013140
147.5512 0.013038
147.9511 0.013119
148.3420 0.012917
148.7203 0.012863
149.0871 0.012670
149.4487 0.012637
149.7974 0.012448
150.1441 0.012421
150.4816 0.012468
150.8140 0.012344
151.1402 0.012319
151.4624 0.012386
151.7795 0.012502
152.0910 0.012425
152.3976 0.012247
152.6948 0.012132
152.9909 0.012034
153.2818 0.012127
153.5707 0.011976
153.8542 0.011780
154.1302 0.011640
154.4072 0.011704
154.6842 0.011492
154.9552 0.011627
155.2262 0.011697
155.4912 0.011642
155.7519 0.011458
156.0146 0.011387
156.2700 0.011406
156.5271 0.011278
156.7818 0.011195
157.0304 0.011312
157.2736 0.011255
157.5186 0.011179
157.7627 0.011209
158.0081 0.011173
158.2471 0.011283
158.4846 0.011273
158.7221 0.011111
158.9572 0.011247
159.1935 0.011271
159.4274 0.011292
159.6630 0.011265
159.8906 0.011189
160.1192 0.011227
160.3481 0.011171
160.5744 0.011167
160.8009 0.011146
161.0240 0.011160
161.2484 0.011192
161.4718 0.011189
161.6928 0.011193
161.9178 0.011003
162.1370 0.011037
162.3610 0.011088
162.5797 0.011051
162.7998 0.011004
163.0194 0.010905
163.2386 0.010946
163.4572 0.010804
163.6735 0.010736
163.8914 0.010731
164.1110 0.010802
164.3285 0.010877
164.5475 0.011040
164.7664 0.011001
164.9822 0.010991
165.1970 0.011030
165.4150 0.011011
165.6328 0.011046
165.8496 0.010966
166.0639 0.011045
166.2787 0.011086
166.4927 0.011104
166.7097 0.011211
166.9263 0.011323
167.1426 0.011325
167.3601 0.011319
167.5751 0.011310
167.7922 0.011194
168.0086 0.011140
168.2278 0.011222
168.4454 0.011117
168.6643 0.011149
168.8819 0.011077
169.1000 0.011232
169.3181 0.011236
169.5359 0.011188
169.7553 0.011163
169.9756 0.011179
170.1969 0.011244
170.4192 0.011247
170.6440 0.011235
170.8674 0.011260
171.0916 0.011219
171.3162 0.011238
171.5431 0.011194
171.7696 0.011323
171.9959 0.011460
172.2243 0.011388
172.4538 0.011410
172.6841 0.011400
172.9162 0.011303
173.1497 0.011331
173.3831 0.011316
173.6171 0.011280
173.8549 0.011422
174.0930 0.011410
174.3343 0.011435
174.5786 0.011426
174.8227 0.011446
175.0659 0.011523
175.3136 0.011536
175.5644 0.011475
175.8151 0.011614
176.0676 0.011764
176.3230 0.011791
176.5787 0.011894
176.8369 0.011890
177.1013 0.012053
177.3646 0.012275
177.6299 0.012349
177.8972 0.012442
178.1676 0.012507
178.4429 0.012562
178.7194 0.012595
178.9996 0.012616
179.2838 0.012840
179.5690 0.012893
179.8596 0.012862
180.1493 0.013115
180.4483 0.013168
180.7524 0.013241
181.0553 0.013294
181.3639 0.013356
181.6826 0.013563
182.0047 0.013930
182.3268 0.014167
182.6579 0.014339
182.9980 0.014340
183.3429 0.014452
183.6896 0.014520
184.0414 0.014905
184.4028 0.014968
184.7737 0.015083
185.1473 0.015240
185.5306 0.015183
185.9217 0.015362
186.3259 0.015556
186.7409 0.015801
187.1642 0.016015
187.5967 0.016225
188.0445 0.016512
188.5116 0.016643
188.9911 0.017153
189.4843 0.017220
189.9895 0.017621
190.5202 0.017559
191.0698 0.018019
191.6357 0.018263
192.2305 0.018739
192.8558 0.018770
193.5128 0.019188
194.2170 0.019420
194.9571 0.019863
195.7450 0.020286
196.5842 0.021084
197.4842 0.021916
198.4651 0.022449
199.5428 0.023237
200.7351 0.024111
202.0763 0.025724
203.6393 0.028047
205.4885 0.031372
207.8188 0.034616
210.9853 0.040121
211.7636 0.042298
212.6528 0.043569
213.6556 0.046537
214.7960 0.048318
216.0946 0.054202
217.6737 0.057578
219.6856 0.064719
222.4480 0.074738
226.9731 0.102908
231.2778 0.142318
236.6373 0.214636
240.6634 0.278529
 tr2-06-7 3 1
115.8153 0.173595
118.2642 0.126035
121.6906 0.089526
124.4538 0.066403
127.5401 0.050736
129.3394 0.043898
130.7344 0.037735
131.8748 0.035268
132.7970 0.034129
133.6149 0.032880
134.3411 0.031251
134.9832 0.030518
135.5827 0.029216
137.9806 0.025294
139.7247 0.022317
141.1739 0.020457
142.3972 0.018813
143.4719 0.017874
144.4379 0.016825
145.3093 0.016385
146.0931 0.016157
146.8340 0.016035
147.5272 0.015676
148.1771 0.015401
148.7885 0.015567
149.3705 0.015265
149.9209 0.015116
150.4422 0.014590
150.9540 0.014550
151.4452 0.014180
151.9191 0.013952
152.3789 0.013741
152.8180 0.013630
153.2410 0.013455
153.6569 0.013199
154.0564 0.013079
154.4514 0.013181
154.8395 0.012966
155.2131 0.012845
155.5784 0.012711
155.9337 0.012788
156.2815 0.012788
156.6270 0.012582
156.9669 0.012468
157.3027 0.012342
157.6319 0.012313
157.9537 0.012069
158.2664 0.012003
158.5760 0.012005
158.8831 0.011846
159.1829 0.011840
159.4835 0.012018
159.7771 0.011940
160.0681 0.011936
160.3591 0.011825
160.6430 0.011617
160.9201 0.011738
161.1990 0.011839
161.4725 0.011924
161.7442 0.011885
162.0115 0.011764
162.2776 0.011724
162.5409 0.011811
162.8055 0.011836
163.0648 0.011797
163.3227 0.011837
163.5796 0.011671
163.8351 0.011751
164.0886 0.011691
164.3388 0.011677
164.5860 0.011741
164.8332 0.011736
165.0780 0.011728
165.3222 0.011810
165.5635 0.011843
165.8033 0.011789
166.0438 0.011590
166.2821 0.011545
166.5190 0.011502
166.7536 0.011371
166.9895 0.011378
167.2233 0.011358
167.4536 0.011224
167.6865 0.011131
167.9180 0.010989
168.1498 0.010866
168.3763 0.010965
168.6036 0.010872
168.8346 0.010705
169.0604 0.010716
169.2833 0.010791
169.5106 0.010836
169.7367 0.010968
169.9635 0.011011
170.1912 0.010968
170.4140 0.011037
170.6375 0.011051
170.8633 0.011015
171.0871 0.011162
171.3133 0.011060
171.5364 0.011039
171.7595 0.011105
171.9839 0.011121
172.2081 0.011158
172.4337 0.011203
172.6578 0.011111
172.8811 0.011147
173.1035 0.011178
173.3271 0.011252
173.5494 0.011281
173.7750 0.011304
174.0008 0.011388
174.2247 0.011418
174.4487 0.011463
174.6748 0.011273
174.9003 0.011319
175.1264 0.011361
175.3528 0.011404
175.5809 0.011480
175.8067 0.011501
176.0342 0.011426
176.2608 0.011431
176.4890 0.011390
176.7143 0.011385
176.9433 0.011412
177.1760 0.011362
177.4041 0.011539
177.6381 0.011530
177.8729 0.011538
178.1089 0.011517
178.3409 0.011476
178.5792 0.011513
178.8166 0.011418
179.0537 0.011377
179.2927 0.011355
179.5347 0.011262
179.7757 0.011348
180.0192 0.011398
180.2643 0.011551
180.5113 0.011653
180.7567 0.011742
181.0067 0.011772
181.2540 0.011881
181.5084 0.011758
181.7639 0.011740
182.0181 0.011829
182.2743 0.011835
182.5333 0.011877
182.7930 0.011918
183.0626 0.011985
183.3267 0.012034
183.5970 0.012073
183.8661 0.012084
184.1373 0.012177
184.4140 0.012343
184.6941 0.012512
184.9736 0.012499
185.2590 0.012666
185.5460 0.012890
185.8381 0.012835
186.1322 0.012780
186.4302 0.012870
186.7291 0.012977
187.0329 0.013042
187.3431 0.013333
187.6547 0.013275
187.9704 0.013265
188.2950 0.013466
188.6210 0.013703
188.9505 0.013672
189.2876 0.013785
189.6302 0.014025
189.9785 0.014319
190.3295 0.014522
190.6901 0.014476
191.0607 0.014671
191.4337 0.014883
191.8134 0.014841
192.2001 0.014982
192.5925 0.015345
192.9971 0.015325
193.4186 0.015594
193.8461 0.015769
194.2827 0.015957
194.7336 0.016017
195.1950 0.016237
195.6725 0.016358
196.1591 0.016632
196.6684 0.016741
197.1883 0.016983
197.7306 0.017070
198.2946 0.017439
198.8907 0.017484
199.4992 0.017886
200.1353 0.018344
200.8110 0.018704
201.5293 0.019314
202.2970 0.019537
203.1097 0.020182
203.9770 0.020654
204.9054 0.021151
205.9153 0.022085
207.0400 0.022754
208.2843 0.023873
209.6704 0.025802
211.2989 0.027561
213.2283 0.029947
215.6199 0.032634
218.8904 0.041070
219.7034 0.044191
220.5997 0.045258
221.6227 0.047797
222.8040 0.049992
224.1666 0.053681
225.7559 0.059510
227.8837 0.066477
230.7482 0.076695
235.2614 0.109335
239.7018 0.143927
245.2946 0.210760
249.3289 0.268499
tr2s-06-7 3 1
121.8356 0.172541
124.3157 0.125293
127.7319 0.090698
130.6394 0.068444
133.6477 0.050496
135.5778 0.043741
136.9227 0.039829
138.0476 0.037978
138.9872 0.036128
139.8107 0.034738
140.5309 0.033849
141.1677 0.032308
141.7632 0.030108
144.1563 0.025739
145.9113 0.022832
147.3314 0.020699
148.5430 0.018795
149.6111 0.017429
150.5689 0.017466
151.4284 0.017004
152.2279 0.016808
152.9640 0.016435
153.6455 0.015796
154.2908 0.015835
154.8980 0.015618
155.4718 0.015320
156.0231 0.015139
156.5496 0.014929
157.0570 0.014553
157.5449 0.014333
158.0202 0.014202
158.4681 0.013776
158.9057 0.013629
159.3271 0.013316
159.7342 0.013102
160.1403 0.013095
160.5330 0.013083
160.9173 0.012900
161.2892 0.012668
161.6551 0.012466
162.0098 0.012516
162.3605 0.012468
162.7060 0.012341
163.0423 0.012489
163.3743 0.012203
163.6968 0.012224
164.0192 0.012234
164.3301 0.012275
164.6392 0.012293
164.9435 0.012444
165.2430 0.012540
165.5396 0.012533
165.8311 0.012412
166.1237 0.012289
166.4072 0.012264
166.6871 0.012164
166.9677 0.012117
167.2462 0.011984
167.5184 0.012232
167.7884 0.011972
168.0546 0.011980
168.3187 0.011991
168.5804 0.012065
168.8448 0.012052
169.1028 0.011979
169.3590 0.011759
169.6116 0.011804
169.8628 0.011740
170.1141 0.011757
170.3641 0.011618
170.6098 0.011608
170.8569 0.011585
171.1009 0.011480
171.3436 0.011559
171.5859 0.011545
171.8273 0.011498
172.0651 0.011554
172.3019 0.011650
172.5350 0.011583
172.7698 0.011587
173.0024 0.011481
173.2329 0.011620
173.4616 0.011552
173.6925 0.011531
173.9239 0.011523
174.1554 0.011637
174.3835 0.011443
174.6103 0.011389
174.8366 0.011326
175.0640 0.011261
175.2882 0.011336
175.5157 0.011348
175.7431 0.011122
175.9692 0.011147
176.1935 0.011206
176.4183 0.011278
176.6422 0.011140
176.8688 0.011093
177.0926 0.011116
177.3171 0.011058
177.5410 0.011232
177.7672 0.011269
177.9874 0.011340
178.2093 0.011305
178.4339 0.011327
178.6578 0.011388
178.8812 0.011331
179.1034 0.011315
179.3262 0.011247
179.5494 0.011306
179.7717 0.011244
179.9956 0.011324
180.2188 0.011307
180.4467 0.011318
180.6706 0.011306
180.8960 0.011367
181.1206 0.011266
181.3426 0.011194
181.5703 0.011220
181.7958 0.011179
182.0221 0.011201
182.2471 0.011301
182.4750 0.011443
182.7032 0.011411
182.9342 0.011473
183.1637 0.011535
183.3942 0.011594
183.6260 0.011713
183.8602 0.011763
184.0942 0.011794
184.3284 0.011694
184.5637 0.011773
184.7993 0.011747
185.0352 0.011828
185.2780 0.011875
185.5209 0.011895
185.7607 0.011943
186.0035 0.011895
186.2477 0.012075
186.4920 0.012130
186.7394 0.012135
186.9834 0.012178
187.2340 0.012351
187.4855 0.012258
187.7381 0.012224
187.9908 0.012320
188.2477 0.012324
188.5075 0.012474
188.7705 0.012499
189.0296 0.012623
189.2932 0.012708
189.5573 0.012688
189.8252 0.012734
190.0987 0.012823
190.3768 0.012676
190.6565 0.012784
190.9384 0.012725
191.2213 0.012917
191.5079 0.012922
191.7958 0.012954
192.0887 0.013062
192.3824 0.013152
192.6813 0.013274
192.9835 0.013325
193.2922 0.013332
193.6028 0.013623
193.9196 0.013668
194.2334 0.013860
194.5567 0.013726
194.8873 0.013787
195.2191 0.014063
195.5590 0.014182
195.9069 0.014283
196.2570 0.014233
196.6129 0.014222
196.9777 0.014271
197.3439 0.014583
197.7239 0.014768
198.1101 0.014891
198.5058 0.015251
198.9118 0.015417
199.3236 0.015536
199.7473 0.015621
200.1889 0.015630
200.6415 0.016096
201.1101 0.016366
201.5914 0.016601
202.0758 0.016814
202.5776 0.017227
203.1135 0.017086
203.6565 0.017426
204.2153 0.017678
204.7996 0.017983
205.4056 0.017970
206.0477 0.018340
206.7217 0.018868
207.4403 0.019301
208.1903 0.019158
208.9980 0.019769
209.8612 0.020798
210.7903 0.021272
211.8133 0.021872
212.9349 0.023105
214.1612 0.024640
215.5547 0.026228
217.1856 0.028142
219.1051 0.029751
221.5019 0.032792
224.7807 0.040556
225.6039 0.042100
226.5125 0.042749
227.5184 0.044388
228.6792 0.049353
230.0484 0.053656
231.6861 0.059456
233.8360 0.067692
236.5427 0.080087
241.1411 0.106616
245.4428 0.135865
251.1891 0.213772
255.2518 0.272098
