Copyright (C) 1998 James G. MacKinnon, Alfred A. Haug, and Leo Michelis.
 lm0-10-2 3 1
 33.8289 0.053520
 34.5912 0.041454
 35.6322 0.028650
 36.5257 0.021734
 37.4854 0.016795
 38.0790 0.014826
 38.5364 0.013511
 38.9004 0.012490
 39.2095 0.011767
 39.4832 0.010989
 39.7202 0.010353
 39.9372 0.009819
 40.1295 0.009413
 40.9045 0.008401
 41.5072 0.007755
 42.0013 0.007234
 42.4254 0.006813
 42.7970 0.006561
 43.1335 0.006190
 43.4343 0.005984
 43.7119 0.005855
 43.9711 0.005720
 44.2128 0.005636
 44.4437 0.005551
 44.6611 0.005345
 44.8680 0.005205
 45.0668 0.005201
 45.2588 0.005163
 45.4433 0.005161
 45.6181 0.005096
 45.7879 0.005173
 45.9522 0.005120
 46.1123 0.005100
 46.2661 0.005019
 46.4181 0.004924
 46.5671 0.004903
 46.7100 0.004850
 46.8504 0.004896
 46.9888 0.004878
 47.1235 0.004850
 47.2560 0.004723
 47.3864 0.004667
 47.5136 0.004713
 47.6411 0.004638
 47.7649 0.004708
 47.8862 0.004641
 48.0057 0.004605
 48.1222 0.004544
 48.2376 0.004500
 48.3517 0.004455
 48.4644 0.004451
 48.5751 0.004396
 48.6862 0.004431
 48.7963 0.004387
 48.9051 0.004403
 49.0117 0.004406
 49.1168 0.004419
 49.2220 0.004369
 49.3275 0.004350
 49.4310 0.004380
 49.5341 0.004378
 49.6361 0.004403
 49.7370 0.004384
 49.8372 0.004394
 49.9370 0.004399
 50.0354 0.004353
 50.1342 0.004358
 50.2315 0.004323
 50.3279 0.004342
 50.4251 0.004308
 50.5212 0.004362
 50.6162 0.004370
 50.7119 0.004384
 50.8056 0.004389
 50.8990 0.004425
 50.9929 0.004431
 51.0871 0.004406
 51.1799 0.004377
 51.2729 0.004392
 51.3647 0.004392
 51.4564 0.004438
 51.5480 0.004449
 51.6392 0.004418
 51.7295 0.004444
 51.8214 0.004499
 51.9115 0.004517
 52.0013 0.004509
 52.0915 0.004438
 52.1815 0.004449
 52.2731 0.004494
 52.3629 0.004493
 52.4525 0.004539
 52.5420 0.004515
 52.6322 0.004507
 52.7244 0.004539
 52.8160 0.004542
 52.9068 0.004544
 52.9964 0.004576
 53.0858 0.004625
 53.1762 0.004628
 53.2666 0.004649
 53.3573 0.004628
 53.4477 0.004606
 53.5382 0.004537
 53.6277 0.004576
 53.7181 0.004600
 53.8091 0.004604
 53.9004 0.004622
 53.9920 0.004639
 54.0833 0.004639
 54.1741 0.004660
 54.2654 0.004648
 54.3574 0.004630
 54.4495 0.004674
 54.5403 0.004715
 54.6317 0.004691
 54.7241 0.004702
 54.8174 0.004742
 54.9104 0.004723
 55.0047 0.004711
 55.0979 0.004726
 55.1928 0.004760
 55.2866 0.004824
 55.3822 0.004835
 55.4760 0.004881
 55.5713 0.004907
 55.6674 0.004923
 55.7639 0.004978
 55.8603 0.004953
 55.9574 0.004944
 56.0555 0.004971
 56.1542 0.004961
 56.2541 0.005007
 56.3538 0.005009
 56.4534 0.004948
 56.5541 0.004914
 56.6558 0.004938
 56.7586 0.004945
 56.8613 0.004965
 56.9645 0.004934
 57.0685 0.004989
 57.1739 0.005069
 57.2813 0.005126
 57.3875 0.005141
 57.4953 0.005147
 57.6048 0.005217
 57.7139 0.005310
 57.8246 0.005339
 57.9372 0.005374
 58.0504 0.005379
 58.1630 0.005501
 58.2786 0.005569
 58.3960 0.005568
 58.5125 0.005634
 58.6322 0.005611
 58.7516 0.005610
 58.8738 0.005648
 58.9978 0.005653
 59.1232 0.005759
 59.2513 0.005836
 59.3783 0.005830
 59.5085 0.005908
 59.6407 0.005981
 59.7747 0.006053
 59.9097 0.006120
 60.0457 0.006131
 60.1857 0.006257
 60.3263 0.006289
 60.4695 0.006360
 60.6165 0.006477
 60.7659 0.006578
 60.9176 0.006684
 61.0723 0.006637
 61.2297 0.006689
 61.3905 0.006790
 61.5538 0.006760
 61.7229 0.006758
 61.8920 0.006840
 62.0655 0.006857
 62.2441 0.006802
 62.4253 0.006870
 62.6148 0.006950
 62.8096 0.007077
 63.0097 0.007215
 63.2146 0.007363
 63.4271 0.007434
 63.6471 0.007535
 63.8757 0.007705
 64.1097 0.007939
 64.3532 0.008063
 64.6042 0.008157
 64.8661 0.008406
 65.1384 0.008610
 65.4221 0.008846
 65.7202 0.009070
 66.0440 0.009108
 66.3798 0.009258
 66.7407 0.009436
 67.1258 0.009396
 67.5385 0.009921
 67.9827 0.010283
 68.4666 0.010560
 69.0033 0.010957
 69.6063 0.011983
 70.2941 0.012977
 71.0953 0.014073
 72.0447 0.015552
 73.2376 0.016917
 74.8817 0.020441
 75.2909 0.021489
 75.7526 0.022710
 76.2658 0.024324
 76.8785 0.025755
 77.5810 0.028060
 78.4482 0.031045
 79.5300 0.035304
 81.0688 0.042760
 83.5446 0.056388
 86.0107 0.078407
 89.0486 0.117893
 91.0648 0.171138
 lm1-10-2 3 1
 36.4237 0.053405
 37.2079 0.038991
 38.2808 0.028029
 39.1718 0.022344
 40.1636 0.017806
 40.7717 0.014802
 41.2228 0.013588
 41.6033 0.012166
 41.9303 0.011443
 42.2134 0.010847
 42.4611 0.010270
 42.6837 0.010102
 42.8882 0.009676
 43.7000 0.008559
 44.3198 0.007727
 44.8246 0.007198
 45.2568 0.006643
 45.6339 0.006510
 45.9750 0.006147
 46.2871 0.005956
 46.5696 0.005838
 46.8386 0.005769
 47.0874 0.005611
 47.3212 0.005435
 47.5441 0.005445
 47.7566 0.005347
 47.9584 0.005317
 48.1536 0.005256
 48.3398 0.005140
 48.5199 0.005135
 48.6943 0.005086
 48.8635 0.005000
 49.0286 0.004904
 49.1878 0.004942
 49.3434 0.004828
 49.4941 0.004866
 49.6413 0.004803
 49.7855 0.004838
 49.9259 0.004786
 50.0637 0.004756
 50.1984 0.004808
 50.3310 0.004729
 50.4610 0.004690
 50.5902 0.004638
 50.7163 0.004647
 50.8399 0.004613
 50.9620 0.004615
 51.0842 0.004663
 51.2047 0.004752
 51.3224 0.004683
 51.4385 0.004665
 51.5534 0.004680
 51.6666 0.004655
 51.7785 0.004701
 51.8905 0.004662
 52.0010 0.004707
 52.1079 0.004704
 52.2157 0.004695
 52.3225 0.004725
 52.4283 0.004725
 52.5332 0.004697
 52.6374 0.004709
 52.7403 0.004709
 52.8423 0.004720
 52.9439 0.004722
 53.0449 0.004721
 53.1447 0.004701
 53.2436 0.004722
 53.3416 0.004764
 53.4410 0.004715
 53.5394 0.004711
 53.6366 0.004696
 53.7346 0.004638
 53.8318 0.004620
 53.9281 0.004601
 54.0249 0.004592
 54.1218 0.004586
 54.2178 0.004602
 54.3135 0.004557
 54.4081 0.004516
 54.5018 0.004533
 54.5962 0.004581
 54.6894 0.004607
 54.7826 0.004553
 54.8755 0.004570
 54.9682 0.004556
 55.0607 0.004558
 55.1538 0.004540
 55.2474 0.004560
 55.3400 0.004561
 55.4318 0.004546
 55.5246 0.004580
 55.6172 0.004584
 55.7097 0.004577
 55.8013 0.004621
 55.8934 0.004690
 55.9858 0.004694
 56.0784 0.004717
 56.1708 0.004712
 56.2631 0.004741
 56.3552 0.004726
 56.4484 0.004721
 56.5409 0.004729
 56.6320 0.004780
 56.7230 0.004770
 56.8151 0.004767
 56.9070 0.004792
 57.0000 0.004801
 57.0926 0.004853
 57.1864 0.004862
 57.2783 0.004884
 57.3716 0.004940
 57.4649 0.004956
 57.5595 0.004940
 57.6522 0.004916
 57.7479 0.004982
 57.8436 0.004961
 57.9378 0.004947
 58.0322 0.004965
 58.1274 0.004985
 58.2226 0.005046
 58.3205 0.005051
 58.4180 0.005099
 58.5137 0.005138
 58.6100 0.005120
 58.7085 0.005110
 58.8068 0.005171
 58.9044 0.005244
 59.0033 0.005265
 59.1035 0.005251
 59.2047 0.005299
 59.3036 0.005315
 59.4056 0.005393
 59.5083 0.005405
 59.6121 0.005420
 59.7148 0.005374
 59.8185 0.005443
 59.9229 0.005448
 60.0286 0.005471
 60.1348 0.005478
 60.2408 0.005507
 60.3467 0.005515
 60.4547 0.005560
 60.5637 0.005578
 60.6720 0.005655
 60.7841 0.005684
 60.8972 0.005723
 61.0095 0.005768
 61.1231 0.005783
 61.2391 0.005795
 61.3560 0.005827
 61.4733 0.005871
 61.5915 0.005906
 61.7116 0.005906
 61.8333 0.005936
 61.9562 0.005967
 62.0796 0.006061
 62.2064 0.006089
 62.3337 0.006053
 62.4632 0.006138
 62.5936 0.006143
 62.7274 0.006195
 62.8620 0.006199
 62.9991 0.006191
 63.1362 0.006266
 63.2775 0.006267
 63.4216 0.006309
 63.5648 0.006353
 63.7124 0.006410
 63.8627 0.006391
 64.0119 0.006455
 64.1671 0.006536
 64.3246 0.006566
 64.4852 0.006610
 64.6482 0.006692
 64.8154 0.006662
 64.9851 0.006682
 65.1599 0.006803
 65.3394 0.006792
 65.5201 0.006758
 65.7054 0.006816
 65.8962 0.006855
 66.0925 0.007016
 66.2952 0.007179
 66.5053 0.007226
 66.7208 0.007419
 66.9443 0.007531
 67.1764 0.007771
 67.4182 0.007980
 67.6661 0.008250
 67.9261 0.008282
 68.1964 0.008450
 68.4747 0.008497
 68.7645 0.008512
 69.0738 0.008743
 69.4017 0.009212
 69.7499 0.009316
 70.1088 0.009409
 70.4948 0.009832
 70.9127 0.010130
 71.3664 0.010697
 71.8649 0.011223
 72.4109 0.011776
 73.0296 0.012305
 73.7181 0.013196
 74.5270 0.014307
 75.4922 0.015466
 76.7065 0.017431
 78.3958 0.020449
 78.8248 0.021371
 79.2952 0.022610
 79.8365 0.023736
 80.4547 0.025411
 81.1790 0.027729
 82.0325 0.030693
 83.1385 0.034471
 84.6551 0.042060
 87.2368 0.060507
 89.7396 0.081543
 92.8671 0.126860
 95.2381 0.170632
lm1s-10-2 3 1
 37.1600 0.053501
 37.8948 0.040891
 38.9790 0.029071
 39.8766 0.022443
 40.8536 0.016956
 41.4616 0.015002
 41.9271 0.013368
 42.3151 0.012410
 42.6352 0.011474
 42.9116 0.010883
 43.1643 0.010369
 43.3917 0.010022
 43.5959 0.009402
 44.4138 0.008545
 45.0343 0.007768
 45.5423 0.007312
 45.9753 0.006902
 46.3529 0.006666
 46.6920 0.006315
 47.0062 0.006078
 47.2924 0.005795
 47.5564 0.005709
 47.8027 0.005605
 48.0359 0.005540
 48.2599 0.005441
 48.4733 0.005341
 48.6762 0.005193
 48.8729 0.005186
 49.0623 0.005107
 49.2439 0.005112
 49.4178 0.005082
 49.5853 0.005060
 49.7494 0.005010
 49.9086 0.004963
 50.0623 0.004967
 50.2136 0.004885
 50.3617 0.004815
 50.5066 0.004745
 50.6474 0.004761
 50.7863 0.004725
 50.9223 0.004748
 51.0556 0.004718
 51.1874 0.004681
 51.3168 0.004735
 51.4451 0.004722
 51.5690 0.004837
 51.6925 0.004819
 51.8145 0.004848
 51.9336 0.004904
 52.0509 0.004946
 52.1665 0.004861
 52.2820 0.004827
 52.3970 0.004813
 52.5085 0.004806
 52.6191 0.004777
 52.7287 0.004756
 52.8385 0.004749
 52.9465 0.004737
 53.0516 0.004674
 53.1577 0.004668
 53.2634 0.004634
 53.3671 0.004675
 53.4704 0.004650
 53.5722 0.004601
 53.6731 0.004564
 53.7749 0.004606
 53.8751 0.004578
 53.9759 0.004576
 54.0749 0.004540
 54.1741 0.004547
 54.2718 0.004596
 54.3707 0.004557
 54.4681 0.004582
 54.5648 0.004612
 54.6614 0.004594
 54.7561 0.004558
 54.8521 0.004524
 54.9484 0.004476
 55.0442 0.004486
 55.1394 0.004466
 55.2349 0.004554
 55.3294 0.004576
 55.4239 0.004590
 55.5179 0.004587
 55.6114 0.004551
 55.7047 0.004581
 55.7980 0.004622
 55.8915 0.004682
 55.9849 0.004720
 56.0776 0.004741
 56.1692 0.004800
 56.2620 0.004757
 56.3550 0.004737
 56.4481 0.004746
 56.5397 0.004745
 56.6321 0.004731
 56.7234 0.004720
 56.8140 0.004711
 56.9054 0.004693
 56.9969 0.004711
 57.0883 0.004700
 57.1802 0.004707
 57.2720 0.004748
 57.3642 0.004811
 57.4564 0.004837
 57.5491 0.004804
 57.6418 0.004786
 57.7345 0.004797
 57.8267 0.004829
 57.9198 0.004820
 58.0135 0.004851
 58.1070 0.004836
 58.2007 0.004834
 58.2965 0.004853
 58.3906 0.004869
 58.4844 0.004916
 58.5793 0.004945
 58.6736 0.004940
 58.7702 0.004981
 58.8643 0.004988
 58.9610 0.005017
 59.0577 0.005067
 59.1548 0.005106
 59.2533 0.005154
 59.3498 0.005169
 59.4465 0.005173
 59.5444 0.005261
 59.6446 0.005283
 59.7441 0.005360
 59.8445 0.005383
 59.9443 0.005371
 60.0461 0.005369
 60.1469 0.005383
 60.2495 0.005371
 60.3512 0.005345
 60.4530 0.005433
 60.5577 0.005438
 60.6622 0.005501
 60.7681 0.005584
 60.8736 0.005579
 60.9805 0.005648
 61.0878 0.005674
 61.1958 0.005644
 61.3049 0.005666
 61.4136 0.005713
 61.5238 0.005750
 61.6363 0.005745
 61.7508 0.005763
 61.8657 0.005801
 61.9797 0.005769
 62.0951 0.005817
 62.2138 0.005814
 62.3338 0.005817
 62.4527 0.005849
 62.5740 0.005902
 62.6986 0.005841
 62.8213 0.005822
 62.9483 0.005852
 63.0762 0.005960
 63.2052 0.005969
 63.3350 0.006032
 63.4691 0.006080
 63.6028 0.006101
 63.7385 0.006161
 63.8762 0.006205
 64.0162 0.006178
 64.1604 0.006195
 64.3048 0.006284
 64.4530 0.006290
 64.6027 0.006283
 64.7537 0.006398
 64.9062 0.006449
 65.0626 0.006495
 65.2241 0.006564
 65.3867 0.006581
 65.5525 0.006706
 65.7204 0.006743
 65.8952 0.006837
 66.0751 0.006884
 66.2587 0.006875
 66.4461 0.006915
 66.6362 0.007081
 66.8336 0.007166
 67.0376 0.007220
 67.2437 0.007392
 67.4638 0.007459
 67.6869 0.007697
 67.9181 0.007921
 68.1585 0.007968
 68.4091 0.008161
 68.6631 0.008252
 68.9311 0.008419
 69.2106 0.008486
 69.5087 0.008450
 69.8213 0.008702
 70.1444 0.009050
 70.4870 0.009213
 70.8480 0.009513
 71.2405 0.009936
 71.6628 0.010275
 72.1130 0.010901
 72.6160 0.011496
 73.1619 0.011854
 73.7712 0.012822
 74.4586 0.013446
 75.2691 0.014257
 76.2333 0.015436
 77.4660 0.017618
 79.1394 0.020687
 79.5795 0.021592
 80.0545 0.022573
 80.6011 0.023528
 81.2222 0.025544
 81.9267 0.028342
 82.7885 0.030183
 83.8857 0.034881
 85.3682 0.041783
 87.9739 0.058922
 90.5339 0.082000
 93.6823 0.125322
 95.8828 0.170463
 lm2-10-2 3 1
 38.9467 0.054148
 39.7615 0.042918
 40.8667 0.030916
 41.8351 0.023368
 42.8487 0.018172
 43.4972 0.015441
 43.9669 0.013953
 44.3524 0.012856
 44.6768 0.011705
 44.9610 0.011380
 45.2178 0.010957
 45.4506 0.010491
 45.6542 0.010180
 46.4928 0.009460
 47.1188 0.008527
 47.6308 0.007804
 48.0721 0.007230
 48.4591 0.006681
 48.8089 0.006659
 49.1247 0.006455
 49.4186 0.006204
 49.6888 0.006137
 49.9440 0.005933
 50.1880 0.005809
 50.4164 0.005645
 50.6339 0.005545
 50.8438 0.005509
 51.0418 0.005392
 51.2345 0.005301
 51.4186 0.005265
 51.5958 0.005136
 51.7689 0.005133
 51.9381 0.005146
 52.0994 0.005109
 52.2570 0.005077
 52.4127 0.005112
 52.5635 0.005040
 52.7100 0.004933
 52.8540 0.004877
 52.9965 0.004791
 53.1359 0.004783
 53.2722 0.004678
 53.4064 0.004575
 53.5370 0.004563
 53.6658 0.004592
 53.7937 0.004665
 53.9198 0.004664
 54.0443 0.004705
 54.1675 0.004711
 54.2858 0.004706
 54.4054 0.004716
 54.5224 0.004780
 54.6394 0.004721
 54.7547 0.004702
 54.8672 0.004662
 54.9789 0.004593
 55.0916 0.004642
 55.2020 0.004619
 55.3109 0.004582
 55.4192 0.004581
 55.5255 0.004579
 55.6328 0.004594
 55.7378 0.004636
 55.8420 0.004652
 55.9466 0.004644
 56.0517 0.004707
 56.1544 0.004677
 56.2572 0.004637
 56.3574 0.004628
 56.4583 0.004646
 56.5588 0.004650
 56.6604 0.004588
 56.7595 0.004551
 56.8591 0.004495
 56.9579 0.004536
 57.0562 0.004525
 57.1551 0.004538
 57.2517 0.004570
 57.3491 0.004562
 57.4462 0.004543
 57.5437 0.004560
 57.6386 0.004604
 57.7337 0.004631
 57.8291 0.004631
 57.9250 0.004635
 58.0203 0.004663
 58.1157 0.004631
 58.2097 0.004638
 58.3043 0.004716
 58.3985 0.004677
 58.4927 0.004642
 58.5873 0.004662
 58.6814 0.004631
 58.7755 0.004667
 58.8696 0.004712
 58.9633 0.004743
 59.0577 0.004738
 59.1515 0.004768
 59.2451 0.004753
 59.3390 0.004829
 59.4331 0.004842
 59.5272 0.004853
 59.6221 0.004838
 59.7158 0.004859
 59.8110 0.004876
 59.9058 0.004907
 60.0003 0.004961
 60.0954 0.004959
 60.1906 0.004992
 60.2860 0.005043
 60.3811 0.005097
 60.4765 0.005123
 60.5723 0.005160
 60.6680 0.005184
 60.7637 0.005178
 60.8604 0.005171
 60.9566 0.005144
 61.0535 0.005155
 61.1505 0.005182
 61.2478 0.005173
 61.3454 0.005165
 61.4426 0.005207
 61.5405 0.005255
 61.6377 0.005256
 61.7371 0.005316
 61.8373 0.005374
 61.9382 0.005401
 62.0390 0.005419
 62.1407 0.005409
 62.2435 0.005484
 62.3453 0.005517
 62.4477 0.005548
 62.5509 0.005536
 62.6558 0.005555
 62.7606 0.005576
 62.8661 0.005605
 62.9713 0.005625
 63.0768 0.005638
 63.1842 0.005737
 63.2920 0.005801
 63.3995 0.005855
 63.5095 0.005829
 63.6224 0.005850
 63.7354 0.005877
 63.8492 0.005887
 63.9634 0.005881
 64.0782 0.005933
 64.1938 0.005911
 64.3114 0.005917
 64.4298 0.005963
 64.5490 0.005993
 64.6687 0.005952
 64.7891 0.005923
 64.9096 0.005928
 65.0333 0.005932
 65.1587 0.005981
 65.2855 0.006037
 65.4128 0.006081
 65.5422 0.006083
 65.6730 0.006120
 65.8065 0.006105
 65.9420 0.006096
 66.0776 0.006240
 66.2156 0.006253
 66.3562 0.006312
 66.4980 0.006312
 66.6434 0.006308
 66.7911 0.006345
 66.9408 0.006387
 67.0953 0.006509
 67.2529 0.006563
 67.4120 0.006603
 67.5724 0.006574
 67.7353 0.006731
 67.9029 0.006788
 68.0712 0.006893
 68.2456 0.006921
 68.4196 0.006982
 68.6008 0.007004
 68.7889 0.006991
 68.9822 0.006980
 69.1787 0.007176
 69.3818 0.007274
 69.5876 0.007347
 69.8005 0.007332
 70.0212 0.007564
 70.2486 0.007684
 70.4854 0.007766
 70.7253 0.007946
 70.9757 0.008104
 71.2363 0.008214
 71.5082 0.008293
 71.7960 0.008502
 72.0955 0.008665
 72.4097 0.008784
 72.7417 0.008867
 73.0952 0.009030
 73.4647 0.009411
 73.8639 0.009826
 74.2892 0.009969
 74.7505 0.010199
 75.2541 0.010922
 75.8089 0.011699
 76.4332 0.012385
 77.1391 0.013342
 77.9632 0.014553
 78.9373 0.015937
 80.1944 0.017076
 81.9068 0.020118
 82.3335 0.020636
 82.8147 0.021957
 83.3629 0.023248
 83.9867 0.024831
 84.7028 0.026964
 85.5574 0.030943
 86.6917 0.035692
 88.2419 0.044061
 90.7995 0.060518
 93.3286 0.085333
 96.6814 0.130511
 98.8061 0.170967
lm2s-10-2 3 1
 39.7142 0.055021
 40.4590 0.042786
 41.5997 0.029493
 42.5292 0.022419
 43.5691 0.018219
 44.2080 0.015490
 44.6970 0.014033
 45.0798 0.013175
 45.4066 0.012413
 45.6965 0.011442
 45.9528 0.010782
 46.1742 0.010697
 46.3823 0.010221
 47.2149 0.009062
 47.8458 0.008330
 48.3635 0.007657
 48.8094 0.007181
 49.1939 0.006977
 49.5440 0.006763
 49.8587 0.006589
 50.1512 0.006272
 50.4208 0.006136
 50.6774 0.006088
 50.9218 0.005858
 51.1515 0.005773
 51.3708 0.005623
 51.5773 0.005521
 51.7747 0.005336
 51.9656 0.005294
 52.1527 0.005288
 52.3305 0.005288
 52.5029 0.005218
 52.6722 0.005071
 52.8345 0.004993
 52.9943 0.004959
 53.1483 0.004946
 53.3002 0.004874
 53.4470 0.004777
 53.5921 0.004661
 53.7342 0.004670
 53.8718 0.004712
 54.0084 0.004689
 54.1424 0.004660
 54.2750 0.004638
 54.4042 0.004662
 54.5315 0.004646
 54.6574 0.004662
 54.7813 0.004618
 54.9035 0.004550
 55.0229 0.004539
 55.1424 0.004482
 55.2608 0.004475
 55.3785 0.004457
 55.4921 0.004443
 55.6057 0.004450
 55.7169 0.004530
 55.8266 0.004505
 55.9368 0.004517
 56.0478 0.004550
 56.1567 0.004591
 56.2650 0.004592
 56.3708 0.004654
 56.4771 0.004667
 56.5829 0.004625
 56.6869 0.004589
 56.7904 0.004565
 56.8935 0.004549
 56.9970 0.004535
 57.0983 0.004531
 57.2014 0.004569
 57.3015 0.004563
 57.4017 0.004574
 57.5011 0.004580
 57.5998 0.004607
 57.6989 0.004592
 57.7980 0.004599
 57.8961 0.004608
 57.9932 0.004659
 58.0913 0.004672
 58.1875 0.004687
 58.2824 0.004691
 58.3800 0.004684
 58.4749 0.004643
 58.5711 0.004641
 58.6665 0.004630
 58.7604 0.004675
 58.8548 0.004659
 58.9505 0.004695
 59.0445 0.004710
 59.1397 0.004708
 59.2336 0.004728
 59.3275 0.004745
 59.4211 0.004715
 59.5144 0.004759
 59.6087 0.004754
 59.7046 0.004773
 59.7988 0.004806
 59.8928 0.004811
 59.9869 0.004903
 60.0827 0.004969
 60.1768 0.004991
 60.2715 0.005006
 60.3651 0.004994
 60.4605 0.005010
 60.5545 0.005022
 60.6487 0.005028
 60.7421 0.005081
 60.8362 0.005084
 60.9322 0.005117
 61.0267 0.005092
 61.1214 0.005087
 61.2169 0.005134
 61.3118 0.005084
 61.4070 0.005093
 61.5020 0.005154
 61.5992 0.005210
 61.6957 0.005241
 61.7930 0.005227
 61.8910 0.005302
 61.9882 0.005324
 62.0859 0.005382
 62.1837 0.005370
 62.2836 0.005412
 62.3829 0.005467
 62.4833 0.005439
 62.5837 0.005445
 62.6832 0.005471
 62.7845 0.005471
 62.8851 0.005466
 62.9858 0.005493
 63.0874 0.005506
 63.1918 0.005542
 63.2946 0.005521
 63.3977 0.005559
 63.5022 0.005587
 63.6086 0.005601
 63.7151 0.005644
 63.8211 0.005683
 63.9291 0.005752
 64.0358 0.005733
 64.1451 0.005761
 64.2556 0.005778
 64.3677 0.005823
 64.4798 0.005869
 64.5913 0.005892
 64.7043 0.005855
 64.8200 0.005824
 64.9345 0.005850
 65.0520 0.005820
 65.1701 0.005871
 65.2882 0.005908
 65.4078 0.005963
 65.5283 0.005993
 65.6499 0.006016
 65.7722 0.005989
 65.8983 0.006076
 66.0254 0.006091
 66.1550 0.006045
 66.2859 0.006090
 66.4161 0.006145
 66.5477 0.006218
 66.6837 0.006240
 66.8216 0.006217
 66.9611 0.006287
 67.1009 0.006357
 67.2443 0.006405
 67.3904 0.006333
 67.5380 0.006296
 67.6874 0.006379
 67.8418 0.006404
 67.9969 0.006547
 68.1529 0.006588
 68.3134 0.006606
 68.4754 0.006706
 68.6408 0.006750
 68.8120 0.006765
 68.9876 0.006786
 69.1659 0.006846
 69.3486 0.006917
 69.5378 0.006930
 69.7290 0.007077
 69.9263 0.007231
 70.1267 0.007388
 70.3338 0.007640
 70.5471 0.007690
 70.7680 0.007716
 70.9935 0.007763
 71.2279 0.007849
 71.4693 0.007913
 71.7179 0.007869
 71.9793 0.008131
 72.2561 0.008321
 72.5387 0.008377
 72.8446 0.008638
 73.1593 0.008625
 73.4884 0.008978
 73.8382 0.009094
 74.2138 0.009164
 74.6095 0.009332
 75.0314 0.010039
 75.4965 0.010590
 76.0004 0.011032
 76.5553 0.011676
 77.1776 0.012294
 77.8883 0.013536
 78.6961 0.014365
 79.7014 0.015860
 80.9484 0.017471
 82.6497 0.019597
 83.0911 0.020784
 83.5728 0.022361
 84.1211 0.023996
 84.7327 0.025357
 85.4336 0.027811
 86.3155 0.030677
 87.4086 0.036438
 88.9880 0.044092
 91.5885 0.063318
 94.0894 0.085598
 97.4007 0.129333
 99.4968 0.175691
 tr0-10-2 3 1
165.5900 0.194275
168.4116 0.147706
172.1384 0.107328
175.3005 0.083687
178.5799 0.062304
180.6988 0.052711
182.2382 0.046137
183.4797 0.042251
184.5297 0.040702
185.4357 0.038721
186.2083 0.036516
186.9253 0.034652
187.5830 0.033687
190.1831 0.028549
192.1376 0.025279
193.7331 0.023585
195.0770 0.022964
196.2616 0.021370
197.3261 0.019847
198.2694 0.019289
199.1412 0.018825
199.9547 0.018379
200.7179 0.017676
201.4224 0.017393
202.0908 0.017382
202.7294 0.017205
203.3337 0.016900
203.9135 0.016502
204.4674 0.016171
205.0029 0.016084
205.5232 0.015922
206.0262 0.015495
206.5067 0.015532
206.9736 0.015453
207.4303 0.015299
207.8785 0.014890
208.3045 0.014833
208.7215 0.014896
209.1289 0.014762
209.5342 0.014536
209.9254 0.014445
210.3104 0.014426
210.6844 0.014306
211.0539 0.014361
211.4162 0.014267
211.7778 0.014190
212.1286 0.013990
212.4758 0.013957
212.8181 0.013910
213.1479 0.013884
213.4796 0.013998
213.8011 0.013920
214.1264 0.013845
214.4415 0.014040
214.7518 0.013770
215.0589 0.013535
215.3680 0.013496
215.6713 0.013422
215.9682 0.013324
216.2660 0.013219
216.5577 0.013175
216.8476 0.013129
217.1380 0.013032
217.4236 0.013082
217.7111 0.012946
217.9943 0.012841
218.2734 0.012888
218.5501 0.012854
218.8254 0.012836
219.0989 0.012873
219.3685 0.012812
219.6347 0.012749
219.9032 0.012811
220.1669 0.012795
220.4287 0.012964
220.6914 0.012963
220.9497 0.012997
221.2097 0.013095
221.4714 0.012987
221.7265 0.012892
221.9842 0.012733
222.2369 0.012702
222.4914 0.012626
222.7423 0.012569
222.9951 0.012722
223.2467 0.012608
223.4965 0.012440
223.7493 0.012420
224.0008 0.012449
224.2509 0.012546
224.4989 0.012376
224.7468 0.012369
224.9913 0.012402
225.2358 0.012408
225.4832 0.012422
225.7287 0.012377
225.9701 0.012379
226.2161 0.012405
226.4588 0.012422
226.7021 0.012393
226.9438 0.012349
227.1890 0.012275
227.4325 0.012243
227.6744 0.012282
227.9172 0.012269
228.1613 0.012195
228.4073 0.012168
228.6490 0.012157
228.8906 0.012216
229.1358 0.012189
229.3770 0.012404
229.6195 0.012383
229.8633 0.012600
230.1075 0.012621
230.3524 0.012639
230.5970 0.012546
230.8417 0.012597
231.0852 0.012446
231.3317 0.012357
231.5774 0.012521
231.8231 0.012397
232.0711 0.012412
232.3196 0.012389
232.5670 0.012478
232.8176 0.012622
233.0702 0.012478
233.3210 0.012589
233.5702 0.012676
233.8239 0.012571
234.0766 0.012641
234.3333 0.012635
234.5866 0.012892
234.8415 0.012958
235.1020 0.013112
235.3646 0.013094
235.6237 0.013120
235.8867 0.013153
236.1498 0.013131
236.4156 0.013149
236.6835 0.013164
236.9548 0.013140
237.2251 0.013362
237.4995 0.013455
237.7722 0.013550
238.0431 0.013644
238.3205 0.013704
238.6020 0.013958
238.8829 0.014169
239.1699 0.014075
239.4557 0.014125
239.7458 0.014286
240.0376 0.014282
240.3336 0.014482
240.6270 0.014490
240.9244 0.014512
241.2272 0.014470
241.5285 0.014572
241.8427 0.014756
242.1551 0.014831
242.4670 0.014822
242.7824 0.014860
243.1008 0.014995
243.4294 0.014763
243.7621 0.015022
244.0951 0.015116
244.4376 0.015333
244.7768 0.015207
245.1195 0.015377
245.4696 0.015680
245.8266 0.015752
246.1916 0.015816
246.5623 0.016060
246.9414 0.016286
247.3238 0.016331
247.7105 0.016140
248.1076 0.016465
248.5106 0.016722
248.9212 0.016768
249.3465 0.016973
249.7785 0.016852
250.2158 0.016897
250.6673 0.017416
251.1320 0.017701
251.6029 0.017584
252.0899 0.017883
252.5967 0.018207
253.1133 0.018448
253.6390 0.018712
254.1929 0.018720
254.7701 0.018973
255.3631 0.019097
255.9712 0.019275
256.6143 0.019743
257.2791 0.020244
257.9799 0.020745
258.7100 0.021153
259.4890 0.021299
260.3041 0.021727
261.1779 0.022181
262.1008 0.022456
263.1020 0.023386
264.1972 0.024316
265.4047 0.025654
266.7480 0.026724
268.2552 0.029557
269.9761 0.031815
272.0402 0.034828
274.5995 0.038073
278.0926 0.044529
278.9854 0.045621
279.9851 0.048561
281.0740 0.053551
282.3246 0.058363
283.7693 0.059425
285.5265 0.063127
287.7391 0.072936
290.8157 0.088745
295.8454 0.116532
300.4171 0.151075
306.5292 0.235211
310.4256 0.327991
 tr1-10-2 3 1
183.1095 0.205426
185.9065 0.153951
189.8600 0.105894
193.2291 0.078560
196.6964 0.061876
198.8557 0.054391
200.4618 0.048719
201.7384 0.046062
202.8037 0.042839
203.7221 0.040934
204.5514 0.039345
205.2938 0.038071
205.9689 0.036040
208.6842 0.030640
210.7347 0.028059
212.3728 0.025366
213.7602 0.023850
214.9745 0.023090
216.0771 0.022063
217.0722 0.021078
217.9792 0.020130
218.8162 0.019308
219.6086 0.018794
220.3509 0.018412
221.0534 0.018141
221.7164 0.017467
222.3471 0.016878
222.9495 0.016331
223.5316 0.016001
224.0939 0.015954
224.6263 0.015756
225.1355 0.015590
225.6382 0.015201
226.1246 0.015238
226.6000 0.015204
227.0648 0.015086
227.5135 0.015096
227.9533 0.015159
228.3768 0.015202
228.7910 0.015132
229.1963 0.014960
229.5963 0.014702
229.9903 0.014689
230.3713 0.014581
230.7459 0.014365
231.1196 0.014169
231.4854 0.014083
231.8415 0.013909
232.1939 0.013817
232.5442 0.013829
232.8869 0.013742
233.2255 0.013667
233.5594 0.013749
233.8906 0.013870
234.2152 0.013895
234.5326 0.013864
234.8522 0.013904
235.1682 0.013841
235.4779 0.013836
235.7865 0.013689
236.0891 0.013767
236.3883 0.013730
236.6875 0.013790
236.9805 0.013884
237.2755 0.013829
237.5642 0.013772
237.8517 0.013681
238.1382 0.013649
238.4215 0.013341
238.7026 0.013385
238.9842 0.013249
239.2632 0.013349
239.5392 0.013309
239.8154 0.013219
240.0891 0.013055
240.3589 0.013081
240.6289 0.012986
240.8970 0.012905
241.1680 0.012731
241.4365 0.012662
241.7020 0.012756
241.9710 0.012842
242.2342 0.012773
242.4972 0.012737
242.7563 0.012701
243.0164 0.012748
243.2781 0.012614
243.5401 0.012732
243.7966 0.012596
244.0528 0.012637
244.3094 0.012664
244.5667 0.012831
244.8241 0.012834
245.0792 0.012847
245.3341 0.012828
245.5863 0.012974
245.8420 0.013018
246.0942 0.013019
246.3464 0.013013
246.5993 0.012869
246.8538 0.012762
247.1034 0.012846
247.3583 0.012958
247.6091 0.012810
247.8600 0.012609
248.1128 0.012541
248.3663 0.012547
248.6173 0.012570
248.8716 0.012519
249.1247 0.012483
249.3765 0.012500
249.6311 0.012469
249.8835 0.012357
250.1382 0.012486
250.3881 0.012428
250.6442 0.012507
250.8962 0.012666
251.1512 0.012745
251.4048 0.012860
251.6599 0.012817
251.9149 0.012922
252.1727 0.013121
252.4300 0.013220
252.6901 0.013336
252.9494 0.013369
253.2072 0.013584
253.4662 0.013710
253.7258 0.013779
253.9885 0.014009
254.2496 0.014115
254.5166 0.014199
254.7835 0.014104
255.0510 0.014265
255.3184 0.014238
255.5870 0.014244
255.8586 0.014338
256.1293 0.014563
256.3988 0.014510
256.6721 0.014642
256.9464 0.014637
257.2233 0.014739
257.5008 0.014766
257.7806 0.014702
258.0637 0.014738
258.3441 0.014780
258.6285 0.015116
258.9164 0.015236
259.2074 0.015300
259.5004 0.015373
259.7970 0.015378
260.0959 0.015194
260.3972 0.015272
260.6992 0.015440
261.0061 0.015360
261.3153 0.015402
261.6262 0.015441
261.9402 0.015395
262.2614 0.015417
262.5805 0.015559
262.9085 0.015611
263.2340 0.015597
263.5634 0.015618
263.9035 0.015672
264.2463 0.015757
264.5914 0.015756
264.9385 0.015687
265.2923 0.015998
265.6546 0.016089
266.0205 0.016113
266.3903 0.015971
266.7634 0.015971
267.1461 0.016070
267.5338 0.016227
267.9326 0.016364
268.3367 0.016748
268.7441 0.016819
269.1617 0.016879
269.5974 0.016768
270.0329 0.016982
270.4812 0.016985
270.9381 0.017127
271.4036 0.017445
271.8795 0.017682
272.3639 0.017635
272.8743 0.017735
273.3924 0.017868
273.9187 0.018072
274.4641 0.018445
275.0332 0.018758
275.6221 0.018750
276.2365 0.019158
276.8732 0.019580
277.5303 0.020113
278.2223 0.020529
278.9471 0.021045
279.7061 0.021701
280.5020 0.022333
281.3534 0.022683
282.2489 0.023384
283.2086 0.024368
284.2385 0.025020
285.3915 0.026130
286.6388 0.026954
288.0188 0.027887
289.5662 0.029532
291.3654 0.031911
293.4849 0.034513
296.1561 0.037939
299.7576 0.046206
300.6794 0.048381
301.6673 0.050742
302.8334 0.052181
304.1285 0.056915
305.6055 0.061547
307.3966 0.069864
309.6363 0.076549
312.7688 0.091382
317.8295 0.118628
322.8152 0.158884
329.0588 0.247562
333.1111 0.327091
tr1s-10-2 3 1
192.0046 0.218059
194.8580 0.162444
198.9689 0.111176
202.2639 0.080863
205.8850 0.062412
208.0813 0.054097
209.6830 0.048878
210.9607 0.045671
212.0661 0.042173
213.0244 0.040954
213.8927 0.039638
214.6422 0.038848
215.3453 0.036797
218.0960 0.031554
220.1625 0.028847
221.8298 0.026890
223.2413 0.024989
224.4838 0.023861
225.6071 0.022457
226.6224 0.021706
227.5405 0.020993
228.3945 0.020319
229.1914 0.019590
229.9468 0.019553
230.6570 0.018862
231.3199 0.018283
231.9591 0.017576
232.5740 0.016876
233.1555 0.016451
233.7202 0.015983
234.2673 0.015817
234.7953 0.015997
235.2992 0.015828
235.7987 0.015621
236.2804 0.015644
236.7491 0.015191
237.2043 0.014806
237.6482 0.014506
238.0815 0.014547
238.5070 0.014353
238.9223 0.014237
239.3286 0.014299
239.7260 0.014018
240.1119 0.013923
240.4973 0.013965
240.8736 0.013897
241.2397 0.013841
241.6029 0.013706
241.9564 0.013783
242.3126 0.013640
242.6573 0.013489
242.9992 0.013454
243.3368 0.013410
243.6739 0.013416
244.0010 0.013392
244.3233 0.013418
244.6466 0.013472
244.9683 0.013324
245.2831 0.013453
245.5948 0.013506
245.9063 0.013582
246.2141 0.013514
246.5170 0.013504
246.8197 0.013581
247.1163 0.013678
247.4099 0.013754
247.7026 0.013742
247.9909 0.013687
248.2809 0.013697
248.5649 0.013813
248.8480 0.013792
249.1347 0.013684
249.4144 0.013660
249.6940 0.013632
249.9739 0.013616
250.2477 0.013554
250.5227 0.013442
250.7963 0.013368
251.0672 0.013305
251.3370 0.013167
251.6071 0.013289
251.8773 0.013095
252.1443 0.013043
252.4115 0.012835
252.6798 0.012806
252.9402 0.012733
253.2021 0.012690
253.4659 0.012590
253.7287 0.012649
253.9908 0.012612
254.2485 0.012592
254.5114 0.012447
254.7712 0.012473
255.0310 0.012425
255.2888 0.012455
255.5470 0.012507
255.8063 0.012518
256.0619 0.012551
256.3207 0.012589
256.5771 0.012573
256.8295 0.012639
257.0855 0.012794
257.3401 0.012845
257.5957 0.012907
257.8523 0.012861
258.1086 0.012919
258.3683 0.013048
258.6227 0.013133
258.8770 0.012953
259.1309 0.013026
259.3863 0.013036
259.6407 0.013198
259.8957 0.013341
260.1537 0.013360
260.4081 0.013286
260.6647 0.013369
260.9220 0.013418
261.1820 0.013412
261.4390 0.013435
261.6985 0.013493
261.9590 0.013427
262.2214 0.013504
262.4855 0.013643
262.7454 0.013708
263.0087 0.013899
263.2680 0.014087
263.5299 0.014247
263.7971 0.014155
264.0645 0.014226
264.3277 0.014127
264.5958 0.014196
264.8644 0.014365
265.1321 0.014344
265.4022 0.014363
265.6734 0.014408
265.9472 0.014357
266.2162 0.014471
266.4915 0.014556
266.7725 0.014753
267.0520 0.014843
267.3286 0.014844
267.6119 0.015040
267.9005 0.015126
268.1876 0.015117
268.4755 0.015080
268.7651 0.015091
269.0578 0.015045
269.3531 0.015137
269.6496 0.015201
269.9494 0.015245
270.2507 0.015350
270.5573 0.015231
270.8665 0.015286
271.1771 0.015447
271.4870 0.015443
271.8061 0.015510
272.1273 0.015597
272.4461 0.015626
272.7691 0.015650
273.0980 0.015810
273.4275 0.015898
273.7673 0.015830
274.0984 0.015895
274.4455 0.015968
274.7932 0.016004
275.1459 0.016139
275.5082 0.016145
275.8760 0.016338
276.2410 0.016405
276.6143 0.016434
276.9880 0.016683
277.3735 0.016795
277.7698 0.016978
278.1711 0.017070
278.5791 0.017345
278.9973 0.017373
279.4172 0.017344
279.8536 0.017560
280.2926 0.017288
280.7490 0.017502
281.2101 0.017752
281.6835 0.017723
282.1659 0.018028
282.6563 0.018156
283.1647 0.018160
283.6848 0.018566
284.2267 0.019011
284.7762 0.019127
285.3497 0.019405
285.9554 0.019801
286.5617 0.019792
287.2058 0.019940
287.8805 0.020092
288.5859 0.020528
289.3188 0.020772
290.0963 0.021253
290.8967 0.021792
291.7544 0.022125
292.6684 0.022710
293.6493 0.023747
294.7000 0.024570
295.8326 0.025751
297.1108 0.027370
298.5030 0.027893
300.0645 0.029330
301.8689 0.031453
304.0443 0.035690
306.7397 0.039386
310.3532 0.047371
311.2795 0.048411
312.3202 0.050817
313.4599 0.054008
314.7637 0.058992
316.2667 0.063624
318.1129 0.069995
320.3972 0.077135
323.4761 0.089737
328.6591 0.119415
333.5089 0.164126
339.6772 0.253916
343.9122 0.341585
 tr2-10-2 3 1
201.1016 0.211303
204.0356 0.160097
208.2469 0.110184
211.7447 0.084241
215.4218 0.062679
217.6790 0.056107
219.3066 0.050761
220.6488 0.047360
221.7820 0.044261
222.7611 0.041910
223.6068 0.039739
224.3632 0.037904
225.0829 0.036128
227.8800 0.031269
230.0045 0.029208
231.7114 0.027494
233.1656 0.025398
234.4550 0.023406
235.5950 0.022518
236.6265 0.021240
237.5813 0.020582
238.4556 0.020376
239.2865 0.019879
240.0634 0.019609
240.7880 0.018450
241.4733 0.017830
242.1266 0.017234
242.7459 0.016620
243.3476 0.016219
243.9231 0.015972
244.4768 0.015618
245.0079 0.015564
245.5246 0.015373
246.0307 0.015507
246.5197 0.015017
247.0028 0.015061
247.4628 0.014668
247.9196 0.014450
248.3586 0.014041
248.7926 0.014146
249.2180 0.014037
249.6314 0.014100
250.0393 0.014155
250.4406 0.014248
250.8231 0.014352
251.2054 0.014136
251.5839 0.014056
251.9562 0.013925
252.3224 0.013889
252.6865 0.013842
253.0407 0.013749
253.3895 0.013754
253.7343 0.013647
254.0761 0.013502
254.4154 0.013573
254.7514 0.013492
255.0794 0.013315
255.4020 0.013498
255.7214 0.013447
256.0417 0.013284
256.3566 0.013235
256.6671 0.013491
256.9752 0.013573
257.2866 0.013606
257.5869 0.013517
257.8957 0.013610
258.1950 0.013533
258.4951 0.013494
258.7913 0.013383
259.0854 0.013336
259.3730 0.013350
259.6641 0.013313
259.9502 0.013247
260.2346 0.013315
260.5195 0.013313
260.8020 0.013271
261.0849 0.013323
261.3650 0.013290
261.6427 0.013298
261.9197 0.013217
262.1928 0.013205
262.4636 0.013374
262.7361 0.013375
263.0105 0.013405
263.2793 0.013380
263.5483 0.013300
263.8189 0.013455
264.0876 0.013403
264.3544 0.013224
264.6210 0.013143
264.8846 0.013026
265.1478 0.012831
265.4138 0.012893
265.6789 0.012849
265.9403 0.012931
266.2016 0.013096
266.4655 0.013119
266.7269 0.013161
266.9881 0.013342
267.2517 0.013396
267.5161 0.013433
267.7788 0.013412
268.0420 0.013508
268.3044 0.013428
268.5660 0.013331
268.8282 0.013296
269.0899 0.013365
269.3543 0.013325
269.6130 0.013421
269.8733 0.013322
270.1345 0.013301
270.3925 0.013303
270.6553 0.013271
270.9168 0.013264
271.1788 0.013283
271.4428 0.013274
271.7048 0.013307
271.9694 0.013225
272.2341 0.013324
272.4973 0.013430
272.7649 0.013480
273.0289 0.013555
273.2971 0.013604
273.5634 0.013549
273.8294 0.013464
274.0981 0.013420
274.3676 0.013348
274.6396 0.013199
274.9114 0.013287
275.1831 0.013289
275.4568 0.013340
275.7321 0.013259
276.0052 0.013426
276.2809 0.013329
276.5591 0.013370
276.8420 0.013506
277.1224 0.013623
277.4012 0.013622
277.6881 0.013822
277.9700 0.013811
278.2618 0.013869
278.5491 0.014021
278.8431 0.013794
279.1366 0.013898
279.4282 0.013873
279.7262 0.014007
280.0267 0.014027
280.3283 0.014040
280.6331 0.014064
280.9380 0.014194
281.2435 0.014147
281.5563 0.014266
281.8687 0.014514
282.1808 0.014510
282.4981 0.014624
282.8206 0.014938
283.1448 0.015065
283.4734 0.015276
283.8065 0.015273
284.1455 0.015334
284.4861 0.015229
284.8285 0.015294
285.1728 0.015329
285.5258 0.015279
285.8808 0.015424
286.2429 0.015642
286.6125 0.015871
286.9818 0.015865
287.3614 0.015948
287.7427 0.016024
288.1317 0.016311
288.5235 0.016461
288.9238 0.016688
289.3285 0.016969
289.7459 0.017120
290.1677 0.017248
290.6025 0.017321
291.0470 0.017408
291.4996 0.017165
291.9597 0.017624
292.4291 0.017556
292.9094 0.017954
293.4055 0.018032
293.9200 0.018442
294.4459 0.018895
294.9770 0.018948
295.5264 0.019289
296.0970 0.019518
296.6820 0.019623
297.2841 0.019977
297.9199 0.020296
298.5723 0.020479
299.2507 0.021017
299.9512 0.021507
300.6900 0.021946
301.4858 0.022551
302.3084 0.023225
303.1820 0.023413
304.1117 0.023952
305.1085 0.024650
306.1850 0.025356
307.3453 0.026567
308.6356 0.027968
310.0606 0.030034
311.6567 0.032211
313.5150 0.034528
315.7080 0.038499
318.4395 0.042318
322.1745 0.047440
323.1210 0.048153
324.1628 0.050781
325.3320 0.053271
326.6772 0.057273
328.2178 0.063654
330.0322 0.068640
332.3703 0.077618
335.5954 0.094362
340.9535 0.126909
345.7707 0.175106
351.8422 0.250730
356.3375 0.314266
tr2s-10-2 3 1
210.5535 0.213112
213.4830 0.158317
217.7575 0.107680
221.2738 0.085447
224.9067 0.067560
227.1375 0.055822
228.8425 0.051114
230.1901 0.047698
231.3512 0.045294
232.3188 0.042315
233.1952 0.040156
233.9708 0.038103
234.6585 0.036842
237.5031 0.032032
239.6509 0.028067
241.4006 0.025971
242.8758 0.024371
244.1609 0.023173
245.3098 0.022425
246.3571 0.021682
247.3185 0.020578
248.2073 0.020071
249.0345 0.019203
249.8018 0.018299
250.5386 0.017665
251.2360 0.017217
251.9035 0.016936
252.5420 0.016825
253.1438 0.016701
253.7327 0.016421
254.2888 0.016188
254.8266 0.015816
255.3514 0.015619
255.8559 0.015400
256.3489 0.015251
256.8259 0.015276
257.2942 0.015327
257.7509 0.014960
258.1932 0.014479
258.6226 0.014338
259.0469 0.014322
259.4626 0.014157
259.8717 0.014144
260.2735 0.014080
260.6626 0.014322
261.0470 0.014390
261.4302 0.014368
261.8041 0.014260
262.1731 0.014072
262.5417 0.013757
262.8962 0.014006
263.2488 0.013975
263.5965 0.014059
263.9387 0.014182
264.2757 0.013994
264.6123 0.013879
264.9451 0.013723
265.2782 0.013696
265.6036 0.013768
265.9261 0.013951
266.2477 0.013846
266.5656 0.013993
266.8823 0.014101
267.1919 0.014103
267.4999 0.013967
267.8010 0.013982
268.1053 0.014073
268.4080 0.014073
268.7087 0.014056
269.0040 0.013883
269.2974 0.014068
269.5912 0.014103
269.8802 0.014007
270.1698 0.013958
270.4597 0.014140
270.7449 0.014107
271.0273 0.013985
271.3096 0.013811
271.5913 0.013821
271.8678 0.013880
272.1451 0.013908
272.4230 0.013808
272.6983 0.013783
272.9718 0.013608
273.2446 0.013706
273.5148 0.013619
273.7848 0.013608
274.0526 0.013615
274.3236 0.013718
274.5924 0.013801
274.8586 0.013691
275.1227 0.013760
275.3904 0.013693
275.6543 0.013760
275.9214 0.013756
276.1878 0.013820
276.4538 0.013811
276.7170 0.013800
276.9849 0.013688
277.2479 0.013811
277.5084 0.013830
277.7694 0.013959
278.0344 0.013708
278.2953 0.013639
278.5549 0.013648
278.8191 0.013589
279.0792 0.013645
279.3396 0.013596
279.6014 0.013510
279.8683 0.013502
280.1293 0.013560
280.3936 0.013483
280.6603 0.013579
280.9227 0.013541
281.1862 0.013519
281.4526 0.013428
281.7170 0.013504
281.9859 0.013447
282.2529 0.013495
282.5187 0.013471
282.7837 0.013406
283.0522 0.013408
283.3236 0.013443
283.5910 0.013462
283.8619 0.013298
284.1325 0.013283
284.4041 0.013338
284.6750 0.013406
284.9522 0.013379
285.2261 0.013463
285.4994 0.013441
285.7779 0.013595
286.0534 0.013672
286.3331 0.013810
286.6158 0.013833
286.8949 0.013844
287.1781 0.013902
287.4624 0.013924
287.7482 0.013945
288.0325 0.014116
288.3212 0.014224
288.6113 0.014215
288.9047 0.014150
289.1987 0.014305
289.4934 0.014540
289.7964 0.014664
290.0991 0.014625
290.4024 0.014696
290.7074 0.014715
291.0138 0.014797
291.3277 0.014753
291.6404 0.014784
291.9521 0.014841
292.2714 0.014711
292.5939 0.014783
292.9191 0.014718
293.2476 0.014873
293.5807 0.015031
293.9145 0.015139
294.2527 0.015308
294.5945 0.015301
294.9436 0.015276
295.2918 0.015271
295.6438 0.015341
296.0007 0.015450
296.3660 0.015504
296.7341 0.015530
297.1070 0.015604
297.4878 0.015711
297.8727 0.015739
298.2652 0.015898
298.6578 0.016178
299.0649 0.016469
299.4771 0.016816
299.8993 0.016780
300.3244 0.016932
300.7577 0.017064
301.2033 0.017051
301.6554 0.017193
302.1178 0.017369
302.5928 0.017619
303.0828 0.017981
303.5797 0.018175
304.0854 0.018405
304.6065 0.018593
305.1501 0.018962
305.6993 0.019030
306.2694 0.019309
306.8621 0.020015
307.4791 0.020532
308.1066 0.020942
308.7658 0.021294
309.4535 0.021360
310.1711 0.021591
310.9225 0.022232
311.7054 0.022022
312.5491 0.022672
313.4422 0.023628
314.3664 0.024391
315.3677 0.025375
316.4515 0.026400
317.6193 0.027985
318.9067 0.028849
320.3413 0.030386
321.9582 0.032157
323.8005 0.034883
326.0060 0.037342
328.7906 0.042092
332.5675 0.047843
333.5218 0.049853
334.5631 0.051824
335.7264 0.054487
337.0640 0.057158
338.5841 0.062299
340.4736 0.070390
342.8149 0.078041
346.0162 0.093385
351.3706 0.130083
356.4085 0.173031
362.3334 0.250946
366.8255 0.323025
